91. .0000E+00
94. .0000E+00
96. .0000E+00
98. .0000E+00
100. .0000E+00
102. .0000E+00
104. .0000E+00
106. .0000E+00
108. .0000E+00
110. .0000E+00
114. .0000E+00
118. .0000E+00
121. .0000E+00
125. .0000E+00
127. .0000E+00
128. .0000E+00
131. .0000E+00
132. .0000E+00
134. .0000E+00
137. .0000E+00
140. .0000E+00
143. .0000E+00
147. .0000E+00
151. .0000E+00
155. .0000E+00
159. .0000E+00
162. .0000E+00
166. .0000E+00
170. .0000E+00
173. .0000E+00
177. .0000E+00
180. .0000E+00
182. .0000E+00
186. .0000E+00
191. .0000E+00
194. .0000E+00
198. .0000E+00
202. .0000E+00
205. .0000E+00
210. .0000E+00
216. .0000E+00
220. .0000E+00
223. .0000E+00
227. .0000E+00
230. .0000E+00
234. .0000E+00
240. .0000E+00
246. .0000E+00
252. .0000E+00
257. .0000E+00
260. .0000E+00
264. .0000E+00
269. .0000E+00
274. .0000E+00
279. .0000E+00
284. .0000E+00
290. .0000E+00
296. .0000E+00
301. .0000E+00
308. .0000E+00
318. .0000E+00
328. .0000E+00
338. .0000E+00
348. .0000E+00
357. .0000E+00
366. .0000E+00
375. .0000E+00
385. .0000E+00
395. .0000E+00
405. .0000E+00
414. .0000E+00
422. .0000E+00
430. .0000E+00
441. .0000E+00
451. .0000E+00
460. .0000E+00
470. .0000E+00
480. .0000E+00
490. .0000E+00
500. .0000E+00
506. .0000E+00
512. .0000E+00
520. .0000E+00
530. .0000E+00
540. .0000E+00
550. .0000E+00
560. .0000E+00
570. .0000E+00
580. .0000E+00
590. .0000E+00
600. .0000E+00
610. .0000E+00
620. .0000E+00
630. .0000E+00
640. .0000E+00
650. .0000E+00
658. .0000E+00
665. .0000E+00
675. .0000E+00
685. .0000E+00
695. .0000E+00
705. .0000E+00
716. .0000E+00
726. .0000E+00
735. .0000E+00
745. .0000E+00
755. .0000E+00
765. .0000E+00
775. .0000E+00
785. .0000E+00
795. .0000E+00
805. .0000E+00
815. .0000E+00
825. .0000E+00
835. .0000E+00
845. .0000E+00
855. .0000E+00
865. .0000E+00
875. .0000E+00
885. .0000E+00
895. .0000E+00
905. .0000E+00
915. .2446E+28
925. .3299E+28
935. .4135E+28
945. .4983E+28
955. .5356E+28
965. .5669E+28
975. .3389E+28
985. .4925E+28
995. .4645E+28
1005. .5092E+28
1015. .5084E+28
1025. .3885E+28
1035. .4577E+28
1045. .5347E+28
1055. .5135E+28
1065. .4613E+28
1075. .4785E+28
1085. .4316E+28
1095. .4711E+28
1105. .4489E+28
1115. .4381E+28
1125. .3997E+28
1135. .4338E+28
1145. .4142E+28
1155. .4087E+28
1165. .4004E+28
1175. .3176E+28
1185. .3783E+28
1195. .3429E+28
1205. .3065E+28
1215. .2504E+28
1225. .3295E+28
1235. .3616E+28
1245. .3704E+28
1255. .3686E+28
1265. .3612E+28
1275. .3776E+28
1285. .3784E+28
1295. .3488E+28
1305. .3494E+28
1315. .3699E+28
1325. .3579E+28
1335. .3404E+28
1345. .3551E+28
1355. .3483E+28
1365. .3323E+28
1375. .3299E+28
1385. .3277E+28
1395. .2840E+28
1405. .2783E+28
1415. .3109E+28
1425. .3025E+28
1435. .3057E+28
1442. .3061E+28
1447. .3041E+28
1455. .2972E+28
1465. .2873E+28
1475. .2853E+28
1485. .2843E+28
1495. .2798E+28
1505. .2712E+28
1512. .2586E+28
1517. .2614E+28
1525. .2593E+28
1535. .2397E+28
1545. .2278E+28
1555. .2246E+28
1565. .2337E+28
1575. .2387E+28
1585. .2396E+28
1595. .2390E+28
1605. .2321E+28
1615. .2293E+28
1625. .2255E+28
1635. .2282E+28
1645. .2277E+28
1655. .2220E+28
1665. .2284E+28
1672. .2157E+28
1677. .2343E+28
1685. .2339E+28
1695. .2269E+28
1705. .2249E+28
1715. .2226E+28
1725. .2226E+28
1735. .2313E+28
1745. .2286E+28
1755. .2360E+28
1765. .2223E+28
1775. .2262E+28
1785. .2318E+28
1795. .2416E+28
1805. .2598E+28
1815. .2538E+28
1825. .2500E+28
1835. .2524E+28
1845. .2250E+28
1855. .2384E+28
1865. .2545E+28
1875. .2565E+28
1885. .2515E+28
1895. .2585E+28
1905. .2582E+28
1915. .2647E+28
1925. .2585E+28
1935. .2355E+28
1945. .2778E+28
1955. .2758E+28
1967. .3005E+28
1976. .2930E+28
1984. .2938E+28
1995. .2951E+28
2005. .2856E+28
2015. .2961E+28
2025. .2695E+28
2035. .3058E+28
2045. .3271E+28
2055. .3158E+28
2065. .3128E+28
2074. .3510E+28
2078. .4064E+28
2085. .4310E+28
2095. .4100E+28
2105. .3987E+28
2115. .4367E+28
2125. .4068E+28
2135. .3911E+28
2145. .4520E+28
2155. .4454E+28
2165. .4053E+28
2175. .4096E+28
2185. .4726E+28
2195. .4931E+28
2205. .4776E+28
2215. .4142E+28
2225. .4605E+28
2235. .5562E+28
2245. .5282E+28
2255. .4444E+28
2265. .4190E+28
2275. .4444E+28
2285. .5347E+28
2295. .4683E+28
2305. .5401E+28
2315. .5028E+28
2325. .4392E+28
2335. .4157E+28
2345. .3284E+28
2355. .4962E+28
2365. .3529E+28
2375. .4252E+28
2385. .2975E+28
2395. .3535E+28
2405. .3523E+28
2415. .3843E+28
2425. .5592E+28
2435. .5510E+28
2445. .6256E+28
2455. .6440E+28
2465. .5955E+28
2475. .5290E+28
2485. .3830E+28
2495. .4339E+28
2505. .5952E+28
2513. .3718E+28
2518. .3005E+28
2525. .3177E+28
2535. .4405E+28
2545. .4600E+28
2555. .6851E+28
2565. .5690E+28
2575. .6882E+28
2585. .6349E+28
2595. .5896E+28
2605. .5252E+28
2615. .4788E+28
2625. .6143E+28
2635. .9108E+28
2645. .1175E+29
2655. .1539E+29
2665. .1091E+29
2675. .1208E+29
2685. .1370E+29
2695. .1029E+29
2705. .1218E+29
2715. .9232E+28
2725. .7797E+28
2735. .9480E+28
2745. .6209E+28
2755. .7978E+28
2765. .1009E+29
2775. .1065E+29
2785. .7276E+28
2795. .3418E+28
2805. .4147E+28
2815. .9836E+28
2825. .1272E+29
2835. .1179E+29
2845. .8882E+28
2855. .5602E+28
2865. .1133E+29
2875. .1471E+29
2885. .1391E+29
2895. .1664E+29
2910. .2183E+29
2930. .1943E+29
2950. .1795E+29
2970. .1830E+29
2990. .1866E+29
3010. .1849E+29
3030. .1986E+29
3050. .2088E+29
3070. .2250E+29
3090. .2161E+29
3110. .2512E+29
3130. .2326E+29
3150. .2331E+29
3170. .2582E+29
3190. .2285E+29
3210. .2498E+29
3230. .2195E+29
3250. .2992E+29
3270. .3480E+29
3290. .3440E+29
3310. .3197E+29
3330. .3283E+29
3350. .3165E+29
3370. .2370E+29
3390. .2727E+29
3410. .2810E+29
3430. .3038E+29
3450. .3112E+29
3470. .3242E+29
3490. .3633E+29
3510. .3898E+29
3530. .3531E+29
3550. .4083E+29
3570. .2896E+29
3590. .2910E+29
3610. .3597E+29
3630. .3780E+29
3640. .3967E+29
3650. .4376E+29
3670. .4661E+29
3690. .4233E+29
3710. .4457E+29
3730. .3088E+29
3750. .3506E+29
3770. .4463E+29
3790. .4603E+29
3810. .4395E+29
3830. .2748E+29
3850. .3642E+29
3870. .3561E+29
3890. .4179E+29
3910. .5024E+29
3930. .2726E+29
3950. .4543E+29
3970. .3226E+29
3990. .6383E+29
4010. .6981E+29
4030. .6846E+29
4050. .6607E+29
4070. .6252E+29
4090. .7600E+29
4110. .7114E+29
4130. .7004E+29
4150. .6821E+29
4170. .6975E+29
4190. .6775E+29
4210. .6814E+29
4230. .6461E+29
4250. .6830E+29
4270. .6454E+29
4290. .6043E+29
4310. .5245E+29
4330. .7594E+29
4350. .7548E+29
4370. .8139E+29
4390. .7279E+29
4410. .7746E+29
4430. .8443E+29
4450. .8490E+29
4470. .9053E+29
4490. .9306E+29
4510. .1047E+30
4530. .9221E+29
4550. .9679E+29
4570. .1039E+30
4590. .9894E+29
4610. .1015E+30
4630. .9995E+29
4650. .1008E+30
4670. .1052E+30
4690. .1039E+30
4710. .1011E+30
4730. .1037E+30
4750. .1065E+30
4770. .1046E+30
4790. .1052E+30
4810. .1059E+30
4830. .1087E+30
4850. .1044E+30
4870. .9636E+29
4890. .1058E+30
4910. .1060E+30
4930. .1036E+30
4950. .1075E+30
4970. .1060E+30
4990. .9915E+29
5010. .9393E+29
5030. .9975E+29
5050. .9889E+29
5070. .1027E+30
5090. .9766E+29
5110. .9995E+29
5130. .9675E+29
5150. .9292E+29
5170. .8604E+29
5190. .8955E+29
5210. .9661E+29
5230. .1049E+30
5250. .1096E+30
5270. .9731E+29
5290. .1111E+30
5310. .1178E+30
5330. .1043E+30
5350. .1136E+30
5370. .1127E+30
5390. .1106E+30
5410. .1090E+30
5430. .1103E+30
5450. .1128E+30
5470. .1115E+30
5490. .1124E+30
5510. .1110E+30
5530. .1152E+30
5550. .1167E+30
5570. .1141E+30
5590. .1113E+30
5610. .1150E+30
5630. .1151E+30
5650. .1169E+30
5670. .1141E+30
5690. .1175E+30
5710. .1134E+30
5730. .1223E+30
5750. .1186E+30
5770. .1195E+30
5790. .1154E+30
5810. .1196E+30
5830. .1226E+30
5850. .1190E+30
5870. .1187E+30
5890. .1043E+30
5910. .1166E+30
5930. .1178E+30
5950. .1179E+30
5970. .1198E+30
5990. .1183E+30
6010. .1168E+30
6030. .1196E+30
6050. .1217E+30
6070. .1211E+30
6090. .1176E+30
6110. .1180E+30
6130. .1118E+30
6150. .1150E+30
6170. .1085E+30
6190. .1151E+30
6210. .1141E+30
6230. .1108E+30
6250. .1078E+30
6270. .1123E+30
6290. .1143E+30
6310. .1118E+30
6330. .1134E+30
6350. .1140E+30
6370. .1136E+30
6390. .1151E+30
6410. .1129E+30
6430. .1138E+30
6450. .1132E+30
6470. .1127E+30
6490. .1108E+30
6510. .1147E+30
6530. .1150E+30
6550. .1122E+30
6570. .1061E+30
6590. .1129E+30
6610. .1140E+30
6630. .1131E+30
6650. .1129E+30
6670. .1104E+30
6690. .1118E+30
6710. .1077E+30
6730. .1102E+30
6750. .1084E+30
6770. .1090E+30
6790. .1079E+30
6810. .1084E+30
6830. .1096E+30
6850. .1072E+30
6870. .1087E+30
6890. .1102E+30
6910. .1101E+30
6930. .1095E+30
6950. .1095E+30
6970. .1110E+30
6990. .1105E+30
7010. .1094E+30
7030. .1114E+30
7050. .1115E+30
7070. .1083E+30
7090. .1050E+30
7110. .1026E+30
7130. .1005E+30
7150. .1000E+30
7170. .1015E+30
7190. .9921E+29
7210. .1012E+30
7230. .1037E+30
7250. .1044E+30
7270. .1052E+30
7290. .1042E+30
7310. .1070E+30
7330. .1073E+30
7350. .1084E+30
7370. .1111E+30
7390. .1093E+30
7410. .1091E+30
7430. .1117E+30
7450. .1117E+30
7470. .1133E+30
7490. .1131E+30
7510. .1141E+30
7530. .1158E+30
7550. .1165E+30
7570. .1161E+30
7590. .1137E+30
7610. .1118E+30
7630. .1094E+30
7650. .1070E+30
7670. .1021E+30
7690. .1045E+30
7710. .1026E+30
7730. .1030E+30
7750. .1023E+30
7770. .1038E+30
7790. .1043E+30
7810. .1043E+30
7830. .1035E+30
7850. .1025E+30
7870. .1041E+30
7890. .1031E+30
7910. .1010E+30
7930. .1014E+30
7950. .1007E+30
7970. .1037E+30
7990. .1038E+30
8010. .1055E+30
8030. .1059E+30
8050. .1058E+30
8070. .1072E+30
8090. .1066E+30
8110. .1077E+30
8130. .1103E+30
8150. .1115E+30
8170. .1123E+30
8190. .1089E+30
8210. .1080E+30
8230. .1084E+30
8250. .1083E+30
8270. .1090E+30
8290. .1080E+30
8310. .1052E+30
8330. .1041E+30
8350. .1045E+30
8370. .1048E+30
8390. .1014E+30
8410. .1046E+30
8430. .1001E+30
8450. .9833E+29
8470. .9820E+29
8490. .9869E+29
8510. .9481E+29
8530. .9852E+29
8550. .9064E+29
8570. .1011E+30
8590. .1003E+30
8610. .1011E+30
8630. .1026E+30
8650. .1028E+30
8670. .9325E+29
8690. .1006E+30
8710. .1039E+30
8730. .1046E+30
8750. .1038E+30
8770. .1053E+30
8790. .1063E+30
8810. .1045E+30
8830. .1052E+30
8850. .1050E+30
8870. .1017E+30
8890. .1028E+30
8910. .1036E+30
8930. .1021E+30
8950. .1021E+30
8970. .1025E+30
8990. .1027E+30
9010. .9996E+29
9030. .1033E+30
9050. .1057E+30
9070. .1058E+30
9090. .1041E+30
9110. .1054E+30
9130. .1066E+30
9150. .1061E+30
9170. .1060E+30
9190. .1069E+30
9210. .1035E+30
9230. .1011E+30
9250. .1007E+30
9270. .1011E+30
9290. .9971E+29
9310. .1002E+30
9330. .1004E+30
9350. .9989E+29
9370. .9835E+29
9390. .1000E+30
9410. .9852E+29
9430. .1005E+30
9450. .9925E+29
9470. .1012E+30
9490. .1012E+30
9510. .9966E+29
9530. .1002E+30
9550. .9864E+29
9570. .9945E+29
9590. .1008E+30
9610. .9953E+29
9630. .1001E+30
9650. .9817E+29
9670. .9829E+29
9690. .9957E+29
9710. .9807E+29
9730. .9709E+29
9750. .9690E+29
9770. .9728E+29
9790. .9593E+29
9810. .9807E+29
9830. .9721E+29
9850. .9773E+29
9870. .9708E+29
9890. .9695E+29
9910. .9612E+29
9930. .9657E+29
9950. .9674E+29
9970. .9672E+29
9990. .9644E+29
10025. .9625E+29
10075. .9509E+29
10125. .9584E+29
10175. .9473E+29
10225. .9486E+29
10275. .9496E+29
10325. .9379E+29
10375. .9312E+29
10425. .9338E+29
10475. .9194E+29
10525. .9090E+29
10575. .8906E+29
10625. .8818E+29
10675. .8735E+29
10725. .8778E+29
10775. .8710E+29
10825. .8589E+29
10875. .8558E+29
10925. .8539E+29
10975. .8429E+29
11025. .8363E+29
11075. .8234E+29
11125. .8197E+29
11175. .8126E+29
11225. .8119E+29
11275. .8019E+29
11325. .7999E+29
11375. .7922E+29
11425. .7835E+29
11475. .7911E+29
11525. .7882E+29
11575. .7787E+29
11625. .7664E+29
11675. .7652E+29
11725. .7658E+29
11775. .7482E+29
11825. .7400E+29
11875. .7269E+29
11925. .7359E+29
11975. .7131E+29
12025. .7250E+29
12075. .7191E+29
12125. .7192E+29
12175. .7192E+29
12225. .7142E+29
12275. .7084E+29
12325. .7035E+29
12375. .7004E+29
12425. .6900E+29
12475. .6869E+29
12525. .6804E+29
12575. .6775E+29
12625. .6726E+29
12675. .6670E+29
12725. .6661E+29
12775. .6649E+29
12825. .6453E+29
12875. .6533E+29
12925. .6459E+29
12975. .6504E+29
13025. .6430E+29
13075. .6427E+29
13125. .6290E+29
13175. .6264E+29
13225. .6255E+29
13275. .6146E+29
13325. .6135E+29
13375. .6071E+29
13425. .6070E+29
13475. .6013E+29
13525. .5965E+29
13575. .5876E+29
13625. .5838E+29
13675. .5861E+29
13725. .5872E+29
13775. .5849E+29
13825. .5845E+29
13875. .5782E+29
13925. .5562E+29
13975. .5524E+29
14025. .5464E+29
14075. .5498E+29
14125. .5438E+29
14175. .5475E+29
14225. .5414E+29
14275. .5337E+29
14325. .5419E+29
14375. .5441E+29
14425. .5330E+29
14475. .5409E+29
14525. .5359E+29
14570. .5378E+29
14620. .5283E+29
14675. .5254E+29
14725. .5205E+29
14775. .5233E+29
14825. .5249E+29
14875. .5194E+29
14925. .5305E+29
14975. .5262E+29
15025. .5182E+29
15075. .5198E+29
15125. .5286E+29
15175. .5294E+29
15225. .5291E+29
15275. .5319E+29
15325. .5302E+29
15375. .5292E+29
15425. .5261E+29
15475. .5269E+29
15525. .5228E+29
15575. .5104E+29
15625. .5139E+29
15675. .5123E+29
15725. .5204E+29
15775. .4937E+29
15825. .4959E+29
15875. .4943E+29
15925. .5082E+29
15975. .4987E+29
16050. .5001E+29
16150. .5047E+29
16250. .4926E+29
16350. .5036E+29
16450. .4840E+29
16550. .4935E+29
16650. .4811E+29
16750. .4782E+29
16850. .4695E+29
16950. .4699E+29
17050. .4601E+29
17150. .4524E+29
17250. .4433E+29
17350. .4299E+29
17450. .4239E+29
17550. .4149E+29
17650. .4058E+29
17750. .3945E+29
17850. .3872E+29
17950. .3769E+29
18050. .3668E+29
18150. .3596E+29
18250. .3545E+29
18350. .3491E+29
18450. .3408E+29
18550. .3367E+29
18650. .3279E+29
18750. .3199E+29
18850. .3191E+29
18950. .3085E+29
19050. .3107E+29
19150. .3051E+29
19250. .3012E+29
19350. .2935E+29
19450. .2864E+29
19550. .2848E+29
19650. .2799E+29
19750. .2724E+29
19850. .2692E+29
19950. .2660E+29
20050. .2646E+29
20150. .2610E+29
20250. .2553E+29
20350. .2526E+29
20450. .2518E+29
20550. .2481E+29
20650. .2448E+29
20750. .2426E+29
20850. .2395E+29
20950. .2356E+29
21050. .2351E+29
21150. .2314E+29
21250. .2287E+29
21350. .2274E+29
21450. .2245E+29
21550. .2215E+29
21650. .2175E+29
21750. .2148E+29
21850. .2126E+29
21950. .2101E+29
22050. .2050E+29
22150. .2050E+29
22250. .2002E+29
22350. .1980E+29
22450. .1954E+29
22550. .1932E+29
22650. .1892E+29
22750. .1882E+29
22850. .1842E+29
22950. .1587E+29
23050. .1671E+29
23150. .1660E+29
23250. .1448E+29
23350. .1536E+29
23450. .1488E+29
23550. .1339E+29
23650. .1428E+29
23750. .1381E+29
23850. .1264E+29
23950. .1327E+29
24050. .1303E+29
24150. .1201E+29
24250. .1238E+29
24350. .1212E+29
24450. .1149E+29
24550. .1130E+29
24650. .1140E+29
24750. .1095E+29
24850. .1012E+29
24950. .1007E+29
25050. .1019E+29
25150. .9562E+28
25250. .9777E+28
25350. .9743E+28
25450. .9529E+28
25550. .9459E+28
25650. .9472E+28
25750. .9522E+28
25850. .9180E+28
25950. .9237E+28
26050. .9274E+28
26150. .9099E+28
26250. .8950E+28
26350. .8964E+28
26450. .8871E+28
26550. .8760E+28
26650. .8582E+28
26750. .8698E+28
26850. .8591E+28
26950. .8378E+28
27050. .8386E+28
27150. .8292E+28
27250. .8255E+28
27350. .8080E+28
27450. .8061E+28
27550. .8010E+28
27650. .7890E+28
27750. .7754E+28
27850. .7741E+28
27950. .7699E+28
28050. .7590E+28
28150. .7478E+28
28250. .7437E+28
28350. .7375E+28
28450. .7288E+28
28550. .7209E+28
28650. .7149E+28
28750. .7069E+28
28850. .6984E+28
28950. .6918E+28
29050. .6853E+28
29150. .6789E+28
29250. .6658E+28
29350. .6649E+28
29450. .6554E+28
29550. .6499E+28
29650. .6448E+28
29750. .6371E+28
29850. .6301E+28
29950. .6237E+28
30050. .6168E+28
30150. .6139E+28
30250. .6057E+28
30350. .5990E+28
30450. .5977E+28
30550. .5900E+28
30650. .5854E+28
30750. .5811E+28
30850. .5739E+28
30950. .5714E+28
31050. .5680E+28
31150. .5587E+28
31250. .5571E+28
31350. .5517E+28
31450. .5472E+28
31550. .5423E+28
31650. .5362E+28
31750. .5327E+28
31850. .5284E+28
31950. .5248E+28
32100. .5176E+28
32300. .5088E+28
32500. .5004E+28
32700. .4910E+28
32900. .4816E+28
33100. .4737E+28
33300. .4652E+28
33500. .4578E+28
33700. .4490E+28
33900. .4406E+28
34100. .4319E+28
34300. .4251E+28
34500. .4176E+28
34700. .4095E+28
34900. .4020E+28
35100. .3948E+28
35300. .3866E+28
35500. .3799E+28
35700. .3723E+28
35900. .3653E+28
36100. .3598E+28
36300. .3526E+28
36500. .3456E+28
36700. .3389E+28
36900. .3317E+28
37100. .3253E+28
37300. .3202E+28
37500. .3128E+28
37700. .3079E+28
37900. .3017E+28
38100. .2969E+28
38300. .2918E+28
38500. .2865E+28
38700. .2800E+28
38900. .2753E+28
39100. .2702E+28
39300. .2654E+28
39500. .2592E+28
39700. .2548E+28
39900. .2488E+28
40100. .2453E+28
40300. .2412E+28
40500. .2359E+28
40700. .2319E+28
40900. .2277E+28
41100. .2239E+28
41300. .2200E+28
41500. .2159E+28
41700. .2119E+28
41900. .2084E+28
42100. .2042E+28
42300. .2016E+28
42500. .1977E+28
42700. .1947E+28
42900. .1844E+28
43100. .1742E+28
43300. .1742E+28
43500. .1653E+28
43700. .1608E+28
43900. .1574E+28
44100. .1506E+28
44300. .1480E+28
44500. .1453E+28
44700. .1404E+28
44900. .1398E+28
45100. .1364E+28
45300. .1330E+28
45500. .1324E+28
45700. .1309E+28
45900. .1263E+28
46100. .1267E+28
46300. .1244E+28
46500. .1227E+28
46700. .1224E+28
46900. .1200E+28
47100. .1178E+28
47300. .1179E+28
47500. .1150E+28
47700. .1139E+28
47900. .1127E+28
48100. .1099E+28
48300. .1104E+28
48500. .1081E+28
48700. .1060E+28
48900. .1045E+28
49100. .1032E+28
49300. .1019E+28
49500. .9994E+27
49700. .9952E+27
49900. .9766E+27
50100. .9657E+27
50300. .9529E+27
50500. .9336E+27
50700. .9263E+27
50900. .9141E+27
51100. .8983E+27
51300. .8924E+27
51500. .8765E+27
51700. .8724E+27
51900. .8570E+27
52100. .8481E+27
52300. .8332E+27
52500. .8266E+27
52700. .8225E+27
52900. .8035E+27
53100. .7928E+27
53300. .7865E+27
53500. .7765E+27
53700. .7681E+27
53900. .7591E+27
54100. .7502E+27
54300. .7364E+27
54500. .7331E+27
54700. .7208E+27
54900. .7135E+27
55100. .7037E+27
55300. .7053E+27
55500. .6864E+27
55700. .6851E+27
55900. .6736E+27
56100. .6687E+27
56300. .6563E+27
56500. .6531E+27
56700. .6451E+27
56900. .6336E+27
57100. .6312E+27
57300. .6232E+27
57500. .6159E+27
57700. .6077E+27
57900. .6035E+27
58100. .5941E+27
58300. .5879E+27
58500. .5814E+27
58700. .5724E+27
58900. .5665E+27
59100. .5604E+27
59300. .5546E+27
59500. .5469E+27
59700. .5423E+27
59900. .5360E+27
60100. .5298E+27
60300. .5236E+27
60500. .5160E+27
60700. .5103E+27
60900. .5043E+27
61100. .4978E+27
61300. .4932E+27
61500. .4880E+27
61700. .4832E+27
61900. .4774E+27
62100. .4725E+27
62300. .4661E+27
62500. .4599E+27
62700. .4548E+27
62900. .4500E+27
63100. .4446E+27
63300. .4408E+27
63500. .4351E+27
63700. .4313E+27
63900. .4252E+27
64200. .4186E+27
64600. .4088E+27
65000. .3998E+27
65400. .3909E+27
65800. .3826E+27
66200. .3739E+27
66600. .3657E+27
67000. .3578E+27
67400. .3498E+27
67800. .3422E+27
68200. .3347E+27
68600. .3277E+27
69000. .3205E+27
69400. .3137E+27
69800. .3070E+27
70200. .3003E+27
70600. .2941E+27
71000. .2879E+27
71400. .2819E+27
71800. .2759E+27
72200. .2703E+27
72600. .2646E+27
73000. .2592E+27
73400. .2538E+27
73800. .2487E+27
74200. .2434E+27
74600. .2385E+27
75000. .2337E+27
75400. .2290E+27
75800. .2246E+27
76200. .2202E+27
76600. .2158E+27
77000. .2115E+27
77400. .2074E+27
77800. .2034E+27
78200. .1994E+27
78600. .1956E+27
79000. .1918E+27
79400. .1881E+27
79800. .1846E+27
80200. .1810E+27
80600. .1776E+27
81000. .1743E+27
81400. .1710E+27
81800. .1679E+27
82200. .1648E+27
82600. .1617E+27
83000. .1588E+27
83400. .1558E+27
83800. .1530E+27
84200. .1503E+27
84600. .1475E+27
85000. .1449E+27
85400. .1423E+27
85800. .1398E+27
86200. .1373E+27
86600. .1349E+27
87000. .1325E+27
87400. .1302E+27
87800. .1280E+27
88200. .1257E+27
88600. .1236E+27
89000. .1214E+27
89400. .1194E+27
89800. .1173E+27
90200. .1154E+27
90600. .1134E+27
91000. .1114E+27
91400. .1096E+27
91800. .1078E+27
92200. .1060E+27
92600. .1043E+27
93000. .1026E+27
93400. .1009E+27
93800. .9924E+26
94200. .9762E+26
94600. .9603E+26
95000. .9448E+26
95400. .9298E+26
95800. .9149E+26
96200. .9003E+26
96600. .8860E+26
97000. .8720E+26
97400. .8577E+26
97800. .8446E+26
98200. .8316E+26
98600. .8186E+26
99000. .8061E+26
99400. .7935E+26
99800. .7813E+26
100200. .7694E+26
200000. .5201E+25
400000. .3414E+24
600000. .7038E+23
800000. .2349E+23
1000000. .1027E+23
1200000. .5360E+22
1400000. .3158E+22
1600000. .2032E+22
