1100.  0.
1104.  0.
1108.  0.
1112.  0.
1116.  0.
1120.  0.
1124.  0.
1128.  0.
1132.  0.
1136.  0.
1140.  0.
1144.  0.
1148.  0.
1152.  0.
1156.  0.
1160.  0.
1164.  0.
1168.  0.
1172.  0.
1176.  0.
1180.  0.
1184.  0.
1188.  5.584051E-17
1192.  1.185205E-16
1196.  1.882185E-16
1200.  2.650970E-16
1204.  3.493021E-16
1208.  4.409640E-16
1212.  5.401965E-16
1216.  6.470973E-16
1220.  7.617478E-16
1224.  8.842132E-16
1228.  1.014543E-15
1232.  1.152769E-15
1236.  1.298909E-15
1240.  1.452963E-15
1244.  1.614915E-15
1248.  1.784740E-15
1252.  1.962403E-15
1256.  2.256070E-15
1260.  2.507355E-15
1264.  2.793070E-15
1268.  3.004831E-15
1272.  3.068324E-15
1276.  3.302930E-15
1280.  3.333375E-15
1284.  3.488068E-15
1288.  3.598482E-15
1292.  3.555154E-15
1296.  3.754159E-15
1300.  4.105877E-15
1304.  4.261322E-15
1308.  4.251190E-15
1312.  4.549765E-15
1316.  4.732729E-15
1320.  4.869827E-15
1324.  5.069583E-15
1328.  5.115011E-15
1332.  5.276329E-15
1336.  5.464095E-15
1340.  5.739000E-15
1344.  5.819684E-15
1348.  5.870798E-15
1352.  6.000507E-15
1356.  6.227066E-15
1360.  6.279865E-15
1364.  6.360056E-15
1368.  6.653722E-15
1372.  6.820319E-15
1376.  7.136405E-15
1380.  7.205527E-15
1384.  7.047717E-15
1388.  6.908337E-15
1392.  7.043670E-15
1396.  7.015194E-15
1400.  7.041432E-15
1404.  7.290099E-15
1408.  7.459624E-15
1412.  7.510052E-15
1416.  7.391528E-15
1420.  7.406683E-15
1424.  7.218243E-15
1428.  7.265603E-15
1432.  7.306973E-15
1436.  7.342246E-15
1440.  7.371339E-15
1444.  7.428111E-15
1448.  7.808731E-15
1452.  7.743111E-15
1456.  7.897610E-15
1460.  7.730619E-15
1464.  7.814212E-15
1468.  7.768021E-15
1472.  7.988883E-15
1476.  8.088911E-15
1480.  8.032127E-15
1484.  8.166603E-15
1488.  7.959937E-15
1492.  7.776937E-15
1496.  7.938365E-15
1500.  8.052556E-15
1504.  8.040210E-15
1508.  7.865412E-15
1512.  7.836129E-15
1516.  7.725406E-15
1520.  7.406995E-15
1524.  7.257914E-15
1528.  7.239343E-15
1532.  7.114772E-15
1536.  6.802391E-15
1540.  6.579773E-15
1544.  6.853011E-15
1548.  6.675248E-15
1552.  6.520725E-15
1556.  6.273245E-15
1560.  6.419837E-15
1564.  6.316144E-15
1568.  6.027810E-15
1572.  5.867334E-15
1576.  5.909857E-15
1580.  5.530976E-15
1584.  5.254167E-15
1588.  5.112120E-15
1592.  5.147691E-15
1596.  4.799397E-15
1600.  4.680492E-15
1604.  4.672207E-15
1608.  4.643968E-15
1612.  4.334111E-15
1616.  4.211730E-15
1620.  4.444111E-15
1624.  4.554254E-15
1628.  4.311539E-15
1632.  4.229015E-15
1636.  4.143644E-15
1640.  4.301930E-15
1644.  3.897739E-15
1648.  3.723835E-15
1652.  3.858263E-15
1656.  4.003977E-15
1660.  3.830120E-15
1664.  3.992049E-15
1668.  4.196001E-15
1672.  4.110954E-15
1676.  4.082522E-15
1680.  4.294781E-15
1684.  4.361855E-15
1688.  4.633760E-15
1692.  4.841474E-15
1696.  5.071903E-15
1700.  5.133808E-15
1704.  5.030760E-15
1708.  4.948760E-15
1712.  5.087951E-15
1716.  5.218427E-15
1720.  5.447846E-15
1724.  5.355417E-15
1728.  5.514703E-15
1732.  5.577370E-15
1736.  5.499655E-15
1740.  5.541322E-15
1744.  5.522131E-15
1748.  5.425988E-15
1752.  5.287512E-15
1756.  5.400560E-15
1760.  5.382372E-15
1764.  5.454408E-15
1768.  5.499619E-15
1772.  5.410810E-15
1776.  5.234143E-15
1780.  5.179476E-15
1784.  5.047048E-15
1788.  5.126667E-15
1792.  5.111667E-15
1796.  4.968524E-15
1800.  4.844905E-15
1804.  4.839286E-15
1808.  4.924381E-15
1812.  4.820572E-15
1816.  4.793428E-15
1820.  4.864572E-15
1824.  4.759334E-15
1828.  4.887857E-15
1832.  5.128286E-15
1836.  5.295476E-15
1840.  5.287714E-15
1844.  5.362857E-15
1848.  5.354285E-15
1852.  5.431714E-15
1856.  5.380904E-15
1860.  5.365523E-15
1864.  5.354856E-15
1868.  5.355285E-15
1872.  5.199476E-15
1876.  5.071000E-15
1880.  4.989619E-15
1884.  4.893761E-15
1888.  4.783857E-15
1892.  4.762142E-15
1896.  4.941000E-15
1900.  5.225381E-15
1904.  5.272190E-15
1908.  5.247809E-15
1912.  5.146714E-15
1916.  4.955523E-15
1920.  4.907571E-15
1924.  4.769190E-15
1928.  4.704762E-15
1932.  4.523333E-15
1936.  4.328810E-15
1940.  4.223429E-15
1944.  4.099571E-15
1948.  3.952905E-15
1952.  4.158572E-15
1956.  4.219000E-15
1960.  4.102952E-15
1964.  4.012238E-15
1968.  4.301715E-15
1972.  4.481095E-15
1976.  4.488619E-15
1980.  4.394905E-15
1984.  4.023329E-15
1988.  3.880948E-15
1992.  4.013091E-15
1996.  4.002802E-15
2000.  4.054995E-15
2004.  4.028579E-15
2008.  4.306770E-15
2012.  4.325817E-15
2016.  4.519579E-15
2020.  4.833626E-15
2024.  4.969885E-15
2028.  5.094818E-15
2032.  5.213629E-15
2036.  4.981037E-15
2040.  4.938565E-15
2044.  5.045994E-15
2048.  5.321375E-15
2052.  4.947913E-15
2056.  4.990437E-15
2060.  4.975216E-15
2064.  4.971657E-15
2068.  5.185963E-15
2072.  5.187583E-15
2076.  5.125393E-15
2080.  5.025062E-15
2084.  5.043298E-15
2088.  5.030571E-15
2092.  4.824428E-15
2096.  4.839444E-15
2100.  4.790068E-15
2104.  4.574016E-15
2108.  4.659759E-15
2112.  4.760301E-15
2116.  4.897585E-15
2120.  5.028939E-15
2124.  4.860315E-15
2128.  4.832744E-15
2132.  4.662077E-15
2136.  5.074348E-15
2140.  4.891730E-15
2144.  4.943665E-15
2148.  4.791272E-15
2152.  4.805112E-15
2156.  4.866160E-15
2160.  4.825955E-15
2164.  4.971594E-15
2168.  4.997924E-15
2172.  4.862162E-15
2176.  4.736019E-15
2180.  4.821717E-15
2184.  4.636331E-15
2188.  4.831096E-15
2192.  4.567696E-15
2196.  4.709172E-15
2200.  4.793125E-15
2204.  4.743221E-15
2208.  5.079459E-15
2212.  5.392125E-15
2216.  5.486744E-15
2220.  5.200697E-15
2224.  5.243935E-15
2228.  5.389030E-15
2232.  5.628601E-15
2236.  5.765506E-15
2240.  5.512849E-15
2244.  5.415816E-15
2248.  5.454796E-15
2252.  5.351609E-15
2256.  5.512371E-15
2260.  5.544800E-15
2264.  5.420943E-15
2268.  5.627515E-15
2272.  5.467705E-15
2276.  5.604581E-15
2280.  5.332724E-15
2284.  4.958866E-15
2288.  4.897010E-15
2292.  4.858533E-15
2296.  4.517962E-15
2300.  4.350819E-15
2304.  4.580866E-15
2308.  4.486534E-15
2312.  4.111453E-15
2316.  4.064786E-15
2320.  3.947691E-15
2324.  4.178824E-15
2328.  4.223110E-15
2332.  4.239062E-15
2336.  4.330015E-15
2340.  4.179967E-15
2344.  4.198777E-15
2348.  4.283491E-15
2352.  4.256634E-15
2356.  4.293967E-15
2360.  4.420205E-15
2364.  4.517395E-15
2368.  4.629110E-15
2372.  4.594967E-15
2376.  4.339109E-15
2380.  4.390205E-15
2384.  4.574109E-15
2388.  4.430157E-15
2392.  4.537062E-15
2396.  4.689571E-15
2400.  4.677476E-15
2404.  4.601142E-15
2408.  4.507428E-15
2412.  4.582048E-15
2416.  4.522143E-15
2420.  4.428334E-15
2424.  4.558095E-15
2428.  4.685096E-15
2432.  4.618429E-15
2436.  4.632571E-15
2440.  4.557047E-15
2444.  4.517477E-15
2448.  4.404000E-15
2452.  4.417572E-15
2456.  4.391143E-15
2460.  4.519619E-15
2464.  4.355468E-15
2468.  4.234039E-15
2472.  4.261182E-15
2476.  4.181515E-15
2480.  4.116801E-15
2484.  4.022515E-15
2488.  3.997230E-15
2492.  4.042706E-15
2496.  3.996944E-15
2500.  3.937706E-15
2504.  4.024611E-15
2508.  3.949420E-15
2512.  3.854896E-15
2516.  3.815658E-15
2520.  3.778182E-15
2524.  3.706801E-15
2528.  3.678753E-15
2532.  3.683420E-15
2536.  3.707040E-15
2540.  3.700658E-15
2544.  3.690897E-15
2548.  3.884953E-15
2552.  3.980428E-15
2556.  3.896000E-15
2560.  3.942666E-15
2564.  4.042381E-15
2568.  4.119905E-15
2572.  4.112286E-15
2576.  4.115810E-15
2580.  4.131952E-15
2584.  4.199143E-15
2588.  4.189380E-15
2592.  4.288380E-15
2596.  4.402476E-15
2600.  4.459858E-15
2604.  4.530381E-15
2608.  4.613381E-15
2612.  4.668809E-15
2616.  4.787619E-15
2620.  4.849952E-15
2624.  4.902809E-15
2628.  4.985333E-15
2632.  5.092048E-15
2636.  5.089524E-15
2640.  5.153763E-15
2644.  5.259191E-15
2648.  5.357428E-15
2652.  5.391905E-15
2656.  5.488429E-15
2660.  5.509286E-15
2664.  5.529525E-15
2668.  5.525858E-15
2672.  5.613810E-15
2676.  5.686905E-15
2680.  5.691810E-15
2684.  5.708191E-15
2688.  5.708001E-15
2692.  5.714763E-15
2696.  5.667429E-15
2700.  5.591429E-15
2704.  5.549333E-15
2708.  5.589095E-15
2712.  5.537333E-15
2716.  5.469619E-15
2720.  5.468667E-15
2724.  5.450714E-15
2728.  5.405857E-15
2732.  5.323477E-15
2736.  5.261286E-15
2740.  5.221857E-15
2744.  5.162572E-15
2748.  5.089333E-15
2752.  5.005380E-15
2756.  4.817524E-15
2760.  4.699857E-15
2764.  4.613666E-15
2768.  4.574762E-15
2772.  4.506571E-15
2776.  4.498857E-15
2780.  4.545000E-15
2784.  4.631238E-15
2788.  4.679620E-15
2792.  4.738810E-15
2796.  4.840429E-15
2800.  4.933429E-15
2804.  4.969810E-15
2808.  5.038238E-15
2812.  5.120761E-15
2816.  5.135857E-15
2820.  5.214285E-15
2824.  5.330428E-15
2828.  5.500762E-15
2832.  5.676190E-15
2836.  5.856143E-15
2840.  6.088048E-15
2844.  6.238905E-15
2848.  6.382095E-15
2852.  6.568714E-15
2856.  6.769524E-15
2860.  6.952095E-15
2864.  7.053428E-15
2868.  7.147523E-15
2872.  7.276428E-15
2876.  7.365428E-15
2880.  7.394999E-15
2884.  7.432476E-15
2888.  7.464476E-15
2892.  7.570286E-15
2896.  7.617286E-15
2900.  7.727666E-15
2904.  7.808857E-15
2908.  7.853571E-15
2912.  7.874857E-15
2916.  7.911476E-15
2920.  7.984476E-15
2924.  8.075334E-15
2928.  8.181523E-15
2932.  8.283619E-15
2936.  8.300333E-15
2940.  8.347904E-15
2944.  8.367047E-15
2948.  8.391856E-15
2952.  8.389238E-15
2956.  8.372666E-15
2960.  8.334429E-15
2964.  8.360714E-15
2968.  8.360905E-15
2972.  8.438095E-15
2976.  8.409096E-15
2980.  8.411810E-15
2984.  8.478667E-15
2988.  8.573334E-15
2992.  8.651048E-15
2996.  8.785571E-15
3000.  8.891048E-15
3004.  8.970476E-15
3008.  9.046762E-15
3012.  9.050046E-15
3016.  9.062380E-15
3020.  9.086380E-15
3024.  9.091095E-15
3028.  9.109905E-15
3032.  9.034904E-15
3036.  9.059427E-15
3040.  9.147952E-15
3044.  9.197237E-15
3048.  9.192618E-15
3052.  9.349714E-15
3056.  9.507000E-15
3060.  9.579095E-15
3064.  9.646524E-15
3068.  9.760858E-15
3072.  9.916906E-15
3076.  9.970048E-15
3080.  9.831667E-15
3084.  9.808334E-15
3088.  9.839762E-15
3092.  9.901668E-15
3096.  9.975197E-15
3100.  1.006129E-14
3104.  1.013428E-14
3108.  1.042285E-14
3112.  1.059505E-14
3116.  1.078290E-14
3120.  1.088162E-14
3124.  1.091713E-14
3128.  1.101272E-14
3132.  1.114020E-14
3136.  1.109544E-14
3140.  1.115544E-14
3144.  1.126577E-14
3148.  1.125496E-14
3152.  1.135210E-14
3156.  1.139639E-14
3160.  1.159115E-14
3164.  1.173380E-14
3168.  1.176163E-14
3172.  1.174296E-14
3176.  1.168677E-14
3180.  1.175290E-14
3184.  1.174824E-14
3188.  1.168958E-14
3192.  1.135491E-14
3196.  1.105387E-14
3200.  1.096820E-14
3204.  1.085886E-14
3208.  1.082525E-14
3212.  1.090057E-14
3216.  1.088629E-14
3220.  1.093771E-14
3224.  1.065752E-14
3228.  1.041905E-14
3232.  1.045652E-14
3236.  1.023514E-14
3240.  1.010276E-14
3244.  9.855378E-15
3248.  9.777253E-15
3252.  9.727990E-15
3256.  9.787618E-15
3260.  9.698761E-15
3264.  9.619237E-15
3268.  9.625904E-15
3272.  9.638095E-15
3276.  9.738476E-15
3280.  9.870239E-15
3284.  9.811809E-15
3288.  9.886809E-15
3292.  9.818619E-15
3296.  9.690477E-15
3300.  9.655001E-15
3304.  9.637857E-15
3308.  9.722476E-15
3312.  9.924761E-15
3316.  9.897380E-15
3320.  9.894761E-15
3324.  9.826380E-15
3328.  9.774142E-15
3332.  9.787333E-15
3336.  9.813047E-15
3340.  9.658048E-15
3344.  9.730238E-15
3348.  9.670523E-15
3352.  9.597000E-15
3356.  9.570762E-15
3360.  9.529810E-15
3364.  9.463620E-15
3368.  9.491572E-15
3372.  9.416096E-15
3376.  9.431905E-15
3380.  9.427048E-15
3384.  9.405620E-15
3388.  9.391810E-15
3392.  9.412477E-15
3396.  9.329810E-15
3400.  9.277476E-15
3404.  9.287286E-15
3408.  9.242001E-15
3412.  9.311476E-15
3416.  9.309715E-15
3420.  9.258715E-15
3424.  9.258096E-15
3428.  9.256667E-15
3432.  9.273525E-15
3436.  9.305763E-15
3440.  9.350237E-15
3444.  9.281286E-15
3448.  9.277476E-15
3452.  9.337286E-15
3456.  9.385333E-15
3460.  9.393048E-15
3464.  9.451763E-15
3468.  9.538668E-15
3472.  9.568667E-15
3476.  9.610096E-15
3480.  9.663715E-15
3484.  9.701144E-15
3488.  9.663571E-15
3492.  9.680096E-15
3496.  9.656906E-15
3500.  9.722192E-15
3504.  9.774144E-15
3508.  9.835953E-15
3512.  9.772572E-15
3516.  9.767668E-15
3520.  9.771810E-15
3524.  9.730000E-15
3528.  9.774191E-15
3532.  9.787714E-15
3536.  9.718381E-15
3540.  9.691953E-15
3544.  9.604143E-15
3548.  9.514524E-15
3552.  9.413380E-15
3556.  9.360714E-15
3560.  9.512286E-15
3564.  9.563238E-15
3568.  9.598619E-15
3572.  9.649857E-15
3576.  9.656095E-15
3580.  9.710381E-15
3584.  9.697047E-15
3588.  9.750381E-15
3592.  9.850857E-15
3596.  9.943762E-15
3600.  1.007962E-14
3604.  1.010200E-14
3608.  1.011843E-14
3612.  1.014652E-14
3616.  1.026419E-14
3620.  1.045605E-14
3624.  1.063514E-14
3628.  1.088619E-14
3632.  1.101343E-14
3636.  1.111409E-14
3640.  1.117914E-14
3644.  1.109438E-14
3648.  1.109057E-14
3652.  1.115843E-14
3656.  1.124228E-14
3660.  1.143033E-14
3664.  1.147129E-14
3668.  1.144205E-14
3672.  1.142443E-14
3676.  1.137062E-14
3680.  1.143443E-14
3684.  1.142205E-14
3688.  1.161871E-14
3692.  1.185790E-14
3696.  1.191552E-14
3700.  1.188600E-14
3704.  1.177552E-14
3708.  1.160719E-14
3712.  1.147600E-14
3716.  1.139886E-14
3720.  1.139409E-14
3724.  1.134267E-14
3728.  1.131362E-14
3732.  1.133505E-14
3736.  1.138362E-14
3740.  1.145743E-14
3744.  1.142267E-14
3748.  1.150267E-14
3752.  1.157809E-14
3756.  1.155333E-14
3760.  1.151381E-14
3764.  1.145191E-14
3768.  1.145429E-14
3772.  1.140000E-14
3776.  1.128238E-14
3780.  1.131429E-14
3784.  1.132762E-14
3788.  1.133429E-14
3792.  1.136852E-14
3796.  1.128033E-14
3800.  1.121791E-14
3804.  1.118552E-14
3808.  1.123886E-14
3812.  1.128838E-14
3816.  1.129457E-14
3820.  1.131029E-14
3824.  1.127743E-14
3828.  1.129457E-14
3832.  1.127838E-14
3836.  1.127600E-14
3840.  1.132267E-14
3844.  1.134028E-14
3848.  1.129314E-14
3852.  1.123076E-14
3856.  1.115076E-14
3860.  1.115790E-14
3864.  1.119933E-14
3868.  1.133029E-14
3872.  1.154029E-14
3876.  1.177772E-14
3880.  1.204091E-14
3884.  1.219714E-14
3888.  1.220143E-14
3892.  1.232986E-14
3896.  1.245131E-14
3900.  1.257863E-14
3904.  1.252958E-14
3908.  1.255292E-14
3912.  1.262720E-14
3916.  1.268292E-14
3920.  1.274530E-14
3924.  1.292112E-14
3928.  1.314889E-14
3932.  1.339235E-14
3936.  1.341426E-14
3940.  1.350568E-14
3944.  1.361854E-14
3948.  1.376187E-14
3952.  1.396235E-14
3956.  1.411521E-14
3960.  1.428854E-14
3964.  1.451140E-14
3968.  1.475283E-14
3972.  1.511569E-14
3976.  1.536487E-14
3980.  1.561010E-14
3984.  1.589277E-14
3988.  1.628039E-14
3992.  1.658563E-14
3996.  1.676086E-14
4000.  1.701086E-14
4004.  1.731705E-14
4008.  1.747361E-14
4012.  1.762251E-14
4016.  1.778048E-14
4020.  1.809238E-14
4024.  1.832143E-14
4028.  1.847762E-14
4032.  1.860095E-14
4036.  1.860953E-14
4040.  1.863286E-14
4044.  1.867381E-14
4048.  1.873143E-14
4052.  1.879952E-14
4056.  1.876286E-14
4060.  1.865000E-14
4064.  1.849285E-14
4068.  1.833905E-14
4072.  1.823857E-14
4076.  1.819190E-14
4080.  1.819285E-14
4084.  1.817143E-14
4088.  1.816000E-14
4092.  1.819905E-14
4096.  1.825524E-14
4100.  1.826667E-14
4104.  1.826333E-14
4108.  1.829095E-14
4112.  1.830191E-14
4116.  1.826333E-14
4120.  1.833857E-14
4124.  1.839905E-14
4128.  1.839476E-14
4132.  1.836952E-14
4136.  1.835667E-14
4140.  1.842571E-14
4144.  1.853286E-14
4148.  1.870095E-14
4152.  1.884333E-14
4156.  1.896190E-14
4160.  1.898143E-14
4164.  1.900667E-14
4168.  1.907857E-14
4172.  1.909619E-14
4176.  1.915571E-14
4180.  1.918000E-14
4184.  1.919905E-14
4188.  1.928333E-14
4192.  1.926572E-14
4196.  1.933762E-14
4200.  1.942762E-14
4204.  1.944286E-14
4208.  1.946333E-14
4212.  1.947667E-14
4216.  1.946905E-14
4220.  1.952524E-14
4224.  1.961333E-14
4228.  1.968095E-14
4232.  1.971048E-14
4236.  1.966333E-14
4240.  1.964095E-14
4244.  1.970000E-14
4248.  1.974191E-14
4252.  1.966524E-14
4256.  1.964000E-14
4260.  1.946429E-14
4264.  1.927000E-14
4268.  1.908048E-14
4272.  1.895619E-14
4276.  1.895000E-14
4280.  1.896762E-14
4284.  1.902095E-14
4288.  1.901810E-14
4292.  1.900381E-14
4296.  1.901238E-14
4300.  1.901714E-14
4304.  1.898143E-14
4308.  1.891667E-14
4312.  1.891714E-14
4316.  1.894381E-14
4320.  1.903857E-14
4324.  1.914714E-14
4328.  1.926571E-14
4332.  1.934952E-14
4336.  1.945048E-14
4340.  1.950524E-14
4344.  1.955809E-14
4348.  1.963857E-14
4352.  1.977667E-14
4356.  1.990286E-14
4360.  1.997857E-14
4364.  1.997428E-14
4368.  1.995286E-14
4372.  1.997000E-14
4376.  2.005143E-14
4380.  2.012524E-14
4384.  2.026095E-14
4388.  2.039000E-14
4392.  2.047190E-14
4396.  2.052381E-14
4400.  2.052095E-14
4404.  2.053524E-14
4408.  2.051381E-14
4412.  2.049810E-14
4416.  2.050524E-14
4420.  2.050952E-14
4424.  2.056667E-14
4428.  2.073333E-14
4432.  2.093571E-14
4436.  2.117048E-14
4440.  2.135048E-14
4444.  2.153905E-14
4448.  2.169952E-14
4452.  2.183571E-14
4456.  2.191810E-14
4460.  2.196476E-14
4464.  2.212571E-14
4468.  2.232048E-14
4472.  2.249714E-14
4476.  2.266952E-14
4480.  2.280571E-14
4484.  2.291000E-14
4488.  2.292333E-14
4492.  2.293143E-14
4496.  2.293286E-14
4500.  2.296048E-14
4504.  2.308905E-14
4508.  2.323238E-14
4512.  2.329952E-14
4516.  2.333238E-14
4520.  2.337810E-14
4524.  2.339571E-14
4528.  2.339619E-14
4532.  2.344476E-14
4536.  2.351048E-14
4540.  2.362476E-14
4544.  2.369667E-14
4548.  2.368857E-14
4552.  2.365429E-14
4556.  2.368333E-14
4560.  2.371095E-14
4564.  2.373048E-14
4568.  2.380571E-14
4572.  2.394905E-14
4576.  2.413048E-14
4580.  2.434143E-14
4584.  2.452810E-14
4588.  2.463905E-14
4592.  2.474905E-14
4596.  2.484857E-14
4600.  2.493476E-14
4604.  2.492095E-14
4608.  2.497047E-14
4612.  2.496905E-14
4616.  2.502047E-14
4620.  2.511047E-14
4624.  2.515476E-14
4628.  2.520333E-14
4632.  2.522714E-14
4636.  2.518571E-14
4640.  2.513428E-14
4644.  2.505762E-14
4648.  2.500429E-14
4652.  2.500286E-14
4656.  2.500952E-14
4660.  2.495381E-14
4664.  2.485524E-14
4668.  2.476715E-14
4672.  2.469048E-14
4676.  2.461477E-14
4680.  2.466953E-14
4684.  2.472429E-14
4688.  2.479191E-14
4692.  2.479857E-14
4696.  2.486667E-14
4700.  2.486762E-14
4704.  2.478810E-14
4708.  2.482238E-14
4712.  2.487857E-14
4716.  2.486095E-14
4720.  2.488095E-14
4724.  2.484572E-14
4728.  2.487000E-14
4732.  2.495238E-14
4736.  2.499381E-14
4740.  2.502429E-14
4744.  2.506952E-14
4748.  2.512666E-14
4752.  2.521000E-14
4756.  2.529190E-14
4760.  2.536095E-14
4764.  2.537143E-14
4768.  2.537571E-14
4772.  2.542762E-14
4776.  2.549238E-14
4780.  2.554000E-14
4784.  2.556714E-14
4788.  2.560048E-14
4792.  2.557333E-14
4796.  2.552714E-14
4800.  2.556762E-14
4804.  2.563048E-14
4808.  2.569381E-14
4812.  2.576238E-14
4816.  2.572952E-14
4820.  2.563952E-14
4824.  2.557667E-14
4828.  2.546619E-14
4832.  2.529429E-14
4836.  2.514667E-14
4840.  2.500667E-14
4844.  2.484619E-14
4848.  2.466714E-14
4852.  2.454047E-14
4856.  2.443000E-14
4860.  2.439429E-14
4864.  2.437191E-14
4868.  2.436191E-14
4872.  2.438095E-14
4876.  2.437667E-14
4880.  2.441762E-14
4884.  2.434524E-14
4888.  2.425095E-14
4892.  2.424333E-14
4896.  2.416714E-14
4900.  2.415381E-14
4904.  2.423381E-14
4908.  2.431333E-14
4912.  2.445810E-14
4916.  2.467667E-14
4920.  2.477762E-14
4924.  2.484952E-14
4928.  2.494810E-14
4932.  2.502667E-14
4936.  2.511476E-14
4940.  2.512000E-14
4944.  2.499000E-14
4948.  2.486428E-14
4952.  2.480476E-14
4956.  2.473381E-14
4960.  2.471143E-14
4964.  2.461952E-14
4968.  2.466476E-14
4972.  2.471810E-14
4976.  2.465286E-14
4980.  2.463476E-14
4984.  2.460524E-14
4988.  2.457000E-14
4992.  2.456238E-14
4996.  2.450810E-14
5000.  2.439191E-14
5004.  2.436190E-14
5008.  2.436762E-14
5012.  2.437333E-14
5016.  2.437952E-14
5020.  2.438143E-14
5024.  2.448095E-14
5028.  2.462238E-14
5032.  2.474143E-14
5036.  2.475381E-14
5040.  2.472810E-14
5044.  2.470905E-14
5048.  2.477191E-14
5052.  2.474857E-14
5056.  2.476952E-14
5060.  2.482952E-14
5064.  2.486238E-14
5068.  2.491714E-14
5072.  2.496048E-14
5076.  2.495524E-14
5080.  2.500334E-14
5084.  2.506619E-14
5088.  2.505809E-14
5092.  2.501143E-14
5096.  2.502334E-14
5100.  2.500476E-14
5104.  2.498714E-14
5108.  2.489286E-14
5112.  2.484000E-14
5116.  2.477143E-14
5120.  2.472058E-14
5124.  2.472576E-14
5128.  2.470029E-14
5132.  2.463133E-14
5136.  2.460838E-14
5140.  2.453717E-14
5144.  2.449532E-14
5148.  2.448425E-14
5152.  2.443682E-14
5156.  2.438446E-14
5160.  2.432336E-14
5164.  2.435574E-14
5168.  2.433479E-14
5172.  2.435717E-14
5176.  2.438098E-14
5180.  2.438527E-14
5184.  2.442289E-14
5188.  2.435289E-14
5192.  2.434955E-14
5196.  2.440955E-14
5200.  2.446860E-14
5204.  2.462801E-14
5208.  2.469046E-14
5212.  2.477687E-14
5216.  2.483251E-14
5220.  2.489879E-14
5224.  2.492809E-14
5228.  2.482185E-14
5232.  2.471102E-14
5236.  2.469845E-14
5240.  2.477890E-14
5244.  2.486952E-14
5248.  2.484238E-14
5252.  2.498333E-14
5256.  2.509285E-14
5260.  2.517286E-14
5264.  2.521238E-14
5268.  2.535048E-14
5272.  2.552857E-14
5276.  2.563381E-14
5280.  2.569524E-14
5284.  2.571238E-14
5288.  2.567333E-14
5292.  2.564381E-14
5296.  2.566381E-14
5300.  2.569524E-14
5304.  2.572191E-14
5308.  2.575572E-14
5312.  2.601000E-14
5316.  2.626809E-14
5320.  2.643476E-14
5324.  2.653714E-14
5328.  2.653762E-14
5332.  2.651762E-14
5336.  2.644619E-14
5340.  2.640476E-14
5344.  2.649857E-14
5348.  2.654143E-14
5352.  2.651714E-14
5356.  2.645476E-14
5360.  2.645715E-14
5364.  2.640429E-14
5368.  2.646381E-14
5372.  2.649286E-14
5376.  2.657810E-14
5380.  2.660762E-14
5384.  2.665762E-14
5388.  2.670857E-14
5392.  2.680381E-14
5396.  2.677048E-14
5400.  2.671238E-14
5404.  2.672381E-14
5408.  2.674285E-14
5412.  2.678024E-14
5416.  2.684594E-14
5420.  2.687366E-14
5424.  2.692319E-14
5428.  2.688663E-14
5432.  2.687708E-14
5436.  2.686780E-14
5440.  2.691018E-14
5444.  2.688780E-14
5448.  2.684875E-14
5452.  2.681066E-14
5456.  2.678256E-14
5460.  2.686113E-14
5464.  2.684923E-14
5468.  2.686827E-14
5472.  2.683685E-14
5476.  2.681793E-14
5480.  2.684063E-14
5484.  2.688681E-14
5488.  2.676681E-14
5492.  2.665110E-14
5496.  2.659133E-14
5500.  2.660659E-14
5504.  2.666553E-14
5508.  2.666886E-14
5512.  2.669257E-14
5516.  2.668451E-14
5520.  2.664616E-14
5524.  2.664426E-14
5528.  2.665759E-14
5532.  2.679473E-14
5536.  2.683045E-14
5540.  2.682711E-14
5544.  2.672949E-14
5548.  2.669187E-14
5552.  2.661806E-14
5556.  2.657568E-14
5560.  2.653793E-14
5564.  2.647142E-14
5568.  2.646429E-14
5572.  2.656428E-14
5576.  2.668476E-14
5580.  2.678619E-14
5584.  2.683095E-14
5588.  2.676096E-14
5592.  2.675763E-14
5596.  2.673334E-14
5600.  2.675572E-14
5604.  2.675095E-14
5608.  2.677476E-14
5612.  2.678048E-14
5616.  2.671762E-14
5620.  2.668047E-14
5624.  2.662904E-14
5628.  2.668761E-14
5632.  2.671714E-14
5636.  2.684381E-14
5640.  2.689619E-14
5644.  2.698381E-14
5648.  2.708428E-14
5652.  2.719857E-14
5656.  2.726905E-14
5660.  2.721714E-14
5664.  2.719571E-14
5668.  2.707048E-14
5672.  2.704476E-14
5676.  2.705809E-14
5680.  2.710000E-14
5684.  2.716619E-14
5688.  2.730096E-14
5692.  2.736857E-14
5696.  2.751095E-14
5700.  2.763191E-14
5704.  2.767381E-14
5708.  2.777762E-14
5712.  2.787762E-14
5716.  2.794810E-14
5720.  2.790286E-14
5724.  2.797952E-14
5728.  2.795000E-14
5732.  2.796381E-14
5736.  2.796571E-14
5740.  2.796428E-14
5744.  2.802143E-14
5748.  2.807714E-14
5752.  2.816238E-14
5756.  2.827381E-14
5760.  2.837095E-14
5764.  2.839858E-14
5768.  2.836572E-14
5772.  2.828381E-14
5776.  2.825428E-14
5780.  2.819429E-14
5784.  2.810381E-14
5788.  2.815191E-14
5792.  2.825762E-14
5796.  2.830619E-14
5800.  2.836428E-14
5804.  2.839904E-14
5808.  2.839762E-14
5812.  2.849809E-14
5816.  2.851095E-14
5820.  2.853762E-14
5824.  2.856953E-14
5828.  2.856333E-14
5832.  2.857905E-14
5836.  2.869429E-14
5840.  2.868572E-14
5844.  2.867810E-14
5848.  2.861737E-14
5852.  2.857833E-14
5856.  2.857763E-14
5860.  2.855101E-14
5864.  2.850177E-14
5868.  2.848946E-14
5872.  2.842846E-14
5876.  2.831733E-14
5880.  2.818037E-14
5884.  2.810949E-14
5888.  2.808896E-14
5892.  2.807356E-14
5896.  2.799994E-14
5900.  2.799287E-14
5904.  2.791906E-14
5908.  2.779334E-14
5912.  2.778191E-14
5916.  2.763429E-14
5920.  2.755477E-14
5924.  2.757049E-14
5928.  2.748525E-14
5932.  2.753121E-14
5936.  2.758930E-14
5940.  2.755761E-14
5944.  2.747757E-14
5948.  2.741062E-14
5952.  2.741008E-14
5956.  2.742489E-14
5960.  2.737411E-14
5964.  2.738345E-14
5968.  2.731052E-14
5972.  2.723581E-14
5976.  2.709027E-14
5980.  2.699103E-14
5984.  2.694190E-14
5988.  2.687000E-14
5992.  2.686809E-14
5996.  2.676571E-14
6000.  2.676857E-14
6004.  2.675047E-14
6008.  2.668286E-14
6012.  2.669143E-14
6016.  2.671714E-14
6020.  2.672238E-14
6024.  2.678381E-14
6028.  2.685905E-14
6032.  2.692048E-14
6036.  2.684334E-14
6040.  2.683000E-14
6044.  2.678048E-14
6048.  2.675905E-14
6052.  2.675381E-14
6056.  2.687810E-14
6060.  2.691048E-14
6064.  2.695905E-14
6068.  2.696238E-14
6072.  2.702286E-14
6076.  2.708667E-14
6080.  2.716190E-14
6084.  2.726476E-14
6088.  2.724048E-14
6092.  2.723762E-14
6096.  2.722429E-14
6100.  2.707952E-14
6104.  2.701429E-14
6108.  2.693238E-14
6112.  2.689238E-14
6116.  2.681095E-14
6120.  2.682238E-14
6124.  2.673524E-14
6128.  2.672334E-14
6132.  2.653905E-14
6136.  2.644666E-14
6140.  2.629809E-14
6144.  2.638095E-14
6148.  2.636667E-14
6152.  2.633381E-14
6156.  2.627428E-14
6160.  2.628619E-14
6164.  2.628571E-14
6168.  2.617953E-14
6172.  2.611048E-14
6176.  2.601762E-14
6180.  2.594190E-14
6184.  2.591048E-14
6188.  2.591238E-14
6192.  2.581143E-14
6196.  2.580572E-14
6200.  2.579762E-14
6204.  2.580619E-14
6208.  2.578095E-14
6212.  2.583190E-14
6216.  2.594667E-14
6220.  2.613715E-14
6224.  2.616619E-14
6228.  2.617286E-14
6232.  2.618952E-14
6236.  2.623238E-14
6240.  2.628571E-14
6244.  2.623143E-14
6248.  2.623238E-14
6252.  2.635667E-14
6256.  2.647524E-14
6260.  2.662429E-14
6264.  2.671762E-14
6268.  2.686000E-14
6272.  2.686429E-14
6276.  2.701429E-14
6280.  2.707667E-14
6284.  2.718714E-14
6288.  2.730571E-14
6292.  2.744429E-14
6296.  2.751238E-14
6300.  2.757857E-14
6304.  2.756000E-14
6308.  2.759333E-14
6312.  2.761333E-14
6316.  2.764095E-14
6320.  2.765999E-14
6324.  2.764952E-14
6328.  2.767952E-14
6332.  2.770571E-14
6336.  2.773619E-14
6340.  2.775905E-14
6344.  2.779762E-14
6348.  2.783428E-14
6352.  2.785809E-14
6356.  2.789905E-14
6360.  2.796285E-14
6364.  2.802286E-14
6368.  2.806000E-14
6372.  2.803333E-14
6376.  2.804096E-14
6380.  2.805953E-14
6384.  2.812381E-14
6388.  2.811857E-14
6392.  2.818810E-14
6396.  2.816857E-14
6400.  2.821905E-14
6404.  2.827762E-14
6408.  2.830572E-14
6412.  2.830952E-14
6416.  2.831048E-14
6420.  2.830286E-14
6424.  2.831619E-14
6428.  2.826571E-14
6432.  2.823333E-14
6436.  2.824667E-14
6440.  2.826952E-14
6444.  2.826333E-14
6448.  2.822524E-14
6452.  2.818714E-14
6456.  2.814667E-14
6460.  2.810619E-14
6464.  2.809143E-14
6468.  2.804381E-14
6472.  2.810428E-14
6476.  2.809286E-14
6480.  2.813762E-14
6484.  2.812762E-14
6488.  2.810429E-14
6492.  2.813762E-14
6496.  2.817953E-14
6500.  2.822953E-14
6504.  2.823096E-14
6508.  2.827332E-14
6512.  2.834679E-14
6516.  2.842614E-14
6520.  2.844756E-14
6524.  2.846343E-14
6528.  2.848042E-14
6532.  2.850567E-14
6536.  2.853633E-14
6540.  2.857942E-14
6544.  2.861495E-14
6548.  2.862102E-14
6552.  2.862287E-14
6556.  2.855571E-14
6560.  2.853286E-14
6564.  2.847953E-14
6568.  2.842048E-14
6572.  2.842191E-14
6576.  2.836905E-14
6580.  2.836286E-14
6584.  2.828714E-14
6588.  2.820762E-14
6592.  2.806431E-14
6596.  2.795464E-14
6600.  2.787100E-14
6604.  2.779339E-14
6608.  2.772990E-14
6612.  2.767767E-14
6616.  2.762766E-14
6620.  2.760605E-14
6624.  2.757772E-14
6628.  2.755504E-14
6632.  2.753468E-14
6636.  2.755475E-14
6640.  2.754333E-14
6644.  2.750048E-14
6648.  2.752810E-14
6652.  2.753047E-14
6656.  2.745905E-14
6660.  2.743381E-14
6664.  2.737524E-14
6668.  2.737095E-14
6672.  2.740810E-14
6676.  2.751238E-14
6680.  2.758047E-14
6684.  2.761476E-14
6688.  2.769904E-14
6692.  2.777857E-14
6696.  2.784905E-14
6700.  2.787000E-14
6704.  2.786810E-14
6708.  2.788905E-14
6712.  2.785905E-14
6716.  2.784048E-14
6720.  2.782429E-14
6724.  2.782143E-14
6728.  2.781905E-14
6732.  2.779476E-14
6736.  2.783095E-14
6740.  2.784286E-14
6744.  2.787048E-14
6748.  2.789476E-14
6752.  2.785381E-14
6756.  2.783143E-14
6760.  2.775619E-14
6764.  2.769619E-14
6768.  2.766428E-14
6772.  2.758571E-14
6776.  2.751095E-14
6780.  2.745905E-14
6784.  2.745810E-14
6788.  2.743333E-14
6792.  2.739191E-14
6796.  2.742238E-14
6800.  2.744191E-14
6804.  2.741095E-14
6808.  2.739952E-14
6812.  2.742714E-14
6816.  2.739667E-14
6820.  2.734952E-14
6824.  2.733334E-14
6828.  2.729667E-14
6832.  2.727190E-14
6836.  2.730952E-14
6840.  2.730048E-14
6844.  2.728619E-14
6848.  2.728714E-14
6852.  2.730619E-14
6856.  2.732476E-14
6860.  2.734429E-14
6864.  2.736524E-14
6868.  2.743524E-14
6872.  2.750381E-14
6876.  2.755571E-14
6880.  2.759667E-14
6884.  2.762762E-14
6888.  2.768191E-14
6892.  2.771572E-14
6896.  2.775143E-14
6900.  2.782952E-14
6904.  2.789619E-14
6908.  2.794714E-14
6912.  2.798666E-14
6916.  2.802238E-14
6920.  2.806619E-14
6924.  2.810095E-14
6928.  2.816238E-14
6932.  2.822667E-14
6936.  2.822476E-14
6940.  2.820762E-14
6944.  2.818857E-14
6948.  2.821571E-14
6952.  2.819619E-14
6956.  2.817476E-14
6960.  2.817857E-14
6964.  2.815619E-14
6968.  2.816048E-14
6972.  2.817619E-14
6976.  2.817952E-14
6980.  2.817667E-14
6984.  2.816238E-14
6988.  2.815667E-14
6992.  2.817238E-14
6996.  2.817476E-14
7000.  2.818143E-14
7004.  2.821143E-14
7008.  2.826905E-14
7012.  2.827619E-14
7016.  2.819429E-14
7020.  2.815238E-14
7024.  2.812286E-14
7028.  2.807714E-14
7032.  2.797666E-14
7036.  2.789809E-14
7040.  2.784952E-14
7044.  2.777714E-14
7048.  2.771476E-14
7052.  2.763524E-14
7056.  2.752429E-14
7060.  2.746143E-14
7064.  2.735429E-14
7068.  2.727190E-14
7072.  2.718286E-14
7076.  2.708190E-14
7080.  2.700810E-14
7084.  2.687666E-14
7088.  2.670476E-14
7092.  2.652142E-14
7096.  2.637809E-14
7100.  2.630667E-14
7104.  2.622714E-14
7108.  2.615190E-14
7112.  2.611190E-14
7116.  2.609381E-14
7120.  2.605571E-14
7124.  2.599905E-14
7128.  2.600143E-14
7132.  2.594190E-14
7136.  2.592381E-14
7140.  2.593857E-14
7144.  2.591572E-14
7148.  2.587524E-14
7152.  2.583190E-14
7156.  2.580523E-14
7160.  2.579666E-14
7164.  2.580905E-14
7168.  2.584333E-14
7172.  2.582000E-14
7176.  2.583238E-14
7180.  2.584143E-14
7184.  2.586428E-14
7188.  2.593000E-14
7192.  2.598571E-14
7196.  2.601190E-14
7200.  2.601048E-14
7204.  2.601429E-14
7208.  2.605048E-14
7212.  2.603667E-14
7216.  2.610905E-14
7220.  2.614096E-14
7224.  2.619191E-14
7228.  2.622190E-14
7232.  2.634571E-14
7236.  2.643619E-14
7240.  2.648143E-14
7244.  2.649238E-14
7248.  2.646762E-14
7252.  2.648762E-14
7256.  2.658571E-14
7260.  2.665286E-14
7264.  2.671286E-14
7268.  2.680905E-14
7272.  2.685238E-14
7276.  2.690953E-14
7280.  2.695476E-14
7284.  2.702381E-14
7288.  2.709476E-14
7292.  2.708905E-14
7296.  2.716810E-14
7300.  2.721905E-14
7304.  2.727762E-14
7308.  2.731238E-14
7312.  2.732381E-14
7316.  2.731667E-14
7320.  2.733238E-14
7324.  2.735000E-14
7328.  2.738428E-14
7332.  2.746809E-14
7336.  2.755857E-14
7340.  2.762238E-14
7344.  2.769381E-14
7348.  2.770952E-14
7352.  2.771095E-14
7356.  2.770190E-14
7360.  2.774143E-14
7364.  2.778667E-14
7368.  2.779953E-14
7372.  2.782572E-14
7376.  2.787381E-14
7380.  2.786048E-14
7384.  2.784904E-14
7388.  2.785714E-14
7392.  2.784857E-14
7396.  2.792809E-14
7400.  2.797285E-14
7404.  2.802857E-14
7408.  2.810238E-14
7412.  2.817476E-14
7416.  2.817714E-14
7420.  2.821571E-14
7424.  2.822429E-14
7428.  2.820667E-14
7432.  2.825571E-14
7436.  2.827905E-14
7440.  2.832238E-14
7444.  2.831381E-14
7448.  2.834238E-14
7452.  2.836381E-14
7456.  2.835810E-14
7460.  2.836286E-14
7464.  2.838429E-14
7468.  2.840190E-14
7472.  2.838714E-14
7476.  2.837429E-14
7480.  2.836000E-14
7484.  2.834476E-14
7488.  2.829857E-14
7492.  2.825333E-14
7496.  2.821857E-14
7500.  2.821238E-14
7504.  2.814762E-14
7508.  2.811191E-14
7512.  2.809286E-14
7516.  2.805953E-14
7520.  2.801143E-14
7524.  2.796905E-14
7528.  2.792477E-14
7532.  2.785715E-14
7536.  2.779381E-14
7540.  2.775333E-14
7544.  2.773619E-14
7548.  2.770285E-14
7552.  2.770666E-14
7556.  2.770238E-14
7560.  2.766286E-14
7564.  2.758047E-14
7568.  2.756381E-14
7572.  2.756381E-14
7576.  2.756572E-14
7580.  2.756048E-14
7584.  2.748858E-14
7588.  2.745048E-14
7592.  2.746238E-14
7596.  2.744810E-14
7600.  2.744238E-14
7604.  2.742524E-14
7608.  2.738857E-14
7612.  2.736143E-14
7616.  2.733238E-14
7620.  2.728476E-14
7624.  2.721572E-14
7628.  2.715047E-14
7632.  2.707143E-14
7636.  2.699143E-14
7640.  2.692048E-14
7644.  2.690762E-14
7648.  2.694476E-14
7652.  2.688619E-14
7656.  2.678524E-14
7660.  2.668857E-14
7664.  2.662571E-14
7668.  2.664048E-14
7672.  2.663000E-14
7676.  2.656190E-14
7680.  2.649714E-14
7684.  2.643714E-14
7688.  2.638667E-14
7692.  2.638047E-14
7696.  2.641143E-14
7700.  2.645952E-14
7704.  2.647428E-14
7708.  2.650714E-14
7712.  2.651095E-14
7716.  2.654286E-14
7720.  2.657619E-14
7724.  2.662905E-14
7728.  2.665000E-14
7732.  2.664238E-14
7736.  2.665714E-14
7740.  2.675143E-14
7744.  2.681809E-14
7748.  2.684143E-14
7752.  2.683762E-14
7756.  2.688762E-14
7760.  2.690571E-14
7764.  2.696571E-14
7768.  2.701047E-14
7772.  2.708095E-14
7776.  2.709762E-14
7780.  2.711143E-14
7784.  2.708095E-14
7788.  2.713000E-14
7792.  2.718381E-14
7796.  2.720953E-14
7800.  2.726048E-14
7804.  2.722524E-14
7808.  2.723095E-14
7812.  2.723048E-14
7816.  2.722857E-14
7820.  2.722904E-14
7824.  2.720142E-14
7828.  2.723285E-14
7832.  2.726666E-14
7836.  2.729428E-14
7840.  2.727238E-14
7844.  2.725952E-14
7848.  2.723429E-14
7852.  2.718095E-14
7856.  2.710429E-14
7860.  2.710000E-14
7864.  2.702048E-14
7868.  2.700619E-14
7872.  2.693905E-14
7876.  2.684762E-14
7880.  2.681048E-14
7884.  2.670714E-14
7888.  2.672619E-14
7892.  2.666619E-14
7896.  2.660000E-14
7900.  2.653095E-14
7904.  2.647190E-14
7908.  2.644381E-14
7912.  2.635381E-14
7916.  2.629333E-14
7920.  2.624095E-14
7924.  2.621191E-14
7928.  2.623381E-14
7932.  2.622619E-14
7936.  2.624999E-14
7940.  2.627571E-14
7944.  2.630476E-14
7948.  2.629714E-14
7952.  2.629714E-14
7956.  2.634905E-14
7960.  2.638381E-14
7964.  2.646048E-14
7968.  2.656952E-14
7972.  2.663905E-14
7976.  2.676381E-14
7980.  2.687619E-14
7984.  2.699571E-14
7988.  2.715524E-14
7992.  2.717857E-14
7996.  2.724572E-14
8000.  2.734286E-14
8004.  2.743667E-14
8008.  2.745619E-14
8012.  2.743524E-14
8016.  2.745667E-14
8020.  2.749666E-14
8024.  2.753190E-14
8028.  2.747904E-14
8032.  2.749857E-14
8036.  2.748666E-14
8040.  2.743952E-14
8044.  2.744095E-14
8048.  2.742571E-14
8052.  2.738428E-14
8056.  2.730048E-14
8060.  2.716905E-14
8064.  2.710429E-14
8068.  2.703905E-14
8072.  2.694571E-14
8076.  2.693333E-14
8080.  2.695333E-14
8084.  2.692667E-14
8088.  2.691333E-14
8092.  2.696619E-14
8096.  2.702524E-14
8100.  2.704285E-14
8104.  2.710429E-14
8108.  2.711286E-14
8112.  2.715905E-14
8116.  2.722333E-14
8120.  2.732286E-14
8124.  2.744286E-14
8128.  2.755238E-14
8132.  2.762762E-14
8136.  2.770285E-14
8140.  2.778524E-14
8144.  2.790476E-14
8148.  2.791572E-14
8152.  2.793524E-14
8156.  2.794476E-14
8160.  2.796666E-14
8164.  2.788714E-14
8168.  2.785238E-14
8172.  2.779762E-14
8176.  2.770857E-14
8180.  2.762048E-14
8184.  2.758000E-14
8188.  2.749572E-14
8192.  2.749238E-14
8196.  2.747905E-14
8200.  2.745333E-14
8204.  2.740000E-14
8208.  2.736048E-14
8212.  2.728429E-14
8216.  2.725667E-14
8220.  2.721857E-14
8224.  2.717000E-14
8228.  2.713667E-14
8232.  2.714905E-14
8236.  2.718238E-14
8240.  2.718000E-14
8244.  2.716524E-14
8248.  2.725809E-14
8252.  2.725857E-14
8256.  2.730381E-14
8260.  2.733048E-14
8264.  2.733524E-14
8268.  2.730667E-14
8272.  2.729810E-14
8276.  2.728381E-14
8280.  2.729572E-14
8284.  2.727524E-14
8288.  2.720619E-14
8292.  2.711571E-14
8296.  2.702905E-14
8300.  2.694286E-14
8304.  2.686572E-14
8308.  2.678619E-14
8312.  2.673286E-14
8316.  2.667048E-14
8320.  2.658238E-14
8324.  2.657714E-14
8328.  2.658095E-14
8332.  2.652333E-14
8336.  2.651667E-14
8340.  2.647524E-14
8344.  2.643334E-14
8348.  2.642810E-14
8352.  2.643191E-14
8356.  2.642286E-14
8360.  2.639762E-14
8364.  2.636524E-14
8368.  2.637952E-14
8372.  2.643333E-14
8376.  2.646762E-14
8380.  2.651238E-14
8384.  2.651523E-14
8388.  2.650619E-14
8392.  2.655190E-14
8396.  2.652286E-14
8400.  2.652476E-14
8404.  2.650714E-14
8408.  2.645953E-14
8412.  2.643047E-14
8416.  2.642809E-14
8420.  2.641571E-14
8424.  2.636000E-14
8428.  2.634000E-14
8432.  2.632238E-14
8436.  2.630381E-14
8440.  2.627714E-14
8444.  2.623809E-14
8448.  2.620095E-14
8452.  2.612143E-14
8456.  2.601190E-14
8460.  2.586286E-14
8464.  2.574000E-14
8468.  2.570905E-14
8472.  2.571191E-14
8476.  2.566000E-14
8480.  2.564334E-14
8484.  2.560572E-14
8488.  2.560953E-14
8492.  2.559953E-14
8496.  2.550512E-14
8500.  2.540118E-14
8504.  2.531771E-14
8508.  2.529996E-14
8512.  2.528266E-14
8516.  2.527869E-14
8520.  2.529091E-14
8524.  2.530026E-14
8528.  2.533485E-14
8532.  2.533056E-14
8536.  2.537866E-14
8540.  2.547723E-14
8544.  2.561532E-14
8548.  2.574104E-14
8552.  2.581247E-14
8556.  2.594961E-14
8560.  2.611914E-14
8564.  2.619152E-14
8568.  2.629056E-14
8572.  2.637151E-14
8576.  2.642818E-14
8580.  2.656021E-14
8584.  2.668224E-14
8588.  2.678095E-14
8592.  2.688966E-14
8596.  2.698743E-14
8600.  2.706854E-14
8604.  2.713870E-14
8608.  2.716125E-14
8612.  2.718429E-14
8616.  2.723287E-14
8620.  2.724146E-14
8624.  2.721244E-14
8628.  2.720105E-14
8632.  2.717918E-14
8636.  2.712399E-14
8640.  2.698542E-14
8644.  2.681732E-14
8648.  2.679351E-14
8652.  2.677637E-14
8656.  2.674733E-14
8660.  2.670685E-14
8664.  2.671780E-14
8668.  2.672923E-14
8672.  2.676399E-14
8676.  2.675114E-14
8680.  2.677352E-14
8684.  2.676209E-14
8688.  2.675828E-14
8692.  2.681923E-14
8696.  2.688732E-14
8700.  2.692969E-14
8704.  2.693920E-14
8708.  2.691822E-14
8712.  2.691818E-14
8716.  2.694338E-14
8720.  2.700667E-14
8724.  2.707857E-14
8728.  2.717000E-14
8732.  2.720854E-14
8736.  2.723973E-14
8740.  2.727884E-14
8744.  2.734537E-14
8748.  2.735028E-14
8752.  2.734929E-14
8756.  2.733286E-14
8760.  2.733863E-14
8764.  2.730468E-14
8768.  2.730577E-14
8772.  2.729477E-14
8776.  2.724334E-14
8780.  2.719572E-14
8784.  2.717192E-14
8788.  2.721668E-14
8792.  2.728572E-14
8796.  2.735096E-14
8800.  2.736573E-14
8804.  2.738953E-14
8808.  2.740096E-14
8812.  2.745811E-14
8816.  2.751100E-14
8820.  2.756360E-14
8824.  2.756450E-14
8828.  2.758130E-14
8832.  2.754592E-14
8836.  2.750644E-14
8840.  2.745667E-14
8844.  2.743662E-14
8848.  2.745010E-14
8852.  2.744852E-14
8856.  2.748953E-14
8860.  2.750143E-14
8864.  2.744571E-14
8868.  2.745476E-14
8872.  2.741857E-14
8876.  2.737810E-14
8880.  2.733000E-14
8884.  2.730333E-14
8888.  2.729905E-14
8892.  2.730619E-14
8896.  2.731333E-14
8900.  2.729571E-14
8904.  2.719286E-14
8908.  2.713238E-14
8912.  2.709476E-14
8916.  2.714571E-14
8920.  2.721238E-14
8924.  2.725714E-14
8928.  2.728095E-14
8932.  2.724428E-14
8936.  2.726143E-14
8940.  2.724381E-14
8944.  2.726762E-14
8948.  2.735381E-14
8952.  2.739190E-14
8956.  2.744572E-14
8960.  2.752762E-14
8964.  2.756571E-14
8968.  2.766619E-14
8972.  2.760190E-14
8976.  2.756857E-14
8980.  2.742715E-14
8984.  2.732571E-14
8988.  2.736714E-14
8992.  2.739905E-14
8996.  2.742428E-14
9000.  2.746238E-14
9004.  2.744667E-14
9008.  2.748857E-14
9012.  2.749905E-14
9016.  2.754333E-14
9020.  2.759381E-14
9024.  2.760619E-14
9028.  2.761143E-14
9032.  2.760762E-14
9036.  2.757047E-14
9040.  2.755857E-14
9044.  2.751714E-14
9048.  2.743524E-14
9052.  2.734191E-14
9056.  2.736714E-14
9060.  2.737953E-14
9064.  2.745429E-14
9068.  2.751857E-14
9072.  2.756238E-14
9076.  2.757524E-14
9080.  2.757476E-14
9084.  2.752238E-14
9088.  2.756095E-14
9092.  2.753619E-14
9096.  2.753428E-14
9100.  2.761000E-14
9104.  2.757857E-14
9108.  2.757381E-14
9112.  2.754762E-14
9116.  2.751714E-14
9120.  2.751476E-14
9124.  2.751905E-14
9128.  2.755524E-14
9132.  2.765857E-14
9136.  2.769809E-14
9140.  2.771952E-14
9144.  2.771761E-14
9148.  2.773047E-14
9152.  2.774286E-14
9156.  2.767571E-14
9160.  2.766667E-14
9164.  2.764572E-14
9168.  2.758238E-14
9172.  2.747905E-14
9176.  2.747143E-14
9180.  2.736857E-14
9184.  2.717381E-14
9188.  2.708571E-14
9192.  2.693381E-14
9196.  2.680048E-14
9200.  2.668429E-14
9204.  2.660571E-14
9208.  2.649428E-14
9212.  2.629238E-14
9216.  2.598095E-14
9220.  2.597000E-14
9224.  2.598000E-14
9228.  2.586714E-14
9232.  2.585428E-14
9236.  2.590524E-14
9240.  2.587952E-14
9244.  2.595333E-14
9248.  2.591000E-14
9252.  2.574142E-14
9256.  2.570333E-14
9260.  2.562667E-14
9264.  2.565857E-14
9268.  2.569810E-14
9272.  2.571524E-14
9276.  2.579428E-14
9280.  2.589380E-14
9284.  2.599952E-14
9288.  2.601190E-14
9292.  2.612238E-14
9296.  2.625190E-14
9300.  2.645000E-14
9304.  2.634714E-14
9308.  2.638667E-14
9312.  2.635143E-14
9316.  2.613190E-14
9320.  2.598472E-14
9324.  2.595875E-14
9328.  2.582686E-14
9332.  2.574733E-14
9336.  2.586400E-14
9340.  2.590638E-14
9344.  2.590876E-14
9348.  2.587019E-14
9352.  2.580876E-14
9356.  2.577652E-14
9360.  2.575168E-14
9364.  2.571374E-14
9368.  2.562660E-14
9372.  2.558183E-14
9376.  2.546851E-14
9380.  2.536755E-14
9384.  2.536612E-14
9388.  2.538612E-14
9392.  2.521945E-14
9396.  2.516469E-14
9400.  2.527088E-14
9404.  2.524807E-14
9408.  2.523737E-14
9412.  2.524165E-14
9416.  2.528689E-14
9420.  2.527879E-14
9424.  2.525355E-14
9428.  2.530689E-14
9432.  2.532688E-14
9436.  2.531403E-14
9440.  2.523388E-14
9444.  2.524825E-14
9448.  2.524476E-14
9452.  2.526905E-14
9456.  2.537762E-14
9460.  2.536905E-14
9464.  2.543619E-14
9468.  2.544381E-14
9472.  2.543809E-14
9476.  2.550714E-14
9480.  2.562143E-14
9484.  2.567095E-14
9488.  2.567095E-14
9492.  2.573857E-14
9496.  2.578143E-14
9500.  2.588000E-14
9504.  2.586428E-14
9508.  2.582000E-14
9512.  2.576810E-14
9516.  2.575476E-14
9520.  2.580905E-14
9524.  2.591810E-14
9528.  2.589095E-14
9532.  2.586857E-14
9536.  2.585381E-14
9540.  2.579428E-14
9544.  2.588238E-14
9548.  2.585428E-14
9552.  2.583095E-14
9556.  2.590000E-14
9560.  2.585857E-14
9564.  2.582571E-14
9568.  2.586714E-14
9572.  2.597667E-14
9576.  2.602619E-14
9580.  2.602905E-14
9584.  2.597857E-14
9588.  2.602381E-14
9592.  2.600333E-14
9596.  2.601762E-14
9600.  2.607667E-14
9604.  2.606619E-14
9608.  2.603095E-14
9612.  2.605667E-14
9616.  2.607429E-14
9620.  2.607667E-14
9624.  2.605714E-14
9628.  2.604905E-14
9632.  2.614666E-14
9636.  2.622619E-14
9640.  2.616571E-14
9644.  2.616904E-14
9648.  2.626238E-14
9652.  2.635810E-14
9656.  2.633714E-14
9660.  2.619238E-14
9664.  2.610095E-14
9668.  2.606714E-14
9672.  2.603619E-14
9676.  2.608667E-14
9680.  2.607381E-14
9684.  2.603143E-14
9688.  2.613333E-14
9692.  2.618857E-14
9696.  2.616953E-14
9700.  2.621286E-14
9704.  2.616905E-14
9708.  2.614333E-14
9712.  2.603571E-14
9716.  2.589810E-14
9720.  2.590618E-14
9724.  2.596952E-14
9728.  2.597000E-14
9732.  2.593190E-14
9736.  2.572190E-14
9740.  2.555476E-14
9744.  2.565190E-14
9748.  2.584428E-14
9752.  2.589714E-14
9756.  2.602238E-14
9760.  2.613619E-14
9764.  2.620143E-14
9768.  2.617473E-14
9772.  2.604962E-14
9776.  2.594465E-14
9780.  2.585417E-14
9784.  2.581512E-14
9788.  2.576107E-14
9792.  2.566550E-14
9796.  2.556467E-14
9800.  2.563038E-14
9804.  2.558372E-14
9808.  2.556943E-14
9812.  2.558134E-14
9816.  2.533242E-14
9820.  2.534497E-14
9824.  2.535753E-14
9828.  2.537008E-14
9832.  2.538263E-14
9836.  2.539518E-14
9840.  2.540774E-14
9844.  2.542029E-14
9848.  2.543284E-14
9852.  2.544539E-14
9856.  2.545795E-14
9860.  2.547050E-14
9864.  2.548305E-14
9868.  2.549560E-14
9872.  2.550816E-14
9876.  2.552071E-14
9880.  2.553326E-14
9884.  2.554581E-14
9888.  2.555837E-14
9892.  2.557092E-14
9896.  2.558347E-14
9900.  2.559602E-14
9904.  2.560858E-14
9908.  2.562113E-14
9912.  2.563368E-14
9916.  2.564623E-14
9920.  2.565879E-14
9924.  2.567134E-14
9928.  2.568389E-14
9932.  2.569644E-14
9936.  2.570900E-14
9940.  2.572155E-14
9944.  2.573410E-14
9948.  2.574665E-14
9952.  2.575921E-14
9956.  2.577176E-14
9960.  2.578431E-14
9964.  2.579686E-14
9968.  2.580942E-14
9972.  2.582197E-14
9976.  2.583452E-14
9980.  2.584707E-14
9984.  2.585963E-14
9988.  2.587218E-14
9992.  2.588473E-14
9996.  2.589728E-14
10000.  2.590984E-14
10004.  2.592239E-14
10008.  2.593494E-14
10012.  2.594749E-14
10016.  2.596005E-14
10020.  2.597260E-14
10024.  2.598515E-14
10028.  2.581858E-14
10032.  2.582292E-14
10036.  2.582726E-14
10040.  2.583160E-14
10044.  2.583593E-14
10048.  2.584027E-14
10052.  2.584461E-14
10056.  2.584895E-14
10060.  2.585329E-14
10064.  2.585762E-14
10068.  2.586196E-14
10072.  2.586630E-14
10076.  2.587064E-14
10080.  2.587497E-14
10084.  2.587931E-14
10088.  2.588365E-14
10092.  2.588799E-14
10096.  2.589232E-14
10100.  2.589666E-14
10104.  2.590100E-14
10108.  2.590534E-14
10112.  2.590967E-14
10116.  2.591401E-14
10120.  2.591835E-14
10124.  2.592269E-14
10128.  2.592702E-14
10132.  2.593136E-14
10136.  2.593570E-14
10140.  2.594004E-14
10144.  2.594437E-14
10148.  2.594871E-14
10152.  2.595305E-14
10156.  2.595739E-14
10160.  2.596172E-14
10164.  2.596606E-14
10168.  2.597040E-14
10172.  2.597474E-14
10176.  2.597907E-14
10180.  2.598341E-14
10184.  2.598775E-14
10188.  2.599209E-14
10192.  2.599643E-14
10196.  2.600076E-14
10200.  2.600510E-14
10204.  2.600944E-14
10208.  2.601378E-14
10212.  2.601811E-14
10216.  2.602245E-14
10220.  2.602679E-14
10224.  2.603113E-14
10228.  2.603560E-14
10232.  2.603472E-14
10236.  2.603384E-14
10240.  2.603296E-14
10244.  2.603209E-14
10248.  2.603121E-14
10252.  2.603033E-14
10256.  2.602945E-14
10260.  2.602858E-14
10264.  2.602770E-14
10268.  2.602682E-14
10272.  2.602594E-14
10276.  2.602507E-14
10280.  2.602419E-14
10284.  2.602331E-14
10288.  2.602244E-14
10292.  2.602156E-14
10296.  2.602068E-14
10300.  2.601980E-14
10304.  2.601893E-14
10308.  2.601805E-14
10312.  2.601717E-14
10316.  2.601629E-14
10320.  2.601542E-14
10324.  2.601454E-14
10328.  2.601366E-14
10332.  2.601278E-14
10336.  2.601191E-14
10340.  2.601103E-14
10344.  2.601015E-14
10348.  2.600927E-14
10352.  2.600840E-14
10356.  2.600752E-14
10360.  2.600664E-14
10364.  2.600576E-14
10368.  2.600489E-14
10372.  2.600401E-14
10376.  2.600313E-14
10380.  2.600226E-14
10384.  2.600138E-14
10388.  2.600050E-14
10392.  2.599962E-14
10396.  2.599875E-14
10400.  2.599787E-14
10404.  2.599699E-14
10408.  2.599611E-14
10412.  2.599524E-14
10416.  2.599436E-14
10420.  2.599348E-14
10424.  2.599348E-14
10428.  2.599348E-14
10432.  2.599347E-14
10436.  2.599347E-14
10440.  2.599347E-14
10444.  2.599346E-14
10448.  2.599346E-14
10452.  2.599346E-14
10456.  2.599346E-14
10460.  2.599345E-14
10464.  2.599345E-14
10468.  2.599345E-14
10472.  2.599344E-14
10476.  2.599344E-14
10480.  2.599344E-14
10484.  2.599343E-14
10488.  2.599343E-14
10492.  2.599343E-14
10496.  2.599343E-14
10500.  2.599342E-14
10504.  2.599342E-14
10508.  2.599342E-14
10512.  2.599341E-14
10516.  2.599341E-14
10520.  2.599341E-14
10524.  2.599340E-14
10528.  2.599340E-14
10532.  2.599340E-14
10536.  2.599340E-14
10540.  2.599339E-14
10544.  2.599339E-14
10548.  2.599339E-14
10552.  2.599338E-14
10556.  2.599338E-14
10560.  2.599338E-14
10564.  2.599339E-14
10568.  2.599344E-14
10572.  2.599349E-14
10576.  2.599354E-14
10580.  2.599359E-14
10584.  2.599364E-14
10588.  2.599369E-14
10592.  2.599374E-14
10596.  2.599379E-14
10600.  2.599384E-14
10604.  2.599389E-14
10608.  2.599394E-14
10612.  2.599399E-14
10616.  2.599404E-14
10620.  2.599409E-14
10624.  2.599414E-14
10628.  2.599419E-14
10632.  2.599424E-14
10636.  2.599429E-14
10640.  2.599434E-14
10644.  2.599439E-14
10648.  2.599443E-14
10652.  2.599449E-14
10656.  2.599453E-14
10660.  2.599459E-14
10664.  2.599463E-14
10668.  2.599468E-14
10672.  2.599473E-14
10676.  2.599478E-14
10680.  2.599483E-14
10684.  2.599488E-14
10688.  2.599493E-14
10692.  2.599498E-14
10696.  2.599503E-14
10700.  2.599508E-14
10704.  2.599513E-14
10708.  2.599518E-14
10712.  2.599523E-14
10716.  2.599528E-14
10720.  2.599533E-14
10724.  2.599538E-14
10728.  2.599543E-14
10732.  2.599548E-14
10736.  2.599553E-14
10740.  2.599558E-14
10744.  2.599563E-14
10748.  2.599568E-14
10752.  2.599573E-14
10756.  2.599578E-14
10760.  2.599583E-14
10764.  2.599588E-14
10768.  2.599593E-14
10772.  2.599598E-14
10776.  2.599603E-14
10780.  2.599608E-14
10784.  2.599613E-14
10788.  2.599618E-14
10792.  2.599623E-14
10796.  2.599628E-14
10800.  2.599633E-14
10804.  2.599638E-14
10808.  2.599643E-14
10812.  2.599648E-14
10816.  2.599653E-14
10820.  2.599658E-14
10824.  2.599663E-14
10828.  2.599667E-14
10832.  2.599673E-14
10836.  2.599677E-14
10840.  2.599683E-14
10844.  2.599687E-14
10848.  2.599692E-14
10852.  2.599697E-14
10856.  2.599702E-14
10860.  2.599707E-14
10864.  2.599712E-14
10868.  2.599717E-14
10872.  2.599722E-14
10876.  2.599727E-14
10880.  2.599732E-14
10884.  2.599737E-14
10888.  2.599742E-14
10892.  2.599747E-14
10896.  2.599752E-14
10900.  2.599757E-14
10904.  2.599762E-14
10908.  2.599767E-14
10912.  2.599772E-14
10916.  2.599777E-14
10920.  2.599782E-14
10924.  2.599787E-14
10928.  2.599792E-14
10932.  2.599797E-14
10936.  2.599802E-14
10940.  2.599807E-14
10944.  2.599812E-14
10948.  2.599817E-14
10952.  2.599822E-14
10956.  2.599822E-14
10960.  2.599822E-14
10964.  2.599822E-14
10968.  2.599822E-14
10972.  2.599822E-14
10976.  2.599822E-14
10980.  2.599822E-14
10984.  2.599822E-14
10988.  2.599822E-14
10992.  2.599822E-14
10996.  2.599822E-14
11000.  2.599822E-14
11004.  2.599822E-14
11008.  2.599822E-14
11012.  2.599822E-14
11016.  2.599822E-14
11020.  2.599822E-14
11024.  2.599822E-14
11028.  2.599822E-14
11032.  2.599822E-14
11036.  2.599822E-14
11040.  2.599822E-14
11044.  2.599822E-14
11048.  2.599822E-14
11052.  2.599822E-14
11056.  2.599822E-14
11060.  2.599822E-14
11064.  2.599822E-14
11068.  2.599822E-14
11072.  2.599822E-14
11076.  2.599822E-14
11080.  2.599822E-14
11084.  2.599822E-14
11088.  2.599822E-14
11092.  2.599822E-14
11096.  2.599822E-14
11100.  2.599822E-14
11104.  2.599822E-14
11108.  2.599822E-14
11112.  2.599822E-14
11116.  2.599822E-14
11120.  2.599822E-14
11124.  2.599822E-14
11128.  2.599822E-14
11132.  2.599822E-14
11136.  2.599822E-14
11140.  2.599822E-14
11144.  2.599822E-14
11148.  2.599822E-14
11152.  2.599822E-14
11156.  2.599822E-14
11160.  2.599822E-14
11164.  2.599822E-14
11168.  2.599822E-14
11172.  2.599822E-14
11176.  2.599822E-14
11180.  2.599822E-14
11184.  2.599822E-14
11188.  2.599822E-14
11192.  2.599822E-14
11196.  2.599822E-14
11200.  2.599822E-14
11204.  2.599822E-14
11208.  2.599822E-14
11212.  2.599822E-14
11216.  2.599822E-14
11220.  2.599822E-14
11224.  2.599822E-14
11228.  2.599822E-14
11232.  2.599822E-14
11236.  2.599822E-14
11240.  2.599822E-14
11244.  2.599822E-14
11248.  2.599822E-14
11252.  2.599822E-14
11256.  2.599822E-14
11260.  2.599822E-14
11264.  2.599822E-14
11268.  2.599822E-14
11272.  2.599822E-14
11276.  2.599822E-14
11280.  2.599822E-14
11284.  2.599821E-14
11288.  2.599821E-14
11292.  2.599821E-14
11296.  2.599821E-14
11300.  2.599821E-14
11304.  2.599821E-14
11308.  2.599821E-14
11312.  2.599821E-14
11316.  2.599821E-14
11320.  2.599821E-14
11324.  2.599821E-14
11328.  2.599821E-14
11332.  2.599821E-14
11336.  2.599821E-14
11340.  2.599821E-14
11344.  2.599821E-14
11348.  2.599821E-14
11352.  2.599821E-14
11356.  2.599821E-14
11360.  2.599821E-14
11364.  2.599821E-14
11368.  2.599821E-14
11372.  2.599821E-14
11376.  2.599821E-14
11380.  2.599821E-14
11384.  2.599821E-14
11388.  2.599821E-14
11392.  2.599821E-14
11396.  2.599821E-14
11400.  2.599821E-14
11404.  2.599821E-14
11408.  2.599821E-14
11412.  2.599821E-14
11416.  2.599821E-14
11420.  2.599821E-14
11424.  2.599821E-14
11428.  2.599821E-14
11432.  2.599821E-14
11436.  2.599821E-14
11440.  2.599821E-14
11444.  2.599821E-14
11448.  2.599821E-14
11452.  2.599821E-14
11456.  2.599821E-14
11460.  2.599821E-14
11464.  2.599821E-14
11468.  2.599821E-14
11472.  2.599821E-14
11476.  2.599821E-14
11480.  2.599821E-14
11484.  2.599821E-14
11488.  2.599821E-14
11492.  2.599821E-14
11496.  2.599821E-14
11500.  2.599821E-14
11504.  2.599821E-14
11508.  2.599821E-14
11512.  2.599821E-14
11516.  2.599821E-14
11520.  2.599821E-14
11524.  2.599821E-14
11528.  2.599821E-14
11532.  2.599821E-14
11536.  2.599821E-14
11540.  2.599821E-14
11544.  2.599821E-14
11548.  2.599821E-14
11552.  2.599821E-14
11556.  2.599821E-14
11560.  2.599821E-14
11564.  2.599821E-14
11568.  2.599821E-14
11572.  2.599821E-14
11576.  2.599821E-14
11580.  2.599821E-14
11584.  2.599821E-14
11588.  2.599821E-14
11592.  2.599821E-14
11596.  2.599821E-14
11600.  2.599821E-14
11604.  2.599821E-14
11608.  2.599816E-14
11612.  2.599841E-14
11616.  2.599865E-14
11620.  2.599889E-14
11624.  2.599913E-14
11628.  2.599938E-14
11632.  2.599962E-14
11636.  2.599986E-14
11640.  2.600011E-14
11644.  2.600035E-14
11648.  2.600059E-14
11652.  2.600084E-14
11656.  2.600108E-14
11660.  2.600132E-14
11664.  2.600157E-14
11668.  2.600181E-14
11672.  2.600205E-14
11676.  2.600230E-14
11680.  2.600254E-14
11684.  2.600278E-14
11688.  2.600303E-14
11692.  2.600327E-14
11696.  2.600351E-14
11700.  2.600376E-14
11704.  2.600400E-14
11708.  2.600424E-14
11712.  2.600448E-14
11716.  2.600473E-14
11720.  2.600497E-14
11724.  2.600521E-14
11728.  2.600546E-14
11732.  2.600570E-14
11736.  2.600594E-14
11740.  2.600619E-14
11744.  2.600643E-14
11748.  2.600667E-14
11752.  2.600692E-14
11756.  2.600716E-14
11760.  2.600740E-14
11764.  2.600765E-14
11768.  2.600789E-14
11772.  2.600813E-14
11776.  2.600838E-14
11780.  2.600862E-14
11784.  2.600886E-14
11788.  2.600911E-14
11792.  2.600935E-14
11796.  2.600959E-14
11800.  2.600984E-14
11804.  2.601008E-14
11808.  2.601032E-14
11812.  2.601056E-14
11816.  2.601081E-14
11820.  2.601105E-14
11824.  2.601129E-14
11828.  2.601154E-14
11832.  2.601178E-14
11836.  2.601202E-14
11840.  2.601227E-14
11844.  2.601251E-14
11848.  2.601275E-14
11852.  2.601300E-14
11856.  2.601324E-14
11860.  2.601348E-14
11864.  2.601373E-14
11868.  2.601397E-14
11872.  2.601421E-14
11876.  2.601446E-14
11880.  2.601470E-14
11884.  2.601494E-14
11888.  2.601519E-14
11892.  2.601543E-14
11896.  2.601567E-14
11900.  2.601591E-14
11904.  2.601616E-14
11908.  2.601640E-14
11912.  2.601664E-14
11916.  2.601689E-14
11920.  2.601713E-14
11924.  2.601737E-14
11928.  2.601762E-14
11932.  2.601786E-14
11936.  2.601810E-14
11940.  2.601835E-14
11944.  2.601859E-14
11948.  2.601883E-14
11952.  2.601908E-14
11956.  2.601932E-14
11960.  2.601956E-14
11964.  2.601981E-14
11968.  2.602005E-14
11972.  2.602029E-14
11976.  2.602054E-14
11980.  2.602078E-14
11984.  2.602102E-14
11988.  2.602127E-14
11992.  2.602151E-14
11996.  2.602175E-14
12000.  2.602199E-14
