3376.85749541013  1.713000E-14
3385.0760391085  1.898030E-14
3393.29458280686  1.966550E-14
3401.51312650522  1.974330E-14
3409.73167020359  2.052570E-14
3417.95021390195  1.953160E-14
3426.16875760032  2.024440E-14
3434.38730129868  2.098600E-14
3442.60584499704  2.105780E-14
3450.82438869541  2.120740E-14
3459.04293239377  2.096270E-14
3467.26147609214  2.192230E-14
3475.4800197905  2.365370E-14
3483.69856348887  2.439600E-14
3491.91710718723  2.563080E-14
3500.13565088559  2.701820E-14
3508.35419458396  2.977630E-14
3516.57273828232  3.034850E-14
3524.79128198069  3.282010E-14
3533.00982567905  3.266950E-14
3541.22836937742  3.264660E-14
3549.44691307578  3.520090E-14
3557.66545677414  3.615740E-14
3565.88400047251  3.549350E-14
3574.10254417087  3.649730E-14
3582.32108786924  3.496560E-14
3590.5396315676  3.539030E-14
3598.75817526597  3.414660E-14
3606.97671896433  3.362540E-14
3615.19526266269  3.425400E-14
3623.41380636106  3.627590E-14
3631.63235005942  4.003680E-14
3639.85089375779  4.164350E-14
3648.06943745615  4.329870E-14
3656.28798115452  4.497070E-14
3664.50652485288  3.933940E-14
3672.72506855124  3.617010E-14
3680.94361224961  3.431350E-14
3689.16215594797  3.142380E-14
3697.38069964634  2.962820E-14
3705.5992433447  2.835530E-14
3713.81778704307  2.793800E-14
3722.03633074143  2.672830E-14
3730.25487443979  2.621970E-14
3738.47341813816  2.407090E-14
3746.69196183652  2.339230E-14
3754.91050553489  2.162310E-14
3763.12904923325  2.199660E-14
3771.34759293162  2.216960E-14
3779.56613662998  2.191300E-14
3787.78468032834  2.313690E-14
3796.00322402671  2.472510E-14
3804.22176772507  2.605390E-14
3812.44031142344  2.915770E-14
3820.6588551218  3.100240E-14
3828.87739882017  3.349970E-14
3837.09594251853  3.925470E-14
3845.31448621689  4.232170E-14
3853.53302991526  4.555310E-14
3861.75157361362  5.031400E-14
3869.97011731199  5.522790E-14
3878.18866101035  5.890770E-14
3886.40720470872  6.217080E-14
3894.62574840708  6.458010E-14
3902.84429210544  6.571960E-14
3911.06283580381  6.752020E-14
3919.28137950217  6.948760E-14
3927.49992320054  6.768840E-14
3935.7184668989  6.614650E-14
3943.93701059727  6.224320E-14
3952.15555429563  6.057070E-14
3960.37409799399  5.563070E-14
3968.59264169236  5.103620E-14
3976.81118539072  4.871360E-14
3985.02972908909  4.637810E-14
3993.24827278745  4.525730E-14
4001.46681648582  4.548290E-14
4009.68536018418  4.596340E-14
4017.90390388254  4.870560E-14
4026.12244758091  5.012090E-14
4034.34099127927  5.172890E-14
4042.55953497764  5.375790E-14
4050.778078676  5.665100E-14
4058.99662237437  5.849630E-14
4067.21516607273  5.692200E-14
4075.43370977109  5.790470E-14
4083.65225346946  5.787180E-14
4091.87079716782  5.848530E-14
4100.08934086619  6.046120E-14
4108.30788456455  5.685110E-14
4116.52642826292  5.920980E-14
4124.74497196128  5.976370E-14
4132.96351565964  5.761830E-14
4141.18205935801  6.036090E-14
4149.40060305637  5.975010E-14
4157.61914675474  6.118320E-14
4165.8376904531  6.014890E-14
4174.05623415146  6.138040E-14
4182.27477784983  5.910130E-14
4190.49332154819  6.019930E-14
4198.71186524656  5.913030E-14
4206.93040894492  5.752840E-14
4215.14895264329  5.620810E-14
4223.36749634165  5.457420E-14
4231.58604004002  5.303400E-14
4239.80458373838  5.199470E-14
4248.02312743674  5.040060E-14
4256.24167113511  4.936050E-14
4264.46021483347  4.586280E-14
4272.67875853184  4.326540E-14
4280.8973022302  4.036830E-14
4289.11584592856  3.802500E-14
4297.33438962693  3.623300E-14
4305.55293332529  3.522410E-14
4313.77147702366  3.521930E-14
4321.99002072202  3.494920E-14
4330.20856442039  3.468090E-14
4338.42710811875  3.485080E-14
4346.64565181711  3.436000E-14
4354.86419551548  3.418160E-14
4363.08273921384  3.363960E-14
4371.30128291221  3.329890E-14
4379.51982661057  3.360730E-14
4387.73837030894  3.352390E-14
4395.9569140073  3.416450E-14
4404.17545770567  3.496410E-14
4412.39400140403  3.628860E-14
4420.61254510239  3.723900E-14
4428.83108880076  3.930980E-14
4437.04963249912  4.133030E-14
4445.26817619749  4.228410E-14
4453.48671989585  4.301700E-14
4461.70526359422  4.596390E-14
4469.92380729258  4.651130E-14
4478.14235099094  4.865420E-14
4486.36089468931  5.092080E-14
4494.57943838767  5.154700E-14
4502.79798208604  5.466350E-14
4511.0165257844  5.547440E-14
4519.23506948277  5.744650E-14
4527.45361318113  5.841650E-14
4535.67215687949  5.938130E-14
4543.89070057786  5.979020E-14
4552.10924427622  5.928850E-14
4560.32778797459  5.905670E-14
4568.54633167295  5.975110E-14
4576.76487537131  5.901260E-14
4584.98341906968  5.861060E-14
4593.20196276804  5.809820E-14
4601.42050646641  5.831010E-14
4609.63905016477  5.698270E-14
4617.85759386314  5.584610E-14
4626.0761375615  5.433670E-14
4634.29468125987  5.175730E-14
4642.51322495823  4.930380E-14
4650.73176865659  4.695310E-14
4658.95031235496  4.508130E-14
4667.16885605332  4.350640E-14
4675.38739975169  4.285310E-14
4683.60594345005  4.143250E-14
4691.82448714841  4.120620E-14
4700.04303084678  3.913090E-14
4708.26157454514  3.885010E-14
4716.48011824351  3.812850E-14
4724.69866194187  3.655290E-14
4732.91720564024  3.450270E-14
4741.1357493386  3.336600E-14
4749.35429303697  3.317860E-14
4757.57283673533  3.344850E-14
4765.79138043369  3.361590E-14
4774.00992413206  3.429010E-14
4782.22846783042  3.382210E-14
4790.44701152879  3.339100E-14
4798.66555522715  3.310200E-14
4806.88409892552  3.276600E-14
4815.10264262388  3.056440E-14
4823.32118632224  2.961200E-14
4831.53973002061  2.893100E-14
4839.75827371897  2.755000E-14
4847.97681741734  2.669290E-14
4856.1953611157  2.650280E-14
4864.41390481407  2.682200E-14
4872.63244851243  2.785270E-14
4880.85099221079  2.880300E-14
4889.06953590916  2.999880E-14
4897.28807960752  3.204940E-14
4905.50662330589  3.377600E-14
4913.72516700425  3.589280E-14
4921.94371070262  3.654550E-14
4930.16225440098  3.686660E-14
4938.38079809934  3.605040E-14
4946.59934179771  3.536920E-14
4954.81788549607  3.437140E-14
4963.03642919444  3.221510E-14
4971.2549728928  3.149970E-14
4979.47351659117  3.169320E-14
4987.69206028953  3.096420E-14
4995.91060398789  3.089620E-14
5004.12914768626  3.166330E-14
5012.34769138462  3.265680E-14
5020.56623508299  3.279840E-14
5028.78477878135  3.315100E-14
5037.00332247972  3.320950E-14
5045.22186617808  3.404590E-14
5053.44040987644  3.517860E-14
5061.65895357481  3.562590E-14
5069.87749727317  3.547530E-14
5078.09604097154  3.682080E-14
5086.3145846699  3.744500E-14
5094.53312836827  3.780780E-14
5102.75167206663  3.803180E-14
5110.97021576499  3.883480E-14
5119.18875946336  3.982670E-14
5127.40730316172  4.018110E-14
5135.62584686009  4.175790E-14
5143.84439055845  4.186170E-14
5152.06293425681  4.211530E-14
5160.28147795518  4.270300E-14
5168.50002165354  4.238240E-14
5176.71856535191  4.172940E-14
5184.93710905027  4.224150E-14
5193.15565274864  4.279270E-14
5201.374196447  4.338270E-14
5209.59274014537  4.381010E-14
5217.81128384373  4.312500E-14
5226.02982754209  4.317590E-14
5234.24837124046  4.209750E-14
5242.46691493882  4.082420E-14
5250.68545863719  3.797400E-14
5258.90400233555  3.520260E-14
5267.12254603391  3.368010E-14
5275.34108973228  3.251650E-14
5283.55963343064  3.144840E-14
5291.77817712901  3.096360E-14
5299.99672082737  3.071930E-14
5308.21526452574  3.114280E-14
5316.4338082241  3.140070E-14
5324.65235192247  3.162550E-14
5332.87089562083  3.207150E-14
5341.08943931919  3.171710E-14
5349.30798301756  3.248140E-14
5357.52652671592  3.296990E-14
5365.74507041429  3.234250E-14
5373.96361411265  3.197630E-14
5382.18215781101  3.206070E-14
5390.40070150938  3.201170E-14
5398.61924520774  3.210910E-14
5406.83778890611  3.117170E-14
5415.05633260447  3.081570E-14
5423.27487630284  2.980240E-14
5431.4934200012  2.899620E-14
5439.71196369957  2.745110E-14
5447.93050739793  2.688980E-14
5456.14905109629  2.588610E-14
5464.36759479466  2.505430E-14
5472.58613849302  2.461160E-14
5480.80468219139  2.460290E-14
5489.02322588975  2.517580E-14
5497.24176958812  2.576030E-14
5505.46031328648  2.697290E-14
5513.67885698484  2.860820E-14
5521.89740068321  3.017400E-14
5530.11594438157  3.128270E-14
5538.33448807994  3.235440E-14
5546.5530317783  3.331970E-14
5554.77157547666  3.352050E-14
5562.99011917503  3.334820E-14
5571.20866287339  3.354670E-14
5579.42720657176  3.392380E-14
5587.64575027012  3.331140E-14
5595.86429396849  3.286070E-14
5604.08283766685  3.329950E-14
5612.30138136521  3.343690E-14
5620.51992506358  3.267590E-14
5628.73846876194  3.236790E-14
5636.95701246031  3.202110E-14
5645.17555615867  3.160240E-14
5653.39409985704  3.126980E-14
5661.6126435554  3.098470E-14
5669.83118725377  3.105510E-14
5678.04973095213  3.056310E-14
5686.26827465049  2.997350E-14
5694.48681834886  2.977070E-14
5702.70536204722  2.869120E-14
5710.92390574559  2.754920E-14
5719.14244944395  2.710600E-14
5727.36099314231  2.645950E-14
5735.57953684068  2.579850E-14
5743.79808053904  2.568450E-14
5752.01662423741  2.534510E-14
5760.23516793577  2.569220E-14
5768.45371163414  2.628940E-14
5776.6722553325  2.667900E-14
5784.89079903086  2.731780E-14
5793.10934272923  2.845390E-14
5801.32788642759  2.973770E-14
5809.54643012596  3.049360E-14
5817.76497382432  3.121180E-14
5825.98351752269  3.184570E-14
5834.20206122105  3.276980E-14
5842.42060491941  3.376230E-14
5850.63914861778  3.410150E-14
5858.85769231614  3.449460E-14
5867.07623601451  3.498270E-14
5875.29477971287  3.515890E-14
5883.51332341124  3.513430E-14
5891.7318671096  3.495630E-14
5899.95041080797  3.464890E-14
5908.16895450633  3.426920E-14
5916.38749820469  3.417770E-14
5924.60604190306  3.365850E-14
5932.82458560142  3.315520E-14
5941.04312929979  3.299220E-14
5949.26167299815  3.267720E-14
5957.48021669652  3.224620E-14
5965.69876039488  3.173570E-14
5973.91730409324  3.122420E-14
5982.13584779161  3.084210E-14
5990.35439148997  3.060590E-14
5998.57293518834  2.977910E-14
6006.7914788867  2.830040E-14
6015.01002258507  2.610860E-14
6023.22856628343  2.377500E-14
6031.44710998179  2.137590E-14
6039.66565368016  1.898550E-14
6047.88419737852  1.668270E-14
6056.10274107689  1.475900E-14
6064.32128477525  1.333020E-14
6072.53982847361  1.205290E-14
6080.75837217198  1.110040E-14
6088.97691587034  1.047460E-14
6097.19545956871  9.998910E-15
6105.41400326707  9.757480E-15
6113.63254696544  9.637700E-15
6121.8510906638  9.708700E-15
6130.06963436216  9.943670E-15
6138.28817806053  1.031010E-14
6146.50672175889  1.093960E-14
6154.72526545726  1.161170E-14
6162.94380915562  1.231010E-14
6171.16235285399  1.316400E-14
6179.38089655235  1.425220E-14
6187.59944025071  1.541610E-14
6195.81798394908  1.653820E-14
6204.03652764744  1.765160E-14
6212.25507134581  1.902580E-14
6220.47361504417  2.053470E-14
6228.69215874254  2.177690E-14
6236.9107024409  2.221730E-14
6245.12924613926  2.294700E-14
6253.34778983763  2.384300E-14
6261.56633353599  2.459390E-14
6269.78487723436  2.532170E-14
6278.00342093272  2.559520E-14
6286.22196463109  2.576750E-14
6294.44050832945  2.577980E-14
6302.65905202781  2.590590E-14
6310.87759572618  2.620520E-14
6319.09613942454  2.601400E-14
6327.31468312291  2.602610E-14
6335.53322682127  2.608610E-14
6343.75177051964  2.594770E-14
6351.970314218  2.600050E-14
6360.18885791636  2.577770E-14
6368.40740161473  2.557520E-14
6376.62594531309  2.548630E-14
6384.84448901146  2.534730E-14
6393.06303270982  2.537140E-14
6401.28157640819  2.535900E-14
6409.50012010655  2.517670E-14
6417.71866380492  2.504580E-14
6425.93720750328  2.505760E-14
6434.15575120164  2.445470E-14
6442.37429490001  2.408250E-14
6450.59283859837  2.397070E-14
6458.81138229674  2.385120E-14
6467.0299259951  2.385380E-14
6475.24846969346  2.322840E-14
6483.46701339183  2.305500E-14
6491.68555709019  2.286170E-14
6499.90410078856  2.263430E-14
6508.12264448692  2.235790E-14
6516.34118818529  2.185390E-14
6524.55973188365  2.157810E-14
6532.77827558201  2.127320E-14
6540.99681928038  2.065740E-14
6549.21536297874  2.071010E-14
6557.43390667711  2.004050E-14
6565.65245037547  1.941550E-14
6573.87099407383  1.939720E-14
6582.0895377722  1.911950E-14
6590.30808147057  1.874160E-14
6598.52662516893  1.844200E-14
6606.74516886729  1.813820E-14
6614.96371256566  1.797640E-14
6623.18225626402  1.779570E-14
6631.40079996239  1.767500E-14
6639.61934366075  1.705340E-14
6647.83788735911  1.668190E-14
6656.05643105748  1.677260E-14
6664.27497475584  1.638750E-14
6672.49351845421  1.635460E-14
6680.71206215257  1.603950E-14
6688.93060585094  1.577920E-14
6697.1491495493  1.562500E-14
6705.36769324766  1.540010E-14
6713.58623694603  1.507400E-14
6721.80478064439  1.498780E-14
6730.02332434276  1.495780E-14
6738.24186804112  1.459280E-14
6746.46041173949  1.448760E-14
6754.67895543785  1.431220E-14
6762.89749913621  1.401240E-14
6771.11604283458  1.382860E-14
6779.33458653294  1.396500E-14
6787.55313023131  1.394280E-14
6795.77167392967  1.387710E-14
6803.99021762804  1.389620E-14
6812.2087613264  1.366260E-14
6820.42730502476  1.268140E-14
6828.64584872313  1.134570E-14
6836.86439242149  1.196000E-14
6845.08293611986  1.206290E-14
6853.30147981822  1.192310E-14
6861.52002351659  1.220870E-14
6869.73856721495  1.244440E-14
6877.95711091331  1.259060E-14
6886.17565461168  1.249640E-14
6894.39419831004  1.247260E-14
6902.61274200841  1.233490E-14
6910.83128570677  1.225180E-14
6919.04982940514  1.214390E-14
6927.2683731035  1.200860E-14
6935.48691680186  1.190650E-14
6943.70546050023  1.184680E-14
6951.92400419859  1.166140E-14
6960.14254789696  1.175380E-14
6968.36109159532  1.186370E-14
6976.57963529369  1.172150E-14
6984.79817899205  1.162650E-14
6993.01672269041  1.147280E-14
7001.23526638878  1.147330E-14
7009.45381008714  1.119920E-14
7017.67235378551  1.134660E-14
7025.89089748387  1.127960E-14
7034.10944118224  1.108910E-14
7042.3279848806  1.100940E-14
7050.54652857897  1.091850E-14
7058.76507227733  1.119820E-14
7066.98361597569  1.092060E-14
7075.20215967406  1.076490E-14
7083.42070337242  1.076260E-14
7091.63924707079  1.056160E-14
7099.85779076915  1.043940E-14
7108.07633446751  1.050730E-14
7116.29487816588  1.045750E-14
7124.51342186424  1.030730E-14
7132.73196556261  1.011890E-14
7140.95050926097  9.792470E-15
7149.16905295933  9.735860E-15
7157.3875966577  9.845630E-15
7165.60614035607  1.012200E-14
7173.82468405443  1.023660E-14
7182.04322775279  1.001330E-14
7190.26177145116  9.929490E-15
7198.48031514952  9.842230E-15
7206.69885884788  9.897760E-15
7214.91740254625  9.997740E-15
7223.13594624461  9.921760E-15
7231.35448994298  9.876620E-15
7239.57303364134  1.005500E-14
7247.79157733971  9.997440E-15
7256.01012103807  1.000860E-14
7264.22866473644  9.941240E-15
7272.4472084348  9.822940E-15
7280.66575213316  9.765240E-15
7288.88429583153  9.788750E-15
7297.10283952989  9.814900E-15
7305.32138322826  9.617310E-15
7313.53992692662  9.457170E-15
7321.75847062498  9.319710E-15
7329.97701432335  9.067610E-15
7338.19555802171  8.835740E-15
7346.41410172008  8.581490E-15
7354.63264541844  8.309030E-15
7362.85118911681  8.051230E-15
7371.06973281517  7.849700E-15
7379.28827651353  7.630500E-15
7387.5068202119  7.167380E-15
7395.72536391026  6.762660E-15
7403.94390760863  6.497620E-15
7412.16245130699  6.160210E-15
7420.38099500536  5.776790E-15
7428.59953870372  5.643080E-15
7436.81808240209  5.497700E-15
7445.03662610045  5.203430E-15
7453.25516979881  5.086900E-15
7461.47371349718  5.132730E-15
7469.69225719554  5.174900E-15
7477.91080089391  5.338960E-15
7486.12934459227  5.323240E-15
7494.34788829064  5.236110E-15
7502.566431989  5.281070E-15
7510.78497568736  5.414530E-15
7519.00351938573  5.595860E-15
7527.22206308409  5.721930E-15
7535.44060678246  5.599150E-15
7543.65915048082  4.867600E-15
7551.87769417919  3.450940E-15
7560.09623787755  2.981810E-15
7568.31478157591  3.924220E-15
7576.53332527428  4.393420E-15
7584.75186897264  4.121760E-15
7592.97041267101  4.535500E-15
7601.18895636937  5.283120E-15
7609.40750006774  6.044970E-15
7617.6260437661  6.566930E-15
7625.84458746446  6.852850E-15
7634.06313116283  7.056240E-15
7642.28167486119  7.353830E-15
7650.50021855956  7.636810E-15
7658.71876225792  7.659630E-15
7666.93730595628  8.043950E-15
7675.15584965465  8.020330E-15
7683.37439335301  7.924010E-15
7691.59293705138  7.856670E-15
7699.81148074974  8.102400E-15
7708.03002444811  8.148640E-15
7716.24856814647  7.996850E-15
7724.46711184484  8.256820E-15
7732.6856555432  8.255950E-15
7740.90419924156  8.332530E-15
7749.12274293993  8.491490E-15
7757.34128663829  8.603600E-15
7765.55983033666  8.552930E-15
7773.77837403502  8.570610E-15
7781.99691773338  8.672150E-15
7790.21546143175  9.008570E-15
7798.43400513011  9.138720E-15
7806.65254882848  9.182130E-15
7814.87109252684  9.045180E-15
7823.08963622521  9.038940E-15
7831.30817992357  9.143020E-15
7839.52672362194  9.338560E-15
7847.7452673203  9.382330E-15
7855.96381101866  9.471690E-15
7864.18235471703  9.571300E-15
7872.40089841539  9.527890E-15
7880.61944211376  9.445210E-15
7888.83798581212  9.352410E-15
7897.05652951048  9.085900E-15
7905.27507320885  9.343130E-15
7913.49361690721  9.149380E-15
7921.71216060558  8.977860E-15
7929.93070430394  8.988710E-15
7938.14924800231  8.837750E-15
7946.36779170067  9.012870E-15
7954.58633539904  8.997040E-15
7962.8048790974  8.917370E-15
7971.02342279576  8.421640E-15
7979.24196649413  8.608510E-15
7987.46051019249  8.424170E-15
7995.67905389086  8.229640E-15
8003.89759758922  8.358380E-15
8012.11614128759  8.233200E-15
8020.33468498595  8.250570E-15
8028.55322868431  7.676050E-15
8036.77177238268  7.537640E-15
8044.99031608104  7.546000E-15
8053.20885977941  7.242510E-15
8061.42740347777  7.309160E-15
8069.64594717613  6.968540E-15
