     3659.5670000000    2.9467884154327D-13
     3661.5640000000    2.8327887100921D-13
     3663.5600000000   -2.4348727490027D-14
     3665.5560000000   -3.0169616971465D-13
     3667.5530000000   -2.8654951454357D-13
     3669.5490000000    2.0916937416582D-14
     3671.5460000000    2.0209078577577D-14
     3673.5420000000   -1.3992603987870D-14
     3675.5380000000   -4.3345252193801D-14
     3677.5350000000   -3.9054716391211D-14
     3679.5310000000    5.8662483248309D-14
     3681.5270000000    5.6893063007957D-14
     3683.5240000000    8.5436492632206D-14
     3685.5200000000    1.0838609417521D-13
     3687.5160000000    1.0181447420213D-13
     3689.5130000000    2.3758857101903D-14
     3691.5090000000    2.3110445485789D-14
     3693.5060000000    1.3934059299538D-14
     3695.5020000000    6.7700863647668D-15
     3697.4980000000    8.0733391710063D-15
     3699.4950000000    3.1160724356893D-14
     3701.4910000000    3.0380599496127D-14
     3703.4870000000    1.8241660834350D-14
     3705.4840000000    9.2719470287866D-15
     3707.4800000000    1.1021499282443D-14
     3709.4760000000    3.5009836787934D-14
     3711.4730000000    3.4199650508761D-14
     3713.4690000000    2.2063316704466D-14
     3715.4650000000    1.3570563689210D-14
     3717.4620000000    1.8407685898327D-14
     3719.4580000000    6.9395416567688D-14
     3721.4550000000    6.7900600704848D-14
     3723.4510000000    6.2021517120928D-14
     3725.4470000000    5.7788635480947D-14
     3727.4440000000    5.3165988359729D-14
     3729.4400000000    2.3438558899108D-14
     3731.4360000000    2.2965743520483D-14
     3733.4330000000   -8.2403394340933D-15
     3735.4290000000   -2.7116007108300D-14
     3737.4250000000   -2.2372594531455D-14
     3739.4220000000    8.1053642734396D-15
     3741.4180000000    7.9512650652758D-15
     3743.4150000000   -1.5329124627266D-14
     3745.4110000000   -2.8428136939263D-14
     3747.4070000000   -1.6897779203290D-14
     3749.4040000000    5.1318646261360D-14
     3751.4000000000    5.0396412884681D-14
     3753.3960000000    2.6498662941093D-14
     3755.3930000000    1.3626391925917D-14
     3757.3890000000    1.7110359724627D-14
     3759.3850000000    3.6922376821806D-14
     3761.3820000000    3.6292334406781D-14
     3763.3780000000    4.7423758016033D-14
     3765.3740000000    5.2519356760835D-14
     3767.3710000000    4.8041090313682D-14
     3769.3670000000    3.0014426263016D-14
     3771.3640000000    2.9526437129848D-14
     3773.3600000000    3.0498165035495D-14
     3775.3560000000    3.0684264699248D-14
     3777.3530000000    2.9535374891419D-14
     3779.3490000000    2.6247689159157D-14
     3781.3450000000    2.5840081021063D-14
     3783.3420000000   -6.8523385589697D-15
     3785.3380000000   -2.0610309162222D-14
     3787.3340000000   -1.5769915819594D-14
     3789.3310000000    1.7538259663529D-15
     3791.3270000000    1.7275918613670D-15
     3793.3240000000    1.7711704068061D-14
     3795.3200000000    2.3775993635347D-14
     3797.3160000000    2.6543760153930D-14
     3799.3130000000    3.6873005710078D-14
     3801.3090000000    3.6347084160348D-14
     3803.3050000000    4.2953306641342D-14
     3805.3020000000    4.4926888838638D-14
     3807.2980000000    4.8586233914530D-14
     3809.2940000000    6.1266229001918D-14
     3811.2910000000    6.0425329775297D-14
     3813.2870000000    3.4758629574844D-14
     3815.2830000000    2.6092930154940D-14
     3817.2800000000    1.9490560412118D-14
     3819.2760000000    1.5280206474798D-15
     3821.2730000000    1.5078836783609D-15
     3823.2690000000    5.9705311639941D-15
     3825.2650000000    7.2328964968929D-15
     3827.2620000000    1.1049217566360D-14
     3829.2580000000    2.0999899346222D-14
     3831.2540000000    2.0731889350422D-14
     3833.2510000000    3.7243467839897D-14
     3835.2470000000    4.1288832260232D-14
     3837.2430000000    4.3582161515643D-14
     3839.2400000000    4.9670173400335D-14
     3841.2360000000    4.9056971952032D-14
     3843.2330000000    5.1779208615250D-14
     3845.2290000000    5.1946923299579D-14
     3847.2250000000    5.3512604106116D-14
     3849.2220000000    5.7612365596020D-14
     3851.2180000000    5.6923887096862D-14
     3853.2140000000    5.1077666568953D-14
     3855.2110000000    4.9376588191278D-14
     3857.2070000000    4.5341069284854D-14
     3859.2030000000    3.7955779962642D-14
     3861.2000000000    3.7516160843609D-14
     3863.1960000000    7.3207231932162D-14
     3865.1920000000    7.9068672724953D-14
     3867.1890000000    7.3374020090930D-14
     3869.1850000000    6.3800448667868D-14
     3871.1820000000    6.3083025894899D-14
     3873.1780000000    6.6701489973959D-14
     3875.1740000000    6.6649571206240D-14
     3877.1710000000    6.9338971130866D-14
     3879.1670000000    7.4326489527834D-14
     3881.1630000000    7.3514535705352D-14
     3883.1600000000    7.0600711759448D-14
     3885.1560000000    6.9554161404738D-14
     3887.1520000000    8.0486921665613D-14
     3889.1490000000    9.7683434643537D-14
     3891.1450000000    9.6645696576263D-14
     3893.1420000000    8.4840508574417D-14
     3895.1380000000    8.2763358419380D-14
     3897.1340000000    8.3741224618668D-14
     3899.1310000000    8.5497426404580D-14
     3901.1270000000    8.4610579202251D-14
     3903.1230000000    8.5035011525332D-14
     3905.1200000000    8.4274141009715D-14
     3907.1160000000    8.4598231694608D-14
     3909.1120000000    8.5295713658561D-14
     3911.1090000000    8.4433107263275D-14
     3913.1050000000    8.6210145092737D-14
     3915.1010000000    8.5514216104016D-14
     3917.0980000000    8.8533948660358D-14
     3919.0940000000    9.2349569507568D-14
     3921.0910000000    9.1438389945341D-14
     3923.0870000000    1.0079285445018D-13
     3925.0830000000    1.0023501907806D-13
     3927.0800000000    9.3530570821948D-14
     3929.0760000000    8.6219125977040D-14
     3931.0720000000    8.5388552152207D-14
     3933.0690000000    8.0511400451266D-14
     3935.0650000000    7.9660445143640D-14
     3937.0610000000    9.4276617463869D-14
     3939.0580000000    1.0923372419294D-13
     3941.0540000000    1.0820791721033D-13
     3943.0510000000    1.1830329425620D-13
     3945.0470000000    1.1719978598652D-13
     3947.0430000000    1.1853511333764D-13
     3949.0400000000    1.1974195353544D-13
     3951.0360000000    1.1874848721070D-13
     3953.0320000000    1.2273785390699D-13
     3955.0290000000    1.2161820563914D-13
     3957.0250000000    1.2234783640800D-13
     3959.0210000000    1.2284639180481D-13
     3961.0180000000    1.2168046910557D-13
     3963.0140000000    1.1922130522173D-13
     3965.0100000000    1.1815697003567D-13
     3967.0070000000    1.1822287384434D-13
     3969.0030000000    1.1807499098603D-13
     3971.0000000000    1.1849896628566D-13
     3972.9960000000    1.3932094134850D-13
     3974.9920000000    1.3810303059800D-13
     3976.9890000000    1.4065728269705D-13
     3978.9850000000    1.4221561864325D-13
     3980.9810000000    1.3946981416551D-13
     3982.9780000000    1.2170046060161D-13
     3984.9740000000    1.2065823152442D-13
     3986.9700000000    1.2679916397850D-13
     3988.9670000000    1.3058483864374D-13
     3990.9630000000    1.2933721804161D-13
     3992.9600000000    1.2703210892484D-13
     3994.9560000000    1.2596589456252D-13
     3996.9520000000    1.1744156944846D-13
     3998.9490000000    1.1182533701768D-13
     4000.9450000000    1.1299027347395D-13
     4002.9410000000    1.2649939084465D-13
     4004.9380000000    1.2545817584294D-13
     4006.9340000000    1.2686792298057D-13
     4008.9300000000    1.2721381111156D-13
     4010.9270000000    1.2635325928405D-13
     4012.9230000000    1.2633343445089D-13
     4014.9190000000    1.2531341211511D-13
     4016.9160000000    1.1435233910376D-13
     4018.9120000000    1.0829886801261D-13
     4020.9090000000    1.0925651085377D-13
     4022.9050000000    1.1730626032912D-13
     4024.9010000000    1.1637665463704D-13
     4026.8980000000    1.1219520733773D-13
     4028.8940000000    1.0978459324882D-13
     4030.8900000000    1.0723026136340D-13
     4032.8870000000    9.9235259259136D-14
     4034.8830000000    9.8463156692624D-14
     4036.8790000000    1.0484302996063D-13
     4038.8760000000    1.0705616933768D-13
     4040.8720000000    1.0448434614569D-13
     4042.8690000000    9.7232674959082D-14
     4044.8650000000    9.6489711130240D-14
     4046.8610000000    9.6374030335275D-14
     4048.8580000000    9.5878410405303D-14
     4050.8540000000    9.7289015918375D-14
     4052.8500000000    1.0350324073024D-13
     4054.8470000000    1.0272617706884D-13
     4056.8430000000    9.9363619665476D-14
     4058.8390000000    9.7740267637516D-14
     4060.8360000000    1.0022437236265D-13
     4062.8320000000    1.0875706655705D-13
     4064.8280000000    1.0795450736130D-13
     4066.8250000000    1.0575846002409D-13
     4068.8210000000    1.0455982268386D-13
     4070.8180000000    1.0368861015990D-13
     4072.8140000000    1.0265634692438D-13
     4074.8100000000    1.0191167393872D-13
     4076.8070000000    1.0207956078807D-13
     4078.8030000000    1.0158449226489D-13
     4080.7990000000    9.6891817183201D-14
     4082.7960000000    8.7014458994121D-14
     4084.7920000000    8.6393588349316D-14
     4086.7880000000    9.4848182630111D-14
     4088.7850000000    9.6273731407876D-14
     4090.7810000000    9.3464249470452D-14
     4092.7780000000    8.8357887306669D-14
     4094.7740000000    8.7737814234985D-14
     4096.7700000000    9.5089885031211D-14
     4098.7670000000    9.6008637310025D-14
     4100.7630000000    9.1459106933858D-14
     4102.7590000000    8.3489935265066D-14
     4104.7560000000    8.2913383112671D-14
     4106.7520000000    8.8600307439302D-14
     4108.7480000000    8.9040371354006D-14
     4110.7450000000    8.9998879847665D-14
     4112.7410000000    9.2071166741676D-14
     4114.7370000000    9.1445608011855D-14
     4116.7340000000    9.1986392887879D-14
     4118.7300000000    9.1525166546217D-14
     4120.7270000000    8.9878251888000D-14
     4122.7230000000    8.7669842013877D-14
     4124.7190000000    8.7083429545808D-14
     4126.7160000000    9.0269838594666D-14
     4128.7120000000    9.0082329764995D-14
     4130.7080000000    8.9124313904400D-14
     4132.7050000000    8.8023403676396D-14
     4134.7010000000    8.7443817734646D-14
     4136.6970000000    8.9389321004974D-14
     4138.6940000000    8.9012199641400D-14
     4140.6900000000    8.7958004693970D-14
     4142.6870000000    8.6774043186749D-14
     4144.6830000000    8.6211346308373D-14
     4146.6790000000    7.7073196821796D-14
     4148.6760000000    7.6089368816806D-14
     4150.6720000000    7.8877751657790D-14
     4152.6680000000    8.2236470752270D-14
     4154.6650000000    8.1711355708137D-14
     4156.6610000000    8.0824792495399D-14
     4158.6570000000    8.0299951501076D-14
     4160.6540000000    7.9022788573084D-14
     4162.6500000000    7.7696784989354D-14
     4164.6460000000    7.7207962543369D-14
     4166.6430000000    8.3172173612990D-14
     4168.6390000000    8.2707248851077D-14
     4170.6360000000    8.3305447292614D-14
     4172.6320000000    8.3881908482130D-14
     4174.6280000000    8.3291101324281D-14
     4176.6250000000    7.7907645086984D-14
     4178.6210000000    7.7427673909166D-14
     4180.6170000000    7.9282290152957D-14
     4182.6140000000    8.0885894003252D-14
     4184.6100000000    7.9779453882072D-14
     4186.6060000000    6.3522774370080D-14
     4188.6030000000    6.3137037003640D-14
     4190.5990000000    7.9564526525886D-14
     4192.5960000000    9.2831089822650D-14
     4194.5920000000    9.2830690090894D-14
     4196.5880000000    1.0095280262146D-13
     4198.5850000000    1.0034672588480D-13
     4200.5810000000    9.0141975906843D-14
     4202.5770000000    8.2447347206290D-14
     4204.5740000000    8.2603144713374D-14
     4206.5700000000    8.9213589024575D-14
     4208.5660000000    8.8685375153144D-14
     4210.5630000000    9.2105532926287D-14
     4212.5590000000    9.4237109873554D-14
     4214.5550000000    9.3852215452918D-14
     4216.5520000000    9.4716487729281D-14
     4218.5480000000    9.4163199842486D-14
     4220.5450000000    9.4918092226510D-14
     4222.5410000000    9.5169119108233D-14
     4224.5370000000    9.5100570740186D-14
     4226.5340000000    9.7791686073271D-14
     4228.5300000000    9.7227934337532D-14
     4230.5260000000    9.6026553664897D-14
     4232.5230000000    9.5117287758427D-14
     4234.5190000000    9.5071272019270D-14
     4236.5150000000    9.7290916865955D-14
     4238.5120000000    9.6737253098897D-14
     4240.5080000000    9.5034287056940D-14
     4242.5050000000    9.3914552881964D-14
     4244.5010000000    9.3920770288752D-14
     4246.4970000000    9.5905550404156D-14
     4248.4940000000    9.5366800775630D-14
     4250.4900000000    9.9301604840404D-14
     4252.4860000000    1.0077502682155D-13
     4254.4830000000    9.8927394201657D-14
     4256.4790000000    9.3203043433088D-14
     4258.4750000000    9.2686205844675D-14
     4260.4720000000    9.5658381281425D-14
     4262.4680000000    9.6548398561059D-14
     4264.4640000000    9.5333128528163D-14
     4266.4610000000    9.2415652155182D-14
     4268.4570000000    9.1909481524475D-14
     4270.4540000000    9.3035925828893D-14
     4272.4500000000    9.3119748965890D-14
     4274.4460000000    9.2160111228141D-14
     4276.4430000000    9.0264979418849D-14
     4278.4390000000    8.9776789780026D-14
     4280.4350000000    9.2219698708899D-14
     4282.4320000000    9.2663960944210D-14
     4284.4280000000    9.3092095672541D-14
     4286.4240000000    9.5116633468724D-14
     4288.4210000000    9.4608299580854D-14
     4290.4170000000    9.3731726381301D-14
     4292.4130000000    9.3128200413099D-14
     4294.4100000000    9.5359557671906D-14
     4296.4060000000    1.0148020899730D-13
     4298.4030000000    1.0094556782913D-13
     4300.3990000000    1.0388093229095D-13
     4302.3950000000    1.0418791135734D-13
     4304.3920000000    1.0338299140570D-13
     4306.3880000000    1.0227699243084D-13
     4308.3840000000    1.0174479483491D-13
     4310.3810000000    1.0586195790513D-13
     4312.3770000000    1.0629434467064D-13
     4314.3730000000    1.0514029011650D-13
     4316.3700000000    1.0341146729431D-13
     4318.3660000000    1.0287993682470D-13
     4320.3630000000    9.9691405642521D-14
     4322.3590000000    9.8706945638997D-14
     4324.3550000000    9.9204553725930D-14
     4326.3520000000    1.0047446940581D-13
     4328.3480000000    9.9964365918709D-14
     4330.3440000000    1.0231847891677D-13
     4332.3410000000    1.0222313315787D-13
     4334.3370000000    1.0269639872340D-13
     4336.3330000000    1.0376787227947D-13
     4338.3300000000    1.0324733209170D-13
     4340.3260000000    1.0205808751853D-13
     4342.3220000000    1.0146923638409D-13
     4344.3190000000    9.9322302502222D-14
     4346.3150000000    9.6433214862154D-14
     4348.3120000000    9.5955237104074D-14
     4350.3080000000    9.7243735039842D-14
     4352.3040000000    9.6923135278003D-14
     4354.3010000000    9.5855739749020D-14
     4356.2970000000    9.4600936514066D-14
     4358.2930000000    9.4137773087477D-14
     4360.2900000000    9.4315445647241D-14
     4362.2860000000    9.3896458207814D-14
     4364.2820000000    9.1903594886940D-14
     4366.2790000000    8.9598152112538D-14
     4368.2750000000    8.9164636475079D-14
     4370.2720000000    9.4795459333498D-14
     4372.2680000000    9.4573282208090D-14
     4374.2640000000    9.1830174315069D-14
     4376.2610000000    8.8862532699653D-14
     4378.2570000000    8.8437673931239D-14
     4380.2530000000    8.5137484351166D-14
     4382.2500000000    8.4689862680252D-14
     4384.2460000000    8.1917947573630D-14
     4386.2420000000    7.9140917836552D-14
     4388.2390000000    7.8832950186639D-14
     4390.2350000000    8.6433250505204D-14
     4392.2310000000    8.6026812563382D-14
     4394.2280000000    8.2051528815198D-14
     4396.2240000000    7.8380293068961D-14
     4398.2210000000    7.7972740332598D-14
     4400.2170000000    7.6287887403001D-14
     4402.2130000000    7.5934213162267D-14
     4404.2100000000    7.8176414805175D-14
     4406.2060000000    7.9995590211461D-14
     4408.2020000000    7.9365001346223D-14
     4410.1990000000    7.4379164468343D-14
     4412.1950000000    7.4038507270588D-14
     4414.1910000000    7.3387279634738D-14
     4416.1880000000    7.2812638281176D-14
     4418.1840000000    7.4451333782891D-14
     4420.1810000000    9.7937919561128D-14
     4422.1770000000    9.7494631430968D-14
     4424.1730000000    1.1267133274494D-13
     4426.1700000000    1.2308823923982D-13
     4428.1660000000    1.1737497169355D-13
     4430.1620000000    6.9844695787122D-14
     4432.1590000000    6.9532379794071D-14
     4434.1550000000    7.2319388237256D-14
     4436.1510000000    7.3971009363959D-14
     4438.1480000000    7.3874732174561D-14
     4440.1440000000    7.5226801492348D-14
     4442.1400000000    7.4894487801348D-14
     4444.1370000000    7.7375498072487D-14
     4446.1330000000    7.8664221059239D-14
     4448.1300000000    7.8582456357751D-14
     4450.1260000000    7.9806065761793D-14
     4452.1220000000    7.9457793064827D-14
     4454.1190000000    8.2309377438164D-14
     4456.1150000000    8.3633042348213D-14
     4458.1110000000    8.3184718481940D-14
     4460.1080000000    8.2393707229939D-14
     4462.1040000000    8.2038415909639D-14
     4464.1000000000    8.5378617086698D-14
     4466.0970000000    8.6769713525780D-14
     4468.0930000000    8.5981927868184D-14
     4470.0900000000    8.3820322460528D-14
     4472.0860000000    8.3463215716686D-14
     4474.0820000000    8.5614242170386D-14
     4476.0790000000    8.6327166634064D-14
     4478.0750000000    8.6423998075235D-14
     4480.0710000000    8.7792906170385D-14
     4482.0680000000    8.7423358579595D-14
     4484.0640000000    9.0240825807874D-14
     4486.0600000000    9.1091680936840D-14
     4488.0570000000    9.1498033817481D-14
     4490.0530000000    9.3715703916242D-14
     4492.0490000000    9.3325955807346D-14
     4494.0460000000    9.3871831975018D-14
     4496.0420000000    9.3801938653391D-14
     4498.0390000000    9.4975585879070D-14
     4500.0350000000    9.9168428565315D-14
     4502.0310000000    9.8756768194036D-14
     4504.0280000000    1.0185790416032D-13
     4506.0240000000    1.0251412037702D-13
     4508.0200000000    1.0317081892625D-13
     4510.0170000000    1.0557670273014D-13
     4512.0130000000    1.0514284726730D-13
     4514.0090000000    1.1020015707185D-13
     4516.0060000000    1.1123679699641D-13
     4518.0020000000    1.1181010478772D-13
     4519.9990000000    1.1377742687228D-13
     4521.9950000000    1.1331515667055D-13
     4523.9910000000    1.1995374874998D-13
     4525.9880000000    1.2115099449301D-13
     4527.9840000000    1.2208680781459D-13
     4529.9800000000    1.2463427901683D-13
     4531.9770000000    1.2413203482099D-13
     4533.9730000000    1.3009023866396D-13
     4535.9690000000    1.3089453445617D-13
     4537.9660000000    1.3254770461329D-13
     4539.9620000000    1.3623350940287D-13
     4541.9580000000    1.3568984669231D-13
     4543.9550000000    1.4636242253196D-13
     4545.9510000000    1.4774540648125D-13
     4547.9480000000    1.5047317274272D-13
     4549.9440000000    1.5571858213236D-13
     4551.9400000000    1.5510440604792D-13
     4553.9370000000    1.6397821380437D-13
     4555.9330000000    1.6472535567067D-13
     4557.9290000000    1.6851739444385D-13
     4559.9260000000    1.7500548208606D-13
     4561.9220000000    1.7432182224814D-13
     4563.9180000000    1.8463438092710D-13
     4565.9150000000    1.8523331853150D-13
     4567.9110000000    1.8849660473938D-13
     4569.9080000000    1.9364049257474D-13
     4571.9040000000    1.9289105775431D-13
     4573.9000000000    2.0174284366022D-13
     4575.8970000000    2.0186916741086D-13
     4577.8930000000    2.0433783673434D-13
     4579.8890000000    2.0794426128300D-13
     4581.8860000000    2.0714776467880D-13
     4583.8820000000    2.1119777660338D-13
     4585.8780000000    2.1073071519342D-13
     4587.8750000000    2.1064334298925D-13
     4589.8710000000    2.1073192819050D-13
     4591.8670000000    2.0993307929556D-13
     4593.8640000000    2.1450537659658D-13
     4595.8600000000    2.1395414672635D-13
     4597.8570000000    2.1338971552563D-13
     4599.8530000000    2.1286348087888D-13
     4601.8490000000    2.1207122433957D-13
     4603.8460000000    2.1561776544179D-13
     4605.8420000000    2.1492838034735D-13
     4607.8380000000    2.1426702871606D-13
     4609.8350000000    2.1361824514165D-13
     4611.8310000000    2.1283230390295D-13
     4613.8270000000    2.1718877717660D-13
     4615.8240000000    2.1641690927756D-13
     4617.8200000000    2.1410585496924D-13
     4619.8170000000    2.1184587233578D-13
     4621.8130000000    2.1111379630518D-13
     4623.8090000000    2.1269773985896D-13
     4625.8060000000    2.1192883775489D-13
     4627.8020000000    2.1367272019135D-13
     4629.7980000000    2.1515854804593D-13
     4631.7950000000    2.1460997640304D-13
     4633.7910000000    2.1985295682502D-13
     4635.7870000000    2.1906711305669D-13
     4637.7840000000    2.1836867692739D-13
     4639.7800000000    2.1766108644570D-13
     4641.7760000000    2.1696907963686D-13
     4643.7730000000    2.1755177328695D-13
     4645.7690000000    2.1678408009362D-13
     4647.7660000000    2.1345448059461D-13
     4649.7620000000    2.1073942873577D-13
     4651.7580000000    2.0964144114419D-13
     4653.7550000000    2.0449066071725D-13
     4655.7510000000    2.0377744777786D-13
     4657.7470000000    1.9852044417097D-13
     4659.7440000000    1.9461344303243D-13
     4661.7400000000    1.9296866800274D-13
     4663.7360000000    1.8303906827574D-13
     4665.7330000000    1.8240802177370D-13
     4667.7290000000    1.7453789854101D-13
     4669.7260000000    1.6920943029528D-13
     4671.7220000000    1.6762459130762D-13
     4673.7180000000    1.5923764129534D-13
     4675.7150000000    1.5869490947884D-13
     4677.7110000000    1.5345236297222D-13
     4679.7070000000    1.5009943082035D-13
     4681.7040000000    1.4871984107634D-13
     4683.7000000000    1.4254251204137D-13
     4685.6960000000    1.4206274121962D-13
     4687.6930000000    1.3556296545952D-13
     4689.6890000000    1.3176507315126D-13
     4691.6850000000    1.2958765106591D-13
     4693.6820000000    1.1946641841953D-13
     4695.6780000000    1.1906939405077D-13
     4697.6750000000    1.1757077984973D-13
     4699.6710000000    1.1661788321534D-13
     4701.6670000000    1.1551433609936D-13
     4703.6640000000    1.1164576907982D-13
     4705.6600000000    1.1127988066139D-13
     4707.6560000000    1.0966978110763D-13
     4709.6530000000    1.0872580382621D-13
     4711.6490000000    1.0737086916914D-13
     4713.6450000000    1.0273278838555D-13
     4715.6420000000    1.0239996002388D-13
     4717.6380000000    1.0123209078274D-13
     4719.6350000000    1.0054355402219D-13
     4721.6310000000    9.9814267405007D-14
     4723.6270000000    9.7941838523480D-14
     4725.6240000000    9.7628155455613D-14
     4727.6200000000    9.7967211137671D-14
     4729.6160000000    9.7911699997519D-14
     4731.6130000000    9.8550640907917D-14
     4733.6090000000    1.0150484500332D-13
     4735.6050000000    1.0118385889774D-13
     4737.6020000000    1.0228087664900D-13
     4739.5980000000    1.0247040043654D-13
     4741.5940000000    1.0210732732651D-13
     4743.5910000000    1.0165936175442D-13
     4745.5870000000    1.0134183906599D-13
     4747.5840000000    1.0193461048693D-13
     4749.5800000000    1.0191719438962D-13
     4751.5760000000    1.0087471716115D-13
     4753.5730000000    9.8502660088245D-14
     4755.5690000000    9.8198203057216D-14
     4757.5650000000    9.6355152025533D-14
     4759.5620000000    9.5597440238246D-14
     4761.5580000000    9.5484569593269D-14
     4763.5540000000    9.5661746617796D-14
     4765.5510000000    9.5369775862132D-14
     4767.5470000000    9.5764107224559D-14
     4769.5440000000    9.5658743347869D-14
     4771.5400000000    9.6971780373728D-14
     4773.5360000000    1.0050627689181D-13
     4775.5330000000    1.0020364092737D-13
     4777.5290000000    1.0044268392738D-13
     4779.5250000000    1.0027388199379D-13
     4781.5220000000    1.0069140070795D-13
     4783.5180000000    1.0197223460111D-13
     4785.5140000000    1.0166867814337D-13
     4787.5110000000    1.0711828788490D-13
     4789.5070000000    1.0806333158310D-13
     4791.5030000000    1.0952701214911D-13
     4793.5000000000    1.1284792586259D-13
     4795.4960000000    1.1251129135701D-13
     4797.4930000000    1.1717046171880D-13
     4799.4890000000    1.1779874986255D-13
     4801.4850000000    1.2057766174159D-13
     4803.4820000000    1.2616200882375D-13
     4805.4780000000    1.2578975571016D-13
     4807.4740000000    1.3239621180782D-13
     4809.4710000000    1.3321252482148D-13
     4811.4670000000    1.3604378448872D-13
     4813.4630000000    1.4135125332253D-13
     4815.4600000000    1.4093790724876D-13
     4817.4560000000    1.4795862282545D-13
     4819.4530000000    1.4865266346507D-13
     4821.4490000000    1.5188557258034D-13
     4823.4450000000    1.5750712746197D-13
     4825.4420000000    1.5705121005894D-13
     4827.4380000000    1.6445087644422D-13
     4829.4340000000    1.6500539996009D-13
     4831.4310000000    1.6678322014599D-13
     4833.4270000000    1.6979253545654D-13
     4835.4230000000    1.6930539582032D-13
     4837.4200000000    1.6756810389481D-13
     4839.4160000000    1.6695024056571D-13
     4841.4120000000    1.6392337287111D-13
     4843.4090000000    1.5975057408702D-13
     4845.4050000000    1.5929641752891D-13
     4847.4020000000    1.4877622252590D-13
     4849.3980000000    1.4741600226586D-13
     4851.3940000000    1.4605808753649D-13
     4853.3910000000    1.4436070623094D-13
     4855.3870000000    1.4395500892992D-13
     4857.3830000000    1.3999273458372D-13
     4859.3800000000    1.3933067261353D-13
     4861.3760000000    1.3817311262530D-13
     4863.3720000000    1.3680073630595D-13
     4865.3690000000    1.3641905852565D-13
     4867.3650000000    1.3250149886904D-13
     4869.3620000000    1.3192362170987D-13
     4871.3580000000    1.3293077553420D-13
     4873.3540000000    1.3422851589392D-13
     4875.3510000000    1.3385802516648D-13
     4877.3470000000    1.3325380958849D-13
     4879.3430000000    1.3287678672063D-13
     4881.3400000000    1.3425941982623D-13
     4883.3360000000    1.3589591760175D-13
     4885.3320000000    1.3552399942769D-13
     4887.3290000000    1.4218030115798D-13
     4889.3250000000    1.4199409263403D-13
     4891.3210000000    1.4494094490674D-13
     4893.3180000000    1.4816287035214D-13
     4895.3140000000    1.4777055178713D-13
     4897.3110000000    1.5919788937323D-13
     4899.3070000000    1.5894835762876D-13
     4901.3030000000    1.6147845347823D-13
     4903.3000000000    1.6408399688644D-13
     4905.2960000000    1.6365553114432D-13
     4907.2920000000    1.7482937654144D-13
     4909.2890000000    1.7438454730256D-13
     4911.2850000000    1.7991423124718D-13
     4913.2810000000    1.8527984480564D-13
     4915.2780000000    1.8487520097650D-13
     4917.2740000000    1.9019371410568D-13
     4919.2710000000    1.8970725920723D-13
     4921.2670000000    1.9540234482831D-13
     4923.2630000000    2.0062579497522D-13
     4925.2600000000    2.0036431171732D-13
     4927.2560000000    2.0950947898365D-13
     4929.2520000000    2.0898008309081D-13
     4931.2490000000    2.1393065720112D-13
     4933.2450000000    2.1821336649425D-13
     4935.2410000000    2.1797216188070D-13
     4937.2380000000    2.2524805484967D-13
     4939.2340000000    2.2468757998536D-13
     4941.2300000000    2.2775566389129D-13
     4943.2270000000    2.3022895667713D-13
     4945.2230000000    2.3001226196450D-13
     4947.2200000000    2.3615810147056D-13
     4949.2160000000    2.3557887651897D-13
     4951.2120000000    2.3550791861835D-13
     4953.2090000000    2.3533656181959D-13
     4955.2050000000    2.3478739478043D-13
     4957.2010000000    2.3456975040618D-13
     4959.1980000000    2.3400287529942D-13
     4961.1940000000    2.3145188680900D-13
     4963.1900000000    2.2938230670543D-13
     4965.1870000000    2.2866194690038D-13
     4967.1830000000    2.2594226753663D-13
     4969.1800000000    2.2540443431272D-13
     4971.1760000000    2.2182195227588D-13
     4973.1720000000    2.1908128701780D-13
     4975.1690000000    2.1789465832948D-13
     4977.1650000000    2.1010154320257D-13
     4979.1610000000    2.0960851605457D-13
     4981.1580000000    2.0182506852477D-13
     4983.1540000000    1.9628614814874D-13
     4985.1500000000    1.9488901684117D-13
     4987.1470000000    1.8547380827372D-13
     4989.1430000000    1.8504495652769D-13
     4991.1390000000    1.7511325154537D-13
     4993.1360000000    1.6838997748392D-13
     4995.1320000000    1.6733638683058D-13
     4997.1290000000    1.6134021901208D-13
     4999.1250000000    1.6096465265066D-13
     5001.1210000000    1.5659107944635D-13
     5003.1180000000    1.5367961038429D-13
     5005.1140000000    1.5247946329577D-13
     5007.1100000000    1.4566309390429D-13
     5009.1070000000    1.4532791195237D-13
     5011.1030000000    1.4320466223803D-13
     5013.0990000000    1.4178417939030D-13
     5015.0960000000    1.4073849968237D-13
     5017.0920000000    1.3538510010491D-13
     5019.0890000000    1.3507626404345D-13
     5021.0850000000    1.3417531055927D-13
     5023.0810000000    1.3352207235288D-13
     5025.0780000000    1.3307767819003D-13
     5027.0740000000    1.3185977620959D-13
     5029.0700000000    1.3156283341755D-13
     5031.0670000000    1.3017302505800D-13
     5033.0630000000    1.2926495939011D-13
     5035.0590000000    1.2888668417359D-13
     5037.0560000000    1.2806686463635D-13
     5039.0520000000    1.2778189820089D-13
     5041.0480000000    1.2673418153728D-13
     5043.0450000000    1.2603852785867D-13
     5045.0410000000    1.2557327299483D-13
     5047.0380000000    1.2426262401378D-13
     5049.0340000000    1.2398873588592D-13
     5051.0300000000    1.2175675970385D-13
     5053.0270000000    1.2046517678838D-13
     5055.0230000000    1.1966209941490D-13
     5057.0190000000    1.1658098437905D-13
     5059.0160000000    1.1632666926434D-13
     5061.0120000000    1.1679815062944D-13
     5063.0080000000    1.1690919449133D-13
     5065.0050000000    1.1619158270321D-13
     5067.0010000000    1.1364919880837D-13
     5068.9980000000    1.1340400811260D-13
     5070.9940000000    1.1416466075999D-13
     5072.9900000000    1.1440854650825D-13
     5074.9870000000    1.1435943863907D-13
     5076.9830000000    1.1503285598488D-13
     5078.9790000000    1.1478772864927D-13
     5080.9760000000    1.1661795639116D-13
     5082.9720000000    1.1734783854321D-13
     5084.9680000000    1.1655379319257D-13
     5086.9650000000    1.1387531446823D-13
     5088.9610000000    1.1363507344534D-13
     5090.9570000000    1.1135011130335D-13
     5092.9540000000    1.1018309258812D-13
     5094.9500000000    1.0986261773219D-13
     5096.9470000000    1.0924972981589D-13
     5098.9430000000    1.0902162811858D-13
     5100.9390000000    1.0962338596654D-13
     5102.9360000000    1.0976209679077D-13
     5104.9320000000    1.0961711779998D-13
     5106.9280000000    1.0972910669868D-13
     5108.9250000000    1.0950254399511D-13
     5110.9210000000    1.1051852661037D-13
     5112.9170000000    1.1082545734438D-13
     5114.9140000000    1.1133141303099D-13
     5116.9100000000    1.1399572732672D-13
     5118.9070000000    1.1376321106860D-13
     5120.9030000000    1.1338044643706D-13
     5122.8990000000    1.1308736403335D-13
     5124.8960000000    1.1240352907325D-13
     5126.8920000000    1.1044160239865D-13
     5128.8880000000    1.1021924370772D-13
     5130.8850000000    1.1041222332345D-13
     5132.8810000000    1.1035905797136D-13
     5134.8770000000    1.1072612694724D-13
     5136.8740000000    1.1267766632158D-13
     5138.8700000000    1.1245289996620D-13
     5140.8660000000    1.0922716860273D-13
     5142.8630000000    1.0781578572393D-13
     5144.8590000000    1.0809878457094D-13
     5146.8560000000    1.0967059155659D-13
     5148.8520000000    1.0945450506758D-13
     5150.8480000000    1.0959848690901D-13
     5152.8450000000    1.0952320365031D-13
     5154.8410000000    1.0981596907448D-13
     5156.8370000000    1.1137799896512D-13
     5158.8340000000    1.1116144657760D-13
     5160.8300000000    1.1192363804599D-13
     5162.8260000000    1.1208014969563D-13
     5164.8230000000    1.1212417300114D-13
     5166.8190000000    1.1280446971134D-13
     5168.8160000000    1.1258705048636D-13
     5170.8120000000    1.1444672504687D-13
     5172.8080000000    1.1500533830172D-13
     5174.8050000000    1.1618714804366D-13
     5176.8010000000    1.2068185313758D-13
     5178.7970000000    1.2045308350605D-13
     5180.7940000000    1.2163889553526D-13
     5182.7900000000    1.2193067306300D-13
     5184.7860000000    1.2284471291985D-13
     5186.7830000000    1.2639908135871D-13
     5188.7790000000    1.2616109327951D-13
     5190.7750000000    1.2872831902059D-13
     5192.7720000000    1.2950661784789D-13
     5194.7680000000    1.2993944882637D-13
     5196.7650000000    1.3189194445857D-13
     5198.7610000000    1.3165014168056D-13
     5200.7570000000    1.2946899891925D-13
     5202.7540000000    1.2853563854719D-13
     5204.7500000000    1.3094362045173D-13
     5206.7460000000    1.3923061382998D-13
     5208.7430000000    1.3897820347710D-13
     5210.7390000000    1.4225218013317D-13
     5212.7350000000    1.4325063406903D-13
     5214.7320000000    1.4448721121368D-13
     5216.7280000000    1.4900570972060D-13
     5218.7250000000    1.4873917787699D-13
     5220.7210000000    1.5200641084191D-13
     5222.7170000000    1.5298357055622D-13
     5224.7140000000    1.5397110431853D-13
     5226.7100000000    1.5769692398971D-13
     5228.7060000000    1.5741894480851D-13
     5230.7030000000    1.6411363983571D-13
     5232.6990000000    1.6627762399503D-13
     5234.6950000000    1.6671392155221D-13
     5236.6920000000    1.6872463107788D-13
     5238.6880000000    1.6843099526106D-13
     5240.6840000000    1.7012475204691D-13
     5242.6810000000    1.7052623369364D-13
     5244.6770000000    1.7122140155835D-13
     5246.6740000000    1.7405429726079D-13
     5248.6700000000    1.7375534496363D-13
     5250.6660000000    1.7800298880430D-13
     5252.6630000000    1.7929314109466D-13
     5254.6590000000    1.7926004437773D-13
     5256.6550000000    1.7981808199759D-13
     5258.6520000000    1.7951340807427D-13
     5260.6480000000    1.8152966471711D-13
     5262.6440000000    1.8203852702571D-13
     5264.6410000000    1.8230203650696D-13
     5266.6370000000    1.8380665797838D-13
     5268.6340000000    1.8349941673787D-13
     5270.6300000000    1.8577525935477D-13
     5272.6260000000    1.8637875700801D-13
     5274.6230000000    1.8766978027975D-13
     5276.6190000000    1.9247432552032D-13
     5278.6150000000    1.9215696323566D-13
     5280.6120000000    1.9389558420404D-13
     5282.6080000000    1.9430855563800D-13
     5284.6040000000    1.9531287427831D-13
     5286.6010000000    1.9925884645856D-13
     5288.5970000000    1.9893446739726D-13
     5290.5930000000    2.0224802481063D-13
     5292.5900000000    2.0322737533740D-13
     5294.5860000000    2.0508924861067D-13
     5296.5830000000    2.1190946361371D-13
     5298.5790000000    2.1156952023468D-13
     5300.5750000000    2.1777336473825D-13
     5302.5720000000    2.1980660062687D-13
     5304.5680000000    2.1856890946733D-13
     5306.5640000000    2.1527870233043D-13
     5308.5610000000    2.1493831174309D-13
     5310.5570000000    2.1562359380915D-13
     5312.5530000000    2.1566233098249D-13
     5314.5500000000    2.1572441586183D-13
     5316.5460000000    2.1673720328867D-13
     5318.5430000000    2.1639882248285D-13
     5320.5390000000    2.1555613867460D-13
     5322.5350000000    2.1503151097646D-13
     5324.5320000000    2.1440488601017D-13
     5326.5280000000    2.1306192233392D-13
     5328.5240000000    2.1273417252868D-13
     5330.5210000000    2.1003279209695D-13
     5332.5170000000    2.0880122504238D-13
     5334.5130000000    2.0784780097056D-13
     5336.5100000000    2.0528817842604D-13
     5338.5060000000    2.0497710062793D-13
     5340.5020000000    2.0022338881630D-13
     5342.4990000000    1.9818149691069D-13
     5344.4950000000    1.9758440215470D-13
     5346.4920000000    1.9620210817745D-13
     5348.4880000000    1.9590932430492D-13
     5350.4840000000    1.9243353053882D-13
     5352.4810000000    1.9086959098497D-13
     5354.4770000000    1.9041638907317D-13
     5356.4730000000    1.8949579267665D-13
     5358.4700000000    1.8921698644123D-13
     5360.4660000000    1.8781207457994D-13
     5362.4620000000    1.8707306202211D-13
     5364.4590000000    1.8726927563048D-13
     5366.4550000000    1.8881154285642D-13
     5368.4520000000    1.8853821727126D-13
     5370.4480000000    1.8934310083749D-13
     5372.4440000000    1.8952703611375D-13
     5374.4410000000    1.8972811598210D-13
     5376.4370000000    1.9136219995413D-13
     5378.4330000000    1.9108966763579D-13
     5380.4300000000    1.9511264875751D-13
     5382.4260000000    1.9671427950885D-13
     5384.4220000000    1.9714036131814D-13
     5386.4190000000    1.9982015444914D-13
     5388.4150000000    1.9953875854938D-13
     5390.4110000000    2.0274667117244D-13
     5392.4080000000    2.0404036090335D-13
     5394.4040000000    2.0480329598786D-13
     5396.4010000000    2.0914755080992D-13
     5398.3970000000    2.0885401613493D-13
     5400.3930000000    2.1550980137416D-13
     5402.3900000000    2.1846206664502D-13
     5404.3860000000    2.1936360092528D-13
     5406.3820000000    2.2466459856880D-13
     5408.3790000000    2.2435322781577D-13
     5410.3750000000    2.3123077301144D-13
     5412.3710000000    2.3440450767218D-13
     5414.3680000000    2.3571700369889D-13
     5416.3640000000    2.4345108298853D-13
     5418.3610000000    2.4311883693879D-13
     5420.3570000000    2.5207189830950D-13
     5422.3530000000    2.5642103349247D-13
     5424.3500000000    2.5821860581543D-13
     5426.3460000000    2.6915845668820D-13
     5428.3420000000    2.6879613296793D-13
     5430.3390000000    2.7700350621798D-13
     5432.3350000000    2.8114426330585D-13
     5434.3310000000    2.8259615009786D-13
     5436.3280000000    2.9255939764962D-13
     5438.3240000000    2.9217169943358D-13
     5440.3200000000    2.9901743639602D-13
     5442.3170000000    3.0259856498789D-13
     5444.3130000000    3.0409972882272D-13
     5446.3100000000    3.1536323115909D-13
     5448.3060000000    3.1495091649379D-13
     5450.3020000000    3.2360500026088D-13
     5452.2990000000    3.2839645535037D-13
     5454.2950000000    3.3006922115969D-13
     5456.2910000000    3.4375652717874D-13
     5458.2880000000    3.4331464046589D-13
     5460.2840000000    3.4984661593445D-13
     5462.2800000000    3.5360058853840D-13
     5464.2770000000    3.5439333861691D-13
     5466.2730000000    3.6322236702869D-13
     5468.2700000000    3.6276228766130D-13
     5470.2660000000    3.7073725625287D-13
     5472.2620000000    3.7560606316073D-13
     5474.2590000000    3.7570966657648D-13
     5476.2550000000    3.8007426881905D-13
     5478.2510000000    3.7960033044435D-13
     5480.2480000000    3.8183094518383D-13
     5482.2440000000    3.8315584910503D-13
     5484.2400000000    3.8351728507981D-13
     5486.2370000000    3.9109070254042D-13
     5488.2330000000    3.9061131674338D-13
     5490.2290000000    3.9384305184813D-13
     5492.2260000000    3.9596457443726D-13
     5494.2220000000    3.9626092143218D-13
     5496.2190000000    4.0459098030722D-13
     5498.2150000000    4.0410301308669D-13
     5500.2110000000    4.0610984820014D-13
     5502.2080000000    4.0746871614848D-13
     5504.2040000000    4.0729363091923D-13
     5506.2000000000    4.1111321668902D-13
     5508.1970000000    4.1062516655379D-13
     5510.1930000000    4.1280114476963D-13
     5512.1890000000    4.1440017292678D-13
     5514.1860000000    4.1412825908116D-13
     5516.1820000000    4.1745408733347D-13
     5518.1790000000    4.1696752694342D-13
     5520.1750000000    4.1900747587481D-13
     5522.1710000000    4.2061973876329D-13
     5524.1680000000    4.1984957236165D-13
     5526.1640000000    4.1226058233363D-13
     5528.1600000000    4.1178823930589D-13
     5530.1570000000    4.1464835029927D-13
     5532.1530000000    4.1711536404187D-13
     5534.1490000000    4.1658284184441D-13
     5536.1460000000    4.1357748017844D-13
     5538.1420000000    4.1311224433568D-13
     5540.1380000000    4.1258309286309D-13
     5542.1350000000    4.1205911076646D-13
     5544.1310000000    4.1159081153674D-13
     5546.1280000000    4.0965678173153D-13
     5548.1240000000    4.0920566499189D-13
     5550.1200000000    4.1043561759279D-13
     5552.1170000000    4.1167120389242D-13
     5554.1130000000    4.1122247000804D-13
     5556.1090000000    4.1009156619016D-13
     5558.1060000000    4.0964165992766D-13
     5560.1020000000    4.0672197408989D-13
     5562.0980000000    4.0362596728984D-13
     5564.0950000000    4.0319534277836D-13
     5566.0910000000    4.0453983255284D-13
     5568.0880000000    4.0415979635839D-13
     5570.0840000000    4.0423125631551D-13
     5572.0800000000    4.0437912951755D-13
     5574.0770000000    4.0395634722772D-13
     5576.0730000000    3.9792518809760D-13
     5578.0690000000    3.9725284813909D-13
     5580.0660000000    3.9658394720363D-13
     5582.0620000000    3.9585626676871D-13
     5584.0580000000    3.9545133580653D-13
     5586.0550000000    3.9209262212787D-13
     5588.0510000000    3.9149739162903D-13
     5590.0470000000    3.8975177461880D-13
     5592.0440000000    3.8755550529358D-13
     5594.0400000000    3.8717349035456D-13
     5596.0370000000    3.8632716986108D-13
     5598.0330000000    3.8590868452727D-13
     5600.0290000000    3.8458720416246D-13
     5602.0260000000    3.8284435055574D-13
     5604.0220000000    3.8247629285471D-13
     5606.0180000000    3.7760079710989D-13
     5608.0150000000    3.7673206281220D-13
     5610.0110000000    3.7359844781303D-13
     5612.0070000000    3.6887682052951D-13
     5614.0040000000    3.6853161511476D-13
     5616.0000000000    3.6611393607124D-13
     5617.9970000000    3.6548681045270D-13
     5619.9930000000    3.6316717963404D-13
     5621.9890000000    3.5942814194480D-13
     5623.9860000000    3.5910062480275D-13
     5625.9820000000    3.5668918995579D-13
     5627.9780000000    3.5602059179122D-13
     5629.9750000000    3.5173760954194D-13
     5631.9710000000    3.4395037378588D-13
     5633.9670000000    3.4364604422675D-13
     5635.9640000000    3.3903006262058D-13
     5637.9600000000    3.3788456322864D-13
     5639.9560000000    3.3574217926171D-13
     5641.9530000000    3.3160461034755D-13
     5643.9490000000    3.3131967857949D-13
     5645.9460000000    3.2492508100186D-13
     5647.9420000000    3.2324608839407D-13
     5649.9380000000    3.2051594065200D-13
     5651.9350000000    3.1456585391797D-13
     5653.9310000000    3.1430346978181D-13
     5655.9270000000    3.0752538569844D-13
     5657.9240000000    3.0554282816003D-13
     5659.9200000000    3.0292489823063D-13
     5661.9160000000    2.9654642387283D-13
     5663.9130000000    2.9630696334875D-13
     5665.9090000000    2.8890062860079D-13
     5667.9060000000    2.8648917252394D-13
     5669.9020000000    2.8428392228795D-13
     5671.8980000000    2.7826905451530D-13
     5673.8950000000    2.7805139880542D-13
     5675.8910000000    2.7256219654386D-13
     5677.8870000000    2.7052261380034D-13
     5679.8840000000    2.6909942234854D-13
     5681.8800000000    2.6482342335460D-13
     5683.8760000000    2.6462408392465D-13
     5685.8730000000    2.6241762657753D-13
     5687.8690000000    2.6143155634300D-13
     5689.8650000000    2.6064814649332D-13
     5691.8620000000    2.5816128395028D-13
     5693.8580000000    2.5797349812295D-13
     5695.8550000000    2.5485457389775D-13
     5697.8510000000    2.5336449198286D-13
     5699.8470000000    2.5319363531125D-13
     5701.8440000000    2.5305440227321D-13
     5703.8400000000    2.5287758326085D-13
     5705.8360000000    2.5269513933856D-13
     5707.8330000000    2.5251764412601D-13
     5709.8290000000    2.5281116174648D-13
     5711.8250000000    2.5523783570322D-13
     5713.8220000000    2.5506619163739D-13
     5715.8180000000    2.5411314020827D-13
     5717.8150000000    2.5350157024614D-13
     5719.8110000000    2.5330047940199D-13
     5721.8070000000    2.5289009660302D-13
     5723.8040000000    2.5272795626532D-13
     5725.8000000000    2.5437428185444D-13
     5727.7960000000    2.5536616613122D-13
     5729.7930000000    2.5518049400117D-13
     5731.7890000000    2.5477809391178D-13
     5733.7850000000    2.5462140366489D-13
     5735.7820000000    2.5609337787466D-13
     5737.7780000000    2.5710671290310D-13
     5739.7740000000    2.5713147924899D-13
     5741.7710000000    2.5943456883614D-13
     5743.7670000000    2.5928307418524D-13
     5745.7640000000    2.6002235937565D-13
     5747.7600000000    2.6059269425642D-13
     5749.7560000000    2.6065198310233D-13
     5751.7530000000    2.6574618617226D-13
     5753.7490000000    2.6559815011828D-13
     5755.7450000000    2.6531066826994D-13
     5757.7420000000    2.6503748764842D-13
     5759.7380000000    2.6493569684635D-13
     5761.7340000000    2.7003514553884D-13
     5763.7310000000    2.6989297527511D-13
     5765.7270000000    2.7151226387389D-13
     5767.7240000000    2.7318613948760D-13
     5769.7200000000    2.7304699450460D-13
     5771.7160000000    2.7333705574027D-13
     5773.7130000000    2.7321187255309D-13
     5775.7090000000    2.7120744670432D-13
     5777.7050000000    2.6889201798490D-13
     5779.7020000000    2.6876324784344D-13
     5781.6980000000    2.7379130063181D-13
     5783.6940000000    2.7396232109066D-13
     5785.6910000000    2.8112545809478D-13
     5787.6870000000    2.9069251610794D-13
     5789.6830000000    2.9056262725839D-13
     5791.6800000000    2.9149155654079D-13
     5793.6760000000    2.9146138555387D-13
     5795.6730000000    2.9176372060140D-13
     5797.6690000000    2.9229363952767D-13
     5799.6650000000    2.9216733234173D-13
     5801.6620000000    3.0228763789605D-13
     5803.6580000000    3.0356116699636D-13
     5805.6540000000    3.0421027127534D-13
     5807.6510000000    3.0544536241443D-13
     5809.6470000000    3.0532242546458D-13
     5811.6430000000    3.0829202286620D-13
     5813.6400000000    3.0873425533535D-13
     5815.6360000000    3.0944134062030D-13
     5817.6330000000    3.1101007373982D-13
     5819.6290000000    3.1089318864642D-13
     5821.6250000000    3.1102589237627D-13
     5823.6220000000    3.1097057481654D-13
     5825.6180000000    3.1141873078320D-13
     5827.6140000000    3.1265398249997D-13
     5829.6110000000    3.1254556409844D-13
     5831.6070000000    3.1183639213534D-13
     5833.6030000000    3.1155809777716D-13
     5835.6000000000    3.1081815050553D-13
     5837.5960000000    3.0888638538269D-13
     5839.5920000000    3.0878783002571D-13
     5841.5890000000    3.0657305050115D-13
     5843.5850000000    3.0573447181862D-13
     5845.5820000000    3.0538391236091D-13
     5847.5780000000    3.0438577722243D-13
     5849.5740000000    3.0429737910524D-13
     5851.5710000000    3.0288788473037D-13
     5853.5670000000    3.0224444975637D-13
     5855.5630000000    3.0144701116132D-13
     5857.5600000000    2.9820246722616D-13
     5859.5560000000    2.9812466920266D-13
     5861.5520000000    2.9821504903310D-13
     5863.5490000000    2.9822379652936D-13
     5865.5450000000    2.9732218731564D-13
     5867.5420000000    2.9241584001186D-13
     5869.5380000000    2.9234718116062D-13
     5871.5340000000    2.9120073025468D-13
     5873.5310000000    2.9049406713422D-13
     5875.5270000000    2.8880870423894D-13
     5877.5230000000    2.7528525562090D-13
     5879.5200000000    2.7522837143966D-13
     5881.5160000000    2.6789622797839D-13
     5883.5120000000    2.6274277728821D-13
     5885.5090000000    2.5755123239785D-13
     5887.5050000000    1.8703695198711D-13
     5889.5010000000    1.8700334015065D-13
     5891.4980000000    1.8862914022678D-13
     5893.4940000000    1.8996532661241D-13
     5895.4910000000    1.9092949474280D-13
     5897.4870000000    2.2586586703719D-13
     5899.4830000000    2.2583104196622D-13
     5901.4800000000    2.4718296398523D-13
     5903.4760000000    2.6792114267627D-13
     5905.4720000000    2.6788411408941D-13
     5907.4690000000    2.6844963757702D-13
     5909.4650000000    2.6842397061439D-13
     5911.4610000000    2.6590867694011D-13
     5913.4580000000    2.6303055037162D-13
     5915.4540000000    2.6300176647115D-13
     5917.4510000000    2.6445585624801D-13
     5919.4470000000    2.6451616410124D-13
     5921.4430000000    2.6301541682291D-13
     5923.4400000000    2.6098252855175D-13
     5925.4360000000    2.6096068481784D-13
     5927.4320000000    2.5923719693968D-13
     5929.4290000000    2.5903326422893D-13
     5931.4250000000    2.5754403005907D-13
     5933.4210000000    2.5513108562175D-13
     5935.4180000000    2.5511678974379D-13
     5937.4140000000    2.5191126546982D-13
     5939.4100000000    2.5137385078686D-13
     5941.4070000000    2.5088032400030D-13
     5943.4030000000    2.4991876251654D-13
     5945.4000000000    2.4991163780644D-13
     5947.3960000000    2.4576945343317D-13
     5949.3920000000    2.4482165090613D-13
     5951.3890000000    2.4436983755220D-13
     5953.3850000000    2.4328053406347D-13
     5955.3810000000    2.4327985506820D-13
     5957.3780000000    2.3946543062095D-13
     5959.3740000000    2.3832238439181D-13
     5961.3700000000    2.3664386656385D-13
     5963.3670000000    2.3150419363372D-13
     5965.3630000000    2.3150922134839D-13
     5967.3600000000    2.2944939586784D-13
     5969.3560000000    2.2866647338592D-13
     5971.3520000000    2.2766793418558D-13
     5973.3490000000    2.2365158789557D-13
     5975.3450000000    2.2366255577760D-13
     5977.3410000000    2.2270419163262D-13
     5979.3380000000    2.2225377520403D-13
     5981.3340000000    2.2178017360962D-13
     5983.3300000000    2.1909630221228D-13
     5985.3270000000    2.1911214045261D-13
     5987.3230000000    2.1614317107448D-13
     5989.3190000000    2.1440054354738D-13
     5991.3160000000    2.1395259349484D-13
     5993.3120000000    2.0998354519797D-13
     5995.3090000000    2.0999524139073D-13
     5997.3050000000    2.1073932217487D-13
     5999.3010000000    2.1128067608802D-13
     6001.2980000000    2.1130229738370D-13
     6003.2940000000    2.1143682570666D-13
     6005.2900000000    2.1145300880001D-13
     6007.2870000000    2.1296632048046D-13
     6009.2830000000    2.1430347155666D-13
     6011.2790000000    2.1431945894143D-13
     6013.2760000000    2.1387292288569D-13
     6015.2720000000    2.1389396179647D-13
     6017.2690000000    2.1584799442896D-13
     6019.2650000000    2.1795159360859D-13
     6021.2610000000    2.1797595809373D-13
     6023.2580000000    2.1953071361183D-13
     6025.2540000000    2.1962720907381D-13
     6027.2500000000    2.1915427854616D-13
     6029.2470000000    2.1852081556301D-13
     6031.2430000000    2.1855004617387D-13
     6033.2390000000    2.1989948736024D-13
     6035.2360000000    2.2006933513927D-13
     6037.2320000000    2.1948954815865D-13
     6039.2280000000    2.1851972851038D-13
     6041.2250000000    2.1855353667055D-13
     6043.2210000000    2.1902752247444D-13
     6045.2180000000    2.1913896210104D-13
     6047.2140000000    2.1895865038221D-13
     6049.2100000000    2.1854906052543D-13
     6051.2070000000    2.1858745856538D-13
     6053.2030000000    2.1863592174301D-13
     6055.1990000000    2.1867849431599D-13
     6057.1960000000    2.1745891773314D-13
     6059.1920000000    2.1414371289946D-13
     6061.1880000000    2.1418571926778D-13
     6063.1850000000    2.1288290169591D-13
     6065.1810000000    2.1246778652782D-13
     6067.1780000000    2.1173050534545D-13
     6069.1740000000    2.0898499269803D-13
     6071.1700000000    2.0903044309670D-13
     6073.1670000000    2.0760937296817D-13
     6075.1630000000    2.0700090369123D-13
     6077.1590000000    2.0674262278257D-13
     6079.1560000000    2.0523039415171D-13
     6081.1520000000    2.0527894317879D-13
     6083.1480000000    2.0375580857650D-13
     6085.1450000000    2.0290547446836D-13
     6087.1410000000    2.0252932459408D-13
     6089.1370000000    1.9904643098121D-13
     6091.1340000000    1.9909788560715D-13
     6093.1300000000    1.9996623837820D-13
     6095.1270000000    2.0061185499476D-13
     6097.1230000000    2.0072183667117D-13
     6099.1190000000    2.0180842991115D-13
     6101.1160000000    2.0186477069514D-13
     6103.1120000000    2.0124635969259D-13
     6105.1080000000    2.0068547262903D-13
     6107.1050000000    2.0074389205499D-13
     6109.1010000000    1.9687101478197D-13
     6111.0970000000    1.9690305843785D-13
     6113.0940000000    1.9492049574482D-13
     6115.0900000000    1.9261925596153D-13
     6117.0870000000    1.9267962922209D-13
     6119.0830000000    1.8865645295861D-13
     6121.0790000000    1.8843078146459D-13
     6123.0760000000    1.8564170422394D-13
     6125.0720000000    1.8151124019670D-13
     6127.0680000000    1.8157180161937D-13
     6129.0650000000    1.7778800131851D-13
     6131.0610000000    1.7729894186065D-13
     6133.0570000000    1.7594536391602D-13
     6135.0540000000    1.7331713475655D-13
     6137.0500000000    1.7337867861903D-13
     6139.0460000000    1.6628576299217D-13
     6141.0430000000    1.6471704269148D-13
     6143.0390000000    1.6311621108669D-13
     6145.0360000000    1.5898888905797D-13
     6147.0320000000    1.5904836469279D-13
     6149.0280000000    1.5485636018049D-13
     6151.0250000000    1.5352206172214D-13
     6153.0210000000    1.5170340096088D-13
     6155.0170000000    1.4518919499205D-13
     6157.0140000000    1.4524626988294D-13
     6159.0100000000    1.4300031900422D-13
     6161.0060000000    1.4202748694474D-13
     6163.0030000000    1.4094306404316D-13
     6164.9990000000    1.3498369003795D-13
     6166.9960000000    1.3503989181887D-13
     6168.9920000000    1.3579548574639D-13
     6170.9880000000    1.3626759557965D-13
     6172.9850000000    1.3655269070095D-13
     6174.9810000000    1.3874577456814D-13
     6176.9770000000    1.3880667962722D-13
     6178.9740000000    1.3799012881050D-13
     6180.9700000000    1.3737274887494D-13
     6182.9660000000    1.3742004110446D-13
     6184.9630000000    1.3703518347447D-13
     6186.9590000000    1.3709783701142D-13
     6188.9550000000    1.3806715855289D-13
     6190.9520000000    1.3904188101596D-13
     6192.9480000000    1.3911384388241D-13
     6194.9450000000    1.4424116386995D-13
     6196.9410000000    1.4449401115058D-13
     6198.9370000000    1.4520264145384D-13
     6200.9340000000    1.4610688860476D-13
     6202.9300000000    1.4618653149861D-13
     6204.9260000000    1.4888301111350D-13
     6206.9230000000    1.4925661074136D-13
