3656.39826188014  4.161000E-15
3659.42997760245  4.486000E-15
3662.46169332476  4.709000E-15
3665.49340904707  4.901000E-15
3668.52512476938  5.004000E-15
3671.55684049169  4.906000E-15
3674.58855621401  4.610000E-15
3677.62027193632  4.502000E-15
3680.65198765863  4.681000E-15
3683.68370338094  4.323000E-15
3686.71541910325  4.173000E-15
3689.74713482556  4.203000E-15
3692.77885054787  4.086000E-15
3695.81056627018  3.932000E-15
3698.84228199249  3.781000E-15
3701.8739977148  3.653000E-15
3704.90571343711  3.273000E-15
3707.93742915942  3.426000E-15
3710.96914488174  3.422000E-15
3714.00086060405  3.379000E-15
3717.03257632636  3.192000E-15
3720.06429204867  2.965000E-15
3723.09600777098  2.931000E-15
3726.12772349329  2.860000E-15
3729.1594392156  2.712000E-15
3732.19115493791  2.606000E-15
3735.22287066022  2.555000E-15
3738.25458638253  2.487000E-15
3741.28630210484  2.465000E-15
3744.31801782716  2.540000E-15
3747.34973354947  2.430000E-15
3750.38144927178  2.433000E-15
3753.41316499409  2.347000E-15
3756.4448807164  2.232000E-15
3759.47659643871  2.264000E-15
3762.50831216102  2.224000E-15
3765.54002788333  2.108000E-15
3768.57174360564  2.057000E-15
3771.60345932795  2.042000E-15
3774.63517505026  2.035000E-15
3777.66689077257  2.163000E-15
3780.69860649489  2.188000E-15
3783.7303222172  2.125000E-15
3786.76203793951  2.160000E-15
3789.79375366182  2.284000E-15
3792.82546938413  2.451000E-15
3795.85718510644  2.521000E-15
3798.88890082875  2.653000E-15
3801.92061655106  2.720000E-15
3804.95233227337  2.787000E-15
3807.98404799568  2.994000E-15
3811.01576371799  3.003000E-15
3814.04747944031  3.040000E-15
3817.07919516262  3.304000E-15
3820.11091088493  3.303000E-15
3823.14262660724  3.452000E-15
3826.17434232955  3.524000E-15
3829.20605805186  3.745000E-15
3832.23777377417  3.933000E-15
3835.26948949648  4.123000E-15
3838.30120521879  4.392000E-15
3841.3329209411  4.624000E-15
3844.36463666341  4.746000E-15
3847.39635238572  4.864000E-15
3850.42806810804  5.139000E-15
3853.45978383035  5.330000E-15
3856.49149955266  5.466000E-15
3859.52321527497  5.624000E-15
3862.55493099728  5.949000E-15
3865.58664671959  6.197000E-15
3868.6183624419  6.315000E-15
3871.65007816421  6.474000E-15
3874.68179388652  6.632000E-15
3877.71350960883  6.742000E-15
3880.74522533114  6.769000E-15
3883.77694105346  7.020000E-15
3886.80865677577  7.019000E-15
3889.84037249808  6.885000E-15
3892.87208822039  7.273000E-15
3895.9038039427  7.285000E-15
3898.93551966501  7.321000E-15
3901.96723538732  7.308000E-15
3904.99895110963  7.419000E-15
3908.03066683194  7.501000E-15
3911.06238255425  7.407000E-15
3914.09409827656  7.293000E-15
3917.12581399888  7.492000E-15
3920.15752972119  7.592000E-15
3923.1892454435  7.576000E-15
3926.22096116581  7.598000E-15
3929.25267688812  7.599000E-15
3932.28439261043  7.557000E-15
3935.31610833274  7.610000E-15
3938.34782405505  7.532000E-15
3941.37953977736  7.587000E-15
3944.41125549967  7.400000E-15
3947.44297122198  7.456000E-15
3950.47468694429  7.463000E-15
3953.50640266661  7.274000E-15
3956.53811838892  7.158000E-15
3959.56983411123  7.134000E-15
3962.60154983354  6.873000E-15
3965.63326555585  6.656000E-15
3968.66498127816  6.419000E-15
3971.69669700047  6.196000E-15
3974.72841272278  6.026000E-15
3977.76012844509  5.889000E-15
3980.7918441674  5.755000E-15
3983.82355988971  5.593000E-15
3986.85527561203  5.371000E-15
3989.88699133434  5.148000E-15
3992.91870705665  5.046000E-15
3995.95042277896  5.012000E-15
3998.98213850127  4.956000E-15
4002.01385422358  4.901000E-15
4005.04556994589  4.741000E-15
4008.0772856682  4.525000E-15
4011.10900139051  4.419000E-15
4014.14071711282  4.403000E-15
4017.17243283513  4.386000E-15
4020.20414855744  4.298000E-15
4023.23586427976  4.250000E-15
4026.26758000207  4.378000E-15
4029.29929572438  4.471000E-15
4032.33101144669  4.395000E-15
4035.362727169  4.368000E-15
4038.39444289131  4.314000E-15
4041.42615861362  4.267000E-15
4044.45787433593  4.258000E-15
4047.48959005824  4.207000E-15
4050.52130578055  4.137000E-15
4053.55302150286  4.305000E-15
4056.58473722518  4.346000E-15
4059.61645294749  4.296000E-15
4062.6481686698  4.287000E-15
4065.67988439211  4.210000E-15
4068.71160011442  4.098000E-15
4071.74331583673  4.205000E-15
4074.77503155904  4.304000E-15
4077.80674728135  4.329000E-15
4080.83846300366  4.299000E-15
4083.87017872597  4.192000E-15
4086.90189444828  4.195000E-15
4089.93361017059  4.099000E-15
4092.96532589291  4.213000E-15
4095.99704161522  4.243000E-15
4099.02875733753  4.117000E-15
4102.06047305984  4.185000E-15
4105.09218878215  4.251000E-15
4108.12390450446  4.308000E-15
4111.15562022677  4.336000E-15
4114.18733594908  4.294000E-15
4117.21905167139  4.230000E-15
4120.2507673937  4.203000E-15
4123.28248311601  4.314000E-15
4126.31419883832  4.476000E-15
4129.34591456064  4.619000E-15
4132.37763028295  4.601000E-15
4135.40934600526  4.543000E-15
4138.44106172757  4.644000E-15
4141.47277744988  4.745000E-15
4144.50449317219  4.845000E-15
4147.5362088945  4.878000E-15
4150.56792461681  4.914000E-15
4153.59964033912  5.027000E-15
4156.63135606143  5.099000E-15
4159.66307178374  5.117000E-15
4162.69478750606  5.168000E-15
4165.72650322837  5.216000E-15
4168.75821895068  5.243000E-15
4171.78993467299  5.342000E-15
4174.8216503953  5.457000E-15
4177.85336611761  5.446000E-15
4180.88508183992  5.393000E-15
4183.91679756223  5.419000E-15
4186.94851328454  5.468000E-15
4189.98022900685  5.566000E-15
4193.01194472916  5.640000E-15
4196.04366045147  5.658000E-15
4199.07537617379  5.605000E-15
4202.1070918961  5.514000E-15
4205.13880761841  5.511000E-15
4208.17052334072  5.470000E-15
4211.20223906303  5.447000E-15
4214.23395478534  5.383000E-15
4217.26567050765  5.400000E-15
4220.29738622996  5.395000E-15
4223.32910195227  5.357000E-15
4226.36081767458  5.375000E-15
4229.39253339689  5.446000E-15
4232.42424911921  5.467000E-15
4235.45596484152  5.436000E-15
4238.48768056383  5.431000E-15
4241.51939628614  5.381000E-15
4244.55111200845  5.399000E-15
4247.58282773076  5.419000E-15
4250.61454345307  5.498000E-15
4253.64625917538  5.559000E-15
4256.67797489769  5.552000E-15
4259.70969062  5.573000E-15
4262.74140634231  5.586000E-15
4265.77312206462  5.638000E-15
4268.80483778694  5.724000E-15
4271.83655350925  5.751000E-15
4274.86826923156  5.660000E-15
4277.89998495387  5.587000E-15
4280.93170067618  5.544000E-15
4283.96341639849  5.480000E-15
4286.9951321208  5.459000E-15
4290.02684784311  5.468000E-15
4293.05856356542  5.447000E-15
4296.09027928773  5.365000E-15
4299.12199501004  5.322000E-15
4302.15371073236  5.269000E-15
4305.18542645467  5.235000E-15
4308.21714217698  5.237000E-15
4311.24885789929  5.219000E-15
4314.2805736216  5.145000E-15
4317.31228934391  5.042000E-15
4320.34400506622  4.893000E-15
4323.37572078853  4.779000E-15
4326.40743651084  4.733000E-15
4329.43915223315  4.599000E-15
4332.47086795546  4.503000E-15
4335.50258367777  4.400000E-15
4338.53429940009  4.267000E-15
4341.5660151224  4.125000E-15
4344.59773084471  3.937000E-15
4347.62944656702  3.763000E-15
4350.66116228933  3.672000E-15
4353.69287801164  3.617000E-15
4356.72459373395  3.589000E-15
4359.75630945626  3.579000E-15
4362.78802517857  3.405000E-15
4365.81974090088  3.340000E-15
4368.85145662319  3.267000E-15
4371.88317234551  3.194000E-15
4374.91488806782  3.146000E-15
4377.94660379013  3.099000E-15
4380.97831951244  3.058000E-15
4384.01003523475  3.056000E-15
4387.04175095706  3.038000E-15
4390.07346667937  2.995000E-15
4393.10518240168  2.992000E-15
4396.13689812399  2.994000E-15
4399.1686138463  2.954000E-15
4402.20032956862  2.939000E-15
4405.23204529093  2.990000E-15
4408.26376101324  3.063000E-15
4411.29547673555  3.081000E-15
4414.32719245786  3.109000E-15
4417.35890818017  3.147000E-15
4420.39062390248  3.191000E-15
4423.42233962479  3.255000E-15
4426.4540553471  3.319000E-15
4429.48577106941  3.351000E-15
4432.51748679172  3.518000E-15
4435.54920251403  3.644000E-15
4438.58091823634  3.784000E-15
4441.61263395866  3.817000E-15
4444.64434968097  3.922000E-15
4447.67606540328  4.002000E-15
4450.70778112559  4.143000E-15
4453.7394968479  4.233000E-15
4456.77121257021  4.313000E-15
4459.80292829252  4.391000E-15
4462.83464401483  4.499000E-15
4465.86635973714  4.638000E-15
4468.89807545945  4.733000E-15
4471.92979118176  4.913000E-15
4474.96150690408  5.024000E-15
4477.99322262639  5.040000E-15
4481.0249383487  5.187000E-15
4484.05665407101  5.342000E-15
4487.08836979332  5.476000E-15
4490.12008551563  5.639000E-15
4493.15180123794  5.792000E-15
4496.18351696025  6.038000E-15
4499.21523268256  6.303000E-15
4502.24694840487  6.529000E-15
4505.27866412718  6.662000E-15
4508.3103798495  6.892000E-15
4511.3420955718  7.206000E-15
4514.37381129412  7.342000E-15
4517.40552701643  7.561000E-15
4520.43724273874  7.787000E-15
4523.46895846105  8.114000E-15
4526.50067418336  8.392000E-15
4529.53238990567  8.775000E-15
4532.56410562798  9.111000E-15
4535.59582135029  9.601000E-15
4538.6275370726  9.974000E-15
4541.65925279491  1.039000E-14
4544.69096851723  1.071000E-14
4547.72268423954  1.102000E-14
4550.75439996185  1.128000E-14
4553.78611568416  1.150000E-14
4556.81783140647  1.184000E-14
4559.84954712878  1.221000E-14
4562.88126285109  1.247000E-14
4565.9129785734  1.264000E-14
4568.94469429571  1.287000E-14
4571.97641001802  1.306000E-14
4575.00812574033  1.325000E-14
4578.03984146265  1.335000E-14
4581.07155718496  1.340000E-14
4584.10327290727  1.345000E-14
4587.13498862958  1.381000E-14
4590.16670435189  1.377000E-14
4593.1984200742  1.380000E-14
4596.23013579651  1.372000E-14
4599.26185151882  1.368000E-14
4602.29356724113  1.361000E-14
4605.32528296344  1.345000E-14
4608.35699868575  1.334000E-14
4611.38871440806  1.332000E-14
4614.42043013038  1.307000E-14
4617.45214585269  1.281000E-14
4620.483861575  1.255000E-14
4623.51557729731  1.234000E-14
4626.54729301962  1.206000E-14
4629.57900874193  1.180000E-14
4632.61072446424  1.158000E-14
4635.64244018655  1.130000E-14
4638.67415590886  1.101000E-14
4641.70587163117  1.061000E-14
4644.73758735348  1.023000E-14
4647.7693030758  9.834000E-15
4650.8010187981  9.469000E-15
4653.83273452042  9.050000E-15
4656.86445024273  8.752000E-15
4659.89616596504  8.436000E-15
4662.92788168735  8.111000E-15
4665.95959740966  7.797000E-15
4668.99131313197  7.508000E-15
4672.02302885428  7.166000E-15
4675.05474457659  6.873000E-15
4678.0864602989  6.642000E-15
4681.11817602121  6.404000E-15
4684.14989174353  6.247000E-15
4687.18160746584  6.013000E-15
4690.21332318815  5.792000E-15
4693.24503891046  5.640000E-15
4696.27675463277  5.463000E-15
4699.30847035508  5.254000E-15
4702.34018607739  5.103000E-15
4705.3719017997  4.977000E-15
4708.40361752201  4.924000E-15
4711.43533324432  4.930000E-15
4714.46704896663  4.903000E-15
4717.49876468894  4.826000E-15
4720.53048041126  4.682000E-15
4723.56219613357  4.632000E-15
4726.59391185588  4.546000E-15
4729.62562757819  4.572000E-15
4732.6573433005  4.545000E-15
4735.68905902281  4.579000E-15
4738.72077474512  4.548000E-15
4741.75249046743  4.490000E-15
4744.78420618974  4.481000E-15
4747.81592191205  4.484000E-15
4750.84763763436  4.475000E-15
4753.87935335667  4.489000E-15
4756.91106907899  4.530000E-15
4759.9427848013  4.524000E-15
4762.97450052361  4.541000E-15
4766.00621624592  4.600000E-15
4769.03793196823  4.638000E-15
4772.06964769054  4.709000E-15
4775.10136341285  4.778000E-15
4778.13307913516  4.766000E-15
4781.16479485747  4.785000E-15
4784.19651057978  4.868000E-15
4787.22822630209  4.856000E-15
4790.25994202441  4.882000E-15
4793.29165774672  4.881000E-15
4796.32337346903  4.872000E-15
4799.35508919134  4.897000E-15
4802.38680491365  4.910000E-15
4805.41852063596  4.884000E-15
4808.45023635827  4.897000E-15
4811.48195208058  4.928000E-15
4814.51366780289  4.986000E-15
4817.5453835252  4.949000E-15
4820.57709924751  4.914000E-15
4823.60881496983  4.963000E-15
4826.64053069214  5.034000E-15
4829.67224641445  5.027000E-15
4832.70396213676  5.009000E-15
4835.73567785907  5.059000E-15
4838.76739358138  5.161000E-15
4841.79910930369  5.085000E-15
4844.830825026  5.121000E-15
4847.86254074831  5.154000E-15
4850.89425647062  5.227000E-15
4853.92597219293  5.348000E-15
4856.95768791525  5.417000E-15
4859.98940363756  5.526000E-15
4863.02111935987  5.645000E-15
4866.05283508218  5.794000E-15
4869.08455080449  5.905000E-15
4872.1162665268  5.996000E-15
4875.14798224911  6.122000E-15
4878.17969797142  6.315000E-15
4881.21141369373  6.484000E-15
4884.24312941604  6.489000E-15
4887.27484513835  6.587000E-15
4890.30656086066  6.704000E-15
4893.33827658298  6.804000E-15
4896.36999230529  6.854000E-15
4899.4017080276  6.901000E-15
4902.43342374991  6.933000E-15
4905.46513947222  6.975000E-15
4908.49685519453  7.007000E-15
4911.52857091684  6.999000E-15
4914.56028663915  7.022000E-15
4917.59200236146  7.057000E-15
4920.62371808377  7.074000E-15
4923.65543380608  7.086000E-15
4926.6871495284  7.004000E-15
4929.71886525071  6.873000E-15
4932.75058097302  6.742000E-15
4935.78229669533  6.618000E-15
4938.81401241764  6.525000E-15
4941.84572813995  6.448000E-15
4944.87744386226  6.368000E-15
4947.90915958457  6.242000E-15
4950.94087530688  6.129000E-15
4953.97259102919  5.987000E-15
4957.0043067515  5.872000E-15
4960.03602247381  5.768000E-15
4963.06773819613  5.614000E-15
4966.09945391844  5.518000E-15
4969.13116964075  5.432000E-15
4972.16288536306  5.339000E-15
4975.19460108537  5.236000E-15
4978.22631680768  5.067000E-15
4981.25803252999  5.017000E-15
4984.2897482523  4.928000E-15
4987.32146397461  4.849000E-15
4990.35317969692  4.765000E-15
4993.38489541923  4.695000E-15
4996.41661114154  4.607000E-15
4999.44832686386  4.538000E-15
5002.48004258617  4.534000E-15
5005.51175830848  4.570000E-15
5008.54347403079  4.577000E-15
5011.5751897531  4.568000E-15
5014.60690547541  4.534000E-15
5017.63862119772  4.564000E-15
5020.67033692003  4.618000E-15
5023.70205264234  4.619000E-15
5026.73376836465  4.610000E-15
5029.76548408696  4.595000E-15
5032.79719980928  4.580000E-15
5035.82891553159  4.606000E-15
5038.8606312539  4.619000E-15
5041.89234697621  4.664000E-15
5044.92406269852  4.656000E-15
5047.95577842083  4.624000E-15
5050.98749414314  4.616000E-15
5054.01920986545  4.638000E-15
5057.05092558776  4.666000E-15
5060.08264131007  4.653000E-15
5063.11435703238  4.617000E-15
5066.14607275469  4.612000E-15
5069.17778847701  4.640000E-15
5072.20950419932  4.642000E-15
5075.24121992163  4.628000E-15
5078.27293564394  4.650000E-15
5081.30465136625  4.688000E-15
5084.33636708856  4.719000E-15
5087.36808281087  4.728000E-15
5090.39979853318  4.722000E-15
5093.43151425549  4.735000E-15
5096.4632299778  4.727000E-15
5099.49494570011  4.725000E-15
5102.52666142243  4.750000E-15
5105.55837714474  4.776000E-15
5108.59009286705  4.853000E-15
5111.62180858936  4.856000E-15
5114.65352431167  4.879000E-15
5117.68524003398  4.986000E-15
5120.71695575629  5.091000E-15
5123.7486714786  5.176000E-15
5126.78038720091  5.246000E-15
5129.81210292322  5.328000E-15
5132.84381864554  5.430000E-15
5135.87553436784  5.512000E-15
5138.90725009016  5.615000E-15
5141.93896581247  5.712000E-15
5144.97068153478  5.805000E-15
5148.00239725709  5.907000E-15
5151.0341129794  6.036000E-15
5154.06582870171  6.213000E-15
5157.09754442402  6.346000E-15
5160.12926014633  6.536000E-15
5163.16097586864  6.758000E-15
5166.19269159095  7.008000E-15
5169.22440731327  7.243000E-15
5172.25612303557  7.470000E-15
5175.28783875789  7.688000E-15
5178.3195544802  7.907000E-15
5181.35127020251  8.043000E-15
5184.38298592482  8.239000E-15
5187.41470164713  8.480000E-15
5190.44641736944  8.765000E-15
5193.47813309175  8.989000E-15
5196.50984881406  9.128000E-15
5199.54156453637  9.357000E-15
5202.57328025868  9.613000E-15
5205.604995981  9.767000E-15
5208.63671170331  1.001000E-14
5211.66842742562  1.011000E-14
5214.70014314793  1.017000E-14
5217.73185887024  1.028000E-14
5220.76357459255  1.040000E-14
5223.79529031486  1.063000E-14
5226.82700603717  1.082000E-14
5229.85872175948  1.100000E-14
5232.89043748179  1.113000E-14
5235.9221532041  1.116000E-14
5238.95386892641  1.128000E-14
5241.98558464873  1.137000E-14
5245.01730037104  1.141000E-14
5248.04901609335  1.149000E-14
5251.08073181566  1.157000E-14
5254.11244753797  1.159000E-14
5257.14416326028  1.158000E-14
5260.17587898259  1.156000E-14
5263.2075947049  1.161000E-14
5266.23931042721  1.167000E-14
5269.27102614952  1.166000E-14
5272.30274187183  1.152000E-14
5275.33445759415  1.133000E-14
5278.36617331646  1.136000E-14
5281.39788903877  1.139000E-14
5284.42960476108  1.134000E-14
5287.46132048339  1.136000E-14
5290.4930362057  1.127000E-14
5293.52475192801  1.125000E-14
5296.55646765032  1.130000E-14
5299.58818337263  1.119000E-14
5302.61989909494  1.118000E-14
5305.65161481725  1.093000E-14
5308.68333053956  1.094000E-14
5311.71504626188  1.097000E-14
5314.74676198419  1.107000E-14
5317.7784777065  1.114000E-14
5320.81019342881  1.105000E-14
5323.84190915112  1.088000E-14
5326.87362487343  1.086000E-14
5329.90534059574  1.078000E-14
5332.93705631805  1.072000E-14
5335.96877204036  1.070000E-14
5339.00048776267  1.059000E-14
5342.03220348499  1.056000E-14
5345.0639192073  1.050000E-14
5348.09563492961  1.045000E-14
5351.12735065192  1.036000E-14
5354.15906637423  1.032000E-14
5357.19078209654  1.028000E-14
5360.22249781885  1.029000E-14
5363.25421354116  1.038000E-14
5366.28592926347  1.047000E-14
5369.31764498578  1.038000E-14
5372.34936070809  1.022000E-14
5375.3810764304  1.014000E-14
5378.41279215271  1.021000E-14
5381.44450787503  1.025000E-14
5384.47622359734  1.032000E-14
5387.50793931965  1.024000E-14
5390.53965504196  1.018000E-14
5393.57137076427  1.012000E-14
5396.60308648658  1.018000E-14
5399.63480220889  1.026000E-14
5402.6665179312  1.014000E-14
5405.69823365351  1.011000E-14
5408.72994937582  9.898000E-15
5411.76166509813  9.868000E-15
5414.79338082045  9.931000E-15
5417.82509654276  9.825000E-15
5420.85681226507  9.761000E-15
5423.88852798738  9.709000E-15
5426.92024370969  9.706000E-15
5429.951959432  9.681000E-15
5432.98367515431  9.612000E-15
5436.01539087662  9.572000E-15
5439.04710659893  9.551000E-15
5442.07882232124  9.468000E-15
5445.11053804355  9.360000E-15
5448.14225376586  9.272000E-15
5451.17396948818  9.126000E-15
5454.20568521049  8.979000E-15
5457.2374009328  8.896000E-15
5460.26911665511  8.990000E-15
5463.30083237742  9.143000E-15
5466.33254809973  9.015000E-15
5469.36426382204  8.875000E-15
5472.39597954435  8.757000E-15
5475.42769526666  8.706000E-15
5478.45941098897  8.713000E-15
5481.49112671128  8.556000E-15
5484.5228424336  8.435000E-15
5487.55455815591  8.392000E-15
5490.58627387822  8.258000E-15
5493.61798960053  8.191000E-15
5496.64970532284  8.080000E-15
5499.68142104515  8.085000E-15
5502.71313676746  7.991000E-15
5505.74485248977  7.956000E-15
5508.77656821208  7.898000E-15
5511.80828393439  7.825000E-15
5514.8399996567  7.718000E-15
5517.87171537902  7.616000E-15
5520.90343110133  7.662000E-15
5523.93514682364  7.652000E-15
5526.96686254595  7.601000E-15
5529.99857826826  7.489000E-15
5533.03029399057  7.350000E-15
5536.06200971288  7.239000E-15
5539.09372543519  7.187000E-15
5542.1254411575  7.121000E-15
5545.15715687981  7.018000E-15
5548.18887260212  6.923000E-15
5551.22058832443  6.829000E-15
5554.25230404675  6.718000E-15
5557.28401976906  6.650000E-15
5560.31573549137  6.629000E-15
5563.34745121368  6.585000E-15
5566.37916693599  6.486000E-15
5569.4108826583  6.444000E-15
5572.44259838061  6.340000E-15
5575.47431410292  6.183000E-15
5578.50602982523  6.083000E-15
5581.53774554754  6.048000E-15
5584.56946126985  6.037000E-15
5587.60117699216  6.021000E-15
5590.63289271448  5.855000E-15
5593.66460843679  5.751000E-15
5596.6963241591  5.690000E-15
5599.72803988141  5.658000E-15
5602.75975560372  5.511000E-15
5605.79147132603  5.342000E-15
5608.82318704834  5.188000E-15
5611.85490277065  5.154000E-15
5614.88661849296  5.118000E-15
5617.91833421527  5.036000E-15
5620.95004993758  4.959000E-15
5623.9817656599  4.863000E-15
5627.01348138221  4.810000E-15
5630.04519710452  4.811000E-15
5633.07691282683  4.736000E-15
5636.10862854914  4.711000E-15
5639.14034427145  4.651000E-15
5642.17205999376  4.524000E-15
5645.20377571607  4.524000E-15
5648.23549143838  4.433000E-15
5651.26720716069  4.368000E-15
5654.298922883  4.339000E-15
5657.33063860531  4.234000E-15
5660.36235432763  4.201000E-15
5663.39407004994  4.241000E-15
5666.42578577225  4.230000E-15
5669.45750149456  4.179000E-15
5672.48921721687  4.116000E-15
5675.52093293918  4.063000E-15
5678.55264866149  4.019000E-15
5681.5843643838  3.977000E-15
5684.61608010611  3.947000E-15
5687.64779582842  3.925000E-15
5690.67951155073  3.888000E-15
5693.71122727305  3.872000E-15
5696.74294299536  3.864000E-15
5699.77465871767  3.845000E-15
5702.80637443998  3.837000E-15
5705.83809016229  3.847000E-15
5708.8698058846  3.850000E-15
5711.90152160691  3.843000E-15
5714.93323732922  3.741000E-15
5717.96495305153  3.761000E-15
5720.99666877384  3.800000E-15
5724.02838449615  3.845000E-15
5727.06010021846  3.866000E-15
5730.09181594078  3.886000E-15
5733.12353166309  3.919000E-15
5736.1552473854  3.936000E-15
5739.18696310771  3.972000E-15
5742.21867883002  4.054000E-15
5745.25039455233  4.092000E-15
5748.28211027464  4.121000E-15
5751.31382599695  4.195000E-15
5754.34554171926  4.247000E-15
5757.37725744157  4.306000E-15
5760.40897316388  4.403000E-15
5763.4406888862  4.457000E-15
5766.47240460851  4.522000E-15
5769.50412033082  4.604000E-15
5772.53583605313  4.663000E-15
5775.56755177544  4.743000E-15
5778.59926749775  4.863000E-15
5781.63098322006  4.882000E-15
5784.66269894237  5.008000E-15
5787.69441466468  5.124000E-15
5790.72613038699  5.211000E-15
5793.7578461093  5.286000E-15
5796.78956183161  5.397000E-15
5799.82127755393  5.517000E-15
5802.85299327624  5.694000E-15
5805.88470899855  5.905000E-15
5808.91642472086  6.009000E-15
5811.94814044317  6.186000E-15
5814.97985616548  6.255000E-15
5818.01157188779  6.374000E-15
5821.0432876101  6.511000E-15
5824.07500333241  6.645000E-15
5827.10671905472  6.786000E-15
5830.13843477703  6.896000E-15
5833.17015049935  6.947000E-15
5836.20186622166  6.993000E-15
5839.23358194397  7.077000E-15
5842.26529766628  7.232000E-15
5845.29701338859  7.312000E-15
5848.3287291109  7.314000E-15
5851.36044483321  7.392000E-15
5854.39216055552  7.475000E-15
5857.42387627783  7.523000E-15
5860.45559200014  7.597000E-15
5863.48730772245  7.735000E-15
5866.51902344477  7.722000E-15
5869.55073916708  7.665000E-15
5872.58245488939  7.610000E-15
5875.6141706117  7.660000E-15
5878.64588633401  7.764000E-15
5881.67760205632  7.792000E-15
5884.70931777863  7.761000E-15
5887.74103350094  7.735000E-15
5890.77274922325  7.714000E-15
5893.80446494556  7.678000E-15
5896.83618066787  7.695000E-15
5899.86789639018  7.598000E-15
5902.89961211249  7.517000E-15
5905.93132783481  7.513000E-15
5908.96304355712  7.370000E-15
5911.99475927943  7.262000E-15
5915.02647500174  7.251000E-15
5918.05819072405  7.284000E-15
5921.08990644636  7.296000E-15
5924.12162216867  7.182000E-15
5927.15333789098  7.085000E-15
5930.18505361329  7.112000E-15
5933.2167693356  6.870000E-15
5936.24848505792  6.781000E-15
5939.28020078023  6.614000E-15
5942.31191650254  6.454000E-15
5945.34363222485  6.335000E-15
5948.37534794716  6.298000E-15
5951.40706366947  6.207000E-15
5954.43877939178  6.135000E-15
5957.47049511409  6.065000E-15
5960.5022108364  5.952000E-15
5963.53392655871  5.979000E-15
5966.56564228102  5.819000E-15
5969.59735800333  5.771000E-15
5972.62907372565  5.614000E-15
5975.66078944796  5.499000E-15
5978.69250517027  5.483000E-15
5981.72422089258  5.453000E-15
5984.75593661489  5.359000E-15
5987.7876523372  5.236000E-15
5990.81936805951  5.139000E-15
5993.85108378182  5.120000E-15
5996.88279950413  5.037000E-15
5999.91451522644  4.926000E-15
6002.94623094875  4.857000E-15
6005.97794667107  4.742000E-15
6009.00966239338  4.702000E-15
6012.04137811569  4.539000E-15
6015.073093838  4.507000E-15
6018.10480956031  4.446000E-15
6021.13652528262  4.339000E-15
6024.16824100493  4.248000E-15
6027.19995672724  4.208000E-15
6030.23167244955  4.116000E-15
6033.26338817186  3.968000E-15
6036.29510389417  3.888000E-15
6039.32681961648  3.787000E-15
6042.3585353388  3.676000E-15
6045.39025106111  3.615000E-15
6048.42196678342  3.511000E-15
6051.45368250573  3.409000E-15
6054.48539822804  3.296000E-15
6057.51711395035  3.132000E-15
6060.54882967266  2.996000E-15
6063.58054539497  2.889000E-15
6066.61226111728  2.766000E-15
6069.64397683959  2.656000E-15
6072.6756925619  2.556000E-15
6075.70740828422  2.483000E-15
6078.73912400653  2.372000E-15
6081.77083972884  2.347000E-15
6084.80255545115  2.269000E-15
6087.83427117346  2.176000E-15
6090.86598689577  2.121000E-15
6093.89770261808  2.091000E-15
6096.92941834039  1.998000E-15
6099.9611340627  1.981000E-15
6102.99284978501  1.957000E-15
6106.02456550732  1.898000E-15
6109.05628122964  1.859000E-15
6112.08799695194  1.832000E-15
6115.11971267426  1.811000E-15
6118.15142839657  1.769000E-15
6121.18314411888  1.752000E-15
6124.21485984119  1.783000E-15
6127.2465755635  1.799000E-15
6130.27829128581  1.795000E-15
6133.31000700812  1.831000E-15
6136.34172273043  1.814000E-15
6139.37343845274  1.834000E-15
6142.40515417505  1.878000E-15
6145.43686989737  1.914000E-15
6148.46858561968  1.878000E-15
6151.50030134199  1.893000E-15
6154.5320170643  1.969000E-15
6157.56373278661  1.983000E-15
6160.59544850892  2.064000E-15
6163.62716423123  2.117000E-15
6166.65887995354  2.133000E-15
6169.69059567585  2.174000E-15
6172.72231139816  2.209000E-15
6175.75402712047  2.247000E-15
6178.78574284278  2.295000E-15
6181.81745856509  2.383000E-15
6184.84917428741  2.471000E-15
6187.88089000972  2.557000E-15
6190.91260573203  2.577000E-15
6193.94432145434  2.658000E-15
6196.97603717665  2.779000E-15
6200.00775289896  2.858000E-15
6203.03946862127  2.931000E-15
6206.07118434358  2.981000E-15
6209.10290006589  3.062000E-15
6212.1346157882  3.129000E-15
6215.16633151052  3.218000E-15
6218.19804723283  3.311000E-15
6221.22976295514  3.342000E-15
6224.26147867745  3.416000E-15
6227.29319439976  3.456000E-15
6230.32491012207  3.596000E-15
6233.35662584438  3.690000E-15
6236.38834156669  3.706000E-15
6239.420057289  3.665000E-15
6242.45177301131  3.669000E-15
6245.48348873362  3.780000E-15
6248.51520445593  3.881000E-15
6251.54692017825  3.991000E-15
6254.57863590056  4.018000E-15
6257.61035162287  4.093000E-15
6260.64206734518  4.179000E-15
6263.67378306749  4.255000E-15
6266.7054987898  4.289000E-15
6269.73721451211  4.332000E-15
6272.76893023442  4.400000E-15
6275.80064595673  4.486000E-15
6278.83236167904  4.519000E-15
6281.86407740135  4.510000E-15
6284.89579312367  4.541000E-15
6287.92750884598  4.582000E-15
6290.95922456829  4.618000E-15
6293.9909402906  4.694000E-15
6297.02265601291  4.750000E-15
6300.05437173522  4.829000E-15
6303.08608745753  4.817000E-15
6306.11780317984  4.817000E-15
6309.14951890215  4.863000E-15
6312.18123462446  4.923000E-15
6315.21295034677  4.912000E-15
6318.24466606908  4.912000E-15
6321.27638179139  5.022000E-15
6324.30809751371  5.056000E-15
6327.33981323602  5.018000E-15
6330.37152895833  5.032000E-15
6333.40324468064  5.037000E-15
6336.43496040295  5.030000E-15
6339.46667612526  5.070000E-15
6342.49839184757  5.085000E-15
6345.53010756988  5.076000E-15
6348.56182329219  5.062000E-15
6351.5935390145  5.036000E-15
6354.62525473682  5.105000E-15
6357.65697045913  5.132000E-15
6360.68868618144  5.133000E-15
6363.72040190375  5.148000E-15
6366.75211762606  5.181000E-15
6369.78383334837  5.172000E-15
6372.81554907068  5.070000E-15
6375.84726479299  5.083000E-15
6378.8789805153  5.124000E-15
6381.91069623761  5.126000E-15
6384.94241195992  5.122000E-15
6387.97412768223  5.116000E-15
6391.00584340455  5.217000E-15
6394.03755912686  5.172000E-15
6397.06927484917  5.077000E-15
6400.10099057148  5.108000E-15
6403.13270629379  5.165000E-15
6406.1644220161  5.141000E-15
6409.19613773841  5.097000E-15
6412.22785346072  5.064000E-15
6415.25956918303  5.128000E-15
6418.29128490534  5.124000E-15
6421.32300062765  5.122000E-15
6424.35471634997  5.060000E-15
6427.38643207228  5.067000E-15
6430.41814779459  5.121000E-15
6433.4498635169  5.159000E-15
6436.48157923921  5.093000E-15
6439.51329496152  5.024000E-15
6442.54501068383  5.003000E-15
6445.57672640614  5.087000E-15
6448.60844212845  5.158000E-15
6451.64015785076  5.111000E-15
6454.67187357307  5.093000E-15
6457.70358929538  5.074000E-15
6460.7353050177  5.043000E-15
6463.76702074001  5.101000E-15
6466.79873646232  5.124000E-15
6469.83045218463  5.134000E-15
6472.86216790694  5.078000E-15
6475.89388362925  5.029000E-15
6478.92559935156  5.011000E-15
6481.95731507387  4.956000E-15
6484.98903079618  4.985000E-15
6488.02074651849  5.012000E-15
6491.0524622408  4.995000E-15
6494.08417796311  4.947000E-15
6497.11589368543  4.914000E-15
6500.14760940774  4.913000E-15
6503.17932513005  4.904000E-15
6506.21104085236  4.920000E-15
6509.24275657467  4.911000E-15
6512.27447229698  4.891000E-15
6515.30618801929  4.814000E-15
6518.3379037416  4.769000E-15
6521.36961946391  4.745000E-15
6524.40133518622  4.729000E-15
6527.43305090853  4.716000E-15
6530.46476663085  4.673000E-15
6533.49648235316  4.660000E-15
6536.52819807547  4.666000E-15
6539.55991379778  4.625000E-15
6542.59162952009  4.559000E-15
6545.6233452424  4.514000E-15
6548.65506096471  4.466000E-15
6551.68677668702  4.419000E-15
6554.71849240933  4.397000E-15
6557.75020813164  4.374000E-15
6560.78192385395  4.330000E-15
6563.81363957627  4.292000E-15
6566.84535529858  4.238000E-15
6569.87707102089  4.205000E-15
6572.9087867432  4.177000E-15
6575.94050246551  4.120000E-15
6578.97221818782  4.034000E-15
6582.00393391013  4.023000E-15
6585.03564963244  3.979000E-15
6588.06736535475  3.923000E-15
6591.09908107706  3.885000E-15
6594.13079679937  3.849000E-15
6597.16251252168  3.820000E-15
6600.194228244  3.803000E-15
6603.22594396631  3.792000E-15
6606.25765968862  3.751000E-15
6609.28937541093  3.696000E-15
6612.32109113324  3.751000E-15
6615.35280685555  3.660000E-15
6618.38452257786  3.606000E-15
6621.41623830017  3.575000E-15
6624.44795402248  3.541000E-15
6627.47966974479  3.493000E-15
6630.5113854671  3.445000E-15
6633.54310118941  3.402000E-15
6636.57481691173  3.437000E-15
6639.60653263404  3.431000E-15
6642.63824835635  3.349000E-15
6645.66996407866  3.282000E-15
6648.70167980097  3.292000E-15
6651.73339552328  3.262000E-15
6654.76511124559  3.194000E-15
6657.7968269679  3.154000E-15
6660.82854269021  3.113000E-15
6663.86025841252  3.017000E-15
6666.89197413484  3.007000E-15
6669.92368985715  3.002000E-15
6672.95540557946  2.987000E-15
6675.98712130177  2.960000E-15
6679.01883702408  2.906000E-15
6682.05055274639  2.887000E-15
6685.0822684687  2.862000E-15
6688.11398419101  2.830000E-15
6691.14569991332  2.768000E-15
6694.17741563563  2.725000E-15
6697.20913135794  2.695000E-15
6700.24084708026  2.662000E-15
6703.27256280257  2.627000E-15
6706.30427852488  2.613000E-15
6709.33599424719  2.561000E-15
6712.3677099695  2.531000E-15
6715.39942569181  2.508000E-15
6718.43114141412  2.519000E-15
6721.46285713643  2.519000E-15
6724.49457285874  2.460000E-15
6727.52628858105  2.435000E-15
6730.55800430336  2.433000E-15
6733.58972002567  2.422000E-15
6736.62143574798  2.389000E-15
6739.6531514703  2.354000E-15
6742.68486719261  2.325000E-15
6745.71658291492  2.303000E-15
6748.74829863723  2.269000E-15
6751.78001435954  2.258000E-15
6754.81173008185  2.230000E-15
6757.84344580416  2.201000E-15
6760.87516152647  2.202000E-15
6763.90687724878  2.196000E-15
6766.93859297109  2.196000E-15
6769.9703086934  2.183000E-15
6773.00202441572  2.166000E-15
6776.03374013803  2.149000E-15
6779.06545586034  2.123000E-15
6782.09717158265  2.120000E-15
6785.12888730496  2.128000E-15
6788.16060302727  2.143000E-15
6791.19231874958  2.114000E-15
6794.22403447189  2.085000E-15
6797.2557501942  2.078000E-15
6800.28746591651  2.085000E-15
6803.31918163882  2.074000E-15
6806.35089736113  2.021000E-15
6809.38261308345  1.995000E-15
6812.41432880576  2.003000E-15
6815.44604452807  2.026000E-15
6818.47776025038  1.971000E-15
6821.50947597269  1.907000E-15
6824.541191695  1.774000E-15
6827.57290741731  1.618000E-15
6830.60462313962  1.546000E-15
6833.63633886193  1.587000E-15
6836.66805458424  1.720000E-15
6839.69977030655  1.795000E-15
6842.73148602887  1.799000E-15
6845.76320175118  1.777000E-15
6848.79491747349  1.774000E-15
6851.8266331958  1.760000E-15
6854.85834891811  1.757000E-15
6857.89006464042  1.791000E-15
6860.92178036273  1.826000E-15
6863.95349608504  1.864000E-15
6866.98521180735  1.878000E-15
6870.01692752966  1.886000E-15
6873.04864325197  1.892000E-15
6876.08035897428  1.916000E-15
6879.1120746966  1.948000E-15
6882.14379041891  1.961000E-15
6885.17550614122  1.931000E-15
6888.20722186353  1.958000E-15
6891.23893758584  1.958000E-15
6894.27065330815  1.959000E-15
6897.30236903046  1.949000E-15
6900.33408475277  1.939000E-15
6903.36580047508  1.939000E-15
6906.39751619739  1.949000E-15
6909.4292319197  1.958000E-15
6912.46094764202  2.020000E-15
6915.49266336433  2.004000E-15
6918.52437908664  1.965000E-15
6921.55609480895  1.956000E-15
6924.58781053126  1.972000E-15
6927.61952625357  2.004000E-15
6930.65124197588  1.998000E-15
6933.68295769819  2.014000E-15
6936.7146734205  2.028000E-15
6939.74638914281  2.026000E-15
6942.77810486512  1.993000E-15
6945.80982058743  1.979000E-15
6948.84153630975  1.974000E-15
6951.87325203206  1.950000E-15
6954.90496775437  1.962000E-15
6957.93668347668  1.959000E-15
6960.96839919899  1.946000E-15
6964.0001149213  1.938000E-15
6967.03183064361  1.929000E-15
6970.06354636592  1.924000E-15
6973.09526208823  1.916000E-15
6976.12697781054  1.909000E-15
6979.15869353285  1.918000E-15
6982.19040925517  1.927000E-15
6985.22212497748  1.922000E-15
6988.25384069979  1.900000E-15
6991.2855564221  1.873000E-15
6994.31727214441  1.893000E-15
6997.34898786672  1.906000E-15
7000.38070358903  1.880000E-15
7003.41241931134  1.866000E-15
7006.44413503365  1.861000E-15
7009.47585075596  1.863000E-15
7012.50756647827  1.891000E-15
7015.53928220058  1.873000E-15
7018.5709979229  1.865000E-15
7021.60271364521  1.868000E-15
7024.63442936752  1.873000E-15
7027.66614508983  1.890000E-15
7030.69786081214  1.889000E-15
7033.72957653445  1.895000E-15
7036.76129225676  1.878000E-15
7039.79300797907  1.830000E-15
7042.82472370138  1.849000E-15
7045.85643942369  1.893000E-15
7048.888155146  1.885000E-15
7051.91987086832  1.858000E-15
7054.95158659063  1.844000E-15
7057.98330231294  1.846000E-15
7061.01501803525  1.852000E-15
7064.04673375756  1.860000E-15
7067.07844947987  1.870000E-15
7070.11016520218  1.864000E-15
7073.14188092449  1.854000E-15
7076.1735966468  1.859000E-15
7079.20531236911  1.885000E-15
7082.23702809142  1.873000E-15
7085.26874381373  1.868000E-15
7088.30045953605  1.861000E-15
7091.33217525836  1.883000E-15
7094.36389098067  1.902000E-15
7097.39560670298  1.920000E-15
7100.42732242529  1.935000E-15
7103.4590381476  1.931000E-15
7106.49075386991  1.913000E-15
7109.52246959222  1.889000E-15
7112.55418531453  1.900000E-15
7115.58590103684  1.894000E-15
7118.61761675915  1.842000E-15
7121.64933248147  1.856000E-15
7124.68104820378  1.848000E-15
7127.71276392609  1.812000E-15
7130.7444796484  1.785000E-15
7133.77619537071  1.760000E-15
7136.80791109302  1.735000E-15
7139.83962681533  1.721000E-15
7142.87134253764  1.730000E-15
7145.90305825995  1.740000E-15
7148.93477398226  1.740000E-15
7151.96648970457  1.731000E-15
7154.99820542688  1.748000E-15
7158.0299211492  1.760000E-15
7161.06163687151  1.795000E-15
7164.09335259382  1.829000E-15
7167.12506831613  1.826000E-15
7170.15678403844  1.821000E-15
7173.18849976075  1.821000E-15
7176.22021548306  1.830000E-15
7179.25193120537  1.838000E-15
7182.28364692768  1.838000E-15
7185.31536264999  1.834000E-15
7188.3470783723  1.806000E-15
7191.37879409462  1.762000E-15
7194.41050981693  1.753000E-15
7197.44222553924  1.761000E-15
7200.47394126155  1.780000E-15
7203.50565698386  1.793000E-15
7206.53737270617  1.791000E-15
7209.56908842848  1.762000E-15
7212.60080415079  1.770000E-15
7215.6325198731  1.780000E-15
7218.66423559541  1.750000E-15
7221.69595131772  1.740000E-15
7224.72766704003  1.751000E-15
7227.75938276235  1.749000E-15
7230.79109848466  1.767000E-15
7233.82281420697  1.767000E-15
7236.85452992928  1.799000E-15
7239.88624565159  1.805000E-15
7242.9179613739  1.816000E-15
7245.94967709621  1.825000E-15
7248.98139281852  1.772000E-15
7252.01310854083  1.758000E-15
7255.04482426314  1.793000E-15
7258.07653998545  1.807000E-15
7261.10825570777  1.806000E-15
7264.13997143008  1.792000E-15
7267.17168715239  1.802000E-15
7270.2034028747  1.825000E-15
7273.23511859701  1.845000E-15
7276.26683431932  1.856000E-15
7279.29855004163  1.860000E-15
7282.33026576394  1.879000E-15
7285.36198148625  1.892000E-15
7288.39369720856  1.899000E-15
7291.42541293087  1.913000E-15
7294.45712865318  1.907000E-15
7297.4888443755  1.885000E-15
7300.52056009781  1.841000E-15
7303.55227582012  1.831000E-15
7306.58399154243  1.832000E-15
7309.61570726474  1.835000E-15
7312.64742298705  1.837000E-15
7315.67913870936  1.826000E-15
7318.71085443167  1.815000E-15
7321.74257015398  1.808000E-15
7324.77428587629  1.799000E-15
7327.8060015986  1.803000E-15
7330.83771732092  1.847000E-15
7333.86943304323  1.795000E-15
7336.90114876554  1.769000E-15
7339.93286448785  1.753000E-15
7342.96458021016  1.808000E-15
7345.99629593247  1.798000E-15
7349.02801165478  1.780000E-15
7352.05972737709  1.770000E-15
7355.0914430994  1.742000E-15
7358.12315882171  1.724000E-15
7361.15487454402  1.722000E-15
7364.18659026633  1.709000E-15
7367.21830598865  1.691000E-15
7370.25002171096  1.715000E-15
7373.28173743327  1.668000E-15
7376.31345315558  1.708000E-15
7379.34516887789  1.689000E-15
7382.3768846002  1.660000E-15
7385.40860032251  1.639000E-15
7388.44031604482  1.603000E-15
7391.47203176713  1.615000E-15
7394.50374748944  1.571000E-15
7397.53546321176  1.550000E-15
7400.56717893407  1.587000E-15
7403.59889465638  1.602000E-15
7406.63061037869  1.570000E-15
7409.662326101  1.536000E-15
7412.69404182331  1.536000E-15
7415.72575754562  1.547000E-15
7418.75747326793  1.509000E-15
7421.78918899024  1.495000E-15
7424.82090471255  1.508000E-15
7427.85262043486  1.507000E-15
7430.88433615717  1.500000E-15
7433.91605187948  1.493000E-15
7436.9477676018  1.496000E-15
7439.97948332411  1.490000E-15
7443.01119904642  1.470000E-15
7446.04291476873  1.477000E-15
7449.07463049104  1.463000E-15
7452.10634621335  1.470000E-15
7455.13806193566  1.483000E-15
7458.16977765797  1.476000E-15
7461.20149338028  1.465000E-15
7464.23320910259  1.446000E-15
7467.2649248249  1.434000E-15
7470.29664054722  1.418000E-15
7473.32835626952  1.409000E-15
7476.36007199184  1.404000E-15
7479.39178771415  1.404000E-15
7482.42350343646  1.409000E-15
7485.45521915877  1.422000E-15
7488.48693488108  1.435000E-15
7491.51865060339  1.430000E-15
7494.5503663257  1.419000E-15
7497.58208204801  1.410000E-15
7500.61379777032  1.405000E-15
7503.64551349263  1.427000E-15
7506.67722921495  1.445000E-15
7509.70894493726  1.440000E-15
7512.74066065957  1.431000E-15
7515.77237638188  1.425000E-15
7518.80409210419  1.435000E-15
7521.8358078265  1.433000E-15
7524.86752354881  1.471000E-15
7527.89923927112  1.478000E-15
7530.93095499343  1.476000E-15
7533.96267071574  1.458000E-15
7536.99438643805  1.442000E-15
7540.02610216037  1.449000E-15
7543.05781788267  1.341000E-15
7546.08953360499  1.236000E-15
7549.1212493273  1.024000E-15
7552.15296504961  7.556000E-16
7555.18468077192  5.667000E-16
7558.21639649423  4.058000E-16
7561.24811221654  3.822000E-16
7564.27982793885  4.626000E-16
7567.31154366116  5.659000E-16
7570.34325938347  7.325000E-16
7573.37497510579  8.497000E-16
7576.4066908281  8.494000E-16
7579.43840655041  7.756000E-16
7582.47012227272  7.097000E-16
7585.50183799503  6.812000E-16
7588.53355371734  7.139000E-16
7591.56526943965  7.577000E-16
7594.59698516196  8.146000E-16
7597.62870088427  8.529000E-16
7600.66041660658  8.921000E-16
7603.69213232889  9.662000E-16
7606.7238480512  1.033000E-15
7609.75556377352  1.091000E-15
7612.78727949583  1.148000E-15
7615.81899521814  1.192000E-15
7618.85071094045  1.223000E-15
7621.88242666276  1.235000E-15
7624.91414238507  1.273000E-15
7627.94585810738  1.314000E-15
7630.97757382969  1.360000E-15
7634.009289552  1.347000E-15
7637.04100527431  1.373000E-15
7640.07272099662  1.371000E-15
7643.10443671893  1.367000E-15
7646.13615244125  1.385000E-15
7649.16786816356  1.381000E-15
7652.19958388587  1.406000E-15
7655.23129960818  1.424000E-15
7658.26301533049  1.421000E-15
7661.2947310528  1.425000E-15
7664.32644677511  1.440000E-15
7667.35816249742  1.442000E-15
7670.38987821973  1.389000E-15
7673.42159394204  1.395000E-15
7676.45330966435  1.409000E-15
7679.48502538667  1.441000E-15
7682.51674110898  1.429000E-15
7685.54845683129  1.395000E-15
7688.5801725536  1.378000E-15
7691.61188827591  1.364000E-15
7694.64360399822  1.356000E-15
7697.67531972053  1.374000E-15
7700.70703544284  1.377000E-15
7703.73875116515  1.389000E-15
7706.77046688746  1.356000E-15
7709.80218260977  1.344000E-15
7712.83389833208  1.354000E-15
7715.8656140544  1.363000E-15
7718.89732977671  1.359000E-15
7721.92904549902  1.383000E-15
7724.96076122133  1.360000E-15
7727.99247694364  1.344000E-15
7731.02419266595  1.327000E-15
7734.05590838826  1.338000E-15
7737.08762411057  1.362000E-15
7740.11933983288  1.374000E-15
7743.15105555519  1.368000E-15
7746.1827712775  1.359000E-15
7749.21448699982  1.359000E-15
7752.24620272213  1.366000E-15
7755.27791844444  1.365000E-15
7758.30963416675  1.341000E-15
7761.34134988906  1.355000E-15
7764.37306561137  1.418000E-15
7767.40478133368  1.405000E-15
7770.43649705599  1.401000E-15
7773.4682127783  1.406000E-15
7776.49992850061  1.416000E-15
7779.53164422292  1.396000E-15
7782.56335994523  1.402000E-15
7785.59507566755  1.401000E-15
7788.62679138986  1.379000E-15
7791.65850711217  1.406000E-15
7794.69022283448  1.399000E-15
7797.72193855679  1.403000E-15
7800.7536542791  1.403000E-15
7803.78537000141  1.435000E-15
7806.81708572372  1.445000E-15
7809.84880144603  1.418000E-15
7812.88051716834  1.391000E-15
7815.91223289065  1.390000E-15
7818.94394861297  1.410000E-15
7821.97566433528  1.429000E-15
7825.00738005759  1.437000E-15
7828.0390957799  1.454000E-15
7831.07081150221  1.454000E-15
7834.10252722452  1.415000E-15
7837.13424294683  1.417000E-15
7840.16595866914  1.453000E-15
7843.19767439145  1.481000E-15
7846.22939011376  1.484000E-15
7849.26110583607  1.444000E-15
7852.29282155838  1.375000E-15
7855.3245372807  1.398000E-15
7858.35625300301  1.437000E-15
7861.38796872532  1.464000E-15
7864.41968444763  1.471000E-15
7867.45140016994  1.445000E-15
7870.48311589225  1.429000E-15
7873.51483161456  1.426000E-15
7876.54654733687  1.433000E-15
7879.57826305918  1.432000E-15
7882.60997878149  1.441000E-15
7885.6416945038  1.458000E-15
7888.67341022612  1.476000E-15
7891.70512594843  1.490000E-15
7894.73684167074  1.489000E-15
7897.76855739305  1.481000E-15
7900.80027311536  1.476000E-15
7903.83198883767  1.458000E-15
7906.86370455998  1.442000E-15
7909.89542028229  1.443000E-15
7912.9271360046  1.424000E-15
7915.95885172691  1.414000E-15
7918.99056744922  1.404000E-15
7922.02228317154  1.393000E-15
7925.05399889385  1.448000E-15
7928.08571461616  1.434000E-15
7931.11743033847  1.389000E-15
7934.14914606078  1.404000E-15
7937.18086178309  1.416000E-15
7940.2125775054  1.398000E-15
7943.24429322771  1.354000E-15
7946.27600895002  1.354000E-15
7949.30772467233  1.381000E-15
7952.33944039464  1.389000E-15
7955.37115611695  1.347000E-15
7958.40287183926  1.337000E-15
7961.43458756158  1.340000E-15
7964.46630328389  1.367000E-15
7967.4980190062  1.370000E-15
7970.52973472851  1.348000E-15
7973.56145045082  1.327000E-15
7976.59316617313  1.317000E-15
7979.62488189544  1.296000E-15
7982.65659761775  1.293000E-15
7985.68831334006  1.309000E-15
7988.72002906237  1.307000E-15
7991.75174478468  1.311000E-15
7994.78346050699  1.268000E-15
7997.81517622931  1.227000E-15
8000.84689195162  1.205000E-15
8003.87860767393  1.216000E-15
8006.91032339624  1.226000E-15
8009.94203911855  1.234000E-15
8012.97375484086  1.244000E-15
8016.00547056317  1.223000E-15
8019.03718628548  1.179000E-15
8022.06890200779  1.178000E-15
8025.1006177301  1.128000E-15
8028.13233345242  1.128000E-15
8031.16404917473  1.112000E-15
8034.19576489704  1.081000E-15
8037.22748061935  1.069000E-15
8040.25919634166  1.056000E-15
8043.29091206397  1.049000E-15
8046.32262778628  1.002000E-15
8049.35434350859  9.671000E-16
8052.3860592309  9.428000E-16
8055.41777495321  9.083000E-16
8058.44949067552  8.889000E-16
8061.48120639783  8.638000E-16
8064.51292212015  8.364000E-16
8067.54463784246  8.069000E-16
8070.57635356477  7.851000E-16
8073.60806928708  7.872000E-16
8076.63978500939  7.327000E-16
8079.6715007317  7.654000E-16
8082.70321645401  7.419000E-16
8085.73493217632  6.989000E-16
8088.76664789863  6.670000E-16
8091.79836362094  6.740000E-16
8094.83007934325  6.864000E-16
8097.86179506557  6.513000E-16
8100.89351078788  6.143000E-16
8103.92522651019  5.702000E-16
8106.9569422325  5.317000E-16
8109.98865795481  5.198000E-16
8113.02037367712  5.224000E-16
8116.05208939943  5.376000E-16
8119.08380512174  5.135000E-16
8122.11552084405  5.100000E-16
8125.14723656636  4.914000E-16
8128.17895228868  4.247000E-16
8131.21066801098  4.474000E-16
8134.2423837333  4.485000E-16
8137.27409945561  4.184000E-16
8140.30581517792  4.072000E-16
8143.33753090023  4.211000E-16
8146.36924662254  4.067000E-16
8149.40096234485  4.030000E-16
8152.43267806716  4.574000E-16
8155.46439378947  4.174000E-16
8158.49610951178  4.042000E-16
8161.52782523409  3.803000E-16
8164.5595409564  3.592000E-16
8167.59125667872  3.544000E-16
8170.62297240103  3.402000E-16
8173.65468812334  3.313000E-16
8176.68640384565  3.141000E-16
8179.71811956796  2.987000E-16
8182.74983529027  3.303000E-16
8185.78155101258  3.458000E-16
8188.81326673489  3.312000E-16
8191.8449824572  3.330000E-16
8194.87669817951  3.433000E-16
8197.90841390182  3.077000E-16
8200.94012962413  3.012000E-16
8203.97184534644  3.129000E-16
8207.00356106876  3.097000E-16
8210.03527679107  2.906000E-16
8213.06699251338  3.237000E-16
8216.09870823569  3.283000E-16
8219.130423958  3.244000E-16
8222.16213968031  3.253000E-16
8225.19385540262  3.350000E-16
8228.22557112493  3.128000E-16
8231.25728684724  3.044000E-16
8234.28900256955  2.804000E-16
8237.32071829187  2.725000E-16
8240.35243401418  2.940000E-16
8243.38414973649  3.062000E-16
8246.4158654588  2.790000E-16
8249.44758118111  3.152000E-16
8252.47929690342  3.446000E-16
8255.51101262573  3.520000E-16
8258.54272834804  3.551000E-16
8261.57444407035  3.296000E-16
8264.60615979266  3.609000E-16
8267.63787551497  3.550000E-16
8270.66959123728  3.955000E-16
8273.7013069596  4.330000E-16
8276.73302268191  4.439000E-16
8279.76473840422  4.319000E-16
8282.79645412653  3.916000E-16
8285.82816984884  3.964000E-16
8288.85988557115  4.225000E-16
8291.89160129346  4.606000E-16
8294.92331701577  4.974000E-16
8297.95503273808  4.706000E-16
8300.98674846039  4.555000E-16
8304.0184641827  4.886000E-16
8307.05017990502  5.207000E-16
8310.08189562732  4.520000E-16
8313.11361134964  4.503000E-16
8316.14532707195  4.897000E-16
8319.17704279426  5.133000E-16
8322.20875851657  4.731000E-16
8325.24047423888  4.715000E-16
8328.27218996119  4.958000E-16
8331.3039056835  5.319000E-16
8334.33562140581  5.622000E-16
8337.36733712812  5.740000E-16
8340.39905285044  6.016000E-16
8343.43076857275  6.146000E-16
8346.46248429506  6.014000E-16
8349.49420001737  5.898000E-16
8352.52591573968  6.549000E-16
8355.55763146199  6.452000E-16
8358.5893471843  6.149000E-16
8361.62106290661  6.031000E-16
8364.65277862892  6.887000E-16
8367.68449435123  6.620000E-16
8370.71621007354  7.049000E-16
8373.74792579585  7.605000E-16
8376.77964151817  8.339000E-16
8379.81135724048  7.915000E-16
8382.84307296279  7.852000E-16
8385.8747886851  7.680000E-16
8388.90650440741  7.404000E-16
8391.93822012972  7.425000E-16
8394.96993585203  7.867000E-16
8398.00165157434  7.869000E-16
8401.03336729665  8.255000E-16
8404.06508301896  8.392000E-16
8407.09679874127  8.662000E-16
8410.12851446358  9.605999E-16
8413.1602301859  1.012000E-15
8416.19194590821  1.118000E-15
8419.22366163052  9.711000E-16
8422.25537735283  1.080000E-15
8425.28709307514  1.003000E-15
8428.31880879745  1.149000E-15
8431.35052451976  1.245000E-15
8434.38224024207  1.269000E-15
8437.41395596438  1.276000E-15
8440.44567168669  1.293000E-15
8443.477387409  1.245000E-15
8446.50910313132  1.262000E-15
8449.54081885363  1.359000E-15
8452.57253457594  1.411000E-15
8455.60425029825  1.405000E-15
8458.63596602056  1.476000E-15
8461.66768174287  1.452000E-15
8464.69939746518  1.510000E-15
8467.73111318749  1.711000E-15
8470.7628289098  1.693000E-15
8473.79454463211  1.706000E-15
8476.82626035442  1.732000E-15
8479.85797607674  1.828000E-15
8482.88969179905  1.822000E-15
8485.92140752136  1.777000E-15
8488.95312324367  1.792000E-15
8491.98483896598  1.810000E-15
8495.01655468829  2.058000E-15
8498.0482704106  2.073000E-15
8501.07998613291  2.029000E-15
8504.11170185522  1.984000E-15
8507.14341757753  2.288000E-15
8510.17513329984  2.132000E-15
8513.20684902215  2.128000E-15
8516.23856474447  2.227000E-15
8519.27028046677  2.441000E-15
8522.30199618909  2.394000E-15
8525.3337119114  2.307000E-15
8528.36542763371  2.335000E-15
8531.39714335602  2.406000E-15
8534.42885907833  2.339000E-15
8537.46057480064  2.432000E-15
8540.49229052295  2.383000E-15
8543.52400624526  2.202000E-15
8546.55572196757  2.211000E-15
8549.58743768989  2.405000E-15
8552.6191534122  2.979000E-15
8555.65086913451  2.803000E-15
8558.68258485682  3.490000E-15
8561.71430057913  3.125000E-15
8564.74601630144  2.745000E-15
8567.77773202375  2.781000E-15
8570.80944774606  2.906000E-15
8573.84116346837  3.039000E-15
8576.87287919068  3.004000E-15
8579.90459491299  2.893000E-15
8582.9363106353  2.912000E-15
8585.96802635762  3.097000E-15
8588.99974207993  2.782000E-15
8592.03145780224  3.043000E-15
8595.06317352455  3.178000E-15
8598.09488924686  2.618000E-15
8601.12660496917  2.714000E-15
8604.15832069148  2.684000E-15
8607.19003641379  2.412000E-15
8610.2217521361  3.369000E-15
8613.25346785841  3.141000E-15
8616.28518358072  3.016000E-15
8619.31689930303  2.687000E-15
8622.34861502535  2.558000E-15
8625.38033074766  2.514000E-15
8628.41204646997  2.626000E-15
8631.44376219228  2.913000E-15
8634.47547791459  3.019000E-15
8637.5071936369  3.377000E-15
8640.53890935921  3.116000E-15
8643.57062508152  3.260000E-15
8646.60234080383  3.140000E-15
8649.63405652614  2.722000E-15
8652.66577224845  3.164000E-15
8655.69748797077  2.891000E-15
