4499.  3.646284E-14
4500.  3.642341E-14
4501.  3.638547E-14
4502.  3.632567E-14
4503.  3.626793E-14
4504.  3.634493E-14
4505.  3.662274E-14
4506.  3.682013E-14
4507.  3.668288E-14
4508.  3.636243E-14
4509.  3.610810E-14
4510.  3.592193E-14
4511.  3.579156E-14
4512.  3.575678E-14
4513.  3.575528E-14
4514.  3.565339E-14
4515.  3.545533E-14
4516.  3.529134E-14
4517.  3.524130E-14
4518.  3.519912E-14
4519.  3.499068E-14
4520.  3.465197E-14
4521.  3.454876E-14
4522.  3.489461E-14
4523.  3.525465E-14
4524.  3.512248E-14
4525.  3.466140E-14
4526.  3.434079E-14
4527.  3.425568E-14
4528.  3.425480E-14
4529.  3.428744E-14
4530.  3.435208E-14
4531.  3.436830E-14
4532.  3.432271E-14
4533.  3.426854E-14
4534.  3.423765E-14
4535.  3.421358E-14
4536.  3.419067E-14
4537.  3.418008E-14
4538.  3.407396E-14
4539.  3.375371E-14
4540.  3.337569E-14
4541.  3.321021E-14
4542.  3.323725E-14
4543.  3.331313E-14
4544.  3.342936E-14
4545.  3.351158E-14
4546.  3.337217E-14
4547.  3.305033E-14
4548.  3.281177E-14
4549.  3.277058E-14
4550.  3.273656E-14
4551.  3.250317E-14
4552.  3.214308E-14
4553.  3.191053E-14
4554.  3.186033E-14
4555.  3.190469E-14
4556.  3.202160E-14
4557.  3.219859E-14
4558.  3.234938E-14
4559.  3.248630E-14
4560.  3.250970E-14
4561.  3.227476E-14
4562.  3.190878E-14
4563.  3.171661E-14
4564.  3.168895E-14
4565.  3.159697E-14
4566.  3.123893E-14
4567.  3.080599E-14
4568.  3.061074E-14
4569.  3.064541E-14
4570.  3.070115E-14
4571.  3.074873E-14
4572.  3.070893E-14
4573.  3.030954E-14
4574.  2.958432E-14
4575.  2.905130E-14
4576.  2.891025E-14
4577.  2.897138E-14
4578.  2.919249E-14
4579.  2.955389E-14
4580.  2.959844E-14
4581.  2.910862E-14
4582.  2.852701E-14
4583.  2.826562E-14
4584.  2.820887E-14
4585.  2.821760E-14
4586.  2.830622E-14
4587.  2.835174E-14
4588.  2.818785E-14
4589.  2.789956E-14
4590.  2.767070E-14
4591.  2.750722E-14
4592.  2.743648E-14
4593.  2.755854E-14
4594.  2.776577E-14
4595.  2.777013E-14
4596.  2.754829E-14
4597.  2.727174E-14
4598.  2.700225E-14
4599.  2.674260E-14
4600.  2.657767E-14
4601.  2.650562E-14
4602.  2.649167E-14
4603.  2.657043E-14
4604.  2.664381E-14
4605.  2.647614E-14
4606.  2.608054E-14
4607.  2.580459E-14
4608.  2.583712E-14
4609.  2.595218E-14
4610.  2.590740E-14
4611.  2.574005E-14
4612.  2.550641E-14
4613.  2.517736E-14
4614.  2.486607E-14
4615.  2.475953E-14
4616.  2.480623E-14
4617.  2.479794E-14
4618.  2.466682E-14
4619.  2.452600E-14
4620.  2.446487E-14
4621.  2.445632E-14
4622.  2.446158E-14
4623.  2.449820E-14
4624.  2.447534E-14
4625.  2.426594E-14
4626.  2.394134E-14
4627.  2.369381E-14
4628.  2.354070E-14
4629.  2.346419E-14
4630.  2.350496E-14
4631.  2.361482E-14
4632.  2.364651E-14
4633.  2.359004E-14
4634.  2.348533E-14
4635.  2.332923E-14
4636.  2.314351E-14
4637.  2.299647E-14
4638.  2.288664E-14
4639.  2.281554E-14
4640.  2.281675E-14
4641.  2.283407E-14
4642.  2.273080E-14
4643.  2.250154E-14
4644.  2.232382E-14
4645.  2.230409E-14
4646.  2.234384E-14
4647.  2.232429E-14
4648.  2.225468E-14
4649.  2.219593E-14
4650.  2.216841E-14
4651.  2.216044E-14
4652.  2.218820E-14
4653.  2.224955E-14
4654.  2.221959E-14
4655.  2.202506E-14
4656.  2.177703E-14
4657.  2.160426E-14
4658.  2.148184E-14
4659.  2.132574E-14
4660.  2.107163E-14
4661.  2.086947E-14
4662.  2.094740E-14
4663.  2.122918E-14
4664.  2.133546E-14
4665.  2.115305E-14
4666.  2.085232E-14
4667.  2.048865E-14
4668.  2.008317E-14
4669.  1.994981E-14
4670.  2.023274E-14
4671.  2.053395E-14
4672.  2.045735E-14
4673.  2.016512E-14
4674.  2.002375E-14
4675.  2.011179E-14
4676.  2.022932E-14
4677.  2.025577E-14
4678.  2.022632E-14
4679.  2.012319E-14
4680.  1.991623E-14
4681.  1.975384E-14
4682.  1.980347E-14
4683.  1.994885E-14
4684.  1.990781E-14
4685.  1.962635E-14
4686.  1.937782E-14
4687.  1.936995E-14
4688.  1.947146E-14
4689.  1.945887E-14
4690.  1.930255E-14
4691.  1.921321E-14
4692.  1.936990E-14
4693.  1.961359E-14
4694.  1.962835E-14
4695.  1.938634E-14
4696.  1.920470E-14
4697.  1.930159E-14
4698.  1.949565E-14
4699.  1.952107E-14
4700.  1.938006E-14
4701.  1.920059E-14
4702.  1.900169E-14
4703.  1.882436E-14
4704.  1.883187E-14
4705.  1.903070E-14
4706.  1.913253E-14
4707.  1.894212E-14
4708.  1.867186E-14
4709.  1.863029E-14
4710.  1.879980E-14
4711.  1.888899E-14
4712.  1.871122E-14
4713.  1.850302E-14
4714.  1.861965E-14
4715.  1.902854E-14
4716.  1.930324E-14
4717.  1.923863E-14
4718.  1.905099E-14
4719.  1.894517E-14
4720.  1.889300E-14
4721.  1.885706E-14
4722.  1.883383E-14
4723.  1.881974E-14
4724.  1.879883E-14
4725.  1.877415E-14
4726.  1.878466E-14
4727.  1.887077E-14
4728.  1.894535E-14
4729.  1.886479E-14
4730.  1.866203E-14
4731.  1.857099E-14
4732.  1.869837E-14
4733.  1.887920E-14
4734.  1.894620E-14
4735.  1.893580E-14
4736.  1.894344E-14
4737.  1.900781E-14
4738.  1.906184E-14
4739.  1.901983E-14
4740.  1.890903E-14
4741.  1.887767E-14
4742.  1.898140E-14
4743.  1.912759E-14
4744.  1.924639E-14
4745.  1.935063E-14
4746.  1.941033E-14
4747.  1.940476E-14
4748.  1.938311E-14
4749.  1.939146E-14
4750.  1.941974E-14
4751.  1.947609E-14
4752.  1.957460E-14
4753.  1.967219E-14
4754.  1.973257E-14
4755.  1.976000E-14
4756.  1.970127E-14
4757.  1.950179E-14
4758.  1.933085E-14
4759.  1.939336E-14
4760.  1.961228E-14
4761.  1.976637E-14
4762.  1.980120E-14
4763.  1.981350E-14
4764.  1.986509E-14
4765.  1.993767E-14
4766.  2.001684E-14
4767.  2.011979E-14
4768.  2.017485E-14
4769.  2.007379E-14
4770.  1.987101E-14
4771.  1.976012E-14
4772.  1.978658E-14
4773.  1.986047E-14
4774.  1.994924E-14
4775.  2.004589E-14
4776.  2.003208E-14
4777.  1.986405E-14
4778.  1.966215E-14
4779.  1.951973E-14
4780.  1.941134E-14
4781.  1.933608E-14
4782.  1.928898E-14
4783.  1.929313E-14
4784.  1.944108E-14
4785.  1.965303E-14
4786.  1.953278E-14
4787.  1.891644E-14
4788.  1.830465E-14
4789.  1.816395E-14
4790.  1.831346E-14
4791.  1.842433E-14
4792.  1.846133E-14
4793.  1.843677E-14
4794.  1.828459E-14
4795.  1.804465E-14
4796.  1.785738E-14
4797.  1.774793E-14
4798.  1.767323E-14
4799.  1.763086E-14
4800.  1.761000E-14
4801.  1.753061E-14
4802.  1.736803E-14
4803.  1.718715E-14
4804.  1.702636E-14
4805.  1.688179E-14
4806.  1.680322E-14
4807.  1.680888E-14
4808.  1.684851E-14
4809.  1.689459E-14
4810.  1.694628E-14
4811.  1.694192E-14
4812.  1.686255E-14
4813.  1.675448E-14
4814.  1.665985E-14
4815.  1.656132E-14
4816.  1.640416E-14
4817.  1.614748E-14
4818.  1.592492E-14
4819.  1.588920E-14
4820.  1.597918E-14
4821.  1.603339E-14
4822.  1.602171E-14
4823.  1.598285E-14
4824.  1.591561E-14
4825.  1.582779E-14
4826.  1.578609E-14
4827.  1.582185E-14
4828.  1.585473E-14
4829.  1.579639E-14
4830.  1.567949E-14
4831.  1.560595E-14
4832.  1.560937E-14
4833.  1.562217E-14
4834.  1.558251E-14
4835.  1.551004E-14
4836.  1.545543E-14
4837.  1.542769E-14
4838.  1.542179E-14
4839.  1.545521E-14
4840.  1.551778E-14
4841.  1.553375E-14
4842.  1.547384E-14
4843.  1.539031E-14
4844.  1.531425E-14
4845.  1.524379E-14
4846.  1.525659E-14
4847.  1.540449E-14
4848.  1.557446E-14
4849.  1.563092E-14
4850.  1.560712E-14
4851.  1.561183E-14
4852.  1.568319E-14
4853.  1.576952E-14
4854.  1.581503E-14
4855.  1.583346E-14
4856.  1.592873E-14
4857.  1.617056E-14
4858.  1.642739E-14
4859.  1.653155E-14
4860.  1.651442E-14
4861.  1.648881E-14
4862.  1.648509E-14
4863.  1.648872E-14
4864.  1.650647E-14
4865.  1.653694E-14
4866.  1.660496E-14
4867.  1.674445E-14
4868.  1.688807E-14
4869.  1.691225E-14
4870.  1.682962E-14
4871.  1.684523E-14
4872.  1.709522E-14
4873.  1.739655E-14
4874.  1.749132E-14
4875.  1.740170E-14
4876.  1.732903E-14
4877.  1.737052E-14
4878.  1.743972E-14
4879.  1.744128E-14
4880.  1.737751E-14
4881.  1.735385E-14
4882.  1.744567E-14
4883.  1.756894E-14
4884.  1.757826E-14
4885.  1.746594E-14
4886.  1.744315E-14
4887.  1.768165E-14
4888.  1.800094E-14
4889.  1.807919E-14
4890.  1.789932E-14
4891.  1.776108E-14
4892.  1.785230E-14
4893.  1.804164E-14
4894.  1.816516E-14
4895.  1.822226E-14
4896.  1.824663E-14
4897.  1.822409E-14
4898.  1.818664E-14
4899.  1.823751E-14
4900.  1.839002E-14
4901.  1.856355E-14
4902.  1.872964E-14
4903.  1.887974E-14
4904.  1.891580E-14
4905.  1.879594E-14
4906.  1.872379E-14
4907.  1.890085E-14
4908.  1.920627E-14
4909.  1.936333E-14
4910.  1.931675E-14
4911.  1.924105E-14
4912.  1.924401E-14
4913.  1.929542E-14
4914.  1.941821E-14
4915.  1.963703E-14
4916.  1.986419E-14
4917.  2.002720E-14
4918.  2.014203E-14
4919.  2.017029E-14
4920.  2.008168E-14
4921.  1.996415E-14
4922.  1.991052E-14
4923.  1.989443E-14
4924.  1.986587E-14
4925.  1.978897E-14
4926.  1.975320E-14
4927.  1.989055E-14
4928.  2.016251E-14
4929.  2.035113E-14
4930.  2.035886E-14
4931.  2.033488E-14
4932.  2.044974E-14
4933.  2.067135E-14
4934.  2.080631E-14
4935.  2.077595E-14
4936.  2.066217E-14
4937.  2.050707E-14
4938.  2.030067E-14
4939.  2.020069E-14
4940.  2.032214E-14
4941.  2.051861E-14
4942.  2.058273E-14
4943.  2.052708E-14
4944.  2.049237E-14
4945.  2.053213E-14
4946.  2.062446E-14
4947.  2.080287E-14
4948.  2.108278E-14
4949.  2.129187E-14
4950.  2.130105E-14
4951.  2.121338E-14
4952.  2.117255E-14
4953.  2.117305E-14
4954.  2.122763E-14
4955.  2.139899E-14
4956.  2.161497E-14
4957.  2.167270E-14
4958.  2.153137E-14
4959.  2.139665E-14
4960.  2.141196E-14
4961.  2.151668E-14
4962.  2.166702E-14
4963.  2.188617E-14
4964.  2.205992E-14
4965.  2.204953E-14
4966.  2.192195E-14
4967.  2.184293E-14
4968.  2.183161E-14
4969.  2.188243E-14
4970.  2.206122E-14
4971.  2.232888E-14
4972.  2.244997E-14
4973.  2.232645E-14
4974.  2.215036E-14
4975.  2.210680E-14
4976.  2.215292E-14
4977.  2.220810E-14
4978.  2.224498E-14
4979.  2.229883E-14
4980.  2.241649E-14
4981.  2.259070E-14
4982.  2.270516E-14
4983.  2.270478E-14
4984.  2.264563E-14
4985.  2.257439E-14
4986.  2.248450E-14
4987.  2.239633E-14
4988.  2.230955E-14
4989.  2.224310E-14
4990.  2.224962E-14
4991.  2.232741E-14
4992.  2.245558E-14
4993.  2.267287E-14
4994.  2.290129E-14
4995.  2.291304E-14
4996.  2.266947E-14
4997.  2.245615E-14
4998.  2.247330E-14
4999.  2.261431E-14
5000.  2.275217E-14
5001.  2.288147E-14
5002.  2.300875E-14
5003.  2.313538E-14
5004.  2.325122E-14
5005.  2.329563E-14
5006.  2.325101E-14
5007.  2.316502E-14
5008.  2.305727E-14
5009.  2.293173E-14
5010.  2.287402E-14
5011.  2.290362E-14
5012.  2.300090E-14
5013.  2.319335E-14
5014.  2.346678E-14
5015.  2.363981E-14
5016.  2.362738E-14
5017.  2.355159E-14
5018.  2.352891E-14
5019.  2.354052E-14
5020.  2.359403E-14
5021.  2.372360E-14
5022.  2.386461E-14
5023.  2.389887E-14
5024.  2.383097E-14
5025.  2.377068E-14
5026.  2.376694E-14
5027.  2.379549E-14
5028.  2.385375E-14
5029.  2.393971E-14
5030.  2.406924E-14
5031.  2.429627E-14
5032.  2.454821E-14
5033.  2.460772E-14
5034.  2.442352E-14
5035.  2.425148E-14
5036.  2.429370E-14
5037.  2.445543E-14
5038.  2.459296E-14
5039.  2.468837E-14
5040.  2.477040E-14
5041.  2.484489E-14
5042.  2.490962E-14
5043.  2.495558E-14
5044.  2.496895E-14
5045.  2.498996E-14
5046.  2.507764E-14
5047.  2.521599E-14
5048.  2.532104E-14
5049.  2.535677E-14
5050.  2.537010E-14
5051.  2.540065E-14
5052.  2.544176E-14
5053.  2.551754E-14
5054.  2.565798E-14
5055.  2.581745E-14
5056.  2.591838E-14
5057.  2.596318E-14
5058.  2.599931E-14
5059.  2.603365E-14
5060.  2.608109E-14
5061.  2.621594E-14
5062.  2.646049E-14
5063.  2.666389E-14
5064.  2.670807E-14
5065.  2.665762E-14
5066.  2.659678E-14
5067.  2.650869E-14
5068.  2.648678E-14
5069.  2.668123E-14
5070.  2.700823E-14
5071.  2.717278E-14
5072.  2.708224E-14
5073.  2.692884E-14
5074.  2.687783E-14
5075.  2.688643E-14
5076.  2.686452E-14
5077.  2.674998E-14
5078.  2.666749E-14
5079.  2.681544E-14
5080.  2.716734E-14
5081.  2.740413E-14
5082.  2.736466E-14
5083.  2.720349E-14
5084.  2.706574E-14
5085.  2.693368E-14
5086.  2.685613E-14
5087.  2.689631E-14
5088.  2.699063E-14
5089.  2.701929E-14
5090.  2.697341E-14
5091.  2.692160E-14
5092.  2.690200E-14
5093.  2.689887E-14
5094.  2.690528E-14
5095.  2.692422E-14
5096.  2.694178E-14
5097.  2.694682E-14
5098.  2.694115E-14
5099.  2.691285E-14
5100.  2.685921E-14
5101.  2.678314E-14
5102.  2.667512E-14
5103.  2.653924E-14
5104.  2.643560E-14
5105.  2.638964E-14
5106.  2.637275E-14
5107.  2.635668E-14
5108.  2.634350E-14
5109.  2.637222E-14
5110.  2.649744E-14
5111.  2.663485E-14
5112.  2.660463E-14
5113.  2.638895E-14
5114.  2.622060E-14
5115.  2.628072E-14
5116.  2.643701E-14
5117.  2.645038E-14
5118.  2.628203E-14
5119.  2.610033E-14
5120.  2.602065E-14
5121.  2.599919E-14
5122.  2.599619E-14
5123.  2.601462E-14
5124.  2.603112E-14
5125.  2.600446E-14
5126.  2.594801E-14
5127.  2.591841E-14
5128.  2.594575E-14
5129.  2.597842E-14
5130.  2.594953E-14
5131.  2.586799E-14
5132.  2.580617E-14
5133.  2.579211E-14
5134.  2.580981E-14
5135.  2.587025E-14
5136.  2.598315E-14
5137.  2.605120E-14
5138.  2.598613E-14
5139.  2.586332E-14
5140.  2.583077E-14
5141.  2.591345E-14
5142.  2.598723E-14
5143.  2.595734E-14
5144.  2.586717E-14
5145.  2.578478E-14
5146.  2.570648E-14
5147.  2.566840E-14
5148.  2.575244E-14
5149.  2.592690E-14
5150.  2.600868E-14
5151.  2.590340E-14
5152.  2.576858E-14
5153.  2.579550E-14
5154.  2.595808E-14
5155.  2.609455E-14
5156.  2.614186E-14
5157.  2.613749E-14
5158.  2.607745E-14
5159.  2.595200E-14
5160.  2.584720E-14
5161.  2.581895E-14
5162.  2.583916E-14
5163.  2.589713E-14
5164.  2.600641E-14
5165.  2.610023E-14
5166.  2.610840E-14
5167.  2.606324E-14
5168.  2.603739E-14
5169.  2.606147E-14
5170.  2.605996E-14
5171.  2.592586E-14
5172.  2.569265E-14
5173.  2.558677E-14
5174.  2.573627E-14
5175.  2.594543E-14
5176.  2.597050E-14
5177.  2.583712E-14
5178.  2.568539E-14
5179.  2.555395E-14
5180.  2.544500E-14
5181.  2.544406E-14
5182.  2.557538E-14
5183.  2.564981E-14
5184.  2.549428E-14
5185.  2.522643E-14
5186.  2.509505E-14
5187.  2.514551E-14
5188.  2.524648E-14
5189.  2.532591E-14
5190.  2.539819E-14
5191.  2.540246E-14
5192.  2.530772E-14
5193.  2.517270E-14
5194.  2.505828E-14
5195.  2.495329E-14
5196.  2.483496E-14
5197.  2.468382E-14
5198.  2.453171E-14
5199.  2.443786E-14
5200.  2.440453E-14
5201.  2.435843E-14
5202.  2.424290E-14
5203.  2.410385E-14
5204.  2.402819E-14
5205.  2.403531E-14
5206.  2.403369E-14
5207.  2.394615E-14
5208.  2.380722E-14
5209.  2.368450E-14
5210.  2.359517E-14
5211.  2.350766E-14
5212.  2.339317E-14
5213.  2.325935E-14
5214.  2.315049E-14
5215.  2.310453E-14
5216.  2.305486E-14
5217.  2.288704E-14
5218.  2.260220E-14
5219.  2.237514E-14
5220.  2.233108E-14
5221.  2.235767E-14
5222.  2.227108E-14
5223.  2.205073E-14
5224.  2.183296E-14
5225.  2.170234E-14
5226.  2.162669E-14
5227.  2.159898E-14
5228.  2.164185E-14
5229.  2.167315E-14
5230.  2.157882E-14
5231.  2.139499E-14
5232.  2.127801E-14
5233.  2.130687E-14
5234.  2.136189E-14
5235.  2.130198E-14
5236.  2.114268E-14
5237.  2.095859E-14
5238.  2.075094E-14
5239.  2.055568E-14
5240.  2.050121E-14
5241.  2.060721E-14
5242.  2.072589E-14
5243.  2.076169E-14
5244.  2.075233E-14
5245.  2.070901E-14
5246.  2.062256E-14
5247.  2.052888E-14
5248.  2.047414E-14
5249.  2.044380E-14
5250.  2.038908E-14
5251.  2.027819E-14
5252.  2.016895E-14
5253.  2.014349E-14
5254.  2.019424E-14
5255.  2.023823E-14
5256.  2.023077E-14
5257.  2.020656E-14
5258.  2.020510E-14
5259.  2.023032E-14
5260.  2.025047E-14
5261.  2.025457E-14
5262.  2.023998E-14
5263.  2.016462E-14
5264.  2.000402E-14
5265.  1.983434E-14
5266.  1.972692E-14
5267.  1.966383E-14
5268.  1.964694E-14
5269.  1.970624E-14
5270.  1.977055E-14
5271.  1.971659E-14
5272.  1.955294E-14
5273.  1.941182E-14
5274.  1.936359E-14
5275.  1.935960E-14
5276.  1.936261E-14
5277.  1.938519E-14
5278.  1.936095E-14
5279.  1.919952E-14
5280.  1.896091E-14
5281.  1.882104E-14
5282.  1.881966E-14
5283.  1.888082E-14
5284.  1.898067E-14
5285.  1.912002E-14
5286.  1.915735E-14
5287.  1.899559E-14
5288.  1.878168E-14
5289.  1.872561E-14
5290.  1.881932E-14
5291.  1.887689E-14
5292.  1.877372E-14
5293.  1.860919E-14
5294.  1.854474E-14
5295.  1.860334E-14
5296.  1.867595E-14
5297.  1.868066E-14
5298.  1.865186E-14
5299.  1.865666E-14
5300.  1.872723E-14
5301.  1.879065E-14
5302.  1.875175E-14
5303.  1.862935E-14
5304.  1.855852E-14
5305.  1.860606E-14
5306.  1.870594E-14
5307.  1.879473E-14
5308.  1.888082E-14
5309.  1.893746E-14
5310.  1.893043E-14
5311.  1.888606E-14
5312.  1.886309E-14
5313.  1.887975E-14
5314.  1.887242E-14
5315.  1.875552E-14
5316.  1.856816E-14
5317.  1.850478E-14
5318.  1.866798E-14
5319.  1.887798E-14
5320.  1.891643E-14
5321.  1.880996E-14
5322.  1.870958E-14
5323.  1.868436E-14
5324.  1.868805E-14
5325.  1.868658E-14
5326.  1.867833E-14
5327.  1.867834E-14
5328.  1.870082E-14
5329.  1.873569E-14
5330.  1.875187E-14
5331.  1.874437E-14
5332.  1.871933E-14
5333.  1.867283E-14
5334.  1.860631E-14
5335.  1.854469E-14
5336.  1.849988E-14
5337.  1.845927E-14
5338.  1.840586E-14
5339.  1.833679E-14
5340.  1.829362E-14
5341.  1.831903E-14
5342.  1.837462E-14
5343.  1.837201E-14
5344.  1.829156E-14
5345.  1.820393E-14
5346.  1.816331E-14
5347.  1.815274E-14
5348.  1.815784E-14
5349.  1.818512E-14
5350.  1.821212E-14
5351.  1.819877E-14
5352.  1.814959E-14
5353.  1.810156E-14
5354.  1.806833E-14
5355.  1.804549E-14
5356.  1.804500E-14
5357.  1.807278E-14
5358.  1.809433E-14
5359.  1.808115E-14
5360.  1.804570E-14
5361.  1.800238E-14
5362.  1.794303E-14
5363.  1.789841E-14
5364.  1.792941E-14
5365.  1.802262E-14
5366.  1.804201E-14
5367.  1.789599E-14
5368.  1.770167E-14
5369.  1.763389E-14
5370.  1.769618E-14
5371.  1.775791E-14
5372.  1.773797E-14
5373.  1.767982E-14
5374.  1.763663E-14
5375.  1.761935E-14
5376.  1.759834E-14
5377.  1.753898E-14
5378.  1.745421E-14
5379.  1.742355E-14
5380.  1.749590E-14
5381.  1.759405E-14
5382.  1.761179E-14
5383.  1.755435E-14
5384.  1.751013E-14
5385.  1.754067E-14
5386.  1.759642E-14
5387.  1.759284E-14
5388.  1.752037E-14
5389.  1.741527E-14
5390.  1.729300E-14
5391.  1.715120E-14
5392.  1.700991E-14
5393.  1.685944E-14
5394.  1.673581E-14
5395.  1.671088E-14
5396.  1.677849E-14
5397.  1.683360E-14
5398.  1.682386E-14
5399.  1.678237E-14
5400.  1.672510E-14
5401.  1.664402E-14
5402.  1.657978E-14
5403.  1.658632E-14
5404.  1.663265E-14
5405.  1.661588E-14
5406.  1.648666E-14
5407.  1.635235E-14
5408.  1.634703E-14
5409.  1.644841E-14
5410.  1.649396E-14
5411.  1.639308E-14
5412.  1.623250E-14
5413.  1.611925E-14
5414.  1.605386E-14
5415.  1.600138E-14
5416.  1.594292E-14
5417.  1.588887E-14
5418.  1.586252E-14
5419.  1.587411E-14
5420.  1.589790E-14
5421.  1.591683E-14
5422.  1.593444E-14
5423.  1.590173E-14
5424.  1.576999E-14
5425.  1.561100E-14
5426.  1.554510E-14
5427.  1.557308E-14
5428.  1.562894E-14
5429.  1.569064E-14
5430.  1.575703E-14
5431.  1.576909E-14
5432.  1.569373E-14
5433.  1.562830E-14
5434.  1.569649E-14
5435.  1.586526E-14
5436.  1.595435E-14
5437.  1.586081E-14
5438.  1.571462E-14
5439.  1.568829E-14
5440.  1.577964E-14
5441.  1.588747E-14
5442.  1.595558E-14
5443.  1.601200E-14
5444.  1.608536E-14
5445.  1.618991E-14
5446.  1.628033E-14
5447.  1.630408E-14
5448.  1.627615E-14
5449.  1.625244E-14
5450.  1.623633E-14
5451.  1.624778E-14
5452.  1.636301E-14
5453.  1.659507E-14
5454.  1.677167E-14
5455.  1.675332E-14
5456.  1.663401E-14
5457.  1.658563E-14
5458.  1.663926E-14
5459.  1.671630E-14
5460.  1.677398E-14
5461.  1.682160E-14
5462.  1.681910E-14
5463.  1.671998E-14
5464.  1.660610E-14
5465.  1.660819E-14
5466.  1.672145E-14
5467.  1.687323E-14
5468.  1.704990E-14
5469.  1.723734E-14
5470.  1.733944E-14
5471.  1.733723E-14
5472.  1.728000E-14
5473.  1.717507E-14
5474.  1.702604E-14
5475.  1.697692E-14
5476.  1.712195E-14
5477.  1.732644E-14
5478.  1.740126E-14
5479.  1.734875E-14
5480.  1.730383E-14
5481.  1.734946E-14
5482.  1.743867E-14
5483.  1.751063E-14
5484.  1.755487E-14
5485.  1.759617E-14
5486.  1.765574E-14
5487.  1.772727E-14
5488.  1.777333E-14
5489.  1.776798E-14
5490.  1.774878E-14
5491.  1.777492E-14
5492.  1.784959E-14
5493.  1.790757E-14
5494.  1.789322E-14
5495.  1.784497E-14
5496.  1.785077E-14
5497.  1.794277E-14
5498.  1.803233E-14
5499.  1.802417E-14
5500.  1.794217E-14
5501.  1.788274E-14
5502.  1.788468E-14
5503.  1.791496E-14
5504.  1.795464E-14
5505.  1.800939E-14
5506.  1.804997E-14
5507.  1.805471E-14
5508.  1.803186E-14
5509.  1.797413E-14
5510.  1.785481E-14
5511.  1.775793E-14
5512.  1.780260E-14
5513.  1.796368E-14
5514.  1.809449E-14
5515.  1.812140E-14
5516.  1.811278E-14
5517.  1.814739E-14
5518.  1.823320E-14
5519.  1.829861E-14
5520.  1.828458E-14
5521.  1.822244E-14
5522.  1.818118E-14
5523.  1.817642E-14
5524.  1.818540E-14
5525.  1.819440E-14
5526.  1.820554E-14
5527.  1.823292E-14
5528.  1.828994E-14
5529.  1.835971E-14
5530.  1.841059E-14
5531.  1.844122E-14
5532.  1.846271E-14
5533.  1.847643E-14
5534.  1.848402E-14
5535.  1.850442E-14
5536.  1.854709E-14
5537.  1.859444E-14
5538.  1.861918E-14
5539.  1.862180E-14
5540.  1.866429E-14
5541.  1.880878E-14
5542.  1.898896E-14
5543.  1.906293E-14
5544.  1.900178E-14
5545.  1.892590E-14
5546.  1.893124E-14
5547.  1.898636E-14
5548.  1.904824E-14
5549.  1.911820E-14
5550.  1.917607E-14
5551.  1.916401E-14
5552.  1.907862E-14
5553.  1.902579E-14
5554.  1.908894E-14
5555.  1.920700E-14
5556.  1.926666E-14
5557.  1.924356E-14
5558.  1.920724E-14
5559.  1.921494E-14
5560.  1.925112E-14
5561.  1.928024E-14
5562.  1.930441E-14
5563.  1.930317E-14
5564.  1.920841E-14
5565.  1.900351E-14
5566.  1.884231E-14
5567.  1.885561E-14
5568.  1.896785E-14
5569.  1.903080E-14
5570.  1.901214E-14
5571.  1.896911E-14
5572.  1.893638E-14
5573.  1.890690E-14
5574.  1.887975E-14
5575.  1.885815E-14
5576.  1.883764E-14
5577.  1.880299E-14
5578.  1.874174E-14
5579.  1.872099E-14
5580.  1.882428E-14
5581.  1.900639E-14
5582.  1.911053E-14
5583.  1.908870E-14
5584.  1.900543E-14
5585.  1.889130E-14
5586.  1.873442E-14
5587.  1.863414E-14
5588.  1.867478E-14
5589.  1.878489E-14
5590.  1.883901E-14
5591.  1.882203E-14
5592.  1.878272E-14
5593.  1.874533E-14
5594.  1.870378E-14
5595.  1.866874E-14
5596.  1.865062E-14
5597.  1.863251E-14
5598.  1.858104E-14
5599.  1.848909E-14
5600.  1.843535E-14
5601.  1.849382E-14
5602.  1.861407E-14
5603.  1.867916E-14
5604.  1.865922E-14
5605.  1.861773E-14
5606.  1.860776E-14
5607.  1.861855E-14
5608.  1.861639E-14
5609.  1.857585E-14
5610.  1.852816E-14
5611.  1.853566E-14
5612.  1.861592E-14
5613.  1.866844E-14
5614.  1.859136E-14
5615.  1.843319E-14
5616.  1.833667E-14
5617.  1.835680E-14
5618.  1.840836E-14
5619.  1.840359E-14
5620.  1.835057E-14
5621.  1.830565E-14
5622.  1.829753E-14
5623.  1.830991E-14
5624.  1.833395E-14
5625.  1.837993E-14
5626.  1.840785E-14
5627.  1.835663E-14
5628.  1.824520E-14
5629.  1.818431E-14
5630.  1.824343E-14
5631.  1.833199E-14
5632.  1.831674E-14
5633.  1.819026E-14
5634.  1.806239E-14
5635.  1.800696E-14
5636.  1.799058E-14
5637.  1.797226E-14
5638.  1.793860E-14
5639.  1.791552E-14
5640.  1.793800E-14
5641.  1.800351E-14
5642.  1.803599E-14
5643.  1.798020E-14
5644.  1.788621E-14
5645.  1.783713E-14
5646.  1.784442E-14
5647.  1.786167E-14
5648.  1.785222E-14
5649.  1.782868E-14
5650.  1.782829E-14
5651.  1.787682E-14
5652.  1.793269E-14
5653.  1.793355E-14
5654.  1.787945E-14
5655.  1.781706E-14
5656.  1.777161E-14
5657.  1.773313E-14
5658.  1.770475E-14
5659.  1.769630E-14
5660.  1.767867E-14
5661.  1.760310E-14
5662.  1.747656E-14
5663.  1.739444E-14
5664.  1.742980E-14
5665.  1.750585E-14
5666.  1.748231E-14
5667.  1.732701E-14
5668.  1.719326E-14
5669.  1.723109E-14
5670.  1.738143E-14
5671.  1.745706E-14
5672.  1.736834E-14
5673.  1.724347E-14
5674.  1.724480E-14
5675.  1.737401E-14
5676.  1.747012E-14
5677.  1.741881E-14
5678.  1.728746E-14
5679.  1.718713E-14
5680.  1.713953E-14
5681.  1.710515E-14
5682.  1.706035E-14
5683.  1.700974E-14
5684.  1.696358E-14
5685.  1.692538E-14
5686.  1.689329E-14
5687.  1.687015E-14
5688.  1.686171E-14
5689.  1.684157E-14
5690.  1.677708E-14
5691.  1.668200E-14
5692.  1.660824E-14
5693.  1.657536E-14
5694.  1.656068E-14
5695.  1.655270E-14
5696.  1.655962E-14
5697.  1.652602E-14
5698.  1.638149E-14
5699.  1.618134E-14
5700.  1.608499E-14
5701.  1.615641E-14
5702.  1.624298E-14
5703.  1.616715E-14
5704.  1.595771E-14
5705.  1.581641E-14
5706.  1.588639E-14
5707.  1.602543E-14
5708.  1.598164E-14
5709.  1.569900E-14
5710.  1.542344E-14
5711.  1.537257E-14
5712.  1.547302E-14
5713.  1.555792E-14
5714.  1.558264E-14
5715.  1.557501E-14
5716.  1.551299E-14
5717.  1.538691E-14
5718.  1.527931E-14
5719.  1.526495E-14
5720.  1.530051E-14
5721.  1.529081E-14
5722.  1.520499E-14
5723.  1.510194E-14
5724.  1.503965E-14
5725.  1.501017E-14
5726.  1.496950E-14
5727.  1.487929E-14
5728.  1.477881E-14
5729.  1.475454E-14
5730.  1.483217E-14
5731.  1.491917E-14
5732.  1.492946E-14
5733.  1.488744E-14
5734.  1.484733E-14
5735.  1.483025E-14
5736.  1.481674E-14
5737.  1.478718E-14
5738.  1.473648E-14
5739.  1.470065E-14
5740.  1.470844E-14
5741.  1.474771E-14
5742.  1.480382E-14
5743.  1.488628E-14
5744.  1.496542E-14
5745.  1.499291E-14
5746.  1.497469E-14
5747.  1.492248E-14
5748.  1.481401E-14
5749.  1.468260E-14
5750.  1.464841E-14
5751.  1.475698E-14
5752.  1.488045E-14
5753.  1.488244E-14
5754.  1.479219E-14
5755.  1.472702E-14
5756.  1.475018E-14
5757.  1.480375E-14
5758.  1.481178E-14
5759.  1.476465E-14
5760.  1.471333E-14
5761.  1.469272E-14
5762.  1.469188E-14
5763.  1.470649E-14
5764.  1.473695E-14
5765.  1.478156E-14
5766.  1.484201E-14
5767.  1.492419E-14
5768.  1.498576E-14
5769.  1.498652E-14
5770.  1.494993E-14
5771.  1.492920E-14
5772.  1.494177E-14
5773.  1.495540E-14
5774.  1.493380E-14
5775.  1.487956E-14
5776.  1.484729E-14
5777.  1.488985E-14
5778.  1.495597E-14
5779.  1.492363E-14
5780.  1.474116E-14
5781.  1.457917E-14
5782.  1.463562E-14
5783.  1.486021E-14
5784.  1.500555E-14
5785.  1.494547E-14
5786.  1.479902E-14
5787.  1.469809E-14
5788.  1.464139E-14
5789.  1.461179E-14
5790.  1.462330E-14
5791.  1.466676E-14
5792.  1.468216E-14
5793.  1.462977E-14
5794.  1.457543E-14
5795.  1.461728E-14
5796.  1.475884E-14
5797.  1.489595E-14
5798.  1.495801E-14
5799.  1.497979E-14
5800.  1.500519E-14
5801.  1.504871E-14
5802.  1.508182E-14
5803.  1.506958E-14
5804.  1.501427E-14
5805.  1.497343E-14
5806.  1.498241E-14
5807.  1.501747E-14
5808.  1.504997E-14
5809.  1.507480E-14
5810.  1.510630E-14
5811.  1.515880E-14
5812.  1.522883E-14
5813.  1.529003E-14
5814.  1.532794E-14
5815.  1.535624E-14
5816.  1.539371E-14
5817.  1.544554E-14
5818.  1.548508E-14
5819.  1.548608E-14
5820.  1.545866E-14
5821.  1.543229E-14
5822.  1.541430E-14
5823.  1.540088E-14
5824.  1.539379E-14
5825.  1.538944E-14
5826.  1.541039E-14
5827.  1.548861E-14
5828.  1.560199E-14
5829.  1.567610E-14
5830.  1.568890E-14
5831.  1.567324E-14
5832.  1.564598E-14
5833.  1.559997E-14
5834.  1.558595E-14
5835.  1.565428E-14
5836.  1.576464E-14
5837.  1.582735E-14
5838.  1.581424E-14
5839.  1.579755E-14
5840.  1.586332E-14
5841.  1.599723E-14
5842.  1.605767E-14
5843.  1.593537E-14
5844.  1.574189E-14
5845.  1.567756E-14
5846.  1.577410E-14
5847.  1.590740E-14
5848.  1.599159E-14
5849.  1.605007E-14
5850.  1.607939E-14
5851.  1.605944E-14
5852.  1.602462E-14
5853.  1.603984E-14
5854.  1.610706E-14
5855.  1.619780E-14
5856.  1.631842E-14
5857.  1.645721E-14
5858.  1.650211E-14
5859.  1.637285E-14
5860.  1.620942E-14
5861.  1.621796E-14
5862.  1.640001E-14
5863.  1.657726E-14
5864.  1.663330E-14
5865.  1.662397E-14
5866.  1.661583E-14
5867.  1.662842E-14
5868.  1.662760E-14
5869.  1.657694E-14
5870.  1.647813E-14
5871.  1.638244E-14
5872.  1.632234E-14
5873.  1.627753E-14
5874.  1.622353E-14
5875.  1.615924E-14
5876.  1.608350E-14
5877.  1.598405E-14
5878.  1.586249E-14
5879.  1.575424E-14
5880.  1.567663E-14
5881.  1.561890E-14
5882.  1.557717E-14
5883.  1.555427E-14
5884.  1.553893E-14
5885.  1.552757E-14
5886.  1.552016E-14
5887.  1.547018E-14
5888.  1.533703E-14
5889.  1.517530E-14
5890.  1.507946E-14
5891.  1.505939E-14
5892.  1.504717E-14
5893.  1.499239E-14
5894.  1.491319E-14
5895.  1.483919E-14
5896.  1.478534E-14
5897.  1.473001E-14
5898.  1.464252E-14
5899.  1.452034E-14
5900.  1.439707E-14
5901.  1.429674E-14
5902.  1.420885E-14
5903.  1.411936E-14
5904.  1.401789E-14
5905.  1.392614E-14
5906.  1.387676E-14
5907.  1.386933E-14
5908.  1.386815E-14
5909.  1.386117E-14
5910.  1.384752E-14
5911.  1.378843E-14
5912.  1.365875E-14
5913.  1.352048E-14
5914.  1.345632E-14
5915.  1.345761E-14
5916.  1.342982E-14
5917.  1.331155E-14
5918.  1.314698E-14
5919.  1.300188E-14
5920.  1.288682E-14
5921.  1.277693E-14
5922.  1.265049E-14
5923.  1.251125E-14
5924.  1.240507E-14
5925.  1.236508E-14
5926.  1.235888E-14
5927.  1.233541E-14
5928.  1.229582E-14
5929.  1.223439E-14
5930.  1.213143E-14
5931.  1.199273E-14
5932.  1.184714E-14
5933.  1.169298E-14
5934.  1.154657E-14
5935.  1.146307E-14
5936.  1.145591E-14
5937.  1.145356E-14
5938.  1.139809E-14
5939.  1.130843E-14
5940.  1.120324E-14
5941.  1.108889E-14
5942.  1.095822E-14
5943.  1.079788E-14
5944.  1.059894E-14
5945.  1.041729E-14
5946.  1.029933E-14
5947.  1.022658E-14
5948.  1.017632E-14
5949.  1.014463E-14
5950.  1.013292E-14
5951.  1.014386E-14
5952.  1.018548E-14
5953.  1.019876E-14
5954.  1.013521E-14
5955.  1.001897E-14
5956.  9.882189E-15
5957.  9.704200E-15
5958.  9.549267E-15
5959.  9.543943E-15
5960.  9.689676E-15
5961.  9.793331E-15
5962.  9.712471E-15
5963.  9.535204E-15
5964.  9.411901E-15
5965.  9.380285E-15
5966.  9.369477E-15
5967.  9.317999E-15
5968.  9.232864E-15
5969.  9.173438E-15
5970.  9.195036E-15
5971.  9.246901E-15
5972.  9.207778E-15
5973.  9.032292E-15
5974.  8.845345E-15
5975.  8.784442E-15
5976.  8.824936E-15
5977.  8.838861E-15
5978.  8.751887E-15
5979.  8.622717E-15
5980.  8.530452E-15
5981.  8.485872E-15
5982.  8.456668E-15
5983.  8.424214E-15
5984.  8.393091E-15
5985.  8.359852E-15
5986.  8.314039E-15
5987.  8.271032E-15
5988.  8.269858E-15
5989.  8.327440E-15
5990.  8.373708E-15
5991.  8.337958E-15
5992.  8.241004E-15
5993.  8.137659E-15
5994.  8.039837E-15
5995.  7.948276E-15
5996.  7.891692E-15
5997.  7.874261E-15
5998.  7.871880E-15
5999.  7.871539E-15
6000.  7.876111E-15
6001.  7.865624E-15
6002.  7.837319E-15
6003.  7.787247E-15
6004.  7.684966E-15
6005.  7.509172E-15
6006.  7.381961E-15
6007.  7.435831E-15
6008.  7.611487E-15
6009.  7.720333E-15
6010.  7.691597E-15
6011.  7.605301E-15
6012.  7.524078E-15
6013.  7.438774E-15
6014.  7.371073E-15
6015.  7.357570E-15
6016.  7.377952E-15
6017.  7.364342E-15
6018.  7.285852E-15
6019.  7.190052E-15
6020.  7.128293E-15
6021.  7.094539E-15
6022.  7.090291E-15
6023.  7.139248E-15
6024.  7.221264E-15
6025.  7.251935E-15
6026.  7.200353E-15
6027.  7.115528E-15
6028.  7.039369E-15
6029.  6.963460E-15
6030.  6.910204E-15
6031.  6.906235E-15
6032.  6.934387E-15
6033.  6.956434E-15
6034.  6.969119E-15
6035.  6.969805E-15
6036.  6.938345E-15
6037.  6.873880E-15
6038.  6.817655E-15
6039.  6.798356E-15
6040.  6.799160E-15
6041.  6.797394E-15
6042.  6.791217E-15
6043.  6.780266E-15
6044.  6.756536E-15
6045.  6.720444E-15
6046.  6.684801E-15
6047.  6.655188E-15
6048.  6.629958E-15
6049.  6.614769E-15
6050.  6.613651E-15
6051.  6.615595E-15
6052.  6.604859E-15
6053.  6.583032E-15
6054.  6.575601E-15
6055.  6.609681E-15
6056.  6.658520E-15
6057.  6.658035E-15
6058.  6.589322E-15
6059.  6.502674E-15
6060.  6.440554E-15
6061.  6.393522E-15
6062.  6.370247E-15
6063.  6.387952E-15
6064.  6.427282E-15
6065.  6.444853E-15
6066.  6.438425E-15
6067.  6.410249E-15
6068.  6.337878E-15
6069.  6.223789E-15
6070.  6.165898E-15
6071.  6.241736E-15
6072.  6.375722E-15
6073.  6.429236E-15
6074.  6.370979E-15
6075.  6.303756E-15
6076.  6.324964E-15
6077.  6.412082E-15
6078.  6.472782E-15
6079.  6.455499E-15
6080.  6.405159E-15
6081.  6.381255E-15
6082.  6.390992E-15
6083.  6.408487E-15
6084.  6.416010E-15
6085.  6.418105E-15
6086.  6.426418E-15
6087.  6.445405E-15
6088.  6.472204E-15
6089.  6.507470E-15
6090.  6.554929E-15
6091.  6.599762E-15
6092.  6.623726E-15
6093.  6.631977E-15
6094.  6.646858E-15
6095.  6.683792E-15
6096.  6.725183E-15
6097.  6.740529E-15
6098.  6.722327E-15
6099.  6.703787E-15
6100.  6.712546E-15
6101.  6.740743E-15
6102.  6.783241E-15
6103.  6.851627E-15
6104.  6.923464E-15
6105.  6.941763E-15
6106.  6.889468E-15
6107.  6.846625E-15
6108.  6.891433E-15
6109.  6.999084E-15
6110.  7.097874E-15
6111.  7.162231E-15
6112.  7.210183E-15
6113.  7.244922E-15
6114.  7.264565E-15
6115.  7.277139E-15
6116.  7.293308E-15
6117.  7.309265E-15
6118.  7.307343E-15
6119.  7.268756E-15
6120.  7.221854E-15
6121.  7.217188E-15
6122.  7.256937E-15
6123.  7.321301E-15
6124.  7.404704E-15
6125.  7.507741E-15
6126.  7.606861E-15
6127.  7.700968E-15
6128.  7.781389E-15
6129.  7.815169E-15
6130.  7.795050E-15
6131.  7.762541E-15
6132.  7.745724E-15
6133.  7.736763E-15
6134.  7.753564E-15
6135.  7.814215E-15
6136.  7.892030E-15
6137.  7.942177E-15
6138.  7.961419E-15
6139.  7.976507E-15
6140.  8.004961E-15
6141.  8.041111E-15
6142.  8.081312E-15
6143.  8.123299E-15
6144.  8.170607E-15
6145.  8.232061E-15
6146.  8.313052E-15
6147.  8.385029E-15
6148.  8.413739E-15
6149.  8.413220E-15
6150.  8.442064E-15
6151.  8.534426E-15
6152.  8.646379E-15
6153.  8.714363E-15
6154.  8.730809E-15
6155.  8.750351E-15
6156.  8.819549E-15
6157.  8.921065E-15
6158.  9.010051E-15
6159.  9.068546E-15
6160.  9.114644E-15
6161.  9.163368E-15
6162.  9.213193E-15
6163.  9.267426E-15
6164.  9.334667E-15
6165.  9.411054E-15
6166.  9.477368E-15
6167.  9.531418E-15
6168.  9.569511E-15
6169.  9.565334E-15
6170.  9.500092E-15
6171.  9.472599E-15
6172.  9.594003E-15
6173.  9.820314E-15
6174.  9.992283E-15
6175.  1.004099E-14
6176.  1.003801E-14
6177.  1.005033E-14
6178.  1.007466E-14
6179.  1.010944E-14
6180.  1.016557E-14
6181.  1.023871E-14
6182.  1.031189E-14
6183.  1.038345E-14
6184.  1.044964E-14
6185.  1.049090E-14
6186.  1.049880E-14
6187.  1.051805E-14
6188.  1.058463E-14
6189.  1.068732E-14
6190.  1.082735E-14
6191.  1.102279E-14
6192.  1.124025E-14
6193.  1.141753E-14
6194.  1.155976E-14
6195.  1.165720E-14
6196.  1.168226E-14
6197.  1.164576E-14
6198.  1.159955E-14
6199.  1.154494E-14
6200.  1.150151E-14
6201.  1.154408E-14
6202.  1.169376E-14
6203.  1.184070E-14
6204.  1.187585E-14
6205.  1.183626E-14
6206.  1.184066E-14
6207.  1.195329E-14
6208.  1.210252E-14
6209.  1.219023E-14
6210.  1.220355E-14
6211.  1.221392E-14
6212.  1.228805E-14
6213.  1.240385E-14
6214.  1.247284E-14
6215.  1.244371E-14
6216.  1.237317E-14
6217.  1.233880E-14
6218.  1.234306E-14
6219.  1.236650E-14
6220.  1.240167E-14
6221.  1.245082E-14
6222.  1.252243E-14
6223.  1.263697E-14
6224.  1.276144E-14
6225.  1.282149E-14
6226.  1.280064E-14
6227.  1.277161E-14
6228.  1.280268E-14
6229.  1.287444E-14
6230.  1.292630E-14
6231.  1.292754E-14
6232.  1.290626E-14
6233.  1.289256E-14
6234.  1.288071E-14
6235.  1.289218E-14
6236.  1.296703E-14
6237.  1.309466E-14
6238.  1.319760E-14
6239.  1.323754E-14
6240.  1.324427E-14
6241.  1.324178E-14
6242.  1.322550E-14
6243.  1.321291E-14
6244.  1.323066E-14
6245.  1.327233E-14
6246.  1.331099E-14
6247.  1.332916E-14
6248.  1.334356E-14
6249.  1.338206E-14
6250.  1.345149E-14
6251.  1.352905E-14
6252.  1.359918E-14
6253.  1.366612E-14
6254.  1.370950E-14
6255.  1.370130E-14
6256.  1.367431E-14
6257.  1.370864E-14
6258.  1.383918E-14
6259.  1.395539E-14
6260.  1.392108E-14
6261.  1.375971E-14
6262.  1.365907E-14
6263.  1.374228E-14
6264.  1.391031E-14
6265.  1.401002E-14
6266.  1.401678E-14
6267.  1.398874E-14
6268.  1.395771E-14
6269.  1.391628E-14
6270.  1.387750E-14
6271.  1.385376E-14
6272.  1.383556E-14
6273.  1.380717E-14
6274.  1.376575E-14
6275.  1.371720E-14
6276.  1.367119E-14
6277.  1.362875E-14
6278.  1.354793E-14
6279.  1.336741E-14
6280.  1.314832E-14
6281.  1.306448E-14
6282.  1.318387E-14
6283.  1.334801E-14
6284.  1.337961E-14
6285.  1.329826E-14
6286.  1.324300E-14
6287.  1.330664E-14
6288.  1.342929E-14
6289.  1.350838E-14
6290.  1.351846E-14
6291.  1.350338E-14
6292.  1.349784E-14
6293.  1.349900E-14
6294.  1.348104E-14
6295.  1.341498E-14
6296.  1.332400E-14
6297.  1.327985E-14
6298.  1.331317E-14
6299.  1.336579E-14
6300.  1.337264E-14
6301.  1.333930E-14
6302.  1.329536E-14
6303.  1.324718E-14
6304.  1.319685E-14
6305.  1.318041E-14
6306.  1.321299E-14
6307.  1.326986E-14
6308.  1.332877E-14
6309.  1.339554E-14
6310.  1.344900E-14
6311.  1.346770E-14
6312.  1.346216E-14
6313.  1.345135E-14
6314.  1.343118E-14
6315.  1.341748E-14
6316.  1.345298E-14
6317.  1.354770E-14
6318.  1.361471E-14
6319.  1.356759E-14
6320.  1.344847E-14
6321.  1.338192E-14
6322.  1.342143E-14
6323.  1.349850E-14
6324.  1.353698E-14
6325.  1.353376E-14
6326.  1.353790E-14
6327.  1.358959E-14
6328.  1.367210E-14
6329.  1.373653E-14
6330.  1.376516E-14
6331.  1.377455E-14
6332.  1.377101E-14
6333.  1.374647E-14
6334.  1.373760E-14
6335.  1.379910E-14
6336.  1.390910E-14
6337.  1.394871E-14
6338.  1.382952E-14
6339.  1.366728E-14
6340.  1.365771E-14
6341.  1.383445E-14
6342.  1.402589E-14
6343.  1.408280E-14
6344.  1.404968E-14
6345.  1.403680E-14
6346.  1.409933E-14
6347.  1.418507E-14
6348.  1.422812E-14
6349.  1.421837E-14
6350.  1.419698E-14
6351.  1.419577E-14
6352.  1.420657E-14
6353.  1.421789E-14
6354.  1.423061E-14
6355.  1.423947E-14
6356.  1.422177E-14
6357.  1.416353E-14
6358.  1.411228E-14
6359.  1.412554E-14
6360.  1.419210E-14
6361.  1.424692E-14
6362.  1.425421E-14
6363.  1.423918E-14
6364.  1.422768E-14
6365.  1.421779E-14
6366.  1.421916E-14
6367.  1.425634E-14
6368.  1.432732E-14
6369.  1.438291E-14
6370.  1.439248E-14
6371.  1.437562E-14
6372.  1.435332E-14
6373.  1.432007E-14
6374.  1.429612E-14
6375.  1.432324E-14
6376.  1.440062E-14
6377.  1.445368E-14
6378.  1.442722E-14
6379.  1.435625E-14
6380.  1.430048E-14
6381.  1.426989E-14
6382.  1.425358E-14
6383.  1.425818E-14
6384.  1.428691E-14
6385.  1.430393E-14
6386.  1.427568E-14
6387.  1.422269E-14
6388.  1.419388E-14
6389.  1.420536E-14
6390.  1.423325E-14
6391.  1.425960E-14
6392.  1.428940E-14
6393.  1.430396E-14
6394.  1.428232E-14
6395.  1.423535E-14
6396.  1.418861E-14
6397.  1.413511E-14
6398.  1.409937E-14
6399.  1.414656E-14
6400.  1.429301E-14
6401.  1.441355E-14
6402.  1.439820E-14
6403.  1.429191E-14
6404.  1.418718E-14
6405.  1.409281E-14
6406.  1.402516E-14
6407.  1.407226E-14
6408.  1.426764E-14
6409.  1.442552E-14
6410.  1.435203E-14
6411.  1.411726E-14
6412.  1.396124E-14
6413.  1.400171E-14
6414.  1.411800E-14
6415.  1.416928E-14
6416.  1.414435E-14
6417.  1.410625E-14
6418.  1.409785E-14
6419.  1.410705E-14
6420.  1.410442E-14
6421.  1.407566E-14
6422.  1.403323E-14
6423.  1.398788E-14
6424.  1.393043E-14
6425.  1.389440E-14
6426.  1.392659E-14
6427.  1.401702E-14
6428.  1.410895E-14
6429.  1.418252E-14
6430.  1.424370E-14
6431.  1.427020E-14
6432.  1.425488E-14
6433.  1.421795E-14
6434.  1.417372E-14
6435.  1.411767E-14
6436.  1.407428E-14
6437.  1.406584E-14
6438.  1.407456E-14
6439.  1.406304E-14
6440.  1.401345E-14
6441.  1.396933E-14
6442.  1.398460E-14
6443.  1.405483E-14
6444.  1.412701E-14
6445.  1.417964E-14
6446.  1.421757E-14
6447.  1.420937E-14
6448.  1.413734E-14
6449.  1.403771E-14
6450.  1.394318E-14
6451.  1.384059E-14
6452.  1.379487E-14
6453.  1.388387E-14
6454.  1.405913E-14
6455.  1.417811E-14
6456.  1.419705E-14
6457.  1.416959E-14
6458.  1.412449E-14
6459.  1.404982E-14
6460.  1.399908E-14
6461.  1.403446E-14
6462.  1.412611E-14
6463.  1.418346E-14
6464.  1.417231E-14
6465.  1.413003E-14
6466.  1.408749E-14
6467.  1.404358E-14
6468.  1.399323E-14
6469.  1.392404E-14
6470.  1.384277E-14
6471.  1.381349E-14
6472.  1.388871E-14
6473.  1.399751E-14
6474.  1.401781E-14
6475.  1.393201E-14
6476.  1.382930E-14
6477.  1.377592E-14
6478.  1.375335E-14
6479.  1.375502E-14
6480.  1.379184E-14
6481.  1.384553E-14
6482.  1.386904E-14
6483.  1.385085E-14
6484.  1.383102E-14
6485.  1.385090E-14
6486.  1.390210E-14
6487.  1.393590E-14
6488.  1.390959E-14
6489.  1.386522E-14
6490.  1.389787E-14
6491.  1.405435E-14
6492.  1.420234E-14
6493.  1.417897E-14
6494.  1.400422E-14
6495.  1.385631E-14
6496.  1.384227E-14
6497.  1.389774E-14
6498.  1.395003E-14
6499.  1.398972E-14
6500.  1.402632E-14
6501.  1.404885E-14
6502.  1.405533E-14
6503.  1.408002E-14
6504.  1.416867E-14
6505.  1.428634E-14
6506.  1.431750E-14
6507.  1.420592E-14
6508.  1.405236E-14
6509.  1.398134E-14
6510.  1.398982E-14
6511.  1.399762E-14
6512.  1.395080E-14
6513.  1.387338E-14
6514.  1.380337E-14
6515.  1.374526E-14
6516.  1.370227E-14
6517.  1.370051E-14
6518.  1.374900E-14
6519.  1.378977E-14
6520.  1.375947E-14
6521.  1.368428E-14
6522.  1.366180E-14
6523.  1.374526E-14
6524.  1.387185E-14
6525.  1.395864E-14
6526.  1.400119E-14
6527.  1.403245E-14
6528.  1.408093E-14
6529.  1.413781E-14
6530.  1.414382E-14
6531.  1.405202E-14
6532.  1.391604E-14
6533.  1.382901E-14
6534.  1.379791E-14
6535.  1.379866E-14
6536.  1.383410E-14
6537.  1.390549E-14
6538.  1.395019E-14
6539.  1.392034E-14
6540.  1.385759E-14
6541.  1.383639E-14
6542.  1.387748E-14
6543.  1.392712E-14
6544.  1.393391E-14
6545.  1.390597E-14
6546.  1.387226E-14
6547.  1.385033E-14
6548.  1.382853E-14
6549.  1.378617E-14
6550.  1.371069E-14
6551.  1.363111E-14
6552.  1.358351E-14
6553.  1.356421E-14
6554.  1.355644E-14
6555.  1.355877E-14
6556.  1.356787E-14
6557.  1.355000E-14
6558.  1.346972E-14
6559.  1.339980E-14
6560.  1.346538E-14
6561.  1.368320E-14
6562.  1.386250E-14
6563.  1.383183E-14
6564.  1.367081E-14
6565.  1.358433E-14
6566.  1.366782E-14
6567.  1.379768E-14
6568.  1.382220E-14
6569.  1.372929E-14
6570.  1.362762E-14
6571.  1.359816E-14
6572.  1.361375E-14
6573.  1.363242E-14
6574.  1.364201E-14
6575.  1.364959E-14
6576.  1.365170E-14
6577.  1.364882E-14
6578.  1.363946E-14
6579.  1.361779E-14
6580.  1.358523E-14
6581.  1.356293E-14
6582.  1.356571E-14
6583.  1.357947E-14
6584.  1.358416E-14
6585.  1.358574E-14
6586.  1.356268E-14
6587.  1.346924E-14
6588.  1.330980E-14
6589.  1.319303E-14
6590.  1.319411E-14
6591.  1.325825E-14
6592.  1.330029E-14
6593.  1.330693E-14
6594.  1.329955E-14
6595.  1.328055E-14
6596.  1.324715E-14
6597.  1.322345E-14
6598.  1.323814E-14
6599.  1.326956E-14
6600.  1.325515E-14
6601.  1.316800E-14
6602.  1.305682E-14
6603.  1.297565E-14
6604.  1.291985E-14
6605.  1.287319E-14
6606.  1.282604E-14
6607.  1.278364E-14
6608.  1.276360E-14
6609.  1.278768E-14
6610.  1.281503E-14
6611.  1.277497E-14
6612.  1.266077E-14
6613.  1.253746E-14
6614.  1.245114E-14
6615.  1.238626E-14
6616.  1.233559E-14
6617.  1.230057E-14
6618.  1.227705E-14
6619.  1.225767E-14
6620.  1.224876E-14
6621.  1.222512E-14
6622.  1.215146E-14
6623.  1.203781E-14
6624.  1.194093E-14
6625.  1.189463E-14
6626.  1.186774E-14
6627.  1.181205E-14
6628.  1.170717E-14
6629.  1.162105E-14
6630.  1.163759E-14
6631.  1.174288E-14
6632.  1.181856E-14
6633.  1.178422E-14
6634.  1.170176E-14
6635.  1.167545E-14
6636.  1.173963E-14
6637.  1.181283E-14
6638.  1.180834E-14
6639.  1.173547E-14
6640.  1.166187E-14
6641.  1.162274E-14
6642.  1.160212E-14
6643.  1.159865E-14
6644.  1.161477E-14
6645.  1.164452E-14
6646.  1.168170E-14
6647.  1.172959E-14
6648.  1.177128E-14
6649.  1.178861E-14
6650.  1.179129E-14
6651.  1.180679E-14
6652.  1.185217E-14
6653.  1.189998E-14
6654.  1.190805E-14
6655.  1.187019E-14
6656.  1.183665E-14
6657.  1.184847E-14
6658.  1.189081E-14
6659.  1.193914E-14
6660.  1.199427E-14
6661.  1.204583E-14
6662.  1.205849E-14
6663.  1.202458E-14
6664.  1.198067E-14
6665.  1.194891E-14
6666.  1.192318E-14
6667.  1.194314E-14
6668.  1.205831E-14
6669.  1.220766E-14
6670.  1.225717E-14
6671.  1.216816E-14
6672.  1.206428E-14
6673.  1.207192E-14
6674.  1.216792E-14
6675.  1.224453E-14
6676.  1.224598E-14
6677.  1.220590E-14
6678.  1.214854E-14
6679.  1.206736E-14
6680.  1.198555E-14
6681.  1.194561E-14
6682.  1.194503E-14
6683.  1.193435E-14
6684.  1.187297E-14
6685.  1.178717E-14
6686.  1.173658E-14
6687.  1.174376E-14
6688.  1.177073E-14
6689.  1.177944E-14
6690.  1.177421E-14
6691.  1.175784E-14
6692.  1.172373E-14
6693.  1.167653E-14
6694.  1.163887E-14
6695.  1.161608E-14
6696.  1.160527E-14
6697.  1.161508E-14
6698.  1.165278E-14
6699.  1.167933E-14
6700.  1.165309E-14
6701.  1.158934E-14
6702.  1.153819E-14
6703.  1.152171E-14
6704.  1.151966E-14
6705.  1.151404E-14
6706.  1.150539E-14
6707.  1.149314E-14
6708.  1.147798E-14
6709.  1.146005E-14
6710.  1.141419E-14
6711.  1.130616E-14
6712.  1.117743E-14
6713.  1.112571E-14
6714.  1.118089E-14
6715.  1.125597E-14
6716.  1.126344E-14
6717.  1.121816E-14
6718.  1.117749E-14
6719.  1.117365E-14
6720.  1.118628E-14
6721.  1.118981E-14
6722.  1.117921E-14
6723.  1.116260E-14
6724.  1.114441E-14
6725.  1.112426E-14
6726.  1.109929E-14
6727.  1.105649E-14
6728.  1.100801E-14
6729.  1.100955E-14
6730.  1.110096E-14
6731.  1.120730E-14
6732.  1.122021E-14
6733.  1.113773E-14
6734.  1.104052E-14
6735.  1.098074E-14
6736.  1.093906E-14
6737.  1.090490E-14
6738.  1.088063E-14
6739.  1.085890E-14
6740.  1.081855E-14
6741.  1.075180E-14
6742.  1.069903E-14
6743.  1.070604E-14
6744.  1.075778E-14
6745.  1.078691E-14
6746.  1.076358E-14
6747.  1.071121E-14
6748.  1.064369E-14
6749.  1.055291E-14
6750.  1.046819E-14
6751.  1.042706E-14
6752.  1.042122E-14
6753.  1.042513E-14
6754.  1.043806E-14
6755.  1.045144E-14
6756.  1.041997E-14
6757.  1.032149E-14
6758.  1.021551E-14
6759.  1.017061E-14
6760.  1.017762E-14
6761.  1.019100E-14
6762.  1.018368E-14
6763.  1.017139E-14
6764.  1.017612E-14
6765.  1.020742E-14
6766.  1.024665E-14
6767.  1.027712E-14
6768.  1.030510E-14
6769.  1.030230E-14
6770.  1.022845E-14
6771.  1.010849E-14
6772.  1.003176E-14
6773.  1.003531E-14
6774.  1.006994E-14
6775.  1.008494E-14
6776.  1.008213E-14
6777.  1.007415E-14
6778.  1.006334E-14
6779.  1.004940E-14
6780.  1.004170E-14
6781.  1.004745E-14
6782.  1.005728E-14
6783.  1.005582E-14
6784.  1.004064E-14
6785.  1.002336E-14
6786.  1.001582E-14
6787.  1.001488E-14
6788.  1.000243E-14
6789.  9.961911E-15
6790.  9.911769E-15
6791.  9.890030E-15
6792.  9.907179E-15
6793.  9.931690E-15
6794.  9.932005E-15
6795.  9.913498E-15
6796.  9.901669E-15
6797.  9.918431E-15
6798.  9.945008E-15
6799.  9.936405E-15
6800.  9.871368E-15
6801.  9.798835E-15
6802.  9.779051E-15
6803.  9.808217E-15
6804.  9.832944E-15
6805.  9.818795E-15
6806.  9.783114E-15
6807.  9.746472E-15
6808.  9.707221E-15
6809.  9.675244E-15
6810.  9.679000E-15
6811.  9.724059E-15
6812.  9.758469E-15
6813.  9.731487E-15
6814.  9.666498E-15
6815.  9.633738E-15
6816.  9.668209E-15
6817.  9.725989E-15
6818.  9.753382E-15
6819.  9.750050E-15
6820.  9.730960E-15
6821.  9.700181E-15
6822.  9.656668E-15
6823.  9.608257E-15
6824.  9.549249E-15
6825.  9.492902E-15
6826.  9.478584E-15
6827.  9.519356E-15
6828.  9.567976E-15
6829.  9.576863E-15
6830.  9.556447E-15
6831.  9.539537E-15
6832.  9.548143E-15
6833.  9.563359E-15
6834.  9.549659E-15
6835.  9.494224E-15
6836.  9.429652E-15
6837.  9.386415E-15
6838.  9.358074E-15
6839.  9.352541E-15
6840.  9.388586E-15
6841.  9.449539E-15
6842.  9.482586E-15
6843.  9.470852E-15
6844.  9.442168E-15
6845.  9.421523E-15
6846.  9.406746E-15
6847.  9.389497E-15
6848.  9.363289E-15
6849.  9.332019E-15
6850.  9.306251E-15
6851.  9.264297E-15
6852.  9.256665E-15
6853.  9.402997E-15
6854.  9.742614E-15
6855.  1.002886E-14
6856.  1.003243E-14
6857.  9.836380E-15
6858.  9.637453E-15
6859.  9.503231E-15
6860.  9.384522E-15
6861.  9.272794E-15
6862.  9.172206E-15
6863.  9.066967E-15
6864.  8.945974E-15
6865.  8.812470E-15
6866.  8.636513E-15
6867.  8.407053E-15
6868.  8.127248E-15
6869.  7.773128E-15
6870.  7.303211E-15
6871.  6.849441E-15
6872.  6.561554E-15
6873.  6.409247E-15
6874.  6.371470E-15
6875.  6.466032E-15
6876.  6.668846E-15
6877.  7.069005E-15
6878.  7.403268E-15
6879.  7.784725E-15
6880.  8.219506E-15
6881.  8.732650E-15
6882.  9.258551E-15
6883.  9.755666E-15
6884.  1.022794E-14
6885.  1.058497E-14
6886.  1.077987E-14
6887.  1.083071E-14
6888.  1.073734E-14
6889.  1.048246E-14
6890.  1.018332E-14
6891.  9.923599E-15
6892.  9.678805E-15
6893.  9.464346E-15
6894.  9.284387E-15
6895.  9.131210E-15
6896.  8.996922E-15
6897.  8.871300E-15
6898.  8.790801E-15
6899.  8.797008E-15
6900.  8.875485E-15
6901.  8.970759E-15
6902.  9.069361E-15
6903.  9.171646E-15
6904.  9.246223E-15
6905.  9.293425E-15
6906.  9.309538E-15
6907.  9.265854E-15
6908.  9.164921E-15
6909.  9.116522E-15
6910.  9.209023E-15
6911.  9.364936E-15
6912.  9.434687E-15
6913.  9.382578E-15
6914.  9.289800E-15
6915.  9.218605E-15
6916.  9.156720E-15
6917.  9.112183E-15
6918.  9.105535E-15
6919.  9.119500E-15
6920.  9.102344E-15
6921.  9.033399E-15
6922.  8.950596E-15
6923.  8.900026E-15
6924.  8.883816E-15
6925.  8.844757E-15
6926.  8.725991E-15
6927.  8.559845E-15
6928.  8.444486E-15
6929.  8.414962E-15
6930.  8.428832E-15
6931.  8.455500E-15
6932.  8.504583E-15
6933.  8.538781E-15
6934.  8.507818E-15
6935.  8.431035E-15
6936.  8.389309E-15
6937.  8.436684E-15
6938.  8.508580E-15
6939.  8.501084E-15
6940.  8.396350E-15
6941.  8.270868E-15
6942.  8.181170E-15
6943.  8.112839E-15
6944.  8.077837E-15
6945.  8.087642E-15
6946.  8.132390E-15
6947.  8.201631E-15
6948.  8.310737E-15
6949.  8.405997E-15
6950.  8.406366E-15
6951.  8.320943E-15
6952.  8.267032E-15
6953.  8.325583E-15
6954.  8.443434E-15
6955.  8.539178E-15
6956.  8.608144E-15
6957.  8.643107E-15
6958.  8.599339E-15
6959.  8.473541E-15
6960.  8.355929E-15
6961.  8.302069E-15
6962.  8.287734E-15
6963.  8.310341E-15
6964.  8.388442E-15
6965.  8.481085E-15
6966.  8.511439E-15
6967.  8.473652E-15
6968.  8.445414E-15
6969.  8.495386E-15
6970.  8.592862E-15
6971.  8.646499E-15
6972.  8.603076E-15
6973.  8.532874E-15
6974.  8.542747E-15
6975.  8.653537E-15
6976.  8.750260E-15
6977.  8.728948E-15
6978.  8.622038E-15
6979.  8.512673E-15
6980.  8.452980E-15
6981.  8.432573E-15
6982.  8.433311E-15
6983.  8.467461E-15
6984.  8.491576E-15
6985.  8.453230E-15
6986.  8.363143E-15
6987.  8.265505E-15
6988.  8.175914E-15
6989.  8.089634E-15
6990.  8.021745E-15
6991.  7.969464E-15
6992.  7.943993E-15
6993.  7.971801E-15
6994.  8.053276E-15
6995.  8.131504E-15
6996.  8.173907E-15
6997.  8.195219E-15
6998.  8.193533E-15
6999.  8.152991E-15
7000.  8.112436E-15
7001.  8.136365E-15
7002.  8.226160E-15
7003.  8.312586E-15
7004.  8.356733E-15
7005.  8.371589E-15
7006.  8.334006E-15
7007.  8.202284E-15
7008.  8.056923E-15
7009.  8.041110E-15
7010.  8.169208E-15
7011.  8.308182E-15
7012.  8.356495E-15
7013.  8.349572E-15
7014.  8.335424E-15
7015.  8.333802E-15
7016.  8.324626E-15
7017.  8.279728E-15
7018.  8.182414E-15
7019.  8.103428E-15
7020.  8.121982E-15
7021.  8.216922E-15
7022.  8.302502E-15
7023.  8.345481E-15
7024.  8.363595E-15
7025.  8.348079E-15
7026.  8.290284E-15
7027.  8.218108E-15
7028.  8.153917E-15
7029.  8.090395E-15
7030.  8.069712E-15
7031.  8.127199E-15
7032.  8.236011E-15
7033.  8.352769E-15
7034.  8.491294E-15
7035.  8.603589E-15
7036.  8.600502E-15
7037.  8.485792E-15
7038.  8.364531E-15
7039.  8.303168E-15
7040.  8.268897E-15
7041.  8.227365E-15
7042.  8.148987E-15
7043.  8.095708E-15
7044.  8.175227E-15
7045.  8.404142E-15
7046.  8.596875E-15
7047.  8.592511E-15
7048.  8.464753E-15
7049.  8.380761E-15
7050.  8.407646E-15
7051.  8.465672E-15
7052.  8.469474E-15
7053.  8.408403E-15
7054.  8.361382E-15
7055.  8.402506E-15
7056.  8.505330E-15
7057.  8.578317E-15
7058.  8.578147E-15
7059.  8.545831E-15
7060.  8.525985E-15
7061.  8.524676E-15
7062.  8.515341E-15
7063.  8.465098E-15
7064.  8.381341E-15
7065.  8.344792E-15
7066.  8.417017E-15
7067.  8.538652E-15
7068.  8.603350E-15
7069.  8.592068E-15
7070.  8.554961E-15
7071.  8.524145E-15
7072.  8.491816E-15
7073.  8.473736E-15
7074.  8.490562E-15
7075.  8.524374E-15
7076.  8.530061E-15
7077.  8.487468E-15
7078.  8.441711E-15
7079.  8.449478E-15
7080.  8.508767E-15
7081.  8.556639E-15
7082.  8.542398E-15
7083.  8.496161E-15
7084.  8.486035E-15
7085.  8.544200E-15
7086.  8.615435E-15
7087.  8.629235E-15
7088.  8.583692E-15
7089.  8.539530E-15
7090.  8.539998E-15
7091.  8.567356E-15
7092.  8.597306E-15
7093.  8.625348E-15
7094.  8.652521E-15
7095.  8.673786E-15
7096.  8.693761E-15
7097.  8.692167E-15
7098.  8.636727E-15
7099.  8.539916E-15
7100.  8.475691E-15
7101.  8.489516E-15
7102.  8.531007E-15
7103.  8.522721E-15
7104.  8.446036E-15
7105.  8.377691E-15
7106.  8.390268E-15
7107.  8.465665E-15
7108.  8.551688E-15
7109.  8.645982E-15
7110.  8.732003E-15
7111.  8.728080E-15
7112.  8.602321E-15
7113.  8.449559E-15
7114.  8.360570E-15
7115.  8.316062E-15
7116.  8.315513E-15
7117.  8.383368E-15
7118.  8.492253E-15
7119.  8.558649E-15
7120.  8.559187E-15
7121.  8.540090E-15
7122.  8.545937E-15
7123.  8.574291E-15
7124.  8.579976E-15
7125.  8.523338E-15
7126.  8.430294E-15
7127.  8.365649E-15
7128.  8.347205E-15
7129.  8.351787E-15
7130.  8.369788E-15
7131.  8.407638E-15
7132.  8.431300E-15
7133.  8.400928E-15
7134.  8.337350E-15
7135.  8.307849E-15
7136.  8.343789E-15
7137.  8.403600E-15
7138.  8.442737E-15
7139.  8.467665E-15
7140.  8.462568E-15
7141.  8.388678E-15
7142.  8.262894E-15
7143.  8.187426E-15
7144.  8.218726E-15
7145.  8.294751E-15
7146.  8.334697E-15
7147.  8.332178E-15
7148.  8.322023E-15
7149.  8.327349E-15
