3261.9654814769  2.493972E-15
3264.53551488655  1.401495E-15
3267.1055482962  1.260804E-16
3269.67558170585  -1.134086E-17
3272.24561511549  1.359698E-15
3274.81564852514  1.536658E-15
3277.38568193479  4.036320E-16
3279.95571534444  2.834118E-16
3282.52574875409  2.285896E-15
3285.09578216374  2.483401E-15
3287.66581557339  2.486212E-16
3290.23584898303  -1.561453E-15
3292.80588239268  -5.093002E-16
3295.37591580233  -1.817832E-16
3297.94594921198  -4.908875E-16
3300.51598262163  -3.735399E-16
3303.08601603128  5.698930E-16
3305.65604944092  7.055841E-16
3308.22608285057  1.254640E-15
3310.79611626022  2.213067E-15
3313.36614966987  1.979312E-15
3315.93618307952  4.109254E-16
3318.50621648917  -2.997250E-16
3321.07624989882  5.365817E-16
3323.64628330846  1.223825E-15
3326.21631671811  1.059919E-15
3328.78635012776  9.221852E-16
3331.35638353741  1.287526E-15
3333.92641694706  1.381543E-15
3336.49645035671  1.004496E-15
3339.06648376635  7.962496E-16
3341.636517176  9.658169E-16
3344.20655058565  7.328869E-16
3346.7765839953  5.382925E-16
3349.34661740495  9.478400E-16
3351.9166508146  1.909888E-15
3354.48668422425  2.468635E-15
3357.05671763389  2.503364E-15
3359.62675104354  2.163592E-15
3362.19678445319  1.661859E-15
3364.76681786284  1.083511E-15
3367.33685127249  7.529574E-16
3369.90688468214  7.523294E-16
3372.47691809179  9.043091E-16
3375.04695150143  9.318945E-16
3377.61698491108  1.220570E-15
3380.18701832073  1.723372E-15
3382.75705173038  1.958499E-15
3385.32708514003  1.521530E-15
3387.89711854968  1.258562E-15
3390.46715195933  1.666479E-15
3393.03718536897  2.240611E-15
3395.60721877862  1.476035E-15
3398.17725218827  7.403484E-16
3400.74728559792  1.023526E-15
3403.31731900757  1.722638E-15
3405.88735241722  1.309077E-15
3408.45738582687  6.813546E-16
3411.02741923651  7.541482E-16
3413.59745264616  1.276398E-15
3416.16748605581  1.528916E-15
3418.73751946546  1.402380E-15
3421.30755287511  1.197004E-15
3423.87758628476  1.254141E-15
3426.4476196944  1.521633E-15
3429.01765310405  1.654688E-15
3431.5876865137  1.491602E-15
3434.15771992335  1.293797E-15
3436.727753333  1.198193E-15
3439.29778674265  1.283034E-15
3441.8678201523  1.401957E-15
3444.43785356194  1.191096E-15
3447.00788697159  9.061716E-16
3449.57792038124  7.985913E-16
3452.14795379089  8.875785E-16
3454.71798720054  8.960555E-16
3457.28802061019  9.838403E-16
3459.85805401983  1.309467E-15
3462.42808742948  1.688191E-15
3464.99812083913  1.413690E-15
3467.56815424878  1.196739E-15
3470.13818765843  1.372699E-15
3472.70822106808  1.643413E-15
3475.27825447773  1.526331E-15
3477.84828788737  1.332956E-15
3480.41832129702  1.274354E-15
3482.98835470667  1.322829E-15
3485.55838811632  1.592714E-15
3488.12842152597  1.606964E-15
3490.69845493562  1.428168E-15
3493.26848834526  1.603334E-15
3495.83852175491  1.960126E-15
3498.40855516456  2.078571E-15
3500.97858857421  1.894013E-15
3503.54862198386  1.765460E-15
3506.11865539351  1.727601E-15
3508.68868880316  1.862979E-15
3511.25872221281  2.079972E-15
3513.82875562245  2.122023E-15
3516.3987890321  2.030057E-15
3518.96882244175  1.996332E-15
3521.5388558514  2.107554E-15
3524.10888926105  2.228340E-15
3526.6789226707  2.381541E-15
3529.24895608034  2.535142E-15
3531.81898948999  2.606314E-15
3534.38902289964  2.511247E-15
3536.95905630929  2.494513E-15
3539.52908971894  2.563800E-15
3542.09912312859  2.580713E-15
3544.66915653823  2.474462E-15
3547.23918994788  2.391174E-15
3549.80922335753  2.397494E-15
3552.37925676718  2.434154E-15
3554.94929017683  2.374411E-15
3557.51932358648  2.411099E-15
3560.08935699613  2.618731E-15
3562.65939040577  2.839329E-15
3565.22942381542  2.740000E-15
3567.79945722507  2.717921E-15
3570.36949063472  2.873050E-15
3572.93952404437  2.919257E-15
3575.50955745402  2.704968E-15
3578.07959086367  2.643140E-15
3580.64962427331  2.767904E-15
3583.21965768296  2.713001E-15
3585.78969109261  2.623441E-15
3588.35972450226  2.603710E-15
3590.92975791191  2.669689E-15
3593.49979132156  2.756667E-15
3596.0698247312  2.842433E-15
3598.63985814085  2.783824E-15
3601.2098915505  2.616338E-15
3603.77992496015  2.585398E-15
3606.3499583698  2.575000E-15
3608.91999177945  2.588337E-15
3611.4900251891  2.601439E-15
3614.06005859874  2.504298E-15
3616.63009200839  2.459577E-15
3619.20012541804  2.578565E-15
3621.77015882769  2.810145E-15
3624.34019223734  2.937365E-15
3626.91022564699  2.883928E-15
3629.48025905664  2.661407E-15
3632.05029246628  2.453372E-15
3634.62032587593  2.599406E-15
3637.19035928558  2.817912E-15
3639.76039269523  2.823564E-15
3642.33042610488  2.588242E-15
3644.90045951453  2.429053E-15
3647.47049292418  2.491044E-15
3650.04052633382  2.589772E-15
3652.61055974347  2.491533E-15
3655.18059315312  2.384837E-15
3657.75062656277  2.431400E-15
3660.32065997242  2.485430E-15
3662.89069338207  2.327133E-15
3665.46072679171  2.255538E-15
3668.03076020136  2.403506E-15
3670.60079361101  2.595947E-15
3673.17082702066  2.562999E-15
3675.74086043031  2.546080E-15
3678.31089383996  2.513691E-15
3680.88092724961  2.332018E-15
3683.45096065925  1.983634E-15
3686.0209940689  1.929325E-15
3688.59102747855  1.974696E-15
3691.1610608882  1.903898E-15
3693.73109429785  1.834936E-15
3696.3011277075  1.883713E-15
3698.87116111714  1.815927E-15
3701.44119452679  1.546841E-15
3704.01122793644  1.396238E-15
3706.58126134609  1.360494E-15
3709.15129475574  1.354784E-15
3711.72132816539  1.328779E-15
3714.29136157504  1.336709E-15
3716.86139498468  1.321103E-15
3719.43142839433  1.222293E-15
3722.00146180398  1.050678E-15
3724.57149521363  9.224907E-16
3727.14152862328  8.707796E-16
3729.71156203293  8.733274E-16
3732.28159544258  9.084960E-16
3734.85162885222  1.017108E-15
3737.42166226187  1.026351E-15
3739.99169567152  9.836940E-16
3742.56172908117  1.040853E-15
3745.13176249082  1.113671E-15
3747.70179590047  1.017784E-15
3750.27182931011  8.465583E-16
3752.84186271976  8.554094E-16
3755.41189612941  1.000979E-15
3757.98192953906  1.136314E-15
3760.55196294871  1.168542E-15
3763.12199635836  1.119362E-15
3765.69202976801  1.065757E-15
3768.26206317765  1.091854E-15
3770.8320965873  1.179848E-15
3773.40212999695  1.227417E-15
3775.9721634066  1.246908E-15
3778.54219681625  1.203211E-15
3781.1122302259  1.168933E-15
3783.68226363555  1.301300E-15
3786.25229704519  1.411534E-15
3788.82233045484  1.394514E-15
3791.39236386449  1.316205E-15
3793.96239727414  1.368490E-15
3796.53243068379  1.540868E-15
3799.10246409344  1.669733E-15
3801.67249750308  1.697107E-15
3804.24253091273  1.822273E-15
3806.81256432238  1.924879E-15
3809.38259773203  1.940494E-15
3811.95263114168  1.949913E-15
3814.52266455133  2.164995E-15
3817.09269796098  2.356854E-15
3819.66273137062  2.432945E-15
3822.23276478027  2.464050E-15
3824.80279818992  2.544697E-15
3827.37283159957  2.598724E-15
3829.94286500922  2.610864E-15
3832.51289841887  2.692908E-15
3835.08293182852  3.055802E-15
3837.65296523816  3.407419E-15
3840.22299864781  3.562293E-15
3842.79303205746  3.587840E-15
3845.36306546711  3.641716E-15
3847.93309887676  3.687184E-15
3850.50313228641  3.790283E-15
3853.07316569605  4.066987E-15
3855.6431991057  4.272531E-15
3858.21323251535  4.383688E-15
3860.783265925  4.500546E-15
3863.35329933465  4.685051E-15
3865.9233327443  4.656631E-15
3868.49336615395  4.653414E-15
3871.06339956359  4.899652E-15
3873.63343297324  5.269093E-15
3876.20346638289  5.381800E-15
3878.77349979254  5.344398E-15
3881.34353320219  5.346949E-15
3883.91356661184  5.346903E-15
3886.48360002149  5.393279E-15
3889.05363343113  5.533402E-15
3891.62366684078  5.735429E-15
3894.19370025043  5.861487E-15
3896.76373366008  5.843974E-15
3899.33376706973  5.788575E-15
3901.90380047938  5.806831E-15
3904.47383388903  5.836968E-15
3907.04386729867  5.887152E-15
3909.61390070832  5.986500E-15
3912.18393411797  6.129597E-15
3914.75396752762  6.225719E-15
3917.32400093727  6.283187E-15
3919.89403434692  6.316540E-15
3922.46406775656  6.294763E-15
3925.03410116621  6.120624E-15
3927.60413457586  5.802755E-15
3930.17416798551  5.631311E-15
3932.74420139516  5.877545E-15
3935.31423480481  6.192204E-15
3937.88426821446  6.313572E-15
3940.4543016241  6.292466E-15
3943.02433503375  6.369767E-15
3945.5943684434  6.470058E-15
3948.16440185305  6.625707E-15
3950.7344352627  6.775233E-15
3953.30446867235  6.773044E-15
3955.874502082  6.676300E-15
3958.44453549164  6.719971E-15
3961.01456890129  6.834848E-15
3963.58460231094  6.631063E-15
3966.15463572059  6.408607E-15
3968.72466913024  6.437998E-15
3971.29470253989  6.622647E-15
3973.86473594953  6.519800E-15
3976.43476935918  6.474984E-15
3979.00480276883  6.600050E-15
3981.57483617848  6.705190E-15
3984.14486958813  6.452597E-15
3986.71490299778  6.029652E-15
3989.28493640743  5.749136E-15
3991.85496981707  5.762480E-15
3994.42500322672  5.869957E-15
3996.99503663637  5.794407E-15
3999.56507004602  5.676663E-15
4002.13510345567  5.715634E-15
4004.70513686532  5.616562E-15
4007.27517027497  5.440300E-15
4009.84520368461  5.298152E-15
4012.41523709426  5.217720E-15
4014.98527050391  5.060637E-15
4017.55530391356  5.053877E-15
4020.12533732321  5.157000E-15
4022.69537073286  5.098110E-15
4025.2654041425  4.847797E-15
4027.83543755215  4.555038E-15
4030.4054709618  4.406435E-15
4032.97550437145  4.481077E-15
4035.5455377811  4.622768E-15
4038.11557119075  4.689018E-15
4040.68560460039  4.662237E-15
4043.25563801004  4.624352E-15
4045.82567141969  4.526744E-15
4048.39570482934  4.441646E-15
4050.96573823899  4.424049E-15
4053.53577164864  4.445613E-15
4056.10580505829  4.503862E-15
4058.67583846794  4.562879E-15
4061.24587187758  4.596262E-15
4063.81590528723  4.617358E-15
4066.38593869688  4.721966E-15
4068.95597210653  4.771078E-15
4071.52600551618  4.658959E-15
4074.09603892583  4.537395E-15
4076.66607233547  4.519340E-15
4079.23610574512  4.576341E-15
4081.80613915477  4.628447E-15
4084.37617256442  4.669121E-15
4086.94620597407  4.686204E-15
4089.51623938372  4.589031E-15
4092.08627279337  4.354871E-15
4094.65630620301  4.192454E-15
4097.22633961266  4.202197E-15
4099.79637302231  4.296250E-15
4102.36640643196  4.329241E-15
4104.93643984161  4.334940E-15
4107.50647325126  4.311357E-15
4110.0765066609  4.270976E-15
4112.64654007055  4.234122E-15
4115.2165734802  4.197381E-15
4117.78660688985  4.160520E-15
4120.3566402995  4.124301E-15
4122.92667370915  4.087925E-15
4125.4967071188  4.036585E-15
4128.06674052844  4.063012E-15
4130.63677393809  4.144052E-15
4133.20680734774  4.135032E-15
4135.77684075739  4.086476E-15
4138.34687416704  4.019046E-15
4140.91690757669  3.945713E-15
4143.48694098634  3.896031E-15
4146.05697439598  3.964952E-15
4148.62700780563  4.102756E-15
4151.19704121528  4.192542E-15
4153.76707462493  4.155180E-15
4156.33710803458  4.065763E-15
4158.90714144423  3.983047E-15
4161.47717485387  3.921586E-15
4164.04720826352  3.862209E-15
4166.61724167317  3.883555E-15
4169.18727508282  3.983325E-15
4171.75730849247  4.118065E-15
4174.32734190212  4.272469E-15
4176.89737531177  4.347380E-15
4179.46740872141  4.398024E-15
4182.03744213106  4.501249E-15
4184.60747554071  4.550332E-15
4187.17750895036  4.455935E-15
4189.74754236001  4.352270E-15
4192.31757576966  4.402605E-15
4194.88760917931  4.435006E-15
4197.45764258895  4.516472E-15
4200.0276759986  4.680375E-15
4202.59770940825  4.845271E-15
4205.1677428179  4.841734E-15
4207.73777622755  4.765212E-15
4210.3078096372  4.726087E-15
4212.87784304684  4.739167E-15
4215.44787645649  4.748232E-15
4218.01790986614  4.739937E-15
4220.58794327579  4.680596E-15
4223.15797668544  4.540629E-15
4225.72801009509  4.467965E-15
4228.29804350474  4.471731E-15
4230.86807691439  4.453847E-15
4233.43811032403  4.325285E-15
4236.00814373368  4.313691E-15
4238.57817714333  4.386997E-15
4241.14821055298  4.429782E-15
4243.71824396263  4.420438E-15
4246.28827737228  4.448923E-15
4248.85831078192  4.462388E-15
4251.42834419157  4.427311E-15
4253.99837760122  4.460159E-15
4256.56841101087  4.580610E-15
4259.13844442052  4.640874E-15
4261.70847783017  4.550288E-15
4264.27851123982  4.482794E-15
4266.84854464946  4.553157E-15
4269.41857805911  4.619746E-15
4271.98861146876  4.537921E-15
4274.55864487841  4.504544E-15
4277.12867828806  4.599447E-15
4279.69871169771  4.698131E-15
4282.26874510735  4.657225E-15
4284.838778517  4.624175E-15
4287.40881192665  4.684954E-15
4289.9788453363  4.767182E-15
4292.54887874595  4.765207E-15
4295.1189121556  4.832824E-15
4297.68894556525  4.904831E-15
4300.25897897489  4.898618E-15
4302.82901238454  4.830055E-15
4305.39904579419  4.871267E-15
4307.96907920384  4.936270E-15
4310.53911261349  4.961230E-15
4313.10914602314  4.995880E-15
4315.67917943278  5.010720E-15
4318.24921284243  4.943467E-15
4320.81924625208  4.824061E-15
4323.38927966173  4.784477E-15
4325.95931307138  4.832694E-15
4328.52934648103  4.886737E-15
4331.09937989068  4.853046E-15
4333.66941330033  4.706012E-15
4336.23944670997  4.574110E-15
4338.80948011962  4.487375E-15
4341.37951352927  4.430413E-15
4343.94954693892  4.413569E-15
4346.51958034857  4.373284E-15
4349.08961375822  4.301598E-15
4351.65964716786  4.224517E-15
4354.22968057751  4.154947E-15
4356.79971398716  4.100889E-15
4359.36974739681  4.056770E-15
4361.93978080646  3.990057E-15
4364.50981421611  3.840356E-15
4367.07984762576  3.633624E-15
4369.6498810354  3.462471E-15
4372.21991444505  3.390854E-15
4374.7899478547  3.334205E-15
4377.35998126435  3.314527E-15
4379.930014674  3.318123E-15
4382.50004808365  3.289500E-15
4385.07008149329  3.203353E-15
4387.64011490294  3.150141E-15
4390.21014831259  3.143641E-15
4392.78018172224  3.114698E-15
4395.35021513189  3.090656E-15
4397.92024854154  3.102236E-15
4400.49028195119  3.106785E-15
4403.06031536083  3.024776E-15
4405.63034877048  2.948946E-15
4408.20038218013  2.939860E-15
4410.77041558978  2.984549E-15
4413.34044899943  3.003010E-15
4415.91048240908  2.909433E-15
4418.48051581872  2.778736E-15
4421.05054922837  2.728240E-15
4423.62058263802  2.791019E-15
4426.19061604767  2.809971E-15
4428.76064945732  2.749885E-15
4431.33068286697  2.694346E-15
4433.90071627662  2.761372E-15
4436.47074968627  2.866529E-15
4439.04078309591  2.914656E-15
4441.61081650556  2.896890E-15
4444.18084991521  2.930399E-15
4446.75088332486  3.040900E-15
4449.32091673451  3.169312E-15
4451.89095014416  3.221653E-15
4454.4609835538  3.147640E-15
4457.03101696345  3.152117E-15
4459.6010503731  3.259545E-15
4462.17108378275  3.332675E-15
4464.7411171924  3.301919E-15
4467.31115060205  3.349159E-15
4469.8811840117  3.473609E-15
4472.45121742134  3.518810E-15
4475.02125083099  3.511536E-15
4477.59128424064  3.543635E-15
4480.16131765029  3.627886E-15
4482.73135105994  3.696890E-15
4485.30138446959  3.754565E-15
4487.87141787923  3.835513E-15
4490.44145128888  3.920627E-15
4493.01148469853  3.962819E-15
4495.58151810818  4.091347E-15
4498.15155151783  4.316319E-15
4500.72158492748  4.478762E-15
4503.29161833712  4.378152E-15
4505.86165174677  4.268426E-15
4508.43168515642  4.329957E-15
4511.00171856607  4.539463E-15
4513.57175197572  4.698436E-15
4516.14178538537  4.837191E-15
4518.71181879502  4.963769E-15
4521.28185220466  5.072550E-15
4523.85188561431  5.171379E-15
4526.42191902396  5.331301E-15
4528.99195243361  5.597784E-15
4531.56198584326  5.912205E-15
4534.13201925291  6.094317E-15
4536.70205266256  6.170626E-15
4539.2720860722  6.270415E-15
4541.84211948185  6.485323E-15
4544.4121528915  6.735601E-15
4546.98218630115  6.962347E-15
4549.5522197108  7.194388E-15
4552.12225312045  7.468826E-15
4554.6922865301  7.688350E-15
4557.26231993974  7.789871E-15
4559.83235334939  7.870548E-15
4562.40238675904  8.073661E-15
4564.97242016869  8.308726E-15
4567.54245357834  8.461346E-15
4570.11248698799  8.463445E-15
4572.68252039764  8.354846E-15
4575.25255380728  8.329814E-15
4577.82258721693  8.401331E-15
4580.39262062658  8.461550E-15
4582.96265403623  8.405314E-15
4585.53268744588  8.338156E-15
4588.10272085553  8.301756E-15
4590.67275426517  8.303266E-15
4593.24278767482  8.344443E-15
4595.81282108447  8.424995E-15
4598.38285449412  8.544560E-15
4600.95288790377  8.669450E-15
4603.52292131342  8.736954E-15
4606.09295472307  8.778916E-15
4608.66298813271  8.864301E-15
4611.23302154236  9.012695E-15
4613.80305495201  9.148855E-15
4616.37308836166  9.231421E-15
4618.94312177131  9.321006E-15
4621.51315518096  9.474935E-15
4624.08318859061  9.633117E-15
4626.65322200025  9.721057E-15
4629.2232554099  9.766632E-15
4631.79328881955  9.816171E-15
4634.3633222292  9.803339E-15
4636.93335563885  9.834901E-15
4639.50338904849  9.943433E-15
4642.07342245815  1.001834E-14
4644.64345586779  9.835631E-15
4647.21348927744  9.552369E-15
4649.78352268709  9.346503E-15
4652.35355609674  9.248800E-15
4654.92358950639  9.110018E-15
4657.49362291604  8.793736E-15
4660.06365632568  8.346021E-15
4662.63368973533  7.946775E-15
4665.20372314498  7.639254E-15
4667.77375655463  7.401838E-15
4670.34378996428  7.203190E-15
4672.91382337393  7.011598E-15
4675.48385678357  6.698215E-15
4678.05389019322  6.379845E-15
4680.62392360287  6.129646E-15
4683.19395701252  5.855673E-15
4685.76399042217  5.572955E-15
4688.33402383182  5.376758E-15
4690.90405724147  5.261244E-15
4693.47409065111  5.066632E-15
4696.04412406076  4.893017E-15
4698.61415747041  4.816626E-15
4701.18419088006  4.784128E-15
4703.75422428971  4.607714E-15
4706.32425769936  4.331617E-15
4708.89429110901  4.104277E-15
4711.46432451865  4.029683E-15
4714.0343579283  4.041540E-15
4716.60439133795  4.009553E-15
4719.1744247476  3.934605E-15
4721.74445815725  3.883918E-15
4724.3144915669  3.845147E-15
4726.88452497655  3.821613E-15
4729.45455838619  3.833171E-15
4732.02459179584  3.884165E-15
4734.59462520549  3.916882E-15
4737.16465861514  3.964533E-15
4739.73469202479  4.015670E-15
4742.30472543444  4.022238E-15
4744.87475884409  3.999056E-15
4747.44479225373  3.964097E-15
4750.01482566338  3.927879E-15
4752.58485907303  3.905240E-15
4755.15489248268  3.957867E-15
4757.72492589233  4.049990E-15
4760.29495930198  4.149947E-15
4762.86499271162  4.255579E-15
4765.43502612127  4.299932E-15
4768.00505953092  4.255066E-15
4770.57509294057  4.197847E-15
4773.14512635022  4.257667E-15
4775.71515975987  4.294254E-15
4778.28519316951  4.321680E-15
4780.85522657916  4.396899E-15
4783.42525998881  4.509542E-15
4785.99529339846  4.563548E-15
4788.56532680811  4.604054E-15
4791.13536021776  4.687878E-15
4793.70539362741  4.760480E-15
4796.27542703705  4.801984E-15
4798.8454604467  4.807142E-15
4801.41549385635  4.796340E-15
4803.985527266  4.814526E-15
4806.55556067565  4.923386E-15
4809.1255940853  5.102843E-15
4811.69562749495  5.281665E-15
4814.26566090459  5.413183E-15
4816.83569431424  5.425867E-15
4819.40572772389  5.368255E-15
4821.97576113354  5.353886E-15
4824.54579454319  5.417511E-15
4827.11582795284  5.459731E-15
4829.68586136249  5.448363E-15
4832.25589477213  5.442870E-15
4834.82592818178  5.493370E-15
4837.39596159143  5.523066E-15
4839.96599500108  5.458565E-15
4842.53602841073  5.315938E-15
4845.10606182038  5.243831E-15
4847.67609523002  5.265389E-15
4850.24612863967  5.312571E-15
4852.81616204932  5.295316E-15
4855.38619545897  5.190729E-15
4857.95622886862  5.159292E-15
4860.52626227827  5.276618E-15
4863.09629568792  5.416551E-15
4865.66632909756  5.437975E-15
4868.23636250721  5.437354E-15
4870.80639591686  5.540747E-15
4873.37642932651  5.718795E-15
4875.94646273616  5.733164E-15
4878.51649614581  5.660938E-15
4881.08652955545  5.687080E-15
4883.6565629651  5.844532E-15
4886.22659637475  5.988190E-15
4888.7966297844  6.058296E-15
4891.36666319405  6.070725E-15
4893.9366966037  6.050714E-15
4896.50673001335  6.109665E-15
4899.07676342299  6.284491E-15
4901.64679683264  6.506637E-15
4904.21683024229  6.639781E-15
4906.78686365194  6.638627E-15
4909.35689706159  6.617848E-15
4911.92693047124  6.696339E-15
4914.49696388088  6.754390E-15
4917.06699729053  6.740834E-15
4919.63703070018  6.716693E-15
4922.20706410983  6.746326E-15
4924.77709751948  6.672924E-15
4927.34713092913  6.538681E-15
4929.91716433878  6.427314E-15
4932.48719774842  6.376206E-15
4935.05723115807  6.346062E-15
4937.62726456772  6.315207E-15
4940.19729797737  6.273929E-15
4942.76733138702  6.232226E-15
4945.33736479667  6.270377E-15
4947.90739820632  6.275858E-15
4950.47743161596  6.172101E-15
4953.04746502561  6.036304E-15
4955.61749843526  5.953922E-15
4958.18753184491  5.977866E-15
4960.75756525456  5.932027E-15
4963.32759866421  5.806381E-15
4965.89763207386  5.635454E-15
4968.4676654835  5.520730E-15
4971.03769889315  5.528180E-15
4973.6077323028  5.556024E-15
4976.17776571245  5.386418E-15
4978.7477991221  5.318982E-15
4981.31783253175  5.174124E-15
4983.8878659414  5.109581E-15
4986.45789935104  5.133103E-15
4989.02793276069  5.021503E-15
4991.59796617034  5.107704E-15
4994.16799957999  5.156858E-15
4996.73803298964  4.985992E-15
4999.30806639929  4.810752E-15
5001.87809980893  4.814611E-15
5004.44813321858  4.781504E-15
5007.01816662823  4.627348E-15
5009.58820003788  4.534270E-15
5012.15823344753  4.583736E-15
5014.72826685718  4.507145E-15
5017.29830026683  4.303635E-15
5019.86833367648  4.238846E-15
5022.43836708612  4.241620E-15
5025.00840049577  4.170890E-15
5027.57843390542  4.170147E-15
5030.14846731507  4.197430E-15
5032.71850072472  4.240119E-15
5035.28853413437  4.201842E-15
5037.85856754401  4.090029E-15
5040.42860095366  4.089235E-15
5042.99863436331  4.122626E-15
5045.56866777296  3.961291E-15
5048.13870118261  3.917449E-15
5050.70873459226  4.013210E-15
5053.2787680019  3.978979E-15
5055.84880141155  3.876838E-15
5058.4188348212  3.731345E-15
5060.98886823085  3.740653E-15
5063.5589016405  3.847969E-15
5066.12893505015  3.823974E-15
5068.6989684598  3.753948E-15
5071.26900186944  3.713585E-15
5073.83903527909  3.728848E-15
5076.40906868874  3.686812E-15
5078.97910209839  3.620505E-15
5081.54913550804  3.694531E-15
5084.11916891769  3.709838E-15
5086.68920232734  3.578361E-15
5089.25923573698  3.570952E-15
5091.82926914663  3.594456E-15
5094.39930255628  3.477885E-15
5096.96933596593  3.390429E-15
5099.53936937558  3.447190E-15
5102.10940278523  3.479771E-15
5104.67943619488  3.483021E-15
5107.24946960452  3.467776E-15
5109.81950301417  3.423844E-15
5112.38953642382  3.458811E-15
5114.95956983347  3.576982E-15
5117.52960324312  3.652830E-15
5120.09963665277  3.627843E-15
5122.66967006241  3.454413E-15
5125.23970347206  3.668380E-15
5127.80973688171  3.737435E-15
5130.37977029136  3.695247E-15
5132.94980370101  3.725074E-15
5135.51983711066  3.651124E-15
5138.08987052031  3.721744E-15
5140.65990392995  3.700877E-15
5143.2299373396  3.598011E-15
5145.79997074925  3.696385E-15
5148.3700041589  3.691276E-15
5150.94003756855  3.736112E-15
5153.5100709782  3.924836E-15
5156.08010438785  3.897628E-15
5158.65013779749  3.837659E-15
5161.22017120714  3.950637E-15
5163.79020461679  4.264081E-15
5166.36023802644  4.149514E-15
5168.93027143609  3.798308E-15
5171.50030484574  3.983998E-15
5174.07033825539  4.232622E-15
5176.64037166503  4.245797E-15
5179.21040507468  4.276128E-15
5181.78043848433  4.500697E-15
5184.35047189398  4.643783E-15
5186.92050530363  4.475478E-15
5189.49053871327  4.351094E-15
5192.06057212292  4.414629E-15
5194.63060553257  4.581259E-15
5197.20063894222  4.820253E-15
5199.77067235187  4.753768E-15
5202.34070576152  4.766954E-15
5204.91073917117  5.221068E-15
5207.48077258081  5.311176E-15
5210.05080599046  5.357920E-15
5212.62083940011  5.521360E-15
5215.19087280976  5.557224E-15
5217.76090621941  5.806546E-15
5220.33093962906  5.972199E-15
5222.90097303871  5.923497E-15
5225.47100644835  5.982758E-15
5228.041039858  6.167905E-15
5230.61107326765  6.145508E-15
5233.1811066773  5.995209E-15
5235.75114008695  6.090765E-15
5238.3211734966  6.104832E-15
5240.89120690625  6.067698E-15
5243.46124031589  6.167651E-15
5246.03127372554  6.213965E-15
5248.60130713519  6.265811E-15
5251.17134054484  6.407446E-15
5253.74137395449  6.638428E-15
5256.31140736414  6.706230E-15
5258.88144077378  6.712524E-15
5261.45147418343  6.932816E-15
5264.02150759308  7.196138E-15
5266.59154100273  7.153922E-15
5269.16157441238  7.022423E-15
5271.73160782203  7.298514E-15
5274.30164123168  7.576112E-15
5276.87167464132  7.640377E-15
5279.44170805097  7.772617E-15
5282.01174146062  7.900331E-15
5284.58177487027  7.684496E-15
5287.15180827992  7.458103E-15
5289.72184168957  7.529458E-15
5292.29187509922  7.669925E-15
5294.86190850886  7.604774E-15
5297.43194191851  7.522657E-15
5300.00197532816  7.611542E-15
5302.57200873781  7.642317E-15
5305.14204214746  7.677837E-15
5307.71207555711  7.729149E-15
5310.28210896676  7.537800E-15
5312.8521423764  7.269536E-15
5315.42217578605  7.182854E-15
5317.9922091957  7.068381E-15
5320.56224260535  7.079617E-15
5323.132276015  7.115763E-15
5325.70230942465  7.088786E-15
5328.2723428343  7.059054E-15
5330.84237624394  6.892046E-15
5333.41240965359  7.194373E-15
5335.98244306324  7.129810E-15
5338.55247647289  6.682902E-15
5341.12250988254  6.672180E-15
5343.69254329219  6.661882E-15
5346.26257670184  6.592873E-15
5348.83261011148  6.734667E-15
5351.40264352113  6.863255E-15
5353.97267693078  6.728100E-15
5356.54271034043  6.853419E-15
5359.11274375008  7.033990E-15
5361.68277715972  6.886831E-15
5364.25281056937  7.118238E-15
5366.82284397902  7.421368E-15
5369.39287738867  7.484622E-15
5371.96291079832  7.583179E-15
5374.53294420797  7.623992E-15
5377.10297761762  7.664521E-15
5379.67301102726  7.923361E-15
5382.24304443691  8.203222E-15
5384.81307784656  8.336070E-15
5387.38311125621  8.470783E-15
5389.95314466586  8.504933E-15
5392.52317807551  8.443449E-15
5395.09321148516  8.562192E-15
5397.6632448948  8.560711E-15
5400.23327830445  8.472160E-15
5402.8033117141  8.695608E-15
5405.37334512375  8.768126E-15
5407.9433785334  8.868439E-15
5410.51341194305  9.008907E-15
5413.08344535269  8.802317E-15
5415.65347876234  8.858706E-15
5418.22351217199  8.906612E-15
5420.79354558164  8.616810E-15
5423.36357899129  8.706240E-15
5425.93361240094  8.991604E-15
5428.50364581059  8.933485E-15
5431.07367922023  8.778396E-15
5433.64371262988  8.855762E-15
5436.21374603953  8.875647E-15
5438.78377944918  8.644460E-15
5441.35381285883  8.588675E-15
5443.92384626848  8.543004E-15
5446.49387967813  8.397933E-15
5449.06391308777  8.475574E-15
5451.63394649742  8.582826E-15
5454.20397990707  8.552454E-15
5456.77401331672  8.385379E-15
5459.34404672637  8.428305E-15
5461.91408013602  8.377235E-15
5464.48411354567  8.076490E-15
5467.05414695531  8.016378E-15
5469.62418036496  8.287773E-15
5472.19421377461  8.245291E-15
5474.76424718426  8.194382E-15
5477.33428059391  8.225080E-15
5479.90431400356  7.934244E-15
5482.47434741321  8.050446E-15
5485.04438082285  8.034375E-15
5487.6144142325  7.656896E-15
5490.18444764215  7.744882E-15
5492.7544810518  7.795934E-15
5495.32451446145  7.668286E-15
5497.89454787109  7.652371E-15
5500.46458128074  7.583440E-15
5503.03461469039  7.526400E-15
5505.60464810004  7.689121E-15
5508.17468150969  7.645420E-15
5510.74471491934  7.381900E-15
5513.31474832899  7.097574E-15
5515.88478173863  6.957682E-15
5518.45481514828  7.229868E-15
5521.02484855793  7.377692E-15
5523.59488196758  7.115179E-15
5526.16491537723  6.875809E-15
5528.73494878688  6.900664E-15
5531.30498219653  7.103423E-15
5533.87501560618  6.963845E-15
5536.44504901582  6.721131E-15
5539.01508242547  6.730398E-15
5541.58511583512  6.711095E-15
5544.15514924477  6.708345E-15
5546.72518265442  6.813347E-15
5549.29521606407  6.766656E-15
5551.86524947371  6.576459E-15
5554.43528288336  6.639850E-15
5557.00531629301  6.735013E-15
5559.57534970266  6.605550E-15
5562.14538311231  6.430850E-15
5564.71541652196  6.353408E-15
5567.28544993161  6.335851E-15
5569.85548334125  6.244526E-15
5572.4255167509  6.194132E-15
5574.99555016055  6.165443E-15
5577.5655835702  6.063216E-15
5580.13561697985  6.032007E-15
5582.7056503895  5.898651E-15
5585.27568379914  5.667838E-15
5587.84571720879  5.667172E-15
5590.41575061844  5.639604E-15
5592.98578402809  5.574609E-15
5595.55581743774  5.627186E-15
5598.12585084739  5.530425E-15
5600.69588425704  5.385330E-15
5603.26591766668  5.289317E-15
5605.83595107633  5.376725E-15
5608.40598448598  5.344755E-15
5610.97601789563  5.186758E-15
5613.54605130528  5.201114E-15
5616.11608471493  5.198474E-15
5618.68611812457  5.158322E-15
5621.25615153422  4.964877E-15
5623.82618494387  4.962142E-15
5626.39621835352  4.943704E-15
5628.96625176317  4.798231E-15
5631.53628517282  4.845864E-15
5634.10631858246  4.839428E-15
5636.67635199211  4.755525E-15
5639.24638540176  4.651085E-15
5641.81641881141  4.528740E-15
5644.38645222106  4.417074E-15
5646.95648563071  4.397521E-15
5649.52651904036  4.542118E-15
5652.09655245001  4.613109E-15
5654.66658585965  4.527233E-15
5657.2366192693  4.333354E-15
5659.80665267895  4.322448E-15
5662.3766860886  4.315272E-15
5664.94671949825  4.211443E-15
5667.5167529079  4.193741E-15
5670.08678631755  4.142862E-15
5672.65681972719  4.141555E-15
5675.22685313684  4.005670E-15
5677.79688654649  3.949638E-15
5680.36691995614  3.909226E-15
5682.93695336579  3.732170E-15
5685.50698677544  3.711923E-15
5688.07702018508  3.734916E-15
5690.64705359473  3.684356E-15
5693.21708700438  3.682973E-15
5695.78712041403  3.882539E-15
5698.35715382368  3.944461E-15
5700.92718723333  3.701426E-15
5703.49722064297  3.479777E-15
5706.06725405263  3.558808E-15
5708.63728746227  3.712761E-15
5711.20732087192  3.769228E-15
5713.77735428157  3.799449E-15
5716.34738769122  3.828547E-15
5718.91742110087  3.982898E-15
5721.48745451051  3.861668E-15
5724.05748792016  3.685405E-15
5726.62752132981  3.843454E-15
5729.19755473946  3.993619E-15
5731.76758814911  3.975933E-15
5734.33762155876  3.907180E-15
5736.90765496841  4.121624E-15
5739.47768837805  4.289766E-15
5742.0477217877  4.206569E-15
5744.61775519735  4.299194E-15
5747.187788607  4.311664E-15
5749.75782201665  4.152793E-15
5752.3278554263  4.215915E-15
5754.89788883595  4.338036E-15
5757.46792224559  4.392909E-15
5760.03795565524  4.484992E-15
5762.60798906489  4.547248E-15
5765.17802247454  4.477843E-15
5767.74805588419  4.395794E-15
5770.31808929384  4.448625E-15
5772.88812270349  4.413825E-15
5775.45815611313  4.470443E-15
5778.02818952278  4.466472E-15
5780.59822293243  4.515943E-15
5783.16825634208  4.675153E-15
5785.73828975173  4.717468E-15
5788.30832316138  4.777925E-15
5790.87835657102  4.833682E-15
5793.44838998067  4.916920E-15
5796.01842339032  4.813735E-15
5798.58845679997  4.680757E-15
5801.15849020962  4.854849E-15
5803.72852361927  5.032554E-15
5806.29855702892  5.183842E-15
5808.86859043856  5.231157E-15
5811.43862384821  5.306918E-15
5814.00865725786  5.513719E-15
5816.57869066751  5.494277E-15
5819.14872407716  5.461721E-15
5821.71875748681  5.536312E-15
5824.28879089646  5.512248E-15
5826.8588243061  5.566387E-15
5829.42885771575  5.765015E-15
5831.9988911254  5.825639E-15
5834.56892453505  5.843751E-15
5837.1389579447  5.796291E-15
5839.70899135434  5.808444E-15
5842.279024764  5.820253E-15
5844.84905817364  5.821511E-15
5847.41909158329  5.852165E-15
5849.98912499294  5.828246E-15
5852.55915840259  5.969835E-15
5855.12919181224  6.080512E-15
5857.69922522189  6.133251E-15
5860.26925863153  6.169021E-15
5862.83929204118  6.177239E-15
5865.40932545083  6.216624E-15
5867.97935886048  6.190631E-15
5870.54939227013  6.089135E-15
5873.11942567978  6.033026E-15
5875.68945908942  6.074626E-15
5878.25949249907  6.004812E-15
5880.82952590872  5.718717E-15
5883.39955931837  5.320438E-15
5885.96959272802  4.939965E-15
5888.53962613767  5.043169E-15
5891.10965954732  5.982203E-15
5893.67969295696  5.871635E-15
5896.24972636661  5.406686E-15
5898.81975977626  5.723535E-15
5901.38979318591  5.790410E-15
5903.95982659556  5.771049E-15
5906.52986000521  5.818512E-15
5909.09989341485  5.683011E-15
5911.66992682451  5.626526E-15
5914.23996023415  5.835257E-15
5916.8099936438  5.696936E-15
5919.38002705345  5.484935E-15
5921.9500604631  5.399302E-15
5924.52009387275  5.340081E-15
5927.0901272824  5.372127E-15
5929.66016069204  5.344187E-15
5932.23019410169  5.319321E-15
5934.80022751134  5.000501E-15
5937.37026092099  4.724133E-15
5939.94029433064  4.657624E-15
5942.51032774029  4.621721E-15
5945.08036114993  4.571409E-15
5947.65039455958  4.435386E-15
5950.22042796923  4.437502E-15
5952.79046137888  4.420813E-15
5955.36049478853  4.426113E-15
5957.93052819818  4.352486E-15
5960.50056160783  4.262235E-15
5963.07059501747  4.270269E-15
5965.64062842712  4.279515E-15
5968.21066183677  4.319833E-15
5970.78069524642  4.378760E-15
5973.35072865607  4.406260E-15
5975.92076206572  4.322291E-15
5978.49079547536  4.278919E-15
5981.06082888501  4.231888E-15
5983.63086229466  4.283226E-15
5986.20089570431  4.402600E-15
5988.77092911396  4.368906E-15
5991.34096252361  4.426673E-15
5993.91099593326  4.522955E-15
5996.4810293429  4.401293E-15
5999.05106275255  4.392600E-15
6001.6210961622  4.550236E-15
6004.19112957185  4.420448E-15
6006.7611629815  4.285160E-15
6009.33119639115  4.337070E-15
6011.9012298008  4.340267E-15
6014.47126321044  4.310615E-15
6017.04129662009  4.283004E-15
6019.61133002974  4.187726E-15
6022.18136343939  4.001978E-15
6024.75139684904  4.027384E-15
6027.32143025869  4.008943E-15
6029.89146366834  3.881867E-15
6032.46149707798  3.945369E-15
6035.03153048763  3.930895E-15
6037.60156389728  3.861322E-15
6040.17159730693  3.761769E-15
6042.74163071658  3.690393E-15
6045.31166412623  3.758877E-15
6047.88169753588  3.788369E-15
6050.45173094552  3.670705E-15
6053.02176435517  3.595502E-15
6055.59179776482  3.749023E-15
6058.16183117447  3.994339E-15
6060.73186458412  4.140926E-15
6063.30189799377  3.977529E-15
6065.87193140341  3.948596E-15
6068.44196481306  4.164655E-15
6071.01199822271  4.248957E-15
6073.58203163236  4.302990E-15
6076.15206504201  4.315388E-15
6078.72209845166  4.280402E-15
6081.2921318613  4.370466E-15
6083.86216527095  4.455110E-15
6086.4321986806  4.483181E-15
6089.00223209025  4.467475E-15
6091.5722654999  4.365538E-15
6094.14229890955  4.294401E-15
6096.7123323192  4.384794E-15
6099.28236572884  4.396214E-15
6101.85239913849  4.278496E-15
6104.42243254814  4.328679E-15
6106.99246595779  4.347957E-15
6109.56249936744  4.132692E-15
6112.13253277709  4.067775E-15
6114.70256618673  4.115757E-15
6117.27259959638  3.948414E-15
6119.84263300603  3.918413E-15
6122.41266641568  3.937565E-15
6124.98269982533  3.777152E-15
6127.55273323498  3.685818E-15
6130.12276664463  3.652643E-15
6132.69280005428  3.642108E-15
6135.26283346392  3.546467E-15
6137.83286687357  3.387482E-15
6140.40290028322  3.356894E-15
6142.97293369287  3.409981E-15
6145.54296710252  3.349363E-15
6148.11300051217  3.190806E-15
6150.68303392181  3.147690E-15
6153.25306733146  3.139457E-15
6155.82310074111  3.141785E-15
6158.39313415076  3.132346E-15
6160.96316756041  3.027727E-15
6163.53320097006  3.099278E-15
6166.10323437971  3.247736E-15
6168.67326778935  3.273768E-15
6171.243301199  3.199941E-15
6173.81333460865  3.164888E-15
6176.3833680183  3.238322E-15
6178.95340142795  3.192624E-15
6181.5234348376  3.250183E-15
6184.09346824725  3.397960E-15
6186.66350165689  3.406494E-15
6189.23353506654  3.351121E-15
6191.80356847619  3.356230E-15
6194.37360188584  3.366915E-15
6196.94363529549  3.354467E-15
6199.51366870514  3.313742E-15
6202.08370211479  3.278904E-15
6204.65373552443  3.479682E-15
6207.22376893408  3.511325E-15
6209.79380234373  3.431234E-15
6212.36383575338  3.538219E-15
6214.93386916303  3.585125E-15
6217.50390257268  3.473598E-15
6220.07393598233  3.476835E-15
6222.64396939197  3.526433E-15
6225.21400280162  3.449738E-15
6227.78403621127  3.395715E-15
6230.35406962092  3.405821E-15
6232.92410303057  3.467185E-15
6235.49413644022  3.489943E-15
6238.06416984986  3.350332E-15
6240.63420325951  3.282273E-15
6243.20423666916  3.352457E-15
6245.77427007881  3.408809E-15
6248.34430348846  3.448559E-15
6250.91433689811  3.402654E-15
6253.48437030775  3.423419E-15
6256.0544037174  3.533052E-15
6258.62443712705  3.561470E-15
6261.1944705367  3.552601E-15
6263.76450394635  3.586084E-15
6266.334537356  3.622538E-15
6268.90457076565  3.645876E-15
6271.47460417529  3.821443E-15
6274.04463758494  3.963387E-15
6276.61467099459  3.895816E-15
6279.18470440424  3.912772E-15
6281.75473781389  4.059828E-15
6284.32477122354  4.138685E-15
6286.89480463318  4.127912E-15
6289.46483804283  4.144962E-15
6292.03487145248  4.183398E-15
6294.60490486213  4.213224E-15
6297.17493827178  4.285509E-15
6299.74497168143  4.331485E-15
6302.31500509108  4.394744E-15
6304.88503850072  4.473416E-15
6307.45507191037  4.485591E-15
6310.02510532002  4.433344E-15
6312.59513872967  4.520837E-15
6315.16517213932  4.697050E-15
6317.73520554897  4.714073E-15
6320.30523895862  4.683226E-15
6322.87527236826  4.793475E-15
6325.44530577791  4.993313E-15
6328.01533918756  5.034016E-15
6330.58537259721  5.062288E-15
6333.15540600686  5.054164E-15
6335.72543941651  5.100953E-15
6338.29547282616  5.187251E-15
6340.8655062358  5.132555E-15
6343.43553964545  5.155062E-15
6346.0055730551  5.191562E-15
6348.57560646475  5.224060E-15
6351.1456398744  5.195342E-15
6353.71567328405  5.129003E-15
6356.28570669369  5.207979E-15
6358.85574010334  5.279002E-15
6361.42577351299  5.242806E-15
6363.99580692264  5.241587E-15
6366.56584033229  5.235112E-15
6369.13587374194  5.221826E-15
6371.70590715158  5.314103E-15
6374.27594056123  5.400951E-15
6376.84597397088  5.363107E-15
6379.41600738053  5.257486E-15
6381.98604079018  5.350011E-15
6384.55607419983  5.508524E-15
6387.12610760948  5.536958E-15
6389.69614101912  5.564390E-15
6392.26617442877  5.497204E-15
6394.83620783842  5.440980E-15
6397.40624124807  5.453778E-15
6399.97627465772  5.532196E-15
6402.54630806737  5.573872E-15
6405.11634147702  5.496989E-15
6407.68637488666  5.487936E-15
6410.25640829631  5.535352E-15
6412.82644170596  5.541822E-15
6415.39647511561  5.476673E-15
6417.96650852526  5.494734E-15
6420.53654193491  5.508384E-15
6423.10657534456  5.403246E-15
6425.67660875421  5.324918E-15
6428.24664216385  5.499270E-15
6430.8166755735  5.548085E-15
6433.38670898315  5.393091E-15
6435.9567423928  5.398468E-15
6438.52677580245  5.531411E-15
6441.0968092121  5.449095E-15
6443.66684262174  5.322332E-15
6446.23687603139  5.404705E-15
6448.80690944104  5.480829E-15
6451.37694285069  5.577594E-15
6453.94697626034  5.475240E-15
6456.51700966999  5.439294E-15
6459.08704307963  5.533278E-15
6461.65707648928  5.572486E-15
6464.22710989893  5.517047E-15
6466.79714330858  5.549418E-15
6469.36717671823  5.633414E-15
6471.93721012788  5.561707E-15
6474.50724353753  5.512284E-15
6477.07727694717  5.608475E-15
6479.64731035682  5.516749E-15
6482.21734376647  5.510224E-15
6484.78737717612  5.621929E-15
6487.35741058577  5.587525E-15
6489.92744399542  5.562540E-15
6492.49747740506  5.580405E-15
6495.06751081471  5.587730E-15
6497.63754422436  5.594049E-15
6500.20757763401  5.621794E-15
6502.77761104366  5.665493E-15
6505.34764445331  5.668612E-15
6507.91767786295  5.570924E-15
6510.4877112726  5.523075E-15
6513.05774468225  5.531552E-15
6515.6277780919  5.516702E-15
6518.19781150155  5.546717E-15
6520.7678449112  5.509461E-15
6523.33787832085  5.448719E-15
6525.90791173049  5.436268E-15
6528.47794514014  5.502404E-15
6531.04797854979  5.538937E-15
6533.61801195944  5.446193E-15
6536.18804536909  5.377024E-15
6538.75807877874  5.314786E-15
6541.32811218839  5.230658E-15
6543.89814559803  5.164485E-15
6546.46817900768  5.142390E-15
6549.03821241733  5.174892E-15
6551.60824582698  5.136891E-15
6554.17827923663  5.098917E-15
6556.74831264628  5.060969E-15
6559.31834605593  5.023055E-15
6561.88837946558  4.985162E-15
6564.45841287522  4.947295E-15
6567.02844628487  4.909454E-15
6569.59847969452  4.871641E-15
6572.16851310417  4.833861E-15
6574.73854651382  4.796101E-15
6577.30857992347  4.758368E-15
6579.87861333311  4.720662E-15
6582.44864674276  4.682983E-15
6585.01868015241  4.645337E-15
6587.58871356206  4.607711E-15
6590.15874697171  4.570111E-15
6592.72878038136  4.478705E-15
6595.298813791  4.484604E-15
6597.86884720065  4.441382E-15
6600.4388806103  4.404246E-15
6603.00891401995  4.404672E-15
6605.5789474296  4.374766E-15
6608.14898083925  4.303112E-15
6610.7190142489  4.286500E-15
6613.28904765855  4.309145E-15
6615.85908106819  4.189098E-15
6618.42911447784  4.175561E-15
6620.99914788749  4.185969E-15
6623.56918129714  4.041552E-15
6626.13921470679  4.064197E-15
6628.70924811644  4.132581E-15
6631.27928152608  4.083613E-15
6633.84931493573  3.965526E-15
6636.41934834538  3.873975E-15
6638.98938175503  3.892404E-15
6641.55941516468  3.931924E-15
6644.12944857433  3.891280E-15
6646.69948198398  3.821628E-15
6649.26951539363  3.793210E-15
6651.83954880327  3.797493E-15
6654.40958221292  3.783233E-15
6656.97961562257  3.661320E-15
6659.54964903222  3.615077E-15
6662.11968244187  3.558478E-15
6664.68971585151  3.456036E-15
6667.25974926116  3.531012E-15
6669.82978267081  3.584097E-15
6672.39981608046  3.496816E-15
6674.96984949011  3.358264E-15
6677.53988289976  3.320301E-15
6680.10991630941  3.346801E-15
6682.67994971905  3.278859E-15
6685.2499831287  3.185094E-15
6687.82001653835  3.162407E-15
6690.390049948  3.153575E-15
6692.96008335765  3.109577E-15
6695.5301167673  3.119750E-15
6698.10015017695  3.136263E-15
6700.67018358659  3.079303E-15
6703.24021699624  2.947105E-15
6705.81025040589  2.839274E-15
6708.38028381554  2.780485E-15
6710.95031722519  2.674639E-15
6713.52035063484  2.634549E-15
6716.09038404448  2.688740E-15
6718.66041745413  2.738599E-15
6721.23045086378  2.674905E-15
6723.80048427343  2.560801E-15
6726.37051768308  2.543723E-15
6728.94055109273  2.604229E-15
6731.51058450237  2.552392E-15
6734.08061791202  2.453475E-15
6736.65065132167  2.524726E-15
6739.22068473132  2.529182E-15
6741.79071814097  2.459091E-15
6744.36075155062  2.423538E-15
6746.93078496027  2.408997E-15
6749.50081836992  2.361398E-15
6752.07085177956  2.421556E-15
6754.64088518921  2.507941E-15
6757.21091859886  2.518522E-15
6759.78095200851  2.382334E-15
6762.35098541816  2.316377E-15
6764.92101882781  2.327947E-15
6767.49105223745  2.359549E-15
6770.0610856471  2.323289E-15
6772.63111905675  2.268772E-15
6775.2011524664  2.251911E-15
6777.77118587605  2.232839E-15
6780.3412192857  2.228989E-15
6782.91125269535  2.133270E-15
6785.481286105  1.899171E-15
6788.05131951464  1.636190E-15
6790.62135292429  1.558771E-15
6793.19138633394  1.586768E-15
6795.76141974359  1.670689E-15
6798.33145315324  1.786685E-15
6800.90148656288  1.893305E-15
6803.47151997254  1.969412E-15
6806.04155338218  1.893348E-15
6808.61158679183  1.792006E-15
6811.18162020148  1.759110E-15
6813.75165361113  1.776125E-15
6816.32168702078  1.802092E-15
6818.89172043042  1.871676E-15
6821.46175384007  1.916159E-15
6824.03178724972  1.969803E-15
6826.60182065937  2.033518E-15
6829.17185406902  2.027798E-15
6831.74188747867  2.056887E-15
6834.31192088832  2.100218E-15
6836.88195429796  2.098130E-15
6839.45198770761  2.056518E-15
6842.02202111726  2.027588E-15
6844.59205452691  2.070719E-15
6847.16208793656  2.154334E-15
6849.73212134621  2.133455E-15
6852.30215475586  2.086956E-15
6854.8721881655  2.070056E-15
6857.44222157515  2.050291E-15
6860.0122549848  2.071665E-15
6862.58228839445  2.087351E-15
6865.1523218041  2.041446E-15
6867.72235521375  2.104041E-15
6870.2923886234  2.161376E-15
6872.86242203304  2.105889E-15
6875.43245544269  2.095362E-15
6878.00248885234  2.100858E-15
6880.57252226199  2.136243E-15
6883.14255567164  2.120248E-15
6885.71258908129  2.105166E-15
6888.28262249093  2.136227E-15
6890.85265590058  2.042076E-15
6893.42268931023  1.994642E-15
6895.99272271988  2.082001E-15
6898.56275612953  2.099646E-15
6901.13278953918  2.040678E-15
6903.70282294883  2.001855E-15
6906.27285635847  1.997777E-15
6908.84288976812  2.074065E-15
6911.41292317777  2.094767E-15
6913.98295658742  1.985582E-15
6916.55298999707  1.951872E-15
6919.12302340672  1.973961E-15
6921.69305681636  1.996287E-15
6924.26309022601  2.008072E-15
6926.83312363566  2.052724E-15
6929.40315704531  2.012371E-15
6931.97319045496  1.904323E-15
6934.54322386461  1.895869E-15
6937.11325727426  1.894257E-15
6939.68329068391  1.908425E-15
6942.25332409355  1.979238E-15
6944.8233575032  1.964132E-15
6947.39339091285  1.950027E-15
6949.9634243225  1.975164E-15
6952.53345773215  1.949669E-15
6955.10349114179  1.986030E-15
6957.67352455144  1.979129E-15
6960.24355796109  1.891764E-15
6962.81359137074  1.855837E-15
6965.38362478039  1.885393E-15
6967.95365819004  1.867620E-15
6970.52369159969  1.860368E-15
6973.09372500933  1.831076E-15
6975.66375841898  1.811513E-15
6978.23379182863  1.777943E-15
6980.80382523828  1.794248E-15
6983.37385864793  1.829884E-15
6985.94389205758  1.784782E-15
6988.51392546723  1.840832E-15
6991.08395887687  1.904701E-15
6993.65399228652  1.816973E-15
6996.22402569617  1.773837E-15
6998.79405910582  1.828358E-15
7001.36409251547  1.829308E-15
7003.93412592512  1.826850E-15
7006.50415933476  1.822324E-15
7009.07419274441  1.842532E-15
7011.64422615406  1.868416E-15
7014.21425956371  1.804296E-15
7016.78429297336  1.862433E-15
7019.35432638301  1.889816E-15
7021.92435979266  1.811523E-15
7024.49439320231  1.801504E-15
7027.06442661195  1.798811E-15
7029.6344600216  1.806668E-15
7032.20449343125  1.813946E-15
7034.7745268409  1.831686E-15
7037.34456025055  1.805269E-15
7039.9145936602  1.815252E-15
7042.48462706984  1.874861E-15
7045.05466047949  1.840868E-15
7047.62469388914  1.804868E-15
7050.19472729879  1.805482E-15
7052.76476070844  1.822112E-15
7055.33479411809  1.832156E-15
7057.90482752774  1.875148E-15
7060.47486093738  1.902875E-15
7063.04489434703  1.844533E-15
7065.61492775668  1.760086E-15
7068.18496116633  1.723423E-15
7070.75499457598  1.803861E-15
7073.32502798563  1.832053E-15
7075.89506139528  1.800602E-15
7078.46509480492  1.827138E-15
7081.03512821457  1.793006E-15
7083.60516162422  1.813739E-15
7086.17519503387  1.853655E-15
7088.74522844352  1.804490E-15
7091.31526185317  1.834594E-15
7093.88529526281  1.875190E-15
7096.45532867246  1.827042E-15
7099.02536208211  1.777124E-15
7101.59539549176  1.803039E-15
7104.16542890141  1.852234E-15
7106.73546231106  1.902621E-15
7109.3054957207  1.939596E-15
7111.87552913035  1.884846E-15
7114.44556254  1.882819E-15
7117.01559594965  1.888393E-15
7119.5856293593  1.909857E-15
7122.15566276895  2.031942E-15
7124.7256961786  2.031369E-15
7127.29572958824  2.027369E-15
7129.86576299789  2.065775E-15
7132.43579640754  2.049717E-15
7135.00582981719  2.016563E-15
7137.57586322684  2.028461E-15
7140.14589663649  2.052935E-15
7142.71593004614  1.991513E-15
7145.28596345578  1.952639E-15
7147.85599686543  1.934108E-15
7150.42603027508  1.894004E-15
7152.99606368473  1.867978E-15
7155.56609709438  1.878903E-15
7158.13613050403  1.903787E-15
7160.70616391368  1.917110E-15
7163.27619732332  1.933143E-15
7165.84623073297  1.904135E-15
7168.41626414262  1.922801E-15
7170.98629755227  1.934265E-15
7173.55633096192  1.976064E-15
7176.12636437157  1.994552E-15
7178.69639778121  1.868269E-15
7181.26643119086  1.870254E-15
7183.83646460051  1.871640E-15
7186.40649801016  1.832736E-15
7188.97653141981  1.853036E-15
7191.54656482946  1.864346E-15
7194.1165982391  1.846378E-15
7196.68663164875  1.879926E-15
7199.2566650584  1.881744E-15
7201.82669846805  1.854750E-15
7204.3967318777  1.895549E-15
7206.96676528735  1.851832E-15
7209.536798697  1.845566E-15
7212.10683210664  1.869874E-15
7214.67686551629  1.883338E-15
7217.24689892594  1.899261E-15
7219.81693233559  1.886995E-15
7222.38696574524  1.863162E-15
7224.95699915489  1.832667E-15
7227.52703256454  1.844681E-15
7230.09706597419  1.897569E-15
7232.66709938383  1.938805E-15
7235.23713279348  1.964081E-15
7237.80716620313  2.006968E-15
7240.37719961278  2.008766E-15
7242.94723302243  2.035193E-15
7245.51726643208  2.046308E-15
7248.08729984172  2.005830E-15
7250.65733325137  2.040581E-15
7253.22736666102  2.047847E-15
7255.79740007067  2.030874E-15
7258.36743348032  2.131363E-15
7260.93746688997  2.139699E-15
7263.50750029962  2.078845E-15
7266.07753370926  2.096604E-15
7268.64756711891  2.096746E-15
7271.21760052856  2.107318E-15
7273.78763393821  2.090766E-15
7276.35766734786  2.009621E-15
7278.92770075751  1.991204E-15
7281.49773416715  2.072371E-15
7284.0677675768  2.156827E-15
7286.63780098645  2.163792E-15
7289.2078343961  2.156229E-15
7291.77786780575  2.210639E-15
7294.3479012154  2.200317E-15
7296.91793462505  2.116165E-15
7299.4879680347  2.018268E-15
7302.05800144434  2.033127E-15
7304.62803485399  2.166639E-15
7307.19806826364  2.213377E-15
7309.76810167329  2.150638E-15
7312.33813508294  2.091695E-15
7314.90816849258  2.123175E-15
7317.47820190223  2.169317E-15
7320.04823531188  2.125666E-15
7322.61826872153  2.092628E-15
7325.18830213118  2.127089E-15
7327.75833554083  2.099098E-15
7330.32836895048  2.090215E-15
7332.89840236012  2.155108E-15
7335.46843576977  2.188349E-15
7338.03846917942  2.143112E-15
7340.60850258907  2.169957E-15
7343.17853599872  2.232763E-15
7345.74856940837  2.156466E-15
7348.31860281801  2.111323E-15
7350.88863622766  2.131759E-15
7353.45866963731  2.185358E-15
7356.02870304696  2.196365E-15
7358.59873645661  2.196785E-15
7361.16876986626  2.130884E-15
7363.73880327591  2.000892E-15
7366.30883668556  2.005846E-15
7368.8788700952  2.104970E-15
7371.44890350485  2.103253E-15
7374.0189369145  2.106683E-15
7376.58897032415  2.118428E-15
7379.1590037338  2.075287E-15
7381.72903714345  2.045218E-15
7384.29907055309  2.034679E-15
7386.86910396274  2.042833E-15
7389.43913737239  2.053283E-15
7392.00917078204  2.086194E-15
7394.57920419169  2.080806E-15
7397.14923760134  2.065723E-15
7399.71927101099  2.050833E-15
7402.28930442063  1.981090E-15
7404.85933783028  1.927906E-15
7407.42937123993  1.974848E-15
7409.99940464958  1.996513E-15
7412.56943805923  1.966219E-15
7415.13947146888  1.939793E-15
7417.70950487852  1.918403E-15
7420.27953828817  1.967831E-15
7422.84957169782  1.960506E-15
7425.41960510747  1.934806E-15
7427.98963851712  1.954955E-15
7430.55967192677  1.971491E-15
7433.12970533642  1.954362E-15
7435.69973874607  1.998711E-15
7438.26977215571  1.891851E-15
7440.83980556536  1.920955E-15
7443.40983897501  1.974691E-15
7445.97987238466  1.833936E-15
7448.54990579431  1.875568E-15
7451.11993920396  1.880204E-15
7453.6899726136  1.752617E-15
7456.26000602325  1.790916E-15
7458.8300394329  1.929024E-15
7461.40007284255  2.000984E-15
7463.9701062522  1.846159E-15
7466.54013966185  1.753215E-15
7469.1101730715  1.842089E-15
7471.68020648114  1.802220E-15
7474.25023989079  1.898831E-15
7476.82027330044  1.984126E-15
7479.39030671009  1.975705E-15
7481.96034011974  1.947334E-15
7484.53037352939  1.835452E-15
7487.10040693903  1.815565E-15
7489.67044034868  1.875467E-15
7492.24047375833  1.850975E-15
7494.81050716798  1.889214E-15
7497.38054057763  1.890765E-15
7499.95057398728  1.743375E-15
7502.52060739693  1.568012E-15
7505.09064080658  1.253852E-15
7507.66067421622  9.723513E-16
7510.23070762587  7.883725E-16
7512.80074103552  5.563299E-16
7515.37077444517  4.620805E-16
7517.94080785482  5.373628E-16
7520.51084126447  5.484472E-16
7523.08087467411  6.906132E-16
7525.65090808376  1.045162E-15
7528.22094149341  1.240707E-15
7530.79097490306  1.290142E-15
7533.36100831271  1.177019E-15
7535.93104172236  1.039758E-15
7538.501075132  9.441684E-16
7541.07110854165  9.855162E-16
7543.6411419513  9.972329E-16
7546.21117536095  9.869276E-16
7548.7812087706  1.028584E-15
7551.35124218025  1.066931E-15
7553.9212755899  1.063327E-15
7556.49130899954  1.120682E-15
7559.06134240919  1.307676E-15
7561.63137581884  1.393957E-15
7564.20140922849  1.453792E-15
7566.77144263814  1.491356E-15
7569.34147604779  1.579801E-15
7571.91150945743  1.636260E-15
7574.48154286708  1.610608E-15
7577.05157627673  1.731009E-15
7579.62160968638  1.750493E-15
7582.19164309603  1.701689E-15
7584.76167650568  1.784207E-15
7587.33170991533  1.892446E-15
7589.90174332497  1.832037E-15
7592.47177673462  1.782807E-15
7595.04181014427  1.832562E-15
7597.61184355392  1.838200E-15
7600.18187696357  1.862947E-15
7602.75191037322  1.845312E-15
7605.32194378287  1.836903E-15
7607.89197719251  1.972391E-15
7610.46201060216  1.985758E-15
7613.03204401181  1.950704E-15
7615.60207742146  1.915874E-15
7618.17211083111  1.908736E-15
7620.74214424076  1.966204E-15
7623.31217765041  1.885632E-15
7625.88221106005  2.008637E-15
7628.4522444697  2.055524E-15
7631.02227787935  1.975016E-15
7633.592311289  2.025705E-15
7636.16234469865  2.009424E-15
7638.7323781083  1.884826E-15
7641.30241151794  1.909373E-15
7643.87244492759  1.938228E-15
7646.44247833724  1.993992E-15
7649.01251174689  2.015593E-15
7651.58254515654  1.928566E-15
7654.15257856619  1.832586E-15
7656.72261197584  1.766743E-15
7659.29264538548  1.874886E-15
7661.86267879513  2.024249E-15
7664.43271220478  1.878249E-15
7667.00274561443  1.831901E-15
7669.57277902408  1.884442E-15
7672.14281243373  1.837093E-15
7674.71284584338  1.793342E-15
7677.28287925302  1.881567E-15
7679.85291266267  1.804075E-15
7682.42294607232  1.730326E-15
7684.99297948197  1.711540E-15
7687.56301289162  1.790966E-15
7690.13304630127  1.914680E-15
7692.70307971091  1.826772E-15
7695.27311312057  1.769128E-15
7697.84314653021  1.723939E-15
7700.41317993986  1.624167E-15
7702.98321334951  1.694734E-15
7705.55324675916  1.719120E-15
7708.1232801688  1.660644E-15
7710.69331357846  1.684304E-15
7713.2633469881  1.701915E-15
7715.83338039775  1.684753E-15
7718.4034138074  1.632952E-15
7720.97344721705  1.566746E-15
7723.5434806267  1.575886E-15
7726.11351403635  1.733352E-15
7728.68354744599  1.871338E-15
7731.25358085564  1.793210E-15
7733.82361426529  1.690551E-15
7736.39364767494  1.713161E-15
7738.96368108459  1.662522E-15
7741.53371449424  1.585428E-15
7744.10374790388  1.650495E-15
7746.67378131353  1.653293E-15
7749.24381472318  1.596889E-15
7751.81384813283  1.673812E-15
7754.38388154248  1.720596E-15
7756.95391495213  1.653930E-15
7759.52394836178  1.619029E-15
7762.09398177142  1.564363E-15
7764.66401518107  1.563517E-15
7767.23404859072  1.578994E-15
7769.80408200037  1.715461E-15
7772.37411541002  1.689590E-15
7774.94414881967  1.623282E-15
7777.51418222931  1.710852E-15
7780.08421563896  1.772995E-15
7782.65424904861  1.669479E-15
7785.22428245826  1.518622E-15
7787.79431586791  1.564170E-15
7790.36434927756  1.558743E-15
7792.93438268721  1.424344E-15
7795.50441609685  1.548070E-15
7798.0744495065  1.665412E-15
7800.64448291615  1.562298E-15
7803.2145163258  1.455557E-15
7805.78454973545  1.488346E-15
7808.3545831451  1.536040E-15
7810.92461655475  1.626707E-15
7813.49464996439  1.691884E-15
7816.06468337404  1.601699E-15
7818.63471678369  1.575084E-15
7821.20475019334  1.607335E-15
7823.77478360299  1.593439E-15
7826.34481701264  1.648285E-15
7828.91485042229  1.756066E-15
7831.48488383193  1.785811E-15
7834.05491724158  1.692602E-15
7836.62495065123  1.647842E-15
7839.19498406088  1.625029E-15
7841.76501747053  1.615878E-15
7844.33505088018  1.650563E-15
7846.90508428982  1.638334E-15
7849.47511769947  1.719180E-15
7852.04515110912  1.776711E-15
7854.61518451877  1.825292E-15
7857.18521792842  1.617981E-15
7859.75525133807  1.485075E-15
7862.32528474771  1.607167E-15
7864.89531815736  1.625941E-15
7867.46535156701  1.731161E-15
7870.03538497666  1.685423E-15
7872.60541838631  1.582443E-15
7875.17545179596  1.537976E-15
7877.74548520561  1.646437E-15
7880.31551861526  1.721841E-15
7882.8855520249  1.661854E-15
7885.45558543455  1.621278E-15
7888.0256188442  1.595177E-15
7890.59565225385  1.626888E-15
7893.1656856635  1.573274E-15
7895.73571907315  1.546301E-15
7898.30575248279  1.542590E-15
7900.87578589244  1.554401E-15
7903.44581930209  1.603952E-15
7906.01585271174  1.632139E-15
7908.58588612139  1.539091E-15
7911.15591953104  1.568363E-15
7913.72595294069  1.623539E-15
7916.29598635033  1.531036E-15
7918.86601975998  1.494737E-15
7921.43605316963  1.401543E-15
7924.00608657928  1.377536E-15
7926.57611998893  1.478192E-15
7929.14615339858  1.401558E-15
7931.71618680823  1.391933E-15
7934.28622021787  1.474673E-15
7936.85625362752  1.454814E-15
7939.42628703717  1.450786E-15
7941.99632044682  1.313567E-15
7944.56635385647  1.287011E-15
7947.13638726612  1.419313E-15
7949.70642067576  1.303846E-15
7952.27645408541  1.244309E-15
7954.84648749506  1.265647E-15
7957.41652090471  1.203113E-15
7959.98655431436  1.158026E-15
7962.55658772401  1.161329E-15
7965.12662113365  1.205737E-15
7967.6966545433  1.236323E-15
7970.26668795295  1.164002E-15
7972.8367213626  1.182640E-15
7975.40675477225  1.227364E-15
7977.9767881819  1.148219E-15
7980.54682159155  1.105638E-15
7983.11685500119  1.181484E-15
7985.68688841084  1.198617E-15
7988.25692182049  1.132395E-15
7990.82695523014  1.137789E-15
7993.39698863979  1.006153E-15
7995.96702204944  9.756867E-16
7998.53705545908  1.133669E-15
8001.10708886873  1.205981E-15
8003.67712227838  1.107490E-15
8006.24715568803  9.954565E-16
8008.81718909768  1.000059E-15
8011.38722250733  9.986242E-16
8013.95725591698  9.502129E-16
8016.52728932663  9.282386E-16
8019.09732273627  9.143786E-16
8021.66735614592  9.361750E-16
8024.23738955557  8.548681E-16
8026.80742296522  8.665094E-16
8029.37745637487  9.852535E-16
8031.94748978452  1.020910E-15
8034.51752319416  9.204714E-16
8037.08755660381  7.919805E-16
8039.65759001346  8.583611E-16
8042.22762342311  9.103950E-16
8044.79765683276  7.768471E-16
8047.36769024241  7.687696E-16
8049.93772365206  8.525566E-16
8052.5077570617  8.411502E-16
8055.07779047135  8.073622E-16
8057.647823881  7.648059E-16
8060.21785729065  7.053947E-16
8062.7878907003  6.879809E-16
8065.35792410995  7.109816E-16
8067.9279575196  6.315168E-16
8070.49799092924  6.018641E-16
8073.06802433889  6.373408E-16
8075.63805774854  6.599071E-16
8078.20809115819  6.435479E-16
8080.77812456784  5.831049E-16
8083.34815797749  5.956848E-16
8085.91819138713  6.569283E-16
8088.48822479678  7.134597E-16
8091.05825820643  6.414733E-16
8093.62829161608  6.097558E-16
8096.19832502573  5.713899E-16
8098.76835843538  4.496219E-16
8101.33839184503  5.003928E-16
8103.90842525468  5.384523E-16
8106.47845866432  4.198429E-16
8109.04849207397  4.047395E-16
8111.61852548362  4.425264E-16
8114.18855889327  3.781087E-16
8116.75859230292  2.889506E-16
8119.32862571257  3.104459E-16
8121.89865912221  4.286193E-16
8124.46869253186  4.287627E-16
8127.03872594151  4.318316E-16
8129.60875935116  3.717596E-16
8132.17879276081  4.139226E-16
8134.74882617046  4.558051E-16
8137.31885958011  3.826576E-16
8139.88889298975  3.404051E-16
8142.4589263994  3.667001E-16
8145.02895980905  4.038472E-16
8147.5989932187  4.239272E-16
8150.16902662835  4.075821E-16
8152.739060038  3.760334E-16
8155.30909344765  3.935717E-16
8157.87912685729  4.264196E-16
8160.44916026694  3.427462E-16
8163.01919367659  2.782217E-16
8165.58922708624  4.730510E-16
8168.15926049589  6.914816E-16
8170.72929390553  5.733454E-16
8173.29932731518  3.702600E-16
8175.86936072483  3.776811E-16
8178.43939413448  4.088405E-16
8181.00942754413  4.144647E-16
8183.57946095378  4.007118E-16
8186.14949436343  4.554414E-16
8188.71952777307  4.190821E-16
8191.28956118272  3.077046E-16
8193.85959459237  4.122750E-16
8196.42962800202  4.723503E-16
8198.99966141167  4.299048E-16
8201.56969482132  5.048548E-16
8204.13972823097  5.967410E-16
8206.70976164061  4.167500E-16
8209.27979505026  3.049521E-16
8211.84982845991  2.927250E-16
8214.41986186956  3.616956E-16
8216.98989527921  4.110673E-16
8219.55992868886  4.379368E-16
8222.1299620985  3.744214E-16
8224.69999550815  4.227418E-16
8227.2700289178  4.334278E-16
8229.84006232745  4.480282E-16
8232.4100957371  3.320122E-16
8234.98012914675  2.834650E-16
8237.5501625564  3.635741E-16
8240.12019596604  4.528231E-16
8242.69022937569  5.653861E-16
8245.26026278534  6.223315E-16
8247.83029619499  6.306763E-16
8250.40032960464  6.427169E-16
8252.97036301429  6.063266E-16
8255.54039642394  5.128459E-16
8258.11042983358  4.891214E-16
8260.68046324323  3.771333E-16
8263.25049665288  2.470259E-16
8265.82053006253  3.259300E-16
8268.39056347218  4.660453E-16
8270.96059688183  4.943184E-16
8273.53063029147  4.221104E-16
8276.10066370112  4.324029E-16
8278.67069711077  5.015673E-16
8281.24073052042  6.013922E-16
8283.81076393007  6.304519E-16
8286.38079733972  5.666790E-16
8288.95083074937  6.198993E-16
8291.52086415902  5.075487E-16
8294.09089756866  3.999850E-16
8296.66093097831  4.412429E-16
8299.23096438796  4.436965E-16
8301.80099779761  5.199955E-16
8304.37103120726  6.318588E-16
8306.94106461691  6.421589E-16
8309.51109802655  6.104882E-16
8312.0811314362  6.184667E-16
8314.65116484585  6.123237E-16
8317.2211982555  6.250020E-16
8319.79123166515  6.795009E-16
8322.3612650748  6.762745E-16
8324.93129848445  5.801870E-16
8327.50133189409  6.540590E-16
8330.07136530374  6.573895E-16
8332.64139871339  6.603923E-16
8335.21143212304  6.937870E-16
8337.78146553269  6.781310E-16
8340.35149894234  6.798064E-16
8342.92153235198  6.601533E-16
8345.49156576163  6.259467E-16
8348.06159917128  6.153812E-16
8350.63163258093  7.119796E-16
8353.20166599058  8.940724E-16
8355.77169940023  8.871068E-16
8358.34173280987  8.364695E-16
8360.91176621953  7.864186E-16
8363.48179962917  7.972881E-16
8366.05183303882  8.530744E-16
8368.62186644847  1.048868E-15
8371.19189985812  1.003026E-15
8373.76193326777  7.024527E-16
8376.33196667742  7.106759E-16
8378.90200008706  8.998399E-16
8381.47203349671  9.019377E-16
8384.04206690636  8.108626E-16
8386.61210031601  8.504563E-16
8389.18213372566  9.159099E-16
8391.75216713531  9.368652E-16
8394.32220054495  8.768583E-16
8396.8922339546  8.286437E-16
8399.46226736425  9.744223E-16
8402.0323007739  1.044735E-15
8404.60233418355  1.058550E-15
8407.1723675932  1.146748E-15
8409.74240100285  1.135318E-15
8412.31243441249  1.166672E-15
8414.88246782214  1.283099E-15
8417.45250123179  1.220489E-15
8420.02253464144  1.247732E-15
8422.59256805109  1.324009E-15
8425.16260146074  1.311374E-15
8427.73263487038  1.375229E-15
8430.30266828003  1.379798E-15
8432.87270168968  1.285489E-15
8435.44273509933  1.360578E-15
8438.01276850898  1.406843E-15
8440.58280191863  1.460446E-15
8443.15283532828  1.454385E-15
8445.72286873792  1.387420E-15
8448.29290214758  1.555477E-15
8450.86293555722  1.584091E-15
8453.43296896687  1.446182E-15
8456.00300237652  1.600969E-15
8458.57303578617  1.609089E-15
8461.14306919582  1.480934E-15
8463.71310260546  1.465852E-15
8466.28313601511  1.527391E-15
8468.85316942476  1.480709E-15
8471.42320283441  1.610971E-15
8473.99323624406  1.722914E-15
8476.56326965371  1.643588E-15
8479.13330306335  1.538888E-15
8481.703336473  1.529903E-15
8484.27336988265  1.621260E-15
8486.8434032923  1.627701E-15
8489.41343670195  1.710195E-15
8491.9834701116  1.776139E-15
8494.55350352124  1.679551E-15
8497.12353693089  1.670401E-15
8499.69357034054  1.795519E-15
8502.26360375019  1.843777E-15
8504.83363715984  1.797547E-15
8507.40367056949  1.677084E-15
8509.97370397914  1.613104E-15
8512.54373738879  1.703550E-15
8515.11377079843  1.666446E-15
8517.68380420808  1.627606E-15
8520.25383761773  1.670939E-15
8522.82387102738  1.713001E-15
8525.39390443703  1.695499E-15
8527.96393784668  1.635136E-15
8530.53397125633  1.577801E-15
8533.10400466597  1.625247E-15
8535.67403807562  1.809948E-15
8538.24407148527  1.879797E-15
8540.81410489492  1.922263E-15
8543.38413830457  1.895833E-15
8545.95417171422  1.777765E-15
8548.52420512387  1.750984E-15
8551.09423853351  1.855486E-15
8553.66427194316  1.809538E-15
8556.23430535281  1.885868E-15
8558.80433876246  2.014586E-15
8561.37437217211  1.884910E-15
8563.94440558175  1.907083E-15
8566.51443899141  1.917078E-15
8569.08447240105  1.787635E-15
8571.6545058107  1.904770E-15
8574.22453922035  1.956894E-15
8576.79457263  1.856818E-15
8579.36460603965  2.020181E-15
8581.9346394493  2.131071E-15
8584.50467285894  2.057301E-15
8587.07470626859  2.067885E-15
8589.64473967824  2.125967E-15
8592.21477308789  2.122367E-15
8594.78480649754  1.969735E-15
8597.35483990719  1.853861E-15
8599.92487331683  1.881594E-15
8602.49490672648  2.022443E-15
8605.06494013613  2.093633E-15
8607.63497354578  2.023595E-15
8610.20500695543  2.048795E-15
8612.77504036508  2.089687E-15
8615.34507377473  2.031495E-15
8617.91510718437  1.975993E-15
8620.48514059402  2.107452E-15
8623.05517400367  2.414173E-15
8625.62520741332  2.300274E-15
8628.19524082297  1.945802E-15
8630.76527423262  1.998308E-15
8633.33530764226  2.082217E-15
8635.90534105191  2.177612E-15
8638.47537446156  2.385713E-15
8641.04540787121  2.236159E-15
8643.61544128086  2.042709E-15
8646.18547469051  2.141324E-15
8648.75550810016  2.200426E-15
8651.3255415098  2.104391E-15
8653.89557491945  2.111454E-15
8656.4656083291  2.228649E-15
8659.03564173875  2.222246E-15
8661.6056751484  2.286722E-15
8664.17570855805  2.365067E-15
8666.7457419677  2.327598E-15
8669.31577537735  2.270400E-15
8671.88580878699  2.232226E-15
8674.45584219664  2.162904E-15
8677.02587560629  2.237460E-15
8679.59590901594  2.391174E-15
8682.16594242559  2.287966E-15
8684.73597583524  2.217999E-15
8687.30600924488  2.206145E-15
8689.87604265453  2.237465E-15
8692.44607606418  2.303868E-15
8695.01610947383  2.441150E-15
8697.58614288348  2.359123E-15
8700.15617629312  2.125703E-15
8702.72620970277  2.160966E-15
8705.29624311242  2.282578E-15
8707.86627652207  2.335003E-15
8710.43630993172  2.279563E-15
8713.00634334137  2.193855E-15
8715.57637675102  2.211677E-15
8718.14641016067  2.252198E-15
8720.71644357031  2.305411E-15
8723.28647697996  2.342748E-15
8725.85651038961  2.425730E-15
8728.42654379926  2.499877E-15
8730.99657720891  2.435661E-15
8733.56661061856  2.319737E-15
8736.13664402821  2.247543E-15
8738.70667743785  2.254151E-15
8741.2767108475  2.406733E-15
8743.84674425715  2.437210E-15
8746.4167776668  2.246167E-15
8748.98681107645  2.210953E-15
8751.5568444861  2.280910E-15
8754.12687789575  2.338942E-15
8756.69691130539  2.371889E-15
8759.26694471504  2.338414E-15
8761.83697812469  2.272838E-15
8764.40701153434  2.169554E-15
8766.97704494399  2.109552E-15
8769.54707835364  2.323657E-15
8772.11711176328  2.525981E-15
8774.68714517293  2.398823E-15
8777.25717858258  2.281637E-15
8779.82721199223  2.266005E-15
8782.39724540188  2.287773E-15
8784.96727881153  2.127176E-15
8787.53731222118  1.995607E-15
8790.10734563082  2.259423E-15
8792.67737904047  2.320491E-15
8795.24741245012  2.167751E-15
8797.81744585977  2.203524E-15
8800.38747926942  2.186893E-15
8802.95751267907  2.066335E-15
8805.52754608872  2.093488E-15
8808.09757949836  2.169966E-15
8810.66761290801  2.116624E-15
8813.23764631766  2.120452E-15
8815.80767972731  2.171388E-15
8818.37771313696  2.260059E-15
8820.9477465466  2.295483E-15
8823.51777995625  2.202335E-15
8826.0878133659  2.301176E-15
8828.65784677555  2.186785E-15
8831.2278801852  2.040142E-15
8833.79791359485  2.068020E-15
8836.3679470045  2.227355E-15
8838.93798041414  2.189826E-15
8841.50801382379  1.959639E-15
8844.07804723344  1.963886E-15
8846.64808064309  2.073293E-15
8849.21811405274  1.964128E-15
8851.78814746239  1.784215E-15
8854.35818087204  1.836183E-15
8856.92821428168  1.985491E-15
8859.49824769133  2.056839E-15
8862.06828110098  1.949871E-15
8864.63831451063  1.785370E-15
8867.20834792028  1.804627E-15
8869.77838132993  1.810355E-15
8872.34841473958  1.867858E-15
8874.91844814923  1.962049E-15
8877.48848155887  1.814967E-15
8880.05851496852  1.722138E-15
8882.62854837817  1.769906E-15
8885.19858178782  1.642026E-15
8887.76861519747  1.700287E-15
8890.33864860712  1.806306E-15
8892.90868201676  1.699208E-15
8895.47871542641  1.711891E-15
8898.04874883606  1.592287E-15
8900.61878224571  1.573675E-15
8903.18881565536  1.649267E-15
8905.75884906501  1.497247E-15
8908.32888247465  1.445987E-15
8910.8989158843  1.653830E-15
8913.46894929395  1.878716E-15
8916.0389827036  1.482203E-15
8918.60901611325  1.375665E-15
8921.17904952289  1.702159E-15
8923.74908293255  1.646431E-15
8926.3191163422  1.572770E-15
8928.88914975184  1.642569E-15
8931.45918316149  1.586719E-15
8934.02921657114  1.580713E-15
8936.59924998079  1.573712E-15
8939.16928339044  1.608801E-15
8941.73931680009  1.573107E-15
8944.30935020973  1.586770E-15
8946.87938361938  1.570419E-15
8949.44941702903  1.590772E-15
8952.01945043868  1.638460E-15
8954.58948384833  1.559530E-15
8957.15951725798  1.508709E-15
8959.72955066762  1.563800E-15
8962.29958407727  1.542109E-15
8964.86961748692  1.491157E-15
8967.43965089657  1.543561E-15
8970.00968430622  1.564988E-15
8972.57971771587  1.561133E-15
8975.14975112552  1.512787E-15
8977.71978453516  1.551421E-15
8980.28981794481  1.550901E-15
8982.85985135446  1.405343E-15
8985.42988476411  1.415257E-15
8987.99991817376  1.453397E-15
8990.56995158341  1.292778E-15
8993.13998499306  1.142184E-15
8995.7100184027  1.258370E-15
8998.28005181235  1.456718E-15
9000.850085222  1.503396E-15
9003.42011863165  1.410493E-15
9005.9901520413  1.488852E-15
9008.56018545095  1.569457E-15
9011.1302188606  1.333465E-15
9013.70025227024  1.317526E-15
9016.27028567989  1.480604E-15
9018.84031908954  1.290735E-15
9021.41035249919  1.187507E-15
9023.98038590884  1.331578E-15
9026.55041931849  1.313079E-15
9029.12045272813  1.208832E-15
9031.69048613778  1.313596E-15
9034.26051954743  1.312187E-15
9036.83055295708  1.198177E-15
9039.40058636673  1.174582E-15
9041.97061977638  1.222941E-15
9044.54065318602  1.298733E-15
9047.11068659567  1.210622E-15
9049.68072000532  1.131384E-15
9052.25075341497  1.241347E-15
9054.82078682462  1.247795E-15
9057.39082023427  1.103857E-15
9059.96085364392  1.196186E-15
9062.53088705357  1.387967E-15
9065.10092046321  1.364979E-15
9067.67095387286  1.134753E-15
9070.24098728251  1.057018E-15
9072.81102069216  1.207847E-15
9075.38105410181  1.199081E-15
9077.95108751145  1.164895E-15
9080.52112092111  1.245531E-15
9083.09115433075  1.137457E-15
9085.6611877404  1.085167E-15
9088.23122115005  1.159081E-15
9090.8012545597  1.241173E-15
9093.37128796935  1.294372E-15
9095.941321379  1.213344E-15
9098.51135478864  1.162660E-15
9101.08138819829  1.208742E-15
9103.65142160794  1.227832E-15
9106.22145501759  1.302541E-15
9108.79148842724  1.425023E-15
9111.36152183689  1.442202E-15
9113.93155524653  1.371559E-15
9116.50158865618  1.142506E-15
9119.07162206583  9.125288E-16
9121.64165547548  9.195656E-16
9124.21168888513  9.634191E-16
9126.78172229478  1.028962E-15
9129.35175570443  1.174333E-15
9131.92178911407  1.221249E-15
9134.49182252372  1.108367E-15
9137.06185593337  1.152024E-15
9139.63188934302  1.146230E-15
9142.20192275267  1.119552E-15
9144.77195616232  1.293331E-15
9147.34198957197  1.296111E-15
9149.91202298161  1.235536E-15
9152.48205639126  1.202827E-15
9155.05208980091  1.086826E-15
9157.62212321056  1.159979E-15
9160.19215662021  1.180910E-15
9162.76219002986  1.227682E-15
9165.3322234395  1.199567E-15
9167.90225684915  1.075235E-15
9170.4722902588  1.079364E-15
9173.04232366845  1.143687E-15
9175.6123570781  1.118927E-15
9178.18239048775  1.097561E-15
9180.7524238974  1.095285E-15
9183.32245730704  1.008955E-15
9185.89249071669  1.030891E-15
9188.46252412634  1.016897E-15
9191.03255753599  9.314576E-16
9193.60259094564  9.524272E-16
9196.17262435529  1.026873E-15
9198.74265776494  9.169196E-16
9201.31269117458  6.519192E-16
9203.88272458423  8.033920E-16
9206.45275799388  1.084194E-15
9209.02279140353  1.172235E-15
9211.59282481318  1.143899E-15
9214.16285822283  1.014778E-15
9216.73289163248  1.034057E-15
9219.30292504212  9.452551E-16
9221.87295845177  6.621173E-16
9224.44299186142  7.770235E-16
9227.01302527107  9.449083E-16
9229.58305868072  7.441261E-16
9232.15309209037  6.263301E-16
9234.72312550001  6.308326E-16
9237.29315890966  6.477055E-16
9239.86319231931  6.085846E-16
9242.43322572896  5.971305E-16
9245.00325913861  8.276238E-16
9247.57329254826  8.404183E-16
9250.1433259579  6.751108E-16
9252.71335936755  7.163352E-16
9255.2833927772  6.753565E-16
9257.85342618685  4.851050E-16
9260.4234595965  4.960061E-16
9262.99349300615  5.859265E-16
9265.5635264158  5.360104E-16
9268.13355982544  4.232712E-16
9270.70359323509  4.963677E-16
9273.27362664474  7.112133E-16
9275.84366005439  6.999472E-16
9278.41369346404  7.579175E-16
9280.98372687369  1.049469E-15
9283.55376028334  9.858552E-16
9286.12379369298  6.468175E-16
9288.69382710263  6.972581E-16
9291.26386051228  8.537402E-16
9293.83389392193  9.843164E-16
9296.40392733158  1.120295E-15
9298.97396074123  9.878617E-16
9301.54399415088  7.783402E-16
9304.11402756052  7.874181E-16
9306.68406097017  7.659285E-16
9309.25409437982  7.325072E-16
9311.82412778947  1.027378E-15
9314.39416119912  1.061998E-15
9316.96419460877  7.144200E-16
9319.53422801841  6.412422E-16
9322.10426142806  7.714624E-16
9324.67429483771  9.134075E-16
9327.24432824736  9.958800E-16
9329.81436165701  9.374543E-16
9332.38439506666  8.296199E-16
9334.95442847631  8.335542E-16
9337.52446188595  8.164802E-16
9340.0944952956  7.621814E-16
9342.66452870525  6.793672E-16
9345.2345621149  7.323767E-16
9347.80459552455  8.520548E-16
9350.3746289342  5.850191E-16
9352.94466234385  4.784016E-16
9355.5146957535  8.307566E-16
9358.08472916314  8.329318E-16
9360.65476257279  6.768791E-16
9363.22479598244  7.364912E-16
9365.79482939209  8.537387E-16
9368.36486280174  8.658127E-16
9370.93489621138  5.807777E-16
9373.50492962103  3.998440E-16
9376.07496303068  5.436167E-16
9378.64499644033  8.201791E-16
9381.21502984998  9.985564E-16
9383.78506325963  8.995002E-16
9386.35509666927  6.209837E-16
9388.92513007892  7.352134E-16
9391.49516348857  7.780202E-16
9394.06519689822  7.274685E-16
9396.63523030787  6.469570E-16
9399.20526371752  5.732593E-16
9401.77529712717  5.951893E-16
9404.34533053682  8.010588E-16
9406.91536394646  7.421573E-16
9409.48539735611  5.403425E-16
9412.05543076576  5.045261E-16
9414.62546417541  4.501348E-16
9417.19549758506  6.123093E-16
9419.76553099471  5.317134E-16
9422.33556440436  3.544538E-16
9424.905597814  6.849043E-16
9427.47563122365  9.537897E-16
9430.0456646333  7.626723E-16
9432.61569804295  5.672912E-16
9435.1857314526  7.468481E-16
9437.75576486225  7.527490E-16
9440.32579827189  6.307669E-16
9442.89583168154  5.212271E-16
9445.46586509119  4.756679E-16
9448.03589850084  1.051447E-15
9450.60593191049  1.155462E-15
9453.17596532014  8.451694E-16
9455.74599872979  6.581602E-16
9458.31603213943  4.842874E-16
9460.88606554908  7.523216E-16
9463.45609895873  8.740851E-16
9466.02613236838  6.572876E-16
9468.59616577803  7.021531E-16
9471.16619918767  5.122299E-16
9473.73623259732  3.576819E-16
9476.30626600697  5.878223E-16
9478.87629941662  5.703616E-16
9481.44633282627  5.049505E-16
9484.01636623592  7.432844E-16
9486.58639964557  8.019183E-16
9489.15643305522  5.435622E-16
9491.72646646487  4.808165E-16
9494.29649987451  7.647277E-16
9496.86653328416  7.969465E-16
9499.43656669381  3.609661E-16
9502.00660010346  3.332710E-16
9504.57663351311  4.762332E-16
9507.14666692276  6.576940E-16
9509.7167003324  7.568500E-16
9512.28673374205  6.413557E-16
9514.8567671517  9.001667E-16
9517.42680056135  8.984754E-16
9519.996833971  4.818383E-16
9522.56686738065  5.791519E-16
9525.13690079029  6.961922E-16
9527.70693419994  7.048947E-16
9530.27696760959  8.785885E-16
9532.84700101924  7.443826E-16
9535.41703442889  6.643392E-16
9537.98706783854  6.591645E-16
9540.55710124819  7.827938E-16
9543.12713465783  8.037782E-16
9545.69716806748  7.932430E-16
9548.26720147713  8.752800E-16
9550.83723488678  7.226779E-16
9553.40726829643  5.955225E-16
9555.97730170608  7.063049E-16
9558.54733511572  9.456647E-16
9561.11736852538  9.638762E-16
9563.68740193502  7.968978E-16
9566.25743534467  5.837288E-16
9568.82746875432  6.114629E-16
9571.39750216397  6.326947E-16
9573.96753557362  6.633796E-16
9576.53756898327  8.803350E-16
9579.10760239291  6.757743E-16
9581.67763580256  4.546945E-16
9584.24766921221  7.450094E-16
9586.81770262186  8.590114E-16
9589.38773603151  4.969721E-16
9591.95776944116  4.683756E-16
9594.5278028508  6.126724E-16
9597.09783626045  8.230769E-16
9599.6678696701  1.102156E-15
9602.23790307975  4.720387E-16
9604.8079364894  -7.474924E-17
9607.37796989905  2.485586E-16
9609.9480033087  8.387300E-16
9612.51803671835  1.207955E-15
9615.08807012799  9.933243E-16
9617.65810353764  9.139947E-16
9620.22813694729  7.904889E-16
9622.79817035694  7.780422E-16
9625.36820376659  8.759949E-16
9627.93823717623  5.944496E-16
9630.50827058588  7.872768E-16
9633.07830399553  1.115099E-15
9635.64833740518  8.444626E-16
9638.21837081483  5.087045E-16
9640.78840422448  6.573155E-16
9643.35843763413  9.182639E-16
9645.92847104377  8.288220E-16
9648.49850445342  9.602903E-16
9651.06853786307  9.749527E-16
9653.63857127272  7.095431E-16
9656.20860468237  5.433461E-16
9658.77863809202  6.537975E-16
9661.34867150167  1.076720E-15
9663.91870491131  9.315425E-16
9666.48873832096  6.124704E-16
9669.05877173061  8.106660E-16
9671.62880514026  6.546128E-16
9674.19883854991  8.942148E-16
9676.76887195956  1.293479E-15
9679.3389053692  9.805627E-16
9681.90893877885  5.920637E-16
9684.4789721885  6.147223E-16
9687.04900559815  8.674483E-16
9689.6190390078  8.341589E-16
9692.18907241745  7.401125E-16
9694.75910582709  1.171528E-15
9697.32913923674  1.039137E-15
9699.89917264639  7.659273E-16
9702.46920605604  1.305853E-15
9705.03923946569  1.316401E-15
9707.60927287534  8.100691E-16
9710.17930628499  9.664704E-16
9712.74933969464  9.281037E-16
9715.31937310428  8.249961E-16
9717.88940651393  1.122783E-15
9720.45943992358  8.719262E-16
9723.02947333323  5.601905E-16
9725.59950674288  6.095579E-16
9728.16954015253  6.770078E-16
9730.73957356217  4.000906E-16
9733.30960697182  5.922568E-16
9735.87964038147  1.143187E-15
9738.44967379112  4.464827E-16
9741.01970720077  -7.307170E-17
9743.58974061042  4.712668E-16
9746.15977402006  6.573557E-16
9748.72980742972  7.822231E-16
9751.29984083936  8.212813E-16
9753.86987424901  7.048689E-16
9756.43990765866  7.017823E-16
9759.00994106831  7.959358E-16
9761.57997447796  3.995602E-16
9764.1500078876  9.737392E-16
9766.72004129726  1.137206E-15
9769.2900747069  7.160692E-16
9771.86010811655  6.614834E-16
9774.4301415262  7.770222E-16
9777.00017493585  9.539990E-16
9779.5702083455  1.090607E-15
9782.14024175515  1.234114E-15
9784.71027516479  8.725754E-16
9787.28030857444  2.079830E-16
9789.85034198409  4.447005E-16
9792.42037539374  6.971082E-16
9794.99040880339  1.193622E-15
9797.56044221304  1.378238E-15
9800.13047562268  5.027994E-16
9802.70050903233  7.242005E-17
9805.27054244198  3.344509E-16
9807.84057585163  4.575113E-16
9810.41060926128  6.996866E-16
9812.98064267093  8.120438E-16
9815.55067608057  6.088826E-16
9818.12070949023  7.916849E-16
9820.69074289987  1.037783E-15
9823.26077630952  8.454715E-16
9825.83080971917  6.181443E-16
9828.40084312882  5.794312E-16
9830.97087653847  9.492940E-16
9833.54090994812  5.135616E-16
9836.11094335776  -4.401583E-16
9838.68097676741  1.079767E-16
9841.25101017706  8.400710E-16
9843.82104358671  1.110782E-15
9846.39107699636  8.417737E-16
9848.96111040601  1.812363E-16
9851.53114381565  -2.873220E-16
9854.1011772253  -2.828862E-16
9856.67121063495  4.606066E-16
9859.2412440446  1.615721E-15
9861.81127745425  1.405284E-15
9864.3813108639  7.398741E-16
9866.95134427355  6.950060E-16
9869.52137768319  9.271129E-16
9872.09141109284  7.991677E-16
9874.66144450249  4.175578E-16
9877.23147791214  -4.798159E-17
9879.80151132179  2.811582E-16
9882.37154473144  3.730663E-16
9884.94157814109  2.632977E-16
9887.51161155073  6.093949E-16
9890.08164496038  5.138320E-16
9892.65167837003  2.844070E-16
9895.22171177968  3.013969E-16
9897.79174518933  4.747341E-17
9900.36177859897  -2.978764E-16
9902.93181200862  1.562505E-16
9905.50184541827  8.053922E-16
9908.07187882792  9.455932E-16
9910.64191223757  -1.659333E-16
9913.21194564722  -5.302515E-16
9915.78197905687  6.142819E-16
9918.35201246652  4.208272E-16
9920.92204587616  1.296169E-16
9923.49207928581  6.497351E-16
9926.06211269546  6.269303E-16
9928.63214610511  7.474939E-16
9931.20217951476  6.744438E-16
9933.77221292441  1.448807E-16
9936.34224633405  -1.788294E-16
9938.9122797437  -3.476741E-18
9941.48231315335  4.894781E-16
9944.052346563  6.060884E-16
9946.62237997265  7.420326E-16
9949.1924133823  6.937452E-16
9951.76244679194  7.002453E-18
9954.3324802016  9.204507E-17
9956.90251361124  7.482054E-17
9959.47254702089  -1.878209E-17
9962.04258043054  1.046331E-16
9964.61261384019  2.166515E-16
9967.18264724984  2.300665E-16
9969.75268065949  1.669410E-16
9972.32271406913  -6.957224E-17
9974.89274747878  1.737839E-16
9977.46278088843  3.687085E-16
9980.03281429808  -3.735175E-16
9982.60284770773  -6.348430E-16
