4392.64  4.621767E-14
4393.64  4.587072E-14
4394.64  3.532969E-14
4395.64  4.616373E-14
4396.64  5.256792E-14
4397.64  5.443865E-14
4398.64  4.456706E-14
4399.64  5.668270E-14
4400.64  6.022624E-14
4401.64  6.039094E-14
4402.64  5.919355E-14
4403.64  6.550275E-14
4404.64  6.393911E-14
4405.64  5.996627E-14
4406.64  5.404360E-14
4407.64  5.445387E-14
4408.64  5.378156E-14
4409.64  5.843735E-14
4410.64  6.708739E-14
4411.64  6.038078E-14
4412.64  5.661161E-14
4413.64  6.072358E-14
4414.64  6.663645E-14
4415.64  6.125022E-14
4416.64  6.740430E-14
4417.64  6.521268E-14
4418.64  6.133192E-14
4419.64  5.842595E-14
4420.64  6.981971E-14
4421.64  7.417954E-14
4422.64  7.524676E-14
4423.64  7.294982E-14
4424.64  6.018756E-14
4425.64  7.101950E-14
4426.64  7.720650E-14
4427.64  7.860216E-14
4428.64  6.872666E-14
4429.64  6.711957E-14
4430.64  7.094375E-14
4431.64  7.578656E-14
4432.64  7.775687E-14
4433.64  7.756058E-14
4434.64  7.747240E-14
4435.64  7.690125E-14
4436.64  7.549368E-14
4437.64  7.752356E-14
4438.64  7.299756E-14
4439.64  7.378018E-14
4440.64  7.921658E-14
4441.64  8.313764E-14
4442.64  7.819610E-14
4443.64  8.307589E-14
4444.64  8.839563E-14
4445.64  7.621907E-14
4446.64  8.596962E-14
4447.64  8.475053E-14
4448.64  8.348776E-14
4449.64  8.680686E-14
4450.64  8.001982E-14
4451.64  8.197129E-14
4452.64  8.582757E-14
4453.64  9.040336E-14
4454.64  8.245337E-14
4455.64  8.971718E-14
4456.64  9.296100E-14
4457.64  9.335158E-14
4458.64  9.043321E-14
4459.64  9.672912E-14
4460.64  9.664722E-14
4461.64  9.642932E-14
4462.64  9.977812E-14
4463.64  1.001160E-13
4464.64  9.650730E-14
4465.64  9.423231E-14
4466.64  9.398264E-14
4467.64  9.372474E-14
4468.64  9.344604E-14
4469.64  9.238662E-14
4470.64  9.120267E-14
4471.64  9.230104E-14
4472.64  9.355620E-14
4473.64  9.776059E-14
4474.64  1.020799E-13
4475.64  1.044667E-13
4476.64  1.087852E-13
4477.64  1.058471E-13
4478.64  1.042506E-13
4479.64  1.053016E-13
4480.64  1.026792E-13
4481.64  1.057807E-13
4482.64  1.057626E-13
4483.64  1.035934E-13
4484.64  1.009459E-13
4485.64  1.076498E-13
4486.64  1.074139E-13
4487.64  1.058783E-13
4488.64  1.066389E-13
4489.64  1.107229E-13
4490.64  1.098532E-13
4491.64  1.076115E-13
4492.64  1.044572E-13
4493.64  1.115379E-13
4494.64  1.065457E-13
4495.64  1.063988E-13
4496.64  1.099428E-13
4497.64  1.167954E-13
4498.64  1.195953E-13
4499.64  1.207465E-13
4500.64  1.210724E-13
4501.64  1.205187E-13
4502.64  1.174237E-13
4503.64  1.212221E-13
4504.64  1.236820E-13
4505.64  1.232881E-13
4506.64  1.177715E-13
4507.64  1.135336E-13
4508.64  1.138225E-13
4509.64  1.165531E-13
4510.64  1.163183E-13
4511.64  1.178509E-13
4512.64  1.222487E-13
4513.64  1.240653E-13
4514.64  1.171808E-13
4515.64  1.194117E-13
4516.64  1.180471E-13
4517.64  1.173344E-13
4518.64  1.180081E-13
4519.64  1.270206E-13
4520.64  1.189531E-13
4521.64  1.208596E-13
4522.64  1.267244E-13
4523.64  1.220960E-13
4524.64  1.252883E-13
4525.64  1.265765E-13
4526.64  1.274642E-13
4527.64  1.285164E-13
4528.64  1.325631E-13
4529.64  1.275494E-13
4530.64  1.243120E-13
4531.64  1.241930E-13
4532.64  1.334642E-13
4533.64  1.267448E-13
4534.64  1.234998E-13
4535.64  1.244834E-13
4536.64  1.367253E-13
4537.64  1.305377E-13
4538.64  1.316842E-13
4539.64  1.335596E-13
4540.64  1.338565E-13
4541.64  1.316523E-13
4542.64  1.278863E-13
4543.64  1.260587E-13
4544.64  1.266126E-13
4545.64  1.336960E-13
4546.64  1.330130E-13
4547.64  1.313007E-13
4548.64  1.302906E-13
4549.64  1.333210E-13
4550.64  1.360171E-13
4551.64  1.365568E-13
4552.64  1.351248E-13
4553.64  1.312507E-13
4554.64  1.332062E-13
4555.64  1.320833E-13
4556.64  1.315866E-13
4557.64  1.310396E-13
4558.64  1.262789E-13
4559.64  1.344216E-13
4560.64  1.325671E-13
4561.64  1.282612E-13
4562.64  1.259619E-13
4563.64  1.312689E-13
4564.64  1.304714E-13
4565.64  1.286876E-13
4566.64  1.265696E-13
4567.64  1.260406E-13
4568.64  1.247015E-13
4569.64  1.247340E-13
4570.64  1.257129E-13
4571.64  1.276393E-13
4572.64  1.237784E-13
4573.64  1.240965E-13
4574.64  1.235527E-13
4575.64  1.194473E-13
4576.64  1.195908E-13
4577.64  1.202026E-13
4578.64  1.207037E-13
4579.64  1.215493E-13
4580.64  1.285109E-13
4581.64  1.229125E-13
4582.64  1.242938E-13
4583.64  1.266013E-13
4584.64  1.225687E-13
4585.64  1.215065E-13
4586.64  1.217906E-13
4587.64  1.222993E-13
4588.64  1.228300E-13
4589.64  1.280352E-13
4590.64  1.243378E-13
4591.64  1.219991E-13
4592.64  1.209154E-13
4593.64  1.216462E-13
4594.64  1.254303E-13
4595.64  1.260422E-13
4596.64  1.265428E-13
4597.64  1.286556E-13
4598.64  1.249584E-13
4599.64  1.227613E-13
4600.64  1.222517E-13
4601.64  1.233637E-13
4602.64  1.252072E-13
4603.64  1.234967E-13
4604.64  1.237550E-13
4605.64  1.249043E-13
4606.64  1.261937E-13
4607.64  1.234038E-13
4608.64  1.233714E-13
4609.64  1.238719E-13
4610.64  1.244856E-13
4611.64  1.271850E-13
4612.64  1.272753E-13
4613.64  1.283296E-13
4614.64  1.296118E-13
4615.64  1.285869E-13
4616.64  1.214754E-13
4617.64  1.237185E-13
4618.64  1.264285E-13
4619.64  1.246751E-13
4620.64  1.244189E-13
4621.64  1.263892E-13
4622.64  1.283958E-13
4623.64  1.301475E-13
4624.64  1.312152E-13
4625.64  1.279131E-13
4626.64  1.272667E-13
4627.64  1.276299E-13
4628.64  1.277129E-13
4629.64  1.249202E-13
4630.64  1.212002E-13
4631.64  1.210436E-13
4632.64  1.255887E-13
4633.64  1.186705E-13
4634.64  1.193001E-13
4635.64  1.214342E-13
4636.64  1.229031E-13
4637.64  1.164742E-13
4638.64  1.180918E-13
4639.64  1.188816E-13
4640.64  1.190510E-13
4641.64  1.183858E-13
4642.64  1.137792E-13
4643.64  1.150568E-13
4644.64  1.141321E-13
4645.64  1.115990E-13
4646.64  1.123735E-13
4647.64  1.074678E-13
4648.64  1.079186E-13
4649.64  1.106272E-13
4650.64  1.145379E-13
4651.64  1.065891E-13
4652.64  1.067710E-13
4653.64  1.064814E-13
4654.64  1.048560E-13
4655.64  1.033980E-13
4656.64  1.037224E-13
4657.64  1.033109E-13
4658.64  1.023775E-13
4659.64  1.007763E-13
4660.64  1.044286E-13
4661.64  1.032048E-13
4662.64  1.005726E-13
4663.64  9.719038E-14
4664.64  1.007516E-13
4665.64  9.429525E-14
4666.64  9.354637E-14
4667.64  9.669694E-14
4668.64  1.011871E-13
4669.64  9.243236E-14
4670.64  9.336959E-14
4671.64  9.524522E-14
4672.64  9.453959E-14
4673.64  9.339328E-14
4674.64  9.047134E-14
4675.64  9.191028E-14
4676.64  9.622971E-14
4677.64  9.501328E-14
4678.64  9.378135E-14
4679.64  9.413828E-14
4680.64  9.552113E-14
4681.64  9.817514E-14
4682.64  9.748495E-14
4683.64  9.793816E-14
4684.64  9.529369E-14
4685.64  8.963307E-14
4686.64  8.563149E-14
4687.64  8.919285E-14
4688.64  9.355600E-14
4689.64  9.637088E-14
4690.64  9.318819E-14
4691.64  9.241697E-14
4692.64  9.278795E-14
4693.64  9.226820E-14
4694.64  9.077986E-14
4695.64  9.939106E-14
4696.64  9.298235E-14
4697.64  9.255780E-14
4698.64  9.329905E-14
4699.64  8.549022E-14
4700.64  8.877973E-14
4701.64  9.045125E-14
4702.64  9.195609E-14
4703.64  9.352804E-14
4704.64  9.612013E-14
4705.64  9.456512E-14
4706.64  9.198537E-14
4707.64  9.007289E-14
4708.64  9.512501E-14
4709.64  9.373314E-14
4710.64  9.391095E-14
4711.64  9.449662E-14
4712.64  9.512898E-14
4713.64  9.165502E-14
4714.64  9.271026E-14
4715.64  9.321732E-14
4716.64  9.267642E-14
4717.64  8.850642E-14
4718.64  8.980847E-14
4719.64  8.992752E-14
4720.64  9.060167E-14
4721.64  9.320324E-14
4722.64  9.172224E-14
4723.64  8.810074E-14
4724.64  8.671415E-14
4725.64  8.763621E-14
4726.64  9.020631E-14
4727.64  8.865982E-14
4728.64  8.746053E-14
4729.64  8.704896E-14
4730.64  8.835295E-14
4731.64  8.928427E-14
4732.64  8.982076E-14
4733.64  8.897259E-14
4734.64  8.662649E-14
4735.64  8.217155E-14
4736.64  8.502603E-14
4737.64  8.493111E-14
4738.64  8.367603E-14
4739.64  8.249021E-14
4740.64  8.143682E-14
4741.64  8.168734E-14
4742.64  8.226600E-14
4743.64  8.303175E-14
4744.64  8.412822E-14
4745.64  8.337515E-14
4746.64  8.228113E-14
4747.64  8.047081E-14
4748.64  7.669029E-14
4749.64  8.328151E-14
4750.64  8.208236E-14
4751.64  8.038570E-14
4752.64  7.950873E-14
4753.64  8.102271E-14
4754.64  8.097197E-14
4755.64  8.078955E-14
4756.64  8.061264E-14
4757.64  8.071814E-14
4758.64  7.862854E-14
4759.64  7.660860E-14
4760.64  7.431290E-14
4761.64  7.194598E-14
4762.64  7.889516E-14
4763.64  7.586547E-14
4764.64  7.504341E-14
4765.64  7.585858E-14
4766.64  7.836953E-14
4767.64  7.964973E-14
4768.64  7.677728E-14
4769.64  7.469893E-14
4770.64  7.490666E-14
4771.64  7.539809E-14
4772.64  7.622324E-14
4773.64  7.632474E-14
4774.64  7.589421E-14
4775.64  7.503890E-14
4776.64  7.288582E-14
4777.64  7.210188E-14
4778.64  7.235076E-14
4779.64  7.373580E-14
4780.64  7.226479E-14
4781.64  7.582785E-14
4782.64  7.849638E-14
4783.64  7.981249E-14
4784.64  7.775722E-14
4785.64  7.757232E-14
4786.64  7.642221E-14
4787.64  7.605121E-14
4788.64  7.721058E-14
4789.64  7.798423E-14
4790.64  7.850179E-14
4791.64  7.858049E-14
4792.64  7.855387E-14
4793.64  7.951176E-14
4794.64  7.950448E-14
4795.64  7.916964E-14
4796.64  7.956558E-14
4797.64  8.120232E-14
4798.64  8.082924E-14
4799.64  8.039372E-14
4800.64  8.112230E-14
4801.64  8.187931E-14
4802.64  7.901227E-14
4803.64  7.895401E-14
4804.64  8.048894E-14
4805.64  8.095650E-14
4806.64  7.912955E-14
4807.64  8.087465E-14
4808.64  8.181905E-14
4809.64  8.216842E-14
4810.64  8.161312E-14
4811.64  7.849834E-14
4812.64  8.066932E-14
4813.64  8.044417E-14
4814.64  7.927223E-14
4815.64  7.743722E-14
4816.64  7.868286E-14
4817.64  8.000923E-14
4818.64  7.889461E-14
4819.64  7.679811E-14
4820.64  7.751140E-14
4821.64  7.558814E-14
4822.64  7.373109E-14
4823.64  7.342837E-14
4824.64  7.551192E-14
4825.64  7.500328E-14
4826.64  7.592845E-14
4827.64  7.542736E-14
4828.64  7.397442E-14
4829.64  7.218329E-14
4830.64  6.927976E-14
4831.64  6.862005E-14
4832.64  6.870558E-14
4833.64  6.925772E-14
4834.64  7.113627E-14
4835.64  6.934314E-14
4836.64  6.909211E-14
4837.64  6.966055E-14
4838.64  6.977402E-14
4839.64  7.011455E-14
4840.64  6.824362E-14
4841.64  6.617345E-14
4842.64  6.458721E-14
4843.64  6.914997E-14
4844.64  6.688361E-14
4845.64  6.589865E-14
4846.64  6.555002E-14
4847.64  6.477888E-14
4848.64  6.394258E-14
4849.64  6.290658E-14
4850.64  6.153149E-14
4851.64  5.991448E-14
4852.64  6.171313E-14
4853.64  5.978026E-14
4854.64  5.932566E-14
4855.64  5.938400E-14
4856.64  5.849666E-14
4857.64  6.090430E-14
4858.64  5.921231E-14
4859.64  5.787963E-14
4860.64  5.772321E-14
4861.64  5.679486E-14
4862.64  5.930352E-14
4863.64  5.884746E-14
4864.64  5.788532E-14
4865.64  5.980097E-14
4866.64  5.736639E-14
4867.64  5.881602E-14
4868.64  5.858879E-14
4869.64  5.629154E-14
4870.64  5.930573E-14
4871.64  5.848302E-14
4872.64  5.767166E-14
4873.64  5.762043E-14
4874.64  5.973176E-14
4875.64  5.585826E-14
4876.64  5.679225E-14
4877.64  5.683522E-14
4878.64  5.581404E-14
4879.64  5.849620E-14
4880.64  5.805781E-14
4881.64  5.672584E-14
4882.64  5.532513E-14
4883.64  5.457386E-14
4884.64  5.748758E-14
4885.64  5.790195E-14
4886.64  5.806538E-14
4887.64  5.788776E-14
4888.64  5.540310E-14
4889.64  5.570749E-14
4890.64  5.805007E-14
4891.64  6.030041E-14
4892.64  6.092165E-14
4893.64  6.078261E-14
4894.64  5.732620E-14
4895.64  5.620190E-14
4896.64  5.735685E-14
4897.64  6.023260E-14
4898.64  5.920926E-14
4899.64  6.086153E-14
4900.64  6.340488E-14
4901.64  6.618181E-14
4902.64  6.133634E-14
4903.64  6.037922E-14
4904.64  6.188118E-14
4905.64  6.447470E-14
4906.64  6.434730E-14
4907.64  6.598202E-14
4908.64  6.645963E-14
4909.64  6.643933E-14
4910.64  6.602133E-14
4911.64  6.650257E-14
4912.64  6.710089E-14
4913.64  6.796552E-14
4914.64  6.899218E-14
4915.64  7.018953E-14
4916.64  6.786692E-14
4917.64  6.980230E-14
4918.64  7.146246E-14
4919.64  7.172696E-14
4920.64  7.176117E-14
4921.64  7.367655E-14
4922.64  7.299076E-14
4923.64  7.168147E-14
4924.64  7.255924E-14
4925.64  7.139605E-14
4926.64  7.108179E-14
4927.64  7.080805E-14
4928.64  7.065325E-14
4929.64  7.320644E-14
4930.64  7.857487E-14
4931.64  7.750374E-14
4932.64  7.476685E-14
4933.64  7.444396E-14
4934.64  7.136843E-14
4935.64  7.201865E-14
4936.64  7.427677E-14
4937.64  7.699424E-14
4938.64  7.365724E-14
4939.64  7.501954E-14
4940.64  7.556142E-14
4941.64  7.532454E-14
4942.64  7.398668E-14
4943.64  7.228604E-14
4944.64  7.249813E-14
4945.64  7.185942E-14
4946.64  7.105123E-14
4947.64  7.358527E-14
4948.64  7.051940E-14
4949.64  6.967975E-14
4950.64  7.076619E-14
4951.64  7.411378E-14
4952.64  7.185737E-14
4953.64  7.030417E-14
4954.64  7.045833E-14
4955.64  7.153287E-14
4956.64  7.195409E-14
4957.64  7.210549E-14
4958.64  7.183775E-14
4959.64  7.215841E-14
4960.64  7.325159E-14
4961.64  7.145038E-14
4962.64  6.975395E-14
4963.64  7.155727E-14
4964.64  7.299729E-14
4965.64  6.758899E-14
4966.64  7.018510E-14
4967.64  7.075525E-14
4968.64  6.996340E-14
4969.64  6.805686E-14
4970.64  6.718225E-14
4971.64  7.002341E-14
4972.64  6.989521E-14
4973.64  6.891073E-14
4974.64  6.858263E-14
4975.64  6.926167E-14
4976.64  6.757346E-14
4977.64  6.621942E-14
4978.64  6.569750E-14
4979.64  6.790821E-14
4980.64  6.699388E-14
4981.64  6.558609E-14
4982.64  6.551358E-14
4983.64  6.817389E-14
4984.64  6.717143E-14
4985.64  6.662609E-14
4986.64  6.611870E-14
4987.64  6.580892E-14
4988.64  6.631860E-14
4989.64  6.815392E-14
4990.64  6.660567E-14
4991.64  6.582805E-14
4992.64  6.702425E-14
4993.64  6.446058E-14
4994.64  6.496459E-14
4995.64  6.584823E-14
4996.64  6.643706E-14
4997.64  6.539678E-14
4998.64  6.349079E-14
4999.64  6.388832E-14
5000.64  6.409603E-14
5001.64  6.363349E-14
5002.64  6.134898E-14
5003.64  6.491127E-14
5004.64  6.482167E-14
5005.64  6.363338E-14
5006.64  6.316549E-14
5007.64  6.290625E-14
5008.64  6.282155E-14
5009.64  6.251626E-14
5010.64  6.259819E-14
5011.64  6.694629E-14
5012.64  6.527204E-14
5013.64  6.340730E-14
5014.64  6.329151E-14
5015.64  6.637251E-14
5016.64  5.947403E-14
5017.64  6.390427E-14
5018.64  6.621155E-14
5019.64  6.678094E-14
5020.64  6.656073E-14
5021.64  6.530229E-14
5022.64  6.604708E-14
5023.64  6.648118E-14
5024.64  6.590856E-14
5025.64  6.256537E-14
5026.64  6.334999E-14
5027.64  6.423947E-14
5028.64  6.463684E-14
5029.64  6.342076E-14
5030.64  6.318280E-14
5031.64  6.575515E-14
5032.64  6.760450E-14
5033.64  6.827279E-14
5034.64  6.814237E-14
5035.64  6.665153E-14
5036.64  6.643363E-14
5037.64  6.588777E-14
5038.64  6.378384E-14
5039.64  6.510692E-14
5040.64  6.542608E-14
5041.64  6.635851E-14
5042.64  6.761228E-14
5043.64  6.821707E-14
5044.64  6.587415E-14
5045.64  6.636087E-14
5046.64  6.698590E-14
5047.64  6.686642E-14
5048.64  6.653211E-14
5049.64  7.042679E-14
5050.64  6.929270E-14
5051.64  6.669487E-14
5052.64  6.846999E-14
5053.64  6.807761E-14
5054.64  6.751379E-14
5055.64  6.671349E-14
5056.64  6.606673E-14
5057.64  7.012237E-14
5058.64  7.145720E-14
5059.64  7.023359E-14
5060.64  6.863093E-14
5061.64  6.837079E-14
5062.64  6.760093E-14
5063.64  6.967978E-14
5064.64  7.058565E-14
5065.64  7.038577E-14
5066.64  7.026436E-14
5067.64  7.110423E-14
5068.64  7.006453E-14
5069.64  6.962406E-14
5070.64  7.088914E-14
5071.64  7.538450E-14
5072.64  7.402820E-14
5073.64  7.405376E-14
5074.64  7.457918E-14
5075.64  7.397660E-14
5076.64  7.358490E-14
5077.64  7.336743E-14
5078.64  7.231175E-14
5079.64  7.050531E-14
5080.64  7.157080E-14
5081.64  7.641825E-14
5082.64  7.715378E-14
5083.64  7.691372E-14
5084.64  7.818710E-14
5085.64  7.535286E-14
5086.64  7.768901E-14
5087.64  7.804876E-14
5088.64  7.703168E-14
5089.64  7.960328E-14
5090.64  7.480292E-14
5091.64  7.603266E-14
5092.64  7.793393E-14
5093.64  7.842697E-14
5094.64  8.020543E-14
5095.64  7.795453E-14
5096.64  7.789621E-14
5097.64  7.943812E-14
5098.64  8.223882E-14
5099.64  7.953203E-14
5100.64  8.036363E-14
5101.64  8.044323E-14
5102.64  7.911585E-14
5103.64  7.804663E-14
5104.64  8.225123E-14
5105.64  8.151179E-14
5106.64  8.001310E-14
5107.64  8.119974E-14
5108.64  8.113664E-14
5109.64  8.196004E-14
5110.64  8.171280E-14
5111.64  8.105832E-14
5112.64  8.353172E-14
5113.64  8.292085E-14
5114.64  8.426469E-14
5115.64  8.576095E-14
5116.64  8.667370E-14
5117.64  8.646779E-14
5118.64  8.412735E-14
5119.64  8.186195E-14
5120.64  8.055994E-14
5121.64  8.233393E-14
5122.64  8.498118E-14
5123.64  8.366887E-14
5124.64  8.482116E-14
5125.64  8.865106E-14
5126.64  8.711567E-14
5127.64  8.773792E-14
5128.64  8.615427E-14
5129.64  8.528419E-14
5130.64  8.768814E-14
5131.64  8.794115E-14
5132.64  8.740849E-14
5133.64  8.722535E-14
5134.64  8.689880E-14
5135.64  8.418314E-14
5136.64  8.521764E-14
5137.64  8.688497E-14
5138.64  8.791595E-14
5139.64  8.777836E-14
5140.64  8.785000E-14
5141.64  8.651293E-14
5142.64  8.575714E-14
5143.64  8.548866E-14
5144.64  8.580639E-14
5145.64  8.404716E-14
5146.64  8.488132E-14
5147.64  8.633341E-14
5148.64  8.784624E-14
5149.64  8.741972E-14
5150.64  8.705609E-14
5151.64  8.678201E-14
5152.64  8.685024E-14
5153.64  8.751155E-14
5154.64  8.581302E-14
5155.64  8.432175E-14
5156.64  8.464177E-14
5157.64  8.573020E-14
5158.64  8.492295E-14
5159.64  8.658041E-14
5160.64  8.370501E-14
5161.64  8.228131E-14
5162.64  8.368447E-14
5163.64  8.441464E-14
5164.64  8.410976E-14
5165.64  8.453255E-14
5166.64  8.467828E-14
5167.64  8.330530E-14
5168.64  8.462922E-14
5169.64  8.472485E-14
5170.64  8.503373E-14
5171.64  8.529743E-14
5172.64  8.366500E-14
5173.64  8.272040E-14
5174.64  8.254152E-14
5175.64  8.279018E-14
5176.64  8.340660E-14
5177.64  8.537098E-14
5178.64  8.372894E-14
5179.64  8.259433E-14
5180.64  8.241738E-14
5181.64  8.455032E-14
5182.64  8.473900E-14
5183.64  8.470503E-14
5184.64  8.446033E-14
5185.64  8.397842E-14
5186.64  8.299971E-14
5187.64  8.368455E-14
5188.64  8.285857E-14
5189.64  8.155472E-14
5190.64  8.035449E-14
5191.64  8.331894E-14
5192.64  8.501110E-14
5193.64  8.600497E-14
5194.64  8.631200E-14
5195.64  8.578445E-14
5196.64  8.554257E-14
5197.64  8.504113E-14
5198.64  8.479200E-14
5199.64  8.495121E-14
5200.64  8.531129E-14
5201.64  8.619176E-14
5202.64  8.475006E-14
5203.64  8.289826E-14
5204.64  8.272987E-14
5205.64  8.684716E-14
5206.64  8.636435E-14
5207.64  8.606247E-14
5208.64  8.647501E-14
5209.64  8.872305E-14
5210.64  8.930030E-14
5211.64  8.822786E-14
5212.64  8.802092E-14
5213.64  8.987519E-14
5214.64  8.575986E-14
5215.64  8.614179E-14
5216.64  8.688205E-14
5217.64  8.708472E-14
5218.64  8.473460E-14
5219.64  8.498828E-14
5220.64  8.630386E-14
5221.64  8.710339E-14
5222.64  8.719923E-14
5223.64  8.775678E-14
5224.64  8.867032E-14
5225.64  8.885887E-14
5226.64  8.857896E-14
5227.64  8.783503E-14
5228.64  8.678108E-14
5229.64  8.457837E-14
5230.64  8.392125E-14
5231.64  8.393027E-14
5232.64  8.182092E-14
5233.64  8.297125E-14
5234.64  8.287362E-14
5235.64  8.248070E-14
5236.64  8.211255E-14
5237.64  8.412381E-14
5238.64  8.341397E-14
5239.64  8.312026E-14
5240.64  8.253596E-14
5241.64  8.076032E-14
5242.64  7.940536E-14
5243.64  7.751721E-14
5244.64  7.719180E-14
5245.64  7.797885E-14
5246.64  7.740953E-14
5247.64  7.601355E-14
5248.64  7.576834E-14
5249.64  7.557779E-14
5250.64  7.508364E-14
5251.64  7.551510E-14
5252.64  7.476138E-14
5253.64  7.366987E-14
5254.64  7.293749E-14
5255.64  7.385437E-14
5256.64  7.041272E-14
5257.64  6.922854E-14
5258.64  6.926844E-14
5259.64  6.981643E-14
5260.64  6.630197E-14
5261.64  6.748659E-14
5262.64  6.634001E-14
5263.64  6.559855E-14
5264.64  6.685241E-14
5265.64  6.499480E-14
5266.64  6.398975E-14
5267.64  6.480360E-14
5268.64  6.613015E-14
5269.64  6.513133E-14
5270.64  7.041854E-14
5271.64  6.653118E-14
5272.64  6.336101E-14
5273.64  6.257328E-14
5274.64  6.070958E-14
5275.64  5.950346E-14
5276.64  5.765969E-14
5277.64  5.692061E-14
5278.64  5.910363E-14
5279.64  5.847342E-14
5280.64  5.863598E-14
5281.64  5.832497E-14
5282.64  5.790948E-14
5283.64  5.878749E-14
5284.64  5.748942E-14
5285.64  5.781431E-14
5286.64  5.817307E-14
5287.64  5.807198E-14
5288.64  5.616063E-14
5289.64  5.542218E-14
5290.64  5.465922E-14
5291.64  5.437879E-14
5292.64  5.537741E-14
5293.64  5.556529E-14
5294.64  5.588077E-14
5295.64  5.621948E-14
5296.64  5.626453E-14
5297.64  5.445995E-14
5298.64  5.516121E-14
5299.64  5.596936E-14
5300.64  5.575369E-14
5301.64  5.400120E-14
5302.64  5.492115E-14
5303.64  5.396621E-14
5304.64  5.412313E-14
5305.64  5.471522E-14
5306.64  5.489689E-14
5307.64  5.553587E-14
5308.64  5.450054E-14
5309.64  5.450644E-14
5310.64  5.556810E-14
5311.64  5.589701E-14
5312.64  5.615759E-14
5313.64  5.532450E-14
5314.64  5.458969E-14
5315.64  5.459518E-14
5316.64  5.459158E-14
5317.64  5.528865E-14
5318.64  5.535977E-14
5319.64  5.502259E-14
5320.64  5.458828E-14
5321.64  5.454229E-14
5322.64  5.554495E-14
5323.64  5.606407E-14
5324.64  5.601243E-14
5325.64  5.750283E-14
5326.64  5.702109E-14
5327.64  5.669091E-14
5328.64  5.636458E-14
5329.64  5.595105E-14
5330.64  5.577548E-14
5331.64  5.531110E-14
5332.64  5.508240E-14
5333.64  5.491901E-14
5334.64  5.428103E-14
5335.64  5.498087E-14
5336.64  5.502856E-14
5337.64  5.504782E-14
5338.64  5.517885E-14
5339.64  5.573350E-14
5340.64  5.636467E-14
5341.64  5.561454E-14
5342.64  5.479180E-14
5343.64  5.506557E-14
5344.64  5.321591E-14
5345.64  5.451028E-14
5346.64  5.555997E-14
5347.64  5.600132E-14
5348.64  5.504675E-14
5349.64  5.532863E-14
5350.64  5.571083E-14
5351.64  5.524994E-14
5352.64  5.378540E-14
5353.64  5.632539E-14
5354.64  5.615876E-14
5355.64  5.650697E-14
5356.64  5.651726E-14
5357.64  5.500204E-14
5358.64  5.799006E-14
5359.64  5.708088E-14
5360.64  5.690561E-14
5361.64  5.738713E-14
5362.64  5.651643E-14
5363.64  5.741815E-14
5364.64  5.801519E-14
5365.64  5.857009E-14
5366.64  5.913103E-14
5367.64  5.989150E-14
5368.64  5.937544E-14
5369.64  5.853285E-14
5370.64  5.787854E-14
5371.64  5.828314E-14
5372.64  5.893557E-14
5373.64  5.876536E-14
5374.64  5.849976E-14
5375.64  5.839559E-14
5376.64  5.968895E-14
5377.64  5.922485E-14
5378.64  5.922544E-14
5379.64  5.909023E-14
5380.64  5.851237E-14
5381.64  5.898296E-14
5382.64  5.930841E-14
5383.64  5.871838E-14
5384.64  5.828040E-14
5385.64  6.024647E-14
5386.64  5.944908E-14
5387.64  5.917413E-14
5388.64  5.899562E-14
5389.64  5.878527E-14
5390.64  5.783737E-14
5391.64  5.943767E-14
5392.64  5.834587E-14
5393.64  5.704929E-14
5394.64  5.702915E-14
5395.64  5.765453E-14
5396.64  5.827608E-14
5397.64  5.789570E-14
5398.64  5.732108E-14
5399.64  5.857723E-14
5400.64  5.701366E-14
5401.64  5.702100E-14
5402.64  5.702943E-14
5403.64  5.677813E-14
5404.64  5.662981E-14
5405.64  5.536993E-14
5406.64  5.601818E-14
5407.64  5.679785E-14
5408.64  5.636784E-14
5409.64  5.701596E-14
5410.64  5.644407E-14
5411.64  5.716215E-14
5412.64  5.821731E-14
5413.64  5.651137E-14
5414.64  5.776096E-14
5415.64  5.811347E-14
5416.64  5.813970E-14
5417.64  5.786703E-14
5418.64  5.622500E-14
5419.64  5.525369E-14
5420.64  5.567989E-14
5421.64  5.639961E-14
5422.64  5.645308E-14
5423.64  5.580829E-14
5424.64  5.418509E-14
5425.64  5.394588E-14
5426.64  5.469770E-14
5427.64  5.470152E-14
5428.64  5.609425E-14
5429.64  5.411966E-14
5430.64  5.247389E-14
5431.64  5.235920E-14
5432.64  5.324325E-14
5433.64  5.309858E-14
5434.64  5.300568E-14
5435.64  5.282410E-14
5436.64  5.233603E-14
5437.64  5.153776E-14
5438.64  5.091546E-14
5439.64  5.093791E-14
5440.64  5.131765E-14
5441.64  5.051960E-14
5442.64  4.962373E-14
5443.64  4.931545E-14
5444.64  4.895101E-14
5445.64  4.833332E-14
5446.64  4.892350E-14
5447.64  4.989437E-14
5448.64  4.937148E-14
5449.64  4.843058E-14
5450.64  4.852172E-14
5451.64  4.754704E-14
5452.64  4.878918E-14
5453.64  4.852478E-14
5454.64  4.686273E-14
5455.64  4.671531E-14
5456.64  4.664370E-14
5457.64  4.610797E-14
5458.64  4.577520E-14
5459.64  4.600384E-14
5460.64  4.614499E-14
5461.64  4.537161E-14
5462.64  4.497085E-14
5463.64  4.467961E-14
5464.64  4.398959E-14
5465.64  4.554651E-14
5466.64  4.522294E-14
5467.64  4.402625E-14
5468.64  4.245976E-14
5469.64  4.324460E-14
5470.64  4.408598E-14
5471.64  4.341935E-14
5472.64  4.290928E-14
5473.64  4.356184E-14
5474.64  4.307114E-14
5475.64  4.348886E-14
5476.64  4.307210E-14
5477.64  4.225840E-14
5478.64  4.191891E-14
5479.64  4.433207E-14
5480.64  4.350417E-14
5481.64  4.286982E-14
5482.64  4.298456E-14
5483.64  4.310946E-14
5484.64  4.343309E-14
5485.64  4.303950E-14
5486.64  4.282608E-14
5487.64  4.350273E-14
5488.64  4.318073E-14
5489.64  4.361214E-14
5490.64  4.303464E-14
5491.64  4.201567E-14
5492.64  4.212352E-14
5493.64  4.501170E-14
5494.64  4.479521E-14
5495.64  4.476884E-14
5496.64  4.557105E-14
5497.64  4.598018E-14
5498.64  4.750470E-14
5499.64  4.748551E-14
5500.64  4.748319E-14
5501.64  4.891905E-14
5502.64  4.859485E-14
5503.64  4.913858E-14
5504.64  4.952833E-14
5505.64  4.953696E-14
5506.64  4.839852E-14
5507.64  5.108637E-14
5508.64  5.093240E-14
5509.64  5.113349E-14
5510.64  5.244727E-14
5511.64  5.179318E-14
5512.64  5.183385E-14
5513.64  5.238161E-14
5514.64  5.331671E-14
5515.64  5.469319E-14
5516.64  5.346568E-14
5517.64  5.506306E-14
5518.64  5.488335E-14
5519.64  5.342971E-14
5520.64  5.419112E-14
5521.64  5.459341E-14
5522.64  5.481591E-14
5523.64  5.542638E-14
5524.64  5.663990E-14
5525.64  5.832859E-14
5526.64  5.843228E-14
5527.64  5.766959E-14
5528.64  5.722496E-14
5529.64  5.897819E-14
5530.64  5.745604E-14
5531.64  5.784540E-14
5532.64  5.878785E-14
5533.64  5.980768E-14
5534.64  5.912068E-14
5535.64  5.936064E-14
5536.64  5.968013E-14
5537.64  6.003862E-14
5538.64  6.039393E-14
5539.64  5.986036E-14
5540.64  6.049373E-14
5541.64  6.123537E-14
5542.64  6.126761E-14
5543.64  5.873671E-14
5544.64  6.187864E-14
5545.64  6.150618E-14
5546.64  6.084368E-14
5547.64  6.044088E-14
5548.64  6.125138E-14
5549.64  6.243119E-14
5550.64  6.247516E-14
5551.64  6.203058E-14
5552.64  6.133336E-14
5553.64  6.169112E-14
5554.64  6.306509E-14
5555.64  6.311450E-14
5556.64  6.264770E-14
5557.64  6.347981E-14
5558.64  6.161069E-14
5559.64  6.189492E-14
5560.64  6.311152E-14
5561.64  6.478131E-14
5562.64  6.413789E-14
5563.64  6.346593E-14
5564.64  6.277695E-14
5565.64  6.245893E-14
5566.64  6.293771E-14
5567.64  6.540128E-14
5568.64  6.469076E-14
5569.64  6.374467E-14
5570.64  6.319237E-14
5571.64  6.478828E-14
5572.64  6.497888E-14
5573.64  6.496670E-14
5574.64  6.503148E-14
5575.64  6.515054E-14
5576.64  6.390938E-14
5577.64  6.470657E-14
5578.64  6.518996E-14
5579.64  6.531619E-14
5580.64  6.488953E-14
5581.64  6.412732E-14
5582.64  6.472377E-14
5583.64  6.539908E-14
5584.64  6.565047E-14
5585.64  6.364169E-14
5586.64  6.418577E-14
5587.64  6.470796E-14
5588.64  6.514936E-14
5589.64  6.546284E-14
5590.64  6.613369E-14
5591.64  6.507885E-14
5592.64  6.560345E-14
5593.64  6.613696E-14
5594.64  6.463893E-14
5595.64  6.640038E-14
5596.64  6.551220E-14
5597.64  6.505110E-14
5598.64  6.528763E-14
5599.64  6.639643E-14
5600.64  6.537119E-14
5601.64  6.553741E-14
5602.64  6.546253E-14
5603.64  6.455653E-14
5604.64  6.550472E-14
5605.64  6.627220E-14
5606.64  6.639325E-14
5607.64  6.625926E-14
5608.64  6.646203E-14
5609.64  6.559212E-14
5610.64  6.561830E-14
5611.64  6.559328E-14
5612.64  6.544003E-14
5613.64  6.547578E-14
5614.64  6.469848E-14
5615.64  6.434669E-14
5616.64  6.415980E-14
5617.64  6.404946E-14
5618.64  6.468708E-14
5619.64  6.416972E-14
5620.64  6.447540E-14
5621.64  6.509477E-14
5622.64  6.492957E-14
5623.64  6.320079E-14
5624.64  6.399170E-14
5625.64  6.472673E-14
5626.64  6.492554E-14
5627.64  6.479923E-14
5628.64  6.533621E-14
5629.64  6.459073E-14
5630.64  6.325328E-14
5631.64  6.165844E-14
5632.64  6.245117E-14
5633.64  6.369818E-14
5634.64  6.396529E-14
5635.64  6.353640E-14
5636.64  6.328037E-14
5637.64  6.215976E-14
5638.64  6.239115E-14
5639.64  6.226938E-14
5640.64  6.146493E-14
5641.64  6.267330E-14
5642.64  6.199479E-14
5643.64  6.177900E-14
5644.64  6.186094E-14
5645.64  6.219519E-14
5646.64  6.082853E-14
5647.64  6.105181E-14
5648.64  6.153834E-14
5649.64  6.208944E-14
5650.64  6.236832E-14
5651.64  6.094040E-14
5652.64  6.101697E-14
5653.64  6.149796E-14
5654.64  6.201812E-14
5655.64  6.152979E-14
5656.64  6.121917E-14
5657.64  6.088469E-14
5658.64  6.062954E-14
5659.64  6.064551E-14
5660.64  6.047013E-14
5661.64  6.014610E-14
5662.64  6.056713E-14
5663.64  6.141503E-14
5664.64  5.975867E-14
5665.64  6.135341E-14
5666.64  6.075984E-14
5667.64  6.019106E-14
5668.64  6.082870E-14
5669.64  6.117399E-14
5670.64  5.967712E-14
5671.64  5.960040E-14
5672.64  6.034335E-14
5673.64  6.080226E-14
5674.64  5.938866E-14
5675.64  5.926815E-14
5676.64  5.951168E-14
5677.64  5.982636E-14
5678.64  5.852116E-14
5679.64  5.931245E-14
5680.64  5.904028E-14
5681.64  5.867006E-14
5682.64  5.893920E-14
5683.64  5.944151E-14
5684.64  5.941752E-14
5685.64  5.962477E-14
5686.64  5.960145E-14
5687.64  5.745258E-14
5688.64  5.843266E-14
5689.64  5.801613E-14
5690.64  5.822376E-14
5691.64  5.952271E-14
5692.64  5.827264E-14
5693.64  5.745134E-14
5694.64  5.708971E-14
5695.64  5.728656E-14
5696.64  5.844190E-14
5697.64  5.688134E-14
5698.64  5.753514E-14
5699.64  5.817028E-14
5700.64  5.848166E-14
5701.64  5.788130E-14
5702.64  5.761486E-14
5703.64  5.712090E-14
5704.64  5.690903E-14
5705.64  5.724978E-14
5706.64  5.517447E-14
5707.64  5.517010E-14
5708.64  5.621827E-14
5709.64  5.734104E-14
5710.64  5.671084E-14
5711.64  5.558692E-14
5712.64  5.611561E-14
5713.64  5.571217E-14
5714.64  5.425589E-14
5715.64  5.426448E-14
5716.64  5.437853E-14
5717.64  5.403707E-14
5718.64  5.396663E-14
5719.64  5.476561E-14
5720.64  5.406662E-14
5721.64  5.318269E-14
5722.64  5.280761E-14
5723.64  5.281696E-14
5724.64  5.287629E-14
5725.64  5.351566E-14
5726.64  5.346226E-14
5727.64  5.304497E-14
5728.64  5.232500E-14
5729.64  5.136485E-14
5730.64  5.196138E-14
5731.64  5.198737E-14
5732.64  5.181404E-14
5733.64  5.177372E-14
5734.64  5.028301E-14
5735.64  5.154020E-14
5736.64  5.214681E-14
5737.64  5.188367E-14
5738.64  5.084545E-14
5739.64  5.065835E-14
5740.64  5.081257E-14
5741.64  5.099356E-14
5742.64  5.106259E-14
5743.64  5.033593E-14
5744.64  5.046075E-14
5745.64  5.031564E-14
5746.64  5.008033E-14
5747.64  5.005874E-14
5748.64  5.099018E-14
5749.64  5.042155E-14
5750.64  5.017862E-14
5751.64  5.046537E-14
5752.64  5.039530E-14
5753.64  4.890213E-14
5754.64  4.901825E-14
5755.64  4.948743E-14
5756.64  4.952605E-14
5757.64  5.013882E-14
5758.64  5.032126E-14
5759.64  5.000347E-14
5760.64  4.957178E-14
5761.64  5.029662E-14
5762.64  5.027684E-14
5763.64  5.052840E-14
5764.64  5.032379E-14
5765.64  4.947796E-14
5766.64  4.973806E-14
5767.64  4.997132E-14
5768.64  4.996352E-14
5769.64  4.984485E-14
5770.64  4.973042E-14
5771.64  4.957578E-14
5772.64  4.936660E-14
5773.64  4.926954E-14
5774.64  4.933207E-14
5775.64  4.979077E-14
5776.64  4.906549E-14
5777.64  4.975257E-14
5778.64  5.034145E-14
5779.64  5.002948E-14
5780.64  4.924851E-14
5781.64  4.838417E-14
5782.64  4.917299E-14
5783.64  5.040457E-14
5784.64  4.932043E-14
5785.64  4.965876E-14
5786.64  4.878085E-14
5787.64  4.865447E-14
5788.64  4.957261E-14
5789.64  4.932151E-14
5790.64  5.011578E-14
5791.64  4.976307E-14
5792.64  4.941114E-14
5793.64  5.017452E-14
5794.64  5.050258E-14
5795.64  5.030133E-14
5796.64  4.991573E-14
5797.64  4.958960E-14
5798.64  5.035760E-14
5799.64  5.185789E-14
5800.64  5.163995E-14
5801.64  5.144679E-14
5802.64  5.192298E-14
5803.64  5.124217E-14
5804.64  5.128753E-14
5805.64  5.149310E-14
5806.64  5.185288E-14
5807.64  5.247358E-14
5808.64  5.242219E-14
5809.64  5.223478E-14
5810.64  5.267464E-14
5811.64  5.373659E-14
5812.64  5.417855E-14
5813.64  5.309062E-14
5814.64  5.271130E-14
5815.64  5.284409E-14
5816.64  5.355211E-14
5817.64  5.337855E-14
5818.64  5.381472E-14
5819.64  5.442321E-14
5820.64  5.511401E-14
5821.64  5.581014E-14
5822.64  5.554367E-14
5823.64  5.571869E-14
5824.64  5.590425E-14
5825.64  5.596488E-14
5826.64  5.644943E-14
5827.64  5.610834E-14
5828.64  5.625648E-14
5829.64  5.695627E-14
5830.64  5.866072E-14
5831.64  5.645365E-14
5832.64  5.661689E-14
5833.64  5.661762E-14
5834.64  5.634465E-14
5835.64  5.781098E-14
5836.64  5.713512E-14
5837.64  5.656708E-14
5838.64  5.667011E-14
5839.64  5.810389E-14
5840.64  5.730784E-14
5841.64  5.734738E-14
5842.64  5.779374E-14
5843.64  5.837183E-14
5844.64  5.828398E-14
5845.64  5.855941E-14
5846.64  5.852906E-14
5847.64  5.879397E-14
5848.64  5.951214E-14
5849.64  5.867001E-14
5850.64  5.924025E-14
5851.64  6.006427E-14
5852.64  6.094460E-14
5853.64  6.164915E-14
5854.64  5.954935E-14
5855.64  5.953517E-14
5856.64  5.984625E-14
5857.64  6.019369E-14
5858.64  5.998216E-14
5859.64  5.942713E-14
5860.64  6.022904E-14
5861.64  6.096039E-14
5862.64  6.057046E-14
5863.64  6.230032E-14
5864.64  6.150224E-14
5865.64  6.097583E-14
5866.64  6.083607E-14
5867.64  6.123123E-14
5868.64  6.063271E-14
5869.64  6.035359E-14
5870.64  6.039260E-14
5871.64  6.077291E-14
5872.64  5.993373E-14
5873.64  6.091124E-14
5874.64  6.142310E-14
5875.64  6.148841E-14
5876.64  6.090451E-14
5877.64  6.067209E-14
5878.64  6.058894E-14
5879.64  6.019081E-14
5880.64  5.960042E-14
5881.64  6.070904E-14
5882.64  6.128905E-14
5883.64  6.095708E-14
5884.64  6.044912E-14
5885.64  6.027995E-14
5886.64  6.068300E-14
5887.64  6.081897E-14
5888.64  6.102398E-14
5889.64  6.102702E-14
5890.64  5.944657E-14
5891.64  6.036088E-14
5892.64  6.035595E-14
5893.64  5.987446E-14
5894.64  5.902442E-14
5895.64  6.132568E-14
5896.64  6.084227E-14
5897.64  5.985850E-14
5898.64  5.897551E-14
5899.64  5.946030E-14
5900.64  5.968265E-14
5901.64  5.936346E-14
5902.64  5.932888E-14
5903.64  5.965442E-14
5904.64  5.901581E-14
5905.64  5.980967E-14
5906.64  5.940189E-14
5907.64  5.900365E-14
5908.64  5.986769E-14
5909.64  5.887274E-14
5910.64  5.870640E-14
5911.64  5.859128E-14
5912.64  5.858633E-14
5913.64  5.943078E-14
5914.64  5.853140E-14
5915.64  5.862251E-14
5916.64  5.924885E-14
5917.64  6.032458E-14
5918.64  5.789242E-14
5919.64  5.841526E-14
5920.64  5.881301E-14
5921.64  5.901871E-14
5922.64  5.892058E-14
5923.64  5.878918E-14
5924.64  5.930727E-14
5925.64  5.925008E-14
5926.64  5.828102E-14
5927.64  5.786256E-14
5928.64  5.780858E-14
5929.64  5.860637E-14
5930.64  5.914649E-14
5931.64  5.760563E-14
5932.64  5.789398E-14
5933.64  5.806164E-14
5934.64  5.881833E-14
5935.64  5.983698E-14
5936.64  5.725987E-14
5937.64  5.821708E-14
5938.64  5.833103E-14
5939.64  5.803927E-14
5940.64  5.749601E-14
5941.64  5.666055E-14
5942.64  5.636425E-14
5943.64  5.670807E-14
5944.64  5.743657E-14
5945.64  5.759310E-14
5946.64  5.784954E-14
5947.64  5.758995E-14
5948.64  5.753372E-14
5949.64  5.802261E-14
5950.64  5.793074E-14
5951.64  5.737473E-14
5952.64  5.718511E-14
5953.64  5.720211E-14
5954.64  5.710351E-14
5955.64  5.722013E-14
5956.64  5.693084E-14
5957.64  5.644844E-14
5958.64  5.587435E-14
5959.64  5.642115E-14
5960.64  5.673024E-14
5961.64  5.654743E-14
5962.64  5.646146E-14
5963.64  5.736255E-14
5964.64  5.649365E-14
5965.64  5.597870E-14
5966.64  5.559408E-14
5967.64  5.535006E-14
5968.64  5.537717E-14
5969.64  5.549399E-14
5970.64  5.528169E-14
5971.64  5.534951E-14
5972.64  5.630659E-14
5973.64  5.564187E-14
5974.64  5.569091E-14
5975.64  5.600068E-14
5976.64  5.635631E-14
5977.64  5.587580E-14
5978.64  5.539166E-14
5979.64  5.513596E-14
5980.64  5.488238E-14
5981.64  5.454643E-14
5982.64  5.548295E-14
5983.64  5.546730E-14
5984.64  5.561457E-14
5985.64  5.588152E-14
5986.64  5.621937E-14
5987.64  5.492165E-14
5988.64  5.403514E-14
5989.64  5.389828E-14
5990.64  5.467260E-14
5991.64  5.430991E-14
5992.64  5.407503E-14
5993.64  5.451239E-14
5994.64  5.470196E-14
5995.64  5.288078E-14
5996.64  5.453422E-14
5997.64  5.461718E-14
5998.64  5.416275E-14
5999.64  5.339407E-14
6000.64  5.338475E-14
6001.64  5.439158E-14
6002.64  5.452327E-14
6003.64  5.422902E-14
6004.64  5.373298E-14
6005.64  5.379720E-14
6006.64  5.331762E-14
6007.64  5.305725E-14
6008.64  5.308448E-14
6009.64  5.341769E-14
6010.64  5.347890E-14
6011.64  5.319270E-14
6012.64  5.285575E-14
6013.64  5.264735E-14
6014.64  5.277995E-14
6015.64  5.227130E-14
6016.64  5.218415E-14
6017.64  5.238702E-14
6018.64  5.223493E-14
6019.64  5.281800E-14
6020.64  5.241476E-14
6021.64  5.195494E-14
6022.64  5.166396E-14
6023.64  5.127859E-14
6024.64  5.121296E-14
6025.64  5.150246E-14
6026.64  5.190039E-14
6027.64  5.179272E-14
6028.64  5.056504E-14
6029.64  5.115977E-14
6030.64  5.174311E-14
6031.64  5.178857E-14
6032.64  5.095648E-14
6033.64  5.069327E-14
6034.64  5.078054E-14
6035.64  5.083867E-14
6036.64  5.010711E-14
6037.64  4.999340E-14
6038.64  5.050549E-14
6039.64  5.072660E-14
6040.64  5.045407E-14
6041.64  4.960958E-14
6042.64  4.987346E-14
6043.64  5.005456E-14
6044.64  5.013042E-14
6045.64  5.000554E-14
6046.64  4.887419E-14
6047.64  4.878732E-14
6048.64  4.876049E-14
6049.64  4.873908E-14
6050.64  4.929670E-14
6051.64  4.806823E-14
6052.64  4.788096E-14
6053.64  4.804080E-14
6054.64  4.811384E-14
6055.64  4.775435E-14
6056.64  4.724086E-14
6057.64  4.708686E-14
6058.64  4.706113E-14
6059.64  4.518576E-14
6060.64  4.528616E-14
6061.64  4.525346E-14
6062.64  4.486453E-14
6063.64  4.382144E-14
6064.64  4.381445E-14
6065.64  4.315859E-14
6066.64  4.233219E-14
6067.64  4.136083E-14
6068.64  3.992205E-14
6069.64  3.935066E-14
6070.64  3.896077E-14
6071.64  3.836709E-14
6072.64  3.734617E-14
6073.64  3.682761E-14
6074.64  3.634047E-14
6075.64  3.586578E-14
6076.64  3.531967E-14
6077.64  3.421971E-14
6078.64  3.321653E-14
6079.64  3.325446E-14
6080.64  3.297870E-14
6081.64  3.186172E-14
6082.64  3.226969E-14
6083.64  3.155866E-14
6084.64  3.050595E-14
6085.64  2.943148E-14
6086.64  2.906241E-14
6087.64  2.875513E-14
6088.64  2.867777E-14
6089.64  2.812795E-14
6090.64  2.689784E-14
6091.64  2.732024E-14
6092.64  2.705535E-14
6093.64  2.629649E-14
6094.64  2.546781E-14
6095.64  2.539130E-14
6096.64  2.520902E-14
6097.64  2.536573E-14
6098.64  2.511577E-14
6099.64  2.427000E-14
6100.64  2.322302E-14
6101.64  2.290036E-14
6102.64  2.238910E-14
6103.64  2.193832E-14
6104.64  2.199058E-14
6105.64  2.228121E-14
6106.64  2.186244E-14
6107.64  2.143450E-14
6108.64  2.115866E-14
6109.64  2.138452E-14
6110.64  2.072844E-14
6111.64  2.048649E-14
6112.64  2.030816E-14
6113.64  1.970199E-14
6114.64  1.954148E-14
6115.64  1.975266E-14
6116.64  2.006438E-14
6117.64  2.035314E-14
6118.64  1.942842E-14
6119.64  1.931914E-14
6120.64  1.947834E-14
6121.64  1.939922E-14
6122.64  1.826103E-14
6123.64  1.884920E-14
6124.64  1.833606E-14
6125.64  1.840178E-14
6126.64  1.917027E-14
6127.64  1.941056E-14
6128.64  1.850713E-14
6129.64  1.859222E-14
6130.64  1.881477E-14
6131.64  1.830697E-14
6132.64  1.831669E-14
6133.64  1.813071E-14
6134.64  1.816036E-14
6135.64  1.832862E-14
6136.64  1.722888E-14
6137.64  1.681895E-14
6138.64  1.720327E-14
6139.64  1.764863E-14
6140.64  1.744422E-14
6141.64  1.699119E-14
6142.64  1.693511E-14
6143.64  1.695503E-14
6144.64  1.698877E-14
6145.64  1.669565E-14
6146.64  1.608611E-14
6147.64  1.659871E-14
6148.64  1.724852E-14
6149.64  1.717836E-14
6150.64  1.665776E-14
6151.64  1.652865E-14
6152.64  1.661112E-14
6153.64  1.685649E-14
6154.64  1.699776E-14
6155.64  1.684008E-14
6156.64  1.660478E-14
6157.64  1.661509E-14
6158.64  1.732626E-14
6159.64  1.672653E-14
6160.64  1.709600E-14
6161.64  1.733571E-14
6162.64  1.740857E-14
6163.64  1.794072E-14
6164.64  1.749671E-14
6165.64  1.750287E-14
6166.64  1.744675E-14
6167.64  1.681840E-14
6168.64  1.815180E-14
6169.64  1.836044E-14
6170.64  1.829126E-14
6171.64  1.810337E-14
6172.64  1.863163E-14
6173.64  1.908271E-14
6174.64  1.907373E-14
6175.64  1.912780E-14
6176.64  1.977918E-14
6177.64  1.943412E-14
6178.64  1.925764E-14
6179.64  1.916809E-14
6180.64  1.919971E-14
6181.64  1.975495E-14
6182.64  2.069785E-14
6183.64  2.072939E-14
6184.64  2.066516E-14
6185.64  2.125460E-14
6186.64  2.194463E-14
6187.64  2.136577E-14
6188.64  2.147433E-14
6189.64  2.232898E-14
6190.64  2.247449E-14
6191.64  2.252428E-14
6192.64  2.297075E-14
6193.64  2.348141E-14
6194.64  2.374328E-14
6195.64  2.390417E-14
6196.64  2.439484E-14
6197.64  2.484944E-14
6198.64  2.517452E-14
6199.64  2.499251E-14
6200.64  2.492761E-14
6201.64  2.567957E-14
6202.64  2.647389E-14
6203.64  2.639987E-14
6204.64  2.717277E-14
6205.64  2.710934E-14
6206.64  2.702587E-14
6207.64  2.702947E-14
6208.64  2.715447E-14
6209.64  2.815674E-14
6210.64  2.854466E-14
6211.64  2.871362E-14
6212.64  2.907012E-14
6213.64  3.016180E-14
6214.64  3.051886E-14
6215.64  3.083227E-14
6216.64  3.116696E-14
6217.64  3.114265E-14
6218.64  3.093854E-14
6219.64  3.133807E-14
6220.64  3.183373E-14
6221.64  3.164369E-14
6222.64  3.335332E-14
6223.64  3.345607E-14
6224.64  3.341506E-14
6225.64  3.349499E-14
6226.64  3.397188E-14
6227.64  3.399044E-14
6228.64  3.438332E-14
6229.64  3.476092E-14
6230.64  3.428693E-14
6231.64  3.552685E-14
6232.64  3.607771E-14
6233.64  3.647712E-14
6234.64  3.678388E-14
6235.64  3.565614E-14
6236.64  3.682250E-14
6237.64  3.762764E-14
6238.64  3.803301E-14
6239.64  3.769173E-14
6240.64  3.874780E-14
6241.64  3.832299E-14
6242.64  3.800229E-14
6243.64  3.833711E-14
6244.64  3.959925E-14
6245.64  3.929617E-14
6246.64  3.949225E-14
6247.64  3.983407E-14
6248.64  3.904388E-14
6249.64  4.040021E-14
6250.64  4.057303E-14
6251.64  4.075601E-14
6252.64  4.147285E-14
6253.64  4.117994E-14
6254.64  4.097252E-14
6255.64  4.099196E-14
6256.64  4.112353E-14
6257.64  4.081670E-14
6258.64  4.199205E-14
6259.64  4.203858E-14
6260.64  4.178084E-14
6261.64  4.157181E-14
6262.64  4.305085E-14
6263.64  4.244647E-14
6264.64  4.224476E-14
6265.64  4.251654E-14
6266.64  4.281512E-14
6267.64  4.387621E-14
6268.64  4.373832E-14
6269.64  4.335113E-14
6270.64  4.341527E-14
6271.64  4.336515E-14
6272.64  4.368823E-14
6273.64  4.396654E-14
6274.64  4.404428E-14
6275.64  4.253582E-14
6276.64  4.108084E-14
6277.64  4.083214E-14
6278.64  4.120860E-14
6279.64  4.193864E-14
6280.64  4.287433E-14
6281.64  4.307214E-14
6282.64  4.347456E-14
6283.64  4.419484E-14
6284.64  4.402838E-14
6285.64  4.392394E-14
6286.64  4.423222E-14
6287.64  4.452264E-14
6288.64  4.384691E-14
6289.64  4.423858E-14
6290.64  4.417178E-14
6291.64  4.388225E-14
6292.64  4.339198E-14
6293.64  4.359637E-14
6294.64  4.442739E-14
6295.64  4.467175E-14
6296.64  4.468309E-14
6297.64  4.565725E-14
6298.64  4.449255E-14
6299.64  4.507427E-14
6300.64  4.555601E-14
6301.64  4.503752E-14
6302.64  4.455585E-14
6303.64  4.481631E-14
6304.64  4.485321E-14
6305.64  4.469921E-14
6306.64  4.468474E-14
6307.64  4.508025E-14
6308.64  4.514898E-14
6309.64  4.516397E-14
6310.64  4.530264E-14
6311.64  4.451751E-14
6312.64  4.480747E-14
6313.64  4.502837E-14
6314.64  4.504361E-14
6315.64  4.450788E-14
6316.64  4.502279E-14
6317.64  4.566738E-14
6318.64  4.593669E-14
6319.64  4.478935E-14
6320.64  4.536556E-14
6321.64  4.533670E-14
6322.64  4.519439E-14
6323.64  4.502744E-14
6324.64  4.549668E-14
6325.64  4.592366E-14
6326.64  4.577728E-14
6327.64  4.552013E-14
6328.64  4.626800E-14
6329.64  4.509181E-14
6330.64  4.500857E-14
6331.64  4.522753E-14
6332.64  4.557440E-14
6333.64  4.591930E-14
6334.64  4.519042E-14
6335.64  4.522004E-14
6336.64  4.576078E-14
6337.64  4.577331E-14
6338.64  4.512361E-14
6339.64  4.503958E-14
6340.64  4.506411E-14
6341.64  4.495275E-14
6342.64  4.481304E-14
6343.64  4.515850E-14
6344.64  4.514163E-14
6345.64  4.483597E-14
6346.64  4.598615E-14
6347.64  4.561799E-14
6348.64  4.501002E-14
6349.64  4.458690E-14
6350.64  4.510900E-14
6351.64  4.486676E-14
6352.64  4.513583E-14
6353.64  4.507169E-14
6354.64  4.451002E-14
6355.64  4.592042E-14
6356.64  4.481736E-14
6357.64  4.432821E-14
6358.64  4.426245E-14
6359.64  4.442755E-14
6360.64  4.448902E-14
6361.64  4.423149E-14
6362.64  4.427745E-14
6363.64  4.501863E-14
6364.64  4.472498E-14
6365.64  4.454476E-14
6366.64  4.452348E-14
6367.64  4.462527E-14
6368.64  4.468064E-14
6369.64  4.482960E-14
6370.64  4.488211E-14
6371.64  4.505887E-14
6372.64  4.566967E-14
6373.64  4.506485E-14
6374.64  4.494888E-14
6375.64  4.480329E-14
6376.64  4.458775E-14
6377.64  4.475857E-14
6378.64  4.439970E-14
6379.64  4.422794E-14
6380.64  4.422720E-14
6381.64  4.454177E-14
6382.64  4.411009E-14
6383.64  4.437038E-14
6384.64  4.432570E-14
6385.64  4.355619E-14
6386.64  4.446533E-14
6387.64  4.371977E-14
6388.64  4.401646E-14
6389.64  4.488020E-14
6390.64  4.383528E-14
6391.64  4.456098E-14
6392.64  4.409878E-14
6393.64  4.382501E-14
6394.64  4.499692E-14
6395.64  4.428199E-14
6396.64  4.386358E-14
6397.64  4.371117E-14
6398.64  4.383908E-14
6399.64  4.417112E-14
6400.64  4.397965E-14
6401.64  4.376152E-14
6402.64  4.369096E-14
6403.64  4.429396E-14
6404.64  4.452265E-14
6405.64  4.394908E-14
6406.64  4.352173E-14
6407.64  4.360006E-14
6408.64  4.318778E-14
6409.64  4.390858E-14
6410.64  4.400400E-14
6411.64  4.356412E-14
6412.64  4.288640E-14
6413.64  4.404577E-14
6414.64  4.376878E-14
6415.64  4.335380E-14
6416.64  4.382774E-14
6417.64  4.385424E-14
6418.64  4.380939E-14
6419.64  4.356238E-14
6420.64  4.313190E-14
6421.64  4.365282E-14
6422.64  4.343402E-14
6423.64  4.321715E-14
6424.64  4.303958E-14
6425.64  4.302727E-14
6426.64  4.310837E-14
6427.64  4.305188E-14
6428.64  4.290829E-14
6429.64  4.266043E-14
6430.64  4.343407E-14
6431.64  4.345635E-14
6432.64  4.300853E-14
6433.64  4.235719E-14
6434.64  4.342736E-14
6435.64  4.267230E-14
6436.64  4.281382E-14
6437.64  4.301928E-14
6438.64  4.233674E-14
6439.64  4.269454E-14
6440.64  4.283840E-14
6441.64  4.291717E-14
6442.64  4.294399E-14
6443.64  4.339864E-14
6444.64  4.288056E-14
6445.64  4.278623E-14
6446.64  4.292439E-14
6447.64  4.275794E-14
6448.64  4.235153E-14
6449.64  4.238392E-14
6450.64  4.235819E-14
6451.64  4.191598E-14
6452.64  4.288295E-14
6453.64  4.250950E-14
6454.64  4.216410E-14
6455.64  4.198631E-14
6456.64  4.211931E-14
6457.64  4.233249E-14
6458.64  4.228711E-14
6459.64  4.224171E-14
6460.64  4.276685E-14
6461.64  4.246684E-14
6462.64  4.199922E-14
6463.64  4.180575E-14
6464.64  4.197224E-14
6465.64  4.220143E-14
6466.64  4.225692E-14
6467.64  4.211864E-14
6468.64  4.186699E-14
6469.64  4.210498E-14
6470.64  4.138733E-14
6471.64  4.133391E-14
6472.64  4.157931E-14
6473.64  4.195300E-14
6474.64  4.073696E-14
6475.64  4.112362E-14
6476.64  4.156966E-14
6477.64  4.174007E-14
6478.64  4.115874E-14
6479.64  4.157108E-14
6480.64  4.152024E-14
6481.64  4.122533E-14
6482.64  4.167229E-14
6483.64  4.077509E-14
6484.64  4.085571E-14
6485.64  4.113379E-14
6486.64  4.108950E-14
6487.64  4.189781E-14
6488.64  4.140004E-14
6489.64  4.115716E-14
6490.64  4.141126E-14
6491.64  4.104936E-14
6492.64  4.082912E-14
6493.64  4.120712E-14
6494.64  4.176818E-14
6495.64  4.122426E-14
6496.64  4.244026E-14
6497.64  4.181107E-14
6498.64  4.093374E-14
6499.64  4.066759E-14
6500.64  4.132648E-14
6501.64  4.108646E-14
6502.64  4.107988E-14
6503.64  4.140037E-14
6504.64  4.121378E-14
6505.64  4.129641E-14
6506.64  4.117172E-14
6507.64  4.099111E-14
6508.64  4.110939E-14
6509.64  4.068213E-14
6510.64  4.094798E-14
6511.64  4.118320E-14
6512.64  4.099034E-14
6513.64  4.045230E-14
6514.64  3.970774E-14
6515.64  3.966821E-14
6516.64  4.030247E-14
6517.64  3.935483E-14
6518.64  4.009748E-14
6519.64  4.020975E-14
6520.64  4.008823E-14
6521.64  4.040347E-14
6522.64  3.980920E-14
6523.64  3.951843E-14
6524.64  3.940195E-14
6525.64  3.950798E-14
6526.64  4.025922E-14
6527.64  4.039338E-14
6528.64  3.999524E-14
6529.64  3.917498E-14
6530.64  3.946812E-14
6531.64  3.956853E-14
6532.64  3.913424E-14
6533.64  3.869780E-14
6534.64  3.946558E-14
6535.64  3.949615E-14
6536.64  3.944603E-14
6537.64  3.945897E-14
6538.64  3.963420E-14
6539.64  3.932343E-14
6540.64  4.004005E-14
6541.64  4.016721E-14
6542.64  3.966021E-14
6543.64  3.953324E-14
6544.64  3.843414E-14
6545.64  3.826539E-14
6546.64  3.855739E-14
6547.64  3.881590E-14
6548.64  3.854984E-14
6549.64  3.871393E-14
6550.64  3.861637E-14
6551.64  3.777513E-14
6552.64  3.861875E-14
6553.64  3.904843E-14
6554.64  3.904641E-14
6555.64  3.863594E-14
6556.64  3.853918E-14
6557.64  3.814836E-14
6558.64  3.806072E-14
6559.64  3.816546E-14
6560.64  3.842980E-14
6561.64  3.837114E-14
6562.64  3.861405E-14
6563.64  3.861521E-14
6564.64  3.790615E-14
6565.64  3.782339E-14
6566.64  3.822130E-14
6567.64  3.819795E-14
6568.64  3.768225E-14
6569.64  3.784250E-14
6570.64  3.793758E-14
6571.64  3.767379E-14
6572.64  3.722570E-14
6573.64  3.694151E-14
6574.64  3.681513E-14
6575.64  3.709260E-14
6576.64  3.740741E-14
6577.64  3.753196E-14
6578.64  3.731746E-14
6579.64  3.730124E-14
6580.64  3.753252E-14
6581.64  3.803215E-14
6582.64  3.776094E-14
6583.64  3.719180E-14
6584.64  3.653841E-14
6585.64  3.596415E-14
6586.64  3.628943E-14
6587.64  3.655275E-14
6588.64  3.591722E-14
6589.64  3.550173E-14
6590.64  3.666590E-14
6591.64  3.671852E-14
6592.64  3.616418E-14
6593.64  3.591673E-14
6594.64  3.625748E-14
6595.64  3.553270E-14
6596.64  3.617243E-14
6597.64  3.647771E-14
6598.64  3.648565E-14
6599.64  3.648247E-14
6600.64  3.635655E-14
6601.64  3.652930E-14
6602.64  3.676531E-14
6603.64  3.677516E-14
6604.64  3.634898E-14
6605.64  3.582472E-14
6606.64  3.542254E-14
6607.64  3.529107E-14
6608.64  3.576197E-14
6609.64  3.581669E-14
6610.64  3.536663E-14
6611.64  3.453124E-14
6612.64  3.527598E-14
6613.64  3.504293E-14
6614.64  3.489716E-14
6615.64  3.480821E-14
6616.64  3.476892E-14
6617.64  3.416623E-14
6618.64  3.468039E-14
6619.64  3.506246E-14
6620.64  3.440628E-14
6621.64  3.424191E-14
6622.64  3.412851E-14
6623.64  3.424486E-14
6624.64  3.463878E-14
6625.64  3.460039E-14
6626.64  3.412017E-14
6627.64  3.389443E-14
6628.64  3.386591E-14
6629.64  3.392243E-14
6630.64  3.348383E-14
6631.64  3.362002E-14
6632.64  3.387708E-14
6633.64  3.382887E-14
6634.64  3.377180E-14
6635.64  3.429359E-14
6636.64  3.433085E-14
6637.64  3.334611E-14
6638.64  3.353441E-14
6639.64  3.356051E-14
6640.64  3.348625E-14
6641.64  3.333494E-14
6642.64  3.338491E-14
6643.64  3.280777E-14
6644.64  3.279667E-14
6645.64  3.300753E-14
6646.64  3.280083E-14
6647.64  3.199666E-14
6648.64  3.201263E-14
6649.64  3.225523E-14
6650.64  3.252464E-14
6651.64  3.231198E-14
6652.64  3.223932E-14
6653.64  3.216889E-14
6654.64  3.208380E-14
6655.64  3.208189E-14
6656.64  3.216735E-14
6657.64  3.200347E-14
6658.64  3.169596E-14
6659.64  3.190239E-14
6660.64  3.133251E-14
6661.64  3.129142E-14
6662.64  3.150263E-14
6663.64  3.184625E-14
6664.64  3.179148E-14
6665.64  3.155248E-14
6666.64  3.139107E-14
6667.64  3.147476E-14
6668.64  3.104065E-14
6669.64  3.099235E-14
6670.64  3.093931E-14
6671.64  3.085526E-14
6672.64  3.107282E-14
6673.64  3.058377E-14
6674.64  3.056593E-14
6675.64  3.090868E-14
6676.64  3.159933E-14
6677.64  3.103825E-14
6678.64  3.093414E-14
6679.64  3.083561E-14
6680.64  3.015642E-14
6681.64  3.019210E-14
6682.64  3.056281E-14
6683.64  3.065864E-14
6684.64  3.008128E-14
6685.64  3.071759E-14
6686.64  3.055213E-14
6687.64  3.027754E-14
6688.64  2.997437E-14
6689.64  3.069885E-14
6690.64  3.007489E-14
6691.64  2.981585E-14
6692.64  2.978336E-14
6693.64  2.971120E-14
6694.64  3.009656E-14
6695.64  2.989257E-14
6696.64  2.958067E-14
6697.64  2.958396E-14
6698.64  3.010788E-14
6699.64  2.989121E-14
6700.64  2.968167E-14
6701.64  2.971687E-14
6702.64  2.950548E-14
6703.64  2.964470E-14
6704.64  2.960694E-14
6705.64  2.938159E-14
6706.64  2.980989E-14
6707.64  2.975945E-14
6708.64  2.937350E-14
6709.64  2.884132E-14
6710.64  2.876258E-14
6711.64  2.999428E-14
6712.64  2.980020E-14
6713.64  2.932681E-14
6714.64  2.963129E-14
6715.64  3.005500E-14
6716.64  2.984042E-14
6717.64  2.951177E-14
6718.64  2.918309E-14
6719.64  2.853114E-14
6720.64  2.887445E-14
6721.64  2.889956E-14
6722.64  2.850714E-14
6723.64  2.904169E-14
6724.64  2.914799E-14
6725.64  2.922489E-14
6726.64  2.920053E-14
6727.64  2.844676E-14
6728.64  2.846570E-14
6729.64  2.879929E-14
6730.64  2.904732E-14
6731.64  2.842816E-14
6732.64  2.821079E-14
6733.64  2.845775E-14
6734.64  2.861923E-14
6735.64  2.836582E-14
6736.64  2.838210E-14
6737.64  2.783960E-14
6738.64  2.769895E-14
6739.64  2.815577E-14
6740.64  2.807300E-14
6741.64  2.809308E-14
6742.64  2.794431E-14
6743.64  2.766224E-14
6744.64  2.738612E-14
6745.64  2.774864E-14
6746.64  2.760422E-14
6747.64  2.724763E-14
6748.64  2.705129E-14
6749.64  2.757002E-14
6750.64  2.755674E-14
6751.64  2.755032E-14
6752.64  2.790955E-14
6753.64  2.695595E-14
6754.64  2.663377E-14
6755.64  2.664166E-14
6756.64  2.706124E-14
6757.64  2.665783E-14
6758.64  2.675959E-14
6759.64  2.660569E-14
6760.64  2.620898E-14
6761.64  2.696536E-14
6762.64  2.692911E-14
6763.64  2.663158E-14
6764.64  2.625154E-14
6765.64  2.654357E-14
6766.64  2.559486E-14
6767.64  2.584797E-14
6768.64  2.635429E-14
6769.64  2.603957E-14
6770.64  2.585975E-14
6771.64  2.584178E-14
6772.64  2.576291E-14
6773.64  2.545943E-14
6774.64  2.617530E-14
6775.64  2.608593E-14
6776.64  2.596498E-14
6777.64  2.590729E-14
6778.64  2.615450E-14
6779.64  2.640998E-14
6780.64  2.620097E-14
6781.64  2.563223E-14
6782.64  2.614087E-14
6783.64  2.555895E-14
6784.64  2.594098E-14
6785.64  2.660787E-14
6786.64  2.546188E-14
6787.64  2.615087E-14
6788.64  2.582187E-14
6789.64  2.518421E-14
6790.64  2.468109E-14
6791.64  2.553498E-14
6792.64  2.565913E-14
6793.64  2.559397E-14
6794.64  2.541934E-14
6795.64  2.536444E-14
6796.64  2.537945E-14
6797.64  2.548518E-14
6798.64  2.570546E-14
6799.64  2.528582E-14
6800.64  2.533360E-14
6801.64  2.543809E-14
6802.64  2.557333E-14
6803.64  2.547518E-14
6804.64  2.517288E-14
6805.64  2.529127E-14
6806.64  2.554816E-14
6807.64  2.505828E-14
6808.64  2.533960E-14
6809.64  2.518960E-14
6810.64  2.504612E-14
6811.64  2.553542E-14
6812.64  2.524107E-14
6813.64  2.571004E-14
6814.64  2.606065E-14
6815.64  2.574348E-14
6816.64  2.517852E-14
6817.64  2.534724E-14
6818.64  2.566170E-14
6819.64  2.607664E-14
6820.64  2.516995E-14
6821.64  2.529587E-14
6822.64  2.537867E-14
6823.64  2.538246E-14
6824.64  2.530444E-14
6825.64  2.497349E-14
6826.64  2.500720E-14
6827.64  2.517648E-14
6828.64  2.431693E-14
6829.64  2.537341E-14
6830.64  2.572998E-14
6831.64  2.564193E-14
6832.64  2.479967E-14
6833.64  2.546406E-14
6834.64  2.522563E-14
6835.64  2.491670E-14
6836.64  2.511583E-14
6837.64  2.501558E-14
6838.64  2.531021E-14
6839.64  2.547711E-14
6840.64  2.527963E-14
6841.64  2.498116E-14
6842.64  2.525217E-14
6843.64  2.554943E-14
6844.64  2.582348E-14
6845.64  2.498687E-14
6846.64  2.548698E-14
6847.64  2.544927E-14
6848.64  2.497312E-14
6849.64  2.527595E-14
6850.64  2.500513E-14
6851.64  2.511076E-14
6852.64  2.539180E-14
6853.64  2.531282E-14
6854.64  2.523175E-14
6855.64  2.503012E-14
6856.64  2.499168E-14
6857.64  2.591278E-14
6858.64  2.565429E-14
6859.64  2.529986E-14
6860.64  2.533856E-14
6861.64  2.499171E-14
6862.64  2.464695E-14
6863.64  2.502120E-14
6864.64  2.540691E-14
6865.64  2.561437E-14
6866.64  2.367700E-14
6867.64  2.295866E-14
6868.64  2.252171E-14
6869.64  2.216529E-14
6870.64  2.447327E-14
6871.64  2.500124E-14
6872.64  2.448536E-14
6873.64  2.374150E-14
6874.64  2.424607E-14
6875.64  2.423434E-14
6876.64  2.411638E-14
6877.64  2.405714E-14
6878.64  2.380000E-14
6879.64  2.414654E-14
6880.64  2.434677E-14
6881.64  2.460543E-14
6882.64  2.493045E-14
6883.64  2.442955E-14
6884.64  2.364582E-14
6885.64  2.317283E-14
6886.64  2.394489E-14
6887.64  2.368004E-14
6888.64  2.399332E-14
6889.64  2.403404E-14
6890.64  2.317794E-14
6891.64  2.368324E-14
6892.64  2.324178E-14
6893.64  2.296215E-14
6894.64  2.265916E-14
6895.64  2.333998E-14
6896.64  2.291665E-14
6897.64  2.326886E-14
6898.64  2.402186E-14
6899.64  2.376900E-14
6900.64  2.299643E-14
6901.64  2.292747E-14
6902.64  2.315912E-14
6903.64  2.332108E-14
6904.64  2.328675E-14
6905.64  2.326107E-14
6906.64  2.309290E-14
6907.64  2.436388E-14
6908.64  2.310344E-14
6909.64  2.343645E-14
6910.64  2.376843E-14
6911.64  2.288727E-14
6912.64  2.290375E-14
6913.64  2.280512E-14
6914.64  2.276914E-14
6915.64  2.334706E-14
6916.64  2.235797E-14
6917.64  2.250780E-14
6918.64  2.275982E-14
6919.64  2.294722E-14
6920.64  2.374363E-14
6921.64  2.287961E-14
6922.64  2.247475E-14
6923.64  2.282031E-14
6924.64  2.278922E-14
6925.64  2.285287E-14
6926.64  2.290778E-14
6927.64  2.300078E-14
6928.64  2.209361E-14
6929.64  2.246948E-14
6930.64  2.277129E-14
6931.64  2.296814E-14
6932.64  2.267073E-14
6933.64  2.290615E-14
6934.64  2.274504E-14
6935.64  2.235885E-14
6936.64  2.270789E-14
6937.64  2.243107E-14
6938.64  2.235558E-14
6939.64  2.236319E-14
6940.64  2.221117E-14
6941.64  2.207238E-14
6942.64  2.215716E-14
6943.64  2.238346E-14
6944.64  2.288471E-14
6945.64  2.170746E-14
6946.64  2.173622E-14
6947.64  2.205966E-14
6948.64  2.224768E-14
6949.64  2.169604E-14
6950.64  2.216422E-14
6951.64  2.278882E-14
6952.64  2.330977E-14
6953.64  2.209905E-14
6954.64  2.195648E-14
6955.64  2.200709E-14
6956.64  2.216127E-14
6957.64  2.196256E-14
6958.64  2.198181E-14
6959.64  2.222679E-14
6960.64  2.277742E-14
6961.64  2.202159E-14
6962.64  2.190735E-14
6963.64  2.177127E-14
6964.64  2.159413E-14
6965.64  2.239415E-14
6966.64  2.228136E-14
6967.64  2.212443E-14
6968.64  2.194358E-14
6969.64  2.204035E-14
6970.64  2.265076E-14
6971.64  2.258592E-14
6972.64  2.212703E-14
6973.64  2.245866E-14
6974.64  2.157634E-14
6975.64  2.158854E-14
6976.64  2.207535E-14
6977.64  2.262286E-14
6978.64  2.223043E-14
6979.64  2.189082E-14
6980.64  2.161437E-14
6981.64  2.159491E-14
6982.64  2.203625E-14
6983.64  2.196485E-14
6984.64  2.175803E-14
6985.64  2.164200E-14
6986.64  2.135852E-14
6987.64  2.095935E-14
6988.64  2.087803E-14
6989.64  2.187096E-14
6990.64  2.161062E-14
6991.64  2.135221E-14
6992.64  2.113591E-14
6993.64  2.101426E-14
6994.64  2.088467E-14
6995.64  2.103947E-14
6996.64  2.116262E-14
6997.64  2.115615E-14
6998.64  2.147363E-14
6999.64  2.188615E-14
7000.64  2.189030E-14
7001.64  2.125194E-14
7002.64  2.145962E-14
7003.64  2.179892E-14
7004.64  2.192381E-14
7005.64  2.177630E-14
7006.64  2.141354E-14
7007.64  2.159616E-14
7008.64  2.178561E-14
7009.64  2.196019E-14
7010.64  2.108710E-14
7011.64  2.117275E-14
7012.64  2.152836E-14
