3595.04  2.489562E-14
3596.04  2.457630E-14
3597.04  2.445298E-14
3598.04  2.361148E-14
3599.04  2.107163E-14
3600.04  2.099821E-14
3601.04  2.342882E-14
3602.04  2.186525E-14
3603.04  1.795691E-14
3604.04  1.770681E-14
3605.04  1.773677E-14
3606.04  1.849135E-14
3607.04  2.002611E-14
3608.04  1.914969E-14
3609.04  1.820875E-14
3610.04  1.796706E-14
3611.04  1.772380E-14
3612.04  1.615615E-14
3613.04  1.503696E-14
3614.04  1.529430E-14
3615.04  1.526099E-14
3616.04  1.593298E-14
3617.04  1.594953E-14
3618.04  1.522097E-14
3619.04  1.485873E-14
3620.04  1.823928E-14
3621.04  1.830108E-14
3622.04  1.510489E-14
3623.04  1.496258E-14
3624.04  1.726130E-14
3625.04  1.653081E-14
3626.04  1.345380E-14
3627.04  1.355606E-14
3628.04  1.447701E-14
3629.04  1.486900E-14
3630.04  1.610882E-14
3631.04  1.554639E-14
3632.04  1.477327E-14
3633.04  1.540540E-14
3634.04  1.621478E-14
3635.04  1.607334E-14
3636.04  1.592799E-14
3637.04  1.531704E-14
3638.04  1.485723E-14
3639.04  1.598832E-14
3640.04  1.639167E-14
3641.04  1.677246E-14
3642.04  1.674515E-14
3643.04  1.479211E-14
3644.04  1.428161E-14
3645.04  1.599310E-14
3646.04  1.596855E-14
3647.04  1.623158E-14
3648.04  1.596627E-14
3649.04  1.484638E-14
3650.04  1.467954E-14
3651.04  1.452215E-14
3652.04  1.512932E-14
3653.04  1.743835E-14
3654.04  1.783079E-14
3655.04  1.889386E-14
3656.04  1.765252E-14
3657.04  1.588212E-14
3658.04  1.617668E-14
3659.04  1.651572E-14
3660.04  1.671346E-14
3661.04  1.683751E-14
3662.04  1.719911E-14
3663.04  1.733329E-14
3664.04  1.878921E-14
3665.04  1.925409E-14
3666.04  1.755332E-14
3667.04  1.699900E-14
3668.04  1.702692E-14
3669.04  1.689704E-14
3670.04  1.929459E-14
3671.04  1.924459E-14
3672.04  1.920222E-14
3673.04  1.916003E-14
3674.04  1.994567E-14
3675.04  1.960794E-14
3676.04  1.877533E-14
3677.04  1.861403E-14
3678.04  1.845235E-14
3679.04  1.877633E-14
3680.04  1.946284E-14
3681.04  1.962611E-14
3682.04  1.987148E-14
3683.04  1.970667E-14
3684.04  1.954514E-14
3685.04  2.042936E-14
3686.04  2.094302E-14
3687.04  2.051538E-14
3688.04  2.023777E-14
3689.04  1.984356E-14
3690.04  1.962220E-14
3691.04  2.050297E-14
3692.04  2.053029E-14
3693.04  1.940799E-14
3694.04  1.922135E-14
3695.04  2.063914E-14
3696.04  2.039780E-14
3697.04  1.939338E-14
3698.04  1.937104E-14
3699.04  1.975143E-14
3700.04  1.961680E-14
3701.04  1.948797E-14
3702.04  1.921355E-14
3703.04  1.881752E-14
3704.04  1.902650E-14
3705.04  1.934336E-14
3706.04  1.868391E-14
3707.04  1.805799E-14
3708.04  1.812883E-14
3709.04  1.813919E-14
3710.04  1.747877E-14
3711.04  1.711181E-14
3712.04  1.786623E-14
3713.04  1.802219E-14
3714.04  1.709197E-14
3715.04  1.683875E-14
3716.04  1.626780E-14
3717.04  1.613909E-14
3718.04  1.639223E-14
3719.04  1.644459E-14
3720.04  1.772558E-14
3721.04  1.733002E-14
3722.04  1.592393E-14
3723.04  1.618542E-14
3724.04  1.706194E-14
3725.04  1.649779E-14
3726.04  1.554409E-14
3727.04  1.576949E-14
3728.04  1.608526E-14
3729.04  1.581048E-14
3730.04  1.555295E-14
3731.04  1.586681E-14
3732.04  1.604021E-14
3733.04  1.563148E-14
3734.04  1.540370E-14
3735.04  1.517327E-14
3736.04  1.505041E-14
3737.04  1.499625E-14
3738.04  1.492244E-14
3739.04  1.440937E-14
3740.04  1.433252E-14
3741.04  1.494925E-14
3742.04  1.476808E-14
3743.04  1.389487E-14
3744.04  1.403690E-14
3745.04  1.479738E-14
3746.04  1.480493E-14
3747.04  1.493013E-14
3748.04  1.458883E-14
3749.04  1.407046E-14
3750.04  1.400801E-14
3751.04  1.394712E-14
3752.04  1.432129E-14
3753.04  1.461787E-14
3754.04  1.466725E-14
3755.04  1.466726E-14
3756.04  1.464082E-14
3757.04  1.458984E-14
3758.04  1.499749E-14
3759.04  1.504353E-14
3760.04  1.339441E-14
3761.04  1.314507E-14
3762.04  1.430931E-14
3763.04  1.427211E-14
3764.04  1.421141E-14
3765.04  1.412713E-14
3766.04  1.394257E-14
3767.04  1.390507E-14
3768.04  1.391594E-14
3769.04  1.337798E-14
3770.04  1.234508E-14
3771.04  1.242574E-14
3772.04  1.255935E-14
3773.04  1.197562E-14
3774.04  1.140364E-14
3775.04  1.130152E-14
3776.04  1.121732E-14
3777.04  1.136290E-14
3778.04  1.140717E-14
3779.04  1.200235E-14
3780.04  1.214866E-14
3781.04  1.091734E-14
3782.04  1.067456E-14
3783.04  1.095886E-14
3784.04  1.094176E-14
3785.04  1.107918E-14
3786.04  1.097935E-14
3787.04  1.051927E-14
3788.04  1.049604E-14
3789.04  1.051950E-14
3790.04  1.091201E-14
3791.04  1.188769E-14
3792.04  1.142969E-14
3793.04  1.073253E-14
3794.04  1.069283E-14
3795.04  1.065347E-14
3796.04  1.072332E-14
3797.04  1.076805E-14
3798.04  1.034099E-14
3799.04  1.009899E-14
3800.04  1.053350E-14
3801.04  1.065839E-14
3802.04  1.018716E-14
3803.04  1.006454E-14
3804.04  1.029613E-14
3805.04  1.028302E-14
3806.04  1.025313E-14
3807.04  1.008264E-14
3808.04  8.855552E-15
3809.04  9.021441E-15
3810.04  9.814872E-15
3811.04  9.784751E-15
3812.04  9.759193E-15
3813.04  9.604979E-15
3814.04  9.368148E-15
3815.04  9.503091E-15
3816.04  9.664243E-15
3817.04  9.417473E-15
3818.04  9.213247E-15
3819.04  9.981042E-15
3820.04  1.039012E-14
3821.04  9.654271E-15
3822.04  9.369659E-15
3823.04  1.028028E-14
3824.04  1.044742E-14
3825.04  9.812941E-15
3826.04  9.729234E-15
3827.04  9.999830E-15
3828.04  1.000225E-14
3829.04  1.027567E-14
3830.04  1.025338E-14
3831.04  1.026023E-14
3832.04  1.055606E-14
3833.04  1.136012E-14
3834.04  1.131179E-14
3835.04  1.125375E-14
3836.04  1.144857E-14
3837.04  1.167805E-14
3838.04  1.179212E-14
3839.04  1.187626E-14
3840.04  1.164169E-14
3841.04  1.149950E-14
3842.04  1.236787E-14
3843.04  1.265009E-14
3844.04  1.158638E-14
3845.04  1.134590E-14
3846.04  1.295077E-14
3847.04  1.303122E-14
3848.04  1.180266E-14
3849.04  1.193860E-14
3850.04  1.328771E-14
3851.04  1.300082E-14
3852.04  1.196924E-14
3853.04  1.246596E-14
3854.04  1.370220E-14
3855.04  1.370458E-14
3856.04  1.372965E-14
3857.04  1.389311E-14
3858.04  1.407311E-14
3859.04  1.424650E-14
3860.04  1.436635E-14
3861.04  1.407470E-14
3862.04  1.391112E-14
3863.04  1.407417E-14
3864.04  1.410186E-14
3865.04  1.531687E-14
3866.04  1.549572E-14
3867.04  1.544585E-14
3868.04  1.542972E-14
3869.04  1.593726E-14
3870.04  1.584006E-14
3871.04  1.541905E-14
3872.04  1.552496E-14
3873.04  1.597386E-14
3874.04  1.630501E-14
3875.04  1.704665E-14
3876.04  1.654186E-14
3877.04  1.584836E-14
3878.04  1.471643E-14
3879.04  1.362749E-14
3880.04  1.604499E-14
3881.04  1.761678E-14
3882.04  1.761651E-14
3883.04  1.759424E-14
3884.04  1.708409E-14
3885.04  1.692299E-14
3886.04  1.755734E-14
3887.04  1.760489E-14
3888.04  1.757648E-14
3889.04  1.755036E-14
3890.04  1.765085E-14
3891.04  1.779870E-14
3892.04  1.865667E-14
3893.04  1.864050E-14
3894.04  1.866464E-14
3895.04  1.826669E-14
3896.04  1.759536E-14
3897.04  1.796868E-14
3898.04  1.841814E-14
3899.04  1.842961E-14
3900.04  1.843206E-14
3901.04  1.824845E-14
3902.04  1.813258E-14
3903.04  1.875740E-14
3904.04  1.894857E-14
3905.04  1.893532E-14
3906.04  1.890337E-14
3907.04  1.908681E-14
3908.04  1.907637E-14
3909.04  1.937091E-14
3910.04  1.938892E-14
3911.04  1.972626E-14
3912.04  1.969032E-14
3913.04  1.965616E-14
3914.04  1.982220E-14
3915.04  2.021602E-14
3916.04  2.022704E-14
3917.04  2.025743E-14
3918.04  2.061335E-14
3919.04  2.094954E-14
3920.04  2.147618E-14
3921.04  2.180006E-14
3922.04  2.176341E-14
3923.04  2.172631E-14
3924.04  2.113536E-14
3925.04  2.096313E-14
3926.04  2.093826E-14
3927.04  2.090414E-14
3928.04  2.164627E-14
3929.04  2.154103E-14
3930.04  2.080812E-14
3931.04  2.089462E-14
3932.04  2.137179E-14
3933.04  2.113668E-14
3934.04  2.060832E-14
3935.04  2.074744E-14
3936.04  2.098827E-14
3937.04  2.106388E-14
3938.04  2.114696E-14
3939.04  2.194194E-14
3940.04  2.250428E-14
3941.04  2.224802E-14
3942.04  2.210907E-14
3943.04  2.202002E-14
3944.04  2.197061E-14
3945.04  2.204462E-14
3946.04  2.202675E-14
3947.04  2.283623E-14
3948.04  2.289172E-14
3949.04  2.371958E-14
3950.04  2.348842E-14
3951.04  2.249258E-14
3952.04  2.251928E-14
3953.04  2.264914E-14
3954.04  2.291076E-14
3955.04  2.338635E-14
3956.04  2.310377E-14
3957.04  2.278456E-14
3958.04  2.298444E-14
3959.04  2.313154E-14
3960.04  2.376356E-14
3961.04  2.406849E-14
3962.04  2.382787E-14
3963.04  2.373026E-14
3964.04  2.211994E-14
3965.04  2.183449E-14
3966.04  2.155121E-14
3967.04  2.160401E-14
3968.04  2.304737E-14
3969.04  2.298194E-14
3970.04  2.276722E-14
3971.04  2.262545E-14
3972.04  2.227458E-14
3973.04  2.253349E-14
3974.04  2.302128E-14
3975.04  2.293734E-14
3976.04  2.284359E-14
3977.04  2.263077E-14
3978.04  2.245606E-14
3979.04  2.243982E-14
3980.04  2.241787E-14
3981.04  2.172389E-14
3982.04  2.148300E-14
3983.04  2.135714E-14
3984.04  2.131412E-14
3985.04  2.189932E-14
3986.04  2.184613E-14
3987.04  2.093824E-14
3988.04  2.095262E-14
3989.04  2.113992E-14
3990.04  2.106888E-14
3991.04  2.091308E-14
3992.04  2.039606E-14
3993.04  1.949401E-14
3994.04  2.020991E-14
3995.04  2.105392E-14
3996.04  2.050214E-14
3997.04  2.006521E-14
3998.04  2.005680E-14
3999.04  2.004113E-14
4000.04  1.994655E-14
4001.04  1.990127E-14
4002.04  1.873576E-14
4003.04  1.853375E-14
4004.04  1.887493E-14
4005.04  1.897583E-14
4006.04  2.049755E-14
4007.04  2.020508E-14
4008.04  1.884423E-14
4009.04  1.886590E-14
4010.04  1.896111E-14
4011.04  1.888353E-14
4012.04  1.876677E-14
4013.04  1.886627E-14
4014.04  1.897975E-14
4015.04  1.888085E-14
4016.04  1.880234E-14
4017.04  1.814630E-14
4018.04  1.782222E-14
4019.04  1.796636E-14
4020.04  1.799363E-14
4021.04  1.821536E-14
4022.04  1.822876E-14
4023.04  1.767881E-14
4024.04  1.766303E-14
4025.04  1.777967E-14
4026.04  1.772847E-14
4027.04  1.756850E-14
4028.04  1.765195E-14
4029.04  1.788316E-14
4030.04  1.749586E-14
4031.04  1.690638E-14
4032.04  1.750845E-14
4033.04  1.812263E-14
4034.04  1.757180E-14
4035.04  1.719572E-14
4036.04  1.695967E-14
4037.04  1.684920E-14
4038.04  1.766582E-14
4039.04  1.785213E-14
4040.04  1.788500E-14
4041.04  1.786653E-14
4042.04  1.721665E-14
4043.04  1.733198E-14
4044.04  1.835260E-14
4045.04  1.819368E-14
4046.04  1.766481E-14
4047.04  1.779500E-14
4048.04  1.809075E-14
4049.04  1.765546E-14
4050.04  1.706949E-14
4051.04  1.769612E-14
4052.04  1.825613E-14
4053.04  1.815471E-14
4054.04  1.808850E-14
4055.04  1.791521E-14
4056.04  1.784224E-14
4057.04  1.867412E-14
4058.04  1.882054E-14
4059.04  1.813423E-14
4060.04  1.811572E-14
4061.04  1.888869E-14
4062.04  1.888800E-14
4063.04  1.896171E-14
4064.04  1.857953E-14
4065.04  1.749672E-14
4066.04  1.778865E-14
4067.04  1.832002E-14
4068.04  1.833207E-14
4069.04  1.834848E-14
4070.04  1.892180E-14
4071.04  1.935229E-14
4072.04  1.800007E-14
4073.04  1.733720E-14
4074.04  1.780722E-14
4075.04  1.793060E-14
4076.04  1.762381E-14
4077.04  1.757071E-14
4078.04  1.846028E-14
4079.04  1.833671E-14
4080.04  1.715343E-14
4081.04  1.722292E-14
4082.04  1.754577E-14
4083.04  1.729479E-14
4084.04  1.673688E-14
4085.04  1.670742E-14
4086.04  1.667073E-14
4087.04  1.693112E-14
4088.04  1.717626E-14
4089.04  1.719782E-14
4090.04  1.720608E-14
4091.04  1.695650E-14
4092.04  1.685425E-14
4093.04  1.721110E-14
4094.04  1.727359E-14
4095.04  1.762597E-14
4096.04  1.763478E-14
4097.04  1.755138E-14
4098.04  1.746769E-14
4099.04  1.704757E-14
4100.04  1.694614E-14
4101.04  1.667258E-14
4102.04  1.666557E-14
4103.04  1.666216E-14
4104.04  1.668518E-14
4105.04  1.671311E-14
4106.04  1.654350E-14
4107.04  1.641466E-14
4108.04  1.702484E-14
4109.04  1.730621E-14
4110.04  1.717401E-14
4111.04  1.713010E-14
4112.04  1.663211E-14
4113.04  1.656313E-14
4114.04  1.670236E-14
4115.04  1.665333E-14
4116.04  1.631731E-14
4117.04  1.630574E-14
4118.04  1.629001E-14
4119.04  1.628129E-14
4120.04  1.627390E-14
4121.04  1.647913E-14
4122.04  1.675756E-14
4123.04  1.696020E-14
4124.04  1.713548E-14
4125.04  1.667181E-14
4126.04  1.640867E-14
4127.04  1.645358E-14
4128.04  1.646245E-14
4129.04  1.590487E-14
4130.04  1.580381E-14
4131.04  1.585547E-14
4132.04  1.585001E-14
4133.04  1.585433E-14
4134.04  1.585952E-14
4135.04  1.591457E-14
4136.04  1.606643E-14
4137.04  1.645727E-14
4138.04  1.655979E-14
4139.04  1.672190E-14
4140.04  1.607568E-14
4141.04  1.543573E-14
4142.04  1.568077E-14
4143.04  1.583421E-14
4144.04  1.651189E-14
4145.04  1.677224E-14
4146.04  1.613662E-14
4147.04  1.599667E-14
4148.04  1.624198E-14
4149.04  1.624295E-14
4150.04  1.604662E-14
4151.04  1.601330E-14
4152.04  1.586437E-14
4153.04  1.573002E-14
4154.04  1.536258E-14
4155.04  1.575687E-14
4156.04  1.643760E-14
4157.04  1.625548E-14
4158.04  1.605691E-14
4159.04  1.638394E-14
4160.04  1.661243E-14
4161.04  1.657191E-14
4162.04  1.654949E-14
4163.04  1.635161E-14
4164.04  1.629715E-14
4165.04  1.616183E-14
4166.04  1.616213E-14
4167.04  1.707635E-14
4168.04  1.700996E-14
4169.04  1.661758E-14
4170.04  1.663960E-14
4171.04  1.672717E-14
4172.04  1.667608E-14
4173.04  1.658827E-14
4174.04  1.666223E-14
4175.04  1.675080E-14
4176.04  1.682309E-14
4177.04  1.687585E-14
4178.04  1.770778E-14
4179.04  1.809772E-14
4180.04  1.782201E-14
4181.04  1.774113E-14
4182.04  1.751434E-14
4183.04  1.748473E-14
4184.04  1.805384E-14
4185.04  1.815172E-14
4186.04  1.894951E-14
4187.04  1.872066E-14
4188.04  1.796623E-14
4189.04  1.784818E-14
4190.04  1.762538E-14
4191.04  1.751652E-14
4192.04  1.738433E-14
4193.04  1.759114E-14
4194.04  1.775305E-14
4195.04  1.699340E-14
4196.04  1.661152E-14
4197.04  1.724400E-14
4198.04  1.741718E-14
4199.04  1.787528E-14
4200.04  1.792388E-14
4201.04  1.715368E-14
4202.04  1.718214E-14
4203.04  1.748401E-14
4204.04  1.736818E-14
4205.04  1.698443E-14
4206.04  1.695295E-14
4207.04  1.689933E-14
4208.04  1.690244E-14
4209.04  1.690884E-14
4210.04  1.680518E-14
4211.04  1.671966E-14
4212.04  1.762351E-14
4213.04  1.807444E-14
4214.04  1.769388E-14
4215.04  1.757634E-14
4216.04  1.757763E-14
4217.04  1.756861E-14
4218.04  1.763059E-14
4219.04  1.762512E-14
4220.04  1.765536E-14
4221.04  1.750511E-14
4222.04  1.700205E-14
4223.04  1.734836E-14
4224.04  1.805441E-14
4225.04  1.758031E-14
4226.04  1.698947E-14
4227.04  1.719823E-14
4228.04  1.736297E-14
4229.04  1.806465E-14
4230.04  1.840862E-14
4231.04  1.680101E-14
4232.04  1.633781E-14
4233.04  1.800176E-14
4234.04  1.819253E-14
4235.04  1.713323E-14
4236.04  1.712013E-14
4237.04  1.709195E-14
4238.04  1.711903E-14
4239.04  1.723734E-14
4240.04  1.714918E-14
4241.04  1.698796E-14
4242.04  1.721643E-14
4243.04  1.749609E-14
4244.04  1.726659E-14
4245.04  1.708668E-14
4246.04  1.732762E-14
4247.04  1.743704E-14
4248.04  1.744608E-14
4249.04  1.744023E-14
4250.04  1.764143E-14
4251.04  1.764776E-14
4252.04  1.724267E-14
4253.04  1.725300E-14
4254.04  1.739023E-14
4255.04  1.739275E-14
4256.04  1.742534E-14
4257.04  1.763686E-14
4258.04  1.803498E-14
4259.04  1.801245E-14
4260.04  1.798832E-14
4261.04  1.748572E-14
4262.04  1.711641E-14
4263.04  1.722549E-14
4264.04  1.726794E-14
4265.04  1.703331E-14
4266.04  1.696795E-14
4267.04  1.736046E-14
4268.04  1.739384E-14
4269.04  1.764675E-14
4270.04  1.775183E-14
4271.04  1.843085E-14
4272.04  1.832669E-14
4273.04  1.804946E-14
4274.04  1.793097E-14
4275.04  1.773865E-14
4276.04  1.805517E-14
4277.04  1.839173E-14
4278.04  1.820990E-14
4279.04  1.808424E-14
4280.04  1.787737E-14
4281.04  1.778709E-14
4282.04  1.890743E-14
4283.04  1.913346E-14
4284.04  1.889009E-14
4285.04  1.886117E-14
4286.04  1.881093E-14
4287.04  1.897506E-14
4288.04  1.983466E-14
4289.04  1.976384E-14
4290.04  1.960310E-14
4291.04  1.945679E-14
4292.04  1.924052E-14
4293.04  1.961206E-14
4294.04  1.996747E-14
4295.04  1.953540E-14
4296.04  1.927139E-14
4297.04  1.997829E-14
4298.04  2.021953E-14
4299.04  1.945521E-14
4300.04  1.931441E-14
4301.04  1.981048E-14
4302.04  1.979571E-14
4303.04  1.956828E-14
4304.04  1.953253E-14
4305.04  1.942389E-14
4306.04  1.996371E-14
4307.04  2.116698E-14
4308.04  2.070685E-14
4309.04  2.009414E-14
4310.04  2.031954E-14
4311.04  2.050805E-14
4312.04  2.009304E-14
4313.04  1.987040E-14
4314.04  2.032195E-14
4315.04  2.044657E-14
4316.04  2.076853E-14
4317.04  2.079528E-14
4318.04  1.910047E-14
4319.04  1.926456E-14
4320.04  2.057866E-14
4321.04  2.043329E-14
4322.04  1.998275E-14
4323.04  2.008408E-14
4324.04  2.028488E-14
4325.04  2.061736E-14
4326.04  2.100438E-14
4327.04  1.995582E-14
4328.04  1.918959E-14
4329.04  1.973397E-14
4330.04  1.996663E-14
4331.04  1.972468E-14
4332.04  1.965839E-14
4333.04  1.910427E-14
4334.04  1.906921E-14
4335.04  1.953730E-14
4336.04  1.946323E-14
4337.04  1.911970E-14
4338.04  1.904443E-14
4339.04  1.886416E-14
4340.04  1.907349E-14
4341.04  1.940910E-14
4342.04  1.878068E-14
4343.04  1.816468E-14
4344.04  1.822803E-14
4345.04  1.826211E-14
4346.04  1.776649E-14
4347.04  1.758248E-14
4348.04  1.826616E-14
4349.04  1.837388E-14
4350.04  1.801755E-14
4351.04  1.798097E-14
4352.04  1.781957E-14
4353.04  1.782703E-14
4354.04  1.789057E-14
4355.04  1.788819E-14
4356.04  1.789638E-14
4357.04  1.804002E-14
4358.04  1.822970E-14
4359.04  1.784340E-14
4360.04  1.752778E-14
4361.04  1.736725E-14
4362.04  1.728191E-14
4363.04  1.718495E-14
4364.04  1.715015E-14
4365.04  1.746901E-14
4366.04  1.748703E-14
4367.04  1.715101E-14
4368.04  1.705471E-14
4369.04  1.650344E-14
4370.04  1.662164E-14
4371.04  1.699271E-14
4372.04  1.665605E-14
4373.04  1.609072E-14
4374.04  1.629959E-14
4375.04  1.652006E-14
4376.04  1.584512E-14
4377.04  1.539935E-14
4378.04  1.541097E-14
4379.04  1.540895E-14
4380.04  1.495192E-14
4381.04  1.485564E-14
4382.04  1.470713E-14
4383.04  1.470129E-14
4384.04  1.482676E-14
4385.04  1.468278E-14
4386.04  1.410565E-14
4387.04  1.405760E-14
4388.04  1.396210E-14
4389.04  1.401255E-14
4390.04  1.408390E-14
4391.04  1.381546E-14
4392.04  1.358867E-14
4393.04  1.385922E-14
4394.04  1.399285E-14
4395.04  1.393511E-14
4396.04  1.391158E-14
4397.04  1.391039E-14
4398.04  1.389582E-14
4399.04  1.351149E-14
4400.04  1.343102E-14
4401.04  1.295934E-14
4402.04  1.299667E-14
4403.04  1.312685E-14
4404.04  1.314723E-14
4405.04  1.318885E-14
4406.04  1.319096E-14
4407.04  1.319369E-14
4408.04  1.314489E-14
4409.04  1.310977E-14
4410.04  1.291625E-14
4411.04  1.283654E-14
4412.04  1.317669E-14
4413.04  1.323286E-14
4414.04  1.300800E-14
4415.04  1.296155E-14
4416.04  1.262259E-14
4417.04  1.262028E-14
4418.04  1.263913E-14
4419.04  1.279119E-14
4420.04  1.313161E-14
4421.04  1.281921E-14
4422.04  1.241528E-14
4423.04  1.266589E-14
4424.04  1.286661E-14
4425.04  1.280200E-14
4426.04  1.276557E-14
4427.04  1.296727E-14
4428.04  1.301366E-14
4429.04  1.278720E-14
4430.04  1.275127E-14
4431.04  1.257777E-14
4432.04  1.255598E-14
4433.04  1.247487E-14
4434.04  1.257963E-14
4435.04  1.288513E-14
4436.04  1.281423E-14
4437.04  1.270691E-14
4438.04  1.297077E-14
4439.04  1.322980E-14
4440.04  1.315543E-14
4441.04  1.310648E-14
4442.04  1.306671E-14
4443.04  1.304626E-14
4444.04  1.308523E-14
4445.04  1.308283E-14
4446.04  1.300889E-14
4447.04  1.303991E-14
4448.04  1.341024E-14
4449.04  1.337569E-14
4450.04  1.328050E-14
4451.04  1.308028E-14
4452.04  1.270119E-14
4453.04  1.266355E-14
4454.04  1.262103E-14
4455.04  1.272329E-14
4456.04  1.279473E-14
4457.04  1.288965E-14
4458.04  1.292445E-14
4459.04  1.279299E-14
4460.04  1.275540E-14
4461.04  1.320184E-14
4462.04  1.321709E-14
4463.04  1.314328E-14
4464.04  1.316453E-14
4465.04  1.330389E-14
4466.04  1.310028E-14
4467.04  1.263570E-14
4468.04  1.287152E-14
4469.04  1.320441E-14
4470.04  1.308876E-14
4471.04  1.298772E-14
4472.04  1.323775E-14
4473.04  1.336190E-14
4474.04  1.317783E-14
4475.04  1.311667E-14
4476.04  1.398785E-14
4477.04  1.407364E-14
4478.04  1.398038E-14
4479.04  1.389107E-14
4480.04  1.340472E-14
4481.04  1.328925E-14
4482.04  1.298280E-14
4483.04  1.318880E-14
4484.04  1.353317E-14
4485.04  1.399059E-14
4486.04  1.444737E-14
4487.04  1.418679E-14
4488.04  1.402211E-14
4489.04  1.405808E-14
4490.04  1.406141E-14
4491.04  1.415721E-14
4492.04  1.416047E-14
4493.04  1.437792E-14
4494.04  1.443425E-14
4495.04  1.500216E-14
4496.04  1.505279E-14
4497.04  1.526674E-14
4498.04  1.508987E-14
4499.04  1.476836E-14
4500.04  1.515761E-14
4501.04  1.560602E-14
4502.04  1.522672E-14
4503.04  1.495474E-14
4504.04  1.512290E-14
4505.04  1.518250E-14
4506.04  1.546304E-14
4507.04  1.550732E-14
4508.04  1.617597E-14
4509.04  1.614796E-14
4510.04  1.552095E-14
4511.04  1.558697E-14
4512.04  1.592165E-14
4513.04  1.607584E-14
4514.04  1.643556E-14
4515.04  1.667497E-14
4516.04  1.699191E-14
4517.04  1.691790E-14
4518.04  1.685474E-14
4519.04  1.720866E-14
4520.04  1.736638E-14
4521.04  1.760085E-14
4522.04  1.764409E-14
4523.04  1.776446E-14
4524.04  1.780041E-14
4525.04  1.882350E-14
4526.04  1.888048E-14
4527.04  1.926769E-14
4528.04  1.931828E-14
4529.04  1.948099E-14
4530.04  1.965377E-14
4531.04  1.991685E-14
4532.04  2.028740E-14
4533.04  2.061516E-14
4534.04  2.046702E-14
4535.04  2.037540E-14
4536.04  2.047334E-14
4537.04  2.048399E-14
4538.04  2.194714E-14
4539.04  2.209843E-14
4540.04  2.217661E-14
4541.04  2.227087E-14
4542.04  2.301306E-14
4543.04  2.328720E-14
4544.04  2.412446E-14
4545.04  2.407922E-14
4546.04  2.402526E-14
4547.04  2.476357E-14
4548.04  2.548983E-14
4549.04  2.463948E-14
4550.04  2.411848E-14
4551.04  2.445097E-14
4552.04  2.454163E-14
4553.04  2.639185E-14
4554.04  2.663847E-14
4555.04  2.688669E-14
4556.04  2.687790E-14
4557.04  2.703191E-14
4558.04  2.717434E-14
4559.04  2.771236E-14
4560.04  2.783361E-14
4561.04  2.807832E-14
4562.04  2.840505E-14
4563.04  2.875864E-14
4564.04  2.881398E-14
4565.04  2.883681E-14
4566.04  2.877362E-14
4567.04  2.872580E-14
4568.04  2.933806E-14
4569.04  2.941409E-14
4570.04  2.932518E-14
4571.04  2.938948E-14
4572.04  3.035669E-14
4573.04  3.014415E-14
4574.04  2.948565E-14
4575.04  2.956109E-14
4576.04  2.974462E-14
4577.04  3.002472E-14
4578.04  3.035551E-14
4579.04  2.997431E-14
4580.04  2.969337E-14
4581.04  3.009769E-14
4582.04  3.023970E-14
4583.04  3.050009E-14
4584.04  3.051994E-14
4585.04  2.966343E-14
4586.04  2.966162E-14
4587.04  3.054065E-14
4588.04  3.047351E-14
4589.04  3.032897E-14
4590.04  3.051942E-14
4591.04  3.096140E-14
4592.04  3.056923E-14
4593.04  3.009443E-14
4594.04  3.016235E-14
4595.04  3.020356E-14
4596.04  3.089995E-14
4597.04  3.118453E-14
4598.04  3.109056E-14
4599.04  3.103725E-14
4600.04  3.068710E-14
4601.04  3.061810E-14
4602.04  3.045453E-14
4603.04  3.069800E-14
4604.04  3.189640E-14
4605.04  3.173336E-14
4606.04  3.142296E-14
4607.04  3.123596E-14
4608.04  3.100474E-14
4609.04  3.133673E-14
4610.04  3.159176E-14
4611.04  3.127872E-14
4612.04  3.110968E-14
4613.04  3.202564E-14
4614.04  3.221604E-14
4615.04  3.189023E-14
4616.04  3.185322E-14
4617.04  3.232798E-14
4618.04  3.219107E-14
4619.04  3.170738E-14
4620.04  3.201895E-14
4621.04  3.280707E-14
4622.04  3.291995E-14
4623.04  3.309013E-14
4624.04  3.297053E-14
4625.04  3.286382E-14
4626.04  3.290186E-14
4627.04  3.289796E-14
4628.04  3.310462E-14
4629.04  3.312498E-14
4630.04  3.313069E-14
4631.04  3.307065E-14
4632.04  3.257315E-14
4633.04  3.269149E-14
4634.04  3.346314E-14
4635.04  3.316985E-14
4636.04  3.251821E-14
4637.04  3.270069E-14
4638.04  3.297665E-14
4639.04  3.266379E-14
4640.04  3.238964E-14
4641.04  3.193412E-14
4642.04  3.168119E-14
4643.04  3.136117E-14
4644.04  3.124350E-14
4645.04  3.069857E-14
4646.04  3.063058E-14
4647.04  3.121960E-14
4648.04  3.112913E-14
4649.04  3.083334E-14
4650.04  3.047430E-14
4651.04  2.963282E-14
4652.04  2.942553E-14
4653.04  2.914350E-14
4654.04  2.909898E-14
4655.04  2.905511E-14
4656.04  2.908063E-14
4657.04  2.907502E-14
4658.04  2.728192E-14
4659.04  2.675477E-14
4660.04  2.722252E-14
4661.04  2.721052E-14
4662.04  2.630412E-14
4663.04  2.620087E-14
4664.04  2.579795E-14
4665.04  2.576719E-14
4666.04  2.574328E-14
4667.04  2.554767E-14
4668.04  2.527661E-14
4669.04  2.485530E-14
4670.04  2.447748E-14
4671.04  2.394580E-14
4672.04  2.364965E-14
4673.04  2.383038E-14
4674.04  2.385846E-14
4675.04  2.339475E-14
4676.04  2.328942E-14
4677.04  2.231236E-14
4678.04  2.234256E-14
4679.04  2.264672E-14
4680.04  2.255334E-14
4681.04  2.236029E-14
4682.04  2.198819E-14
4683.04  2.145253E-14
4684.04  2.123151E-14
4685.04  2.103127E-14
4686.04  2.142987E-14
4687.04  2.162759E-14
4688.04  2.069964E-14
4689.04  2.041530E-14
4690.04  2.020418E-14
4691.04  2.014110E-14
4692.04  1.956087E-14
4693.04  1.952796E-14
4694.04  1.946640E-14
4695.04  1.954451E-14
4696.04  1.978861E-14
4697.04  1.916584E-14
4698.04  1.826032E-14
4699.04  1.842364E-14
4700.04  1.856603E-14
4701.04  1.855231E-14
4702.04  1.853330E-14
4703.04  1.844460E-14
4704.04  1.840182E-14
4705.04  1.820755E-14
4706.04  1.816011E-14
4707.04  1.796562E-14
4708.04  1.795832E-14
4709.04  1.802441E-14
4710.04  1.794901E-14
4711.04  1.779346E-14
4712.04  1.759292E-14
4713.04  1.731136E-14
4714.04  1.727984E-14
4715.04  1.724946E-14
4716.04  1.705169E-14
4717.04  1.693820E-14
4718.04  1.702359E-14
4719.04  1.703122E-14
4720.04  1.721019E-14
4721.04  1.718161E-14
4722.04  1.640697E-14
4723.04  1.641498E-14
4724.04  1.654737E-14
4725.04  1.662863E-14
4726.04  1.686390E-14
4727.04  1.676964E-14
4728.04  1.664423E-14
4729.04  1.613722E-14
4730.04  1.569785E-14
4731.04  1.619423E-14
4732.04  1.643631E-14
4733.04  1.575344E-14
4734.04  1.555570E-14
4735.04  1.506513E-14
4736.04  1.502373E-14
4737.04  1.553537E-14
4738.04  1.548214E-14
4739.04  1.529469E-14
4740.04  1.531774E-14
4741.04  1.540154E-14
4742.04  1.524135E-14
4743.04  1.502613E-14
4744.04  1.511910E-14
4745.04  1.519385E-14
4746.04  1.527182E-14
4747.04  1.530027E-14
4748.04  1.495880E-14
4749.04  1.485695E-14
4750.04  1.535968E-14
4751.04  1.534437E-14
4752.04  1.452545E-14
4753.04  1.462642E-14
4754.04  1.517634E-14
4755.04  1.496682E-14
4756.04  1.450440E-14
4757.04  1.474820E-14
4758.04  1.508257E-14
4759.04  1.467607E-14
4760.04  1.434346E-14
4761.04  1.468030E-14
4762.04  1.482958E-14
4763.04  1.513051E-14
4764.04  1.518844E-14
4765.04  1.517870E-14
4766.04  1.515850E-14
4767.04  1.512191E-14
4768.04  1.520514E-14
4769.04  1.564426E-14
4770.04  1.555498E-14
4771.04  1.538170E-14
4772.04  1.558387E-14
4773.04  1.585076E-14
4774.04  1.557102E-14
4775.04  1.534917E-14
4776.04  1.569117E-14
4777.04  1.583368E-14
4778.04  1.610111E-14
4779.04  1.614467E-14
4780.04  1.652956E-14
4781.04  1.651872E-14
4782.04  1.631177E-14
4783.04  1.645904E-14
4784.04  1.713793E-14
4785.04  1.715652E-14
4786.04  1.722204E-14
4787.04  1.754035E-14
4788.04  1.793767E-14
4789.04  1.808052E-14
4790.04  1.817949E-14
4791.04  1.836826E-14
4792.04  1.843367E-14
4793.04  1.828545E-14
4794.04  1.823391E-14
4795.04  1.853003E-14
4796.04  1.852725E-14
4797.04  1.859585E-14
4798.04  1.880329E-14
4799.04  1.967073E-14
4800.04  1.961753E-14
4801.04  1.954009E-14
4802.04  1.973777E-14
4803.04  1.997319E-14
4804.04  1.992305E-14
4805.04  1.987898E-14
4806.04  2.078237E-14
4807.04  2.112376E-14
4808.04  2.108188E-14
4809.04  2.104806E-14
4810.04  2.178963E-14
4811.04  2.180619E-14
4812.04  2.200347E-14
4813.04  2.196141E-14
4814.04  2.189852E-14
4815.04  2.195224E-14
4816.04  2.208160E-14
4817.04  2.218340E-14
4818.04  2.229878E-14
4819.04  2.273083E-14
4820.04  2.300299E-14
4821.04  2.269081E-14
4822.04  2.255281E-14
4823.04  2.194840E-14
4824.04  2.181838E-14
4825.04  2.186105E-14
4826.04  2.178751E-14
4827.04  2.142919E-14
4828.04  2.134562E-14
4829.04  2.115291E-14
4830.04  2.118301E-14
4831.04  2.126044E-14
4832.04  2.097854E-14
4833.04  2.068877E-14
4834.04  2.058179E-14
4835.04  2.050324E-14
4836.04  2.027843E-14
4837.04  2.018036E-14
4838.04  2.045992E-14
4839.04  2.047224E-14
4840.04  2.076153E-14
4841.04  2.069791E-14
4842.04  2.045860E-14
4843.04  2.030053E-14
4844.04  1.990193E-14
4845.04  2.006631E-14
4846.04  2.035221E-14
4847.04  2.027092E-14
4848.04  2.019147E-14
4849.04  2.025221E-14
4850.04  2.027270E-14
4851.04  1.992758E-14
4852.04  1.979836E-14
4853.04  2.056918E-14
4854.04  2.062521E-14
4855.04  2.009115E-14
4856.04  2.006677E-14
4857.04  2.008371E-14
4858.04  2.018169E-14
4859.04  2.049754E-14
4860.04  2.028048E-14
4861.04  1.997211E-14
4862.04  2.023921E-14
4863.04  2.047464E-14
4864.04  2.065594E-14
4865.04  2.073546E-14
4866.04  2.068971E-14
4867.04  2.065274E-14
4868.04  2.063167E-14
4869.04  2.063080E-14
4870.04  2.141828E-14
4871.04  2.142531E-14
4872.04  2.160262E-14
4873.04  2.178485E-14
4874.04  2.227622E-14
4875.04  2.224801E-14
4876.04  2.222283E-14
4877.04  2.219075E-14
4878.04  2.215817E-14
4879.04  2.216831E-14
4880.04  2.215489E-14
4881.04  2.226709E-14
4882.04  2.226807E-14
4883.04  2.279588E-14
4884.04  2.281388E-14
4885.04  2.296541E-14
4886.04  2.300792E-14
4887.04  2.331969E-14
4888.04  2.329923E-14
4889.04  2.329836E-14
4890.04  2.368763E-14
4891.04  2.419258E-14
4892.04  2.429423E-14
4893.04  2.436266E-14
4894.04  2.443749E-14
4895.04  2.444911E-14
4896.04  2.449234E-14
4897.04  2.447218E-14
4898.04  2.495802E-14
4899.04  2.503061E-14
4900.04  2.597730E-14
4901.04  2.596303E-14
4902.04  2.602070E-14
4903.04  2.632205E-14
4904.04  2.696300E-14
4905.04  2.654994E-14
4906.04  2.607511E-14
4907.04  2.691636E-14
4908.04  2.749017E-14
4909.04  2.733309E-14
4910.04  2.724632E-14
4911.04  2.803864E-14
4912.04  2.815022E-14
4913.04  2.813405E-14
4914.04  2.810997E-14
4915.04  2.822289E-14
4916.04  2.840351E-14
4917.04  2.911595E-14
4918.04  2.908157E-14
4919.04  2.905449E-14
4920.04  2.932156E-14
4921.04  2.960937E-14
4922.04  2.973161E-14
4923.04  2.979322E-14
4924.04  3.009501E-14
4925.04  3.017265E-14
4926.04  3.106807E-14
4927.04  3.116666E-14
4928.04  3.068866E-14
4929.04  3.070811E-14
4930.04  3.114104E-14
4931.04  3.117939E-14
4932.04  3.138473E-14
4933.04  3.097450E-14
4934.04  3.033136E-14
4935.04  3.056723E-14
4936.04  3.079554E-14
4937.04  3.125298E-14
4938.04  3.149689E-14
4939.04  3.134380E-14
4940.04  3.126490E-14
4941.04  3.131478E-14
4942.04  3.127448E-14
4943.04  3.086161E-14
4944.04  3.081838E-14
4945.04  3.078165E-14
4946.04  3.079087E-14
4947.04  3.088833E-14
4948.04  3.093875E-14
4949.04  3.103521E-14
4950.04  3.073224E-14
4951.04  3.045927E-14
4952.04  3.061392E-14
4953.04  3.067306E-14
4954.04  2.981990E-14
4955.04  2.955725E-14
4956.04  2.980479E-14
4957.04  2.978981E-14
4958.04  2.975353E-14
4959.04  2.949287E-14
4960.04  2.838708E-14
4961.04  2.849449E-14
4962.04  2.880133E-14
4963.04  2.857593E-14
4964.04  2.828732E-14
4965.04  2.821902E-14
4966.04  2.815644E-14
4967.04  2.729585E-14
4968.04  2.687579E-14
4969.04  2.725057E-14
4970.04  2.730859E-14
4971.04  2.671355E-14
4972.04  2.660748E-14
4973.04  2.612071E-14
4974.04  2.593721E-14
4975.04  2.529453E-14
4976.04  2.531409E-14
4977.04  2.539382E-14
4978.04  2.504190E-14
4979.04  2.462231E-14
4980.04  2.437940E-14
4981.04  2.419407E-14
4982.04  2.394072E-14
4983.04  2.381663E-14
4984.04  2.344867E-14
4985.04  2.335023E-14
4986.04  2.276849E-14
4987.04  2.276402E-14
4988.04  2.320540E-14
4989.04  2.301659E-14
4990.04  2.242981E-14
4991.04  2.219239E-14
4992.04  2.177572E-14
4993.04  2.171721E-14
4994.04  2.165599E-14
4995.04  2.142826E-14
4996.04  2.126943E-14
4997.04  2.107585E-14
4998.04  2.098699E-14
4999.04  2.113838E-14
5000.04  2.113843E-14
5001.04  2.081269E-14
5002.04  2.071876E-14
5003.04  2.022361E-14
5004.04  2.039611E-14
5005.04  2.098274E-14
5006.04  2.056911E-14
5007.04  1.989678E-14
5008.04  1.973817E-14
5009.04  1.958099E-14
5010.04  1.963566E-14
5011.04  1.965659E-14
5012.04  1.958872E-14
5013.04  1.954899E-14
5014.04  1.884424E-14
5015.04  1.873862E-14
5016.04  1.914944E-14
5017.04  1.906000E-14
5018.04  1.865472E-14
5019.04  1.852534E-14
5020.04  1.822108E-14
5021.04  1.836719E-14
5022.04  1.859856E-14
5023.04  1.823908E-14
5024.04  1.791582E-14
5025.04  1.785663E-14
5026.04  1.781424E-14
5027.04  1.715894E-14
5028.04  1.696258E-14
5029.04  1.742362E-14
5030.04  1.743572E-14
5031.04  1.716075E-14
5032.04  1.715858E-14
5033.04  1.723768E-14
5034.04  1.712038E-14
5035.04  1.687522E-14
5036.04  1.681298E-14
5037.04  1.673707E-14
5038.04  1.663263E-14
5039.04  1.654445E-14
5040.04  1.650408E-14
5041.04  1.647360E-14
5042.04  1.609399E-14
5043.04  1.598915E-14
5044.04  1.629445E-14
5045.04  1.631494E-14
5046.04  1.658239E-14
5047.04  1.648796E-14
5048.04  1.616816E-14
5049.04  1.600656E-14
5050.04  1.569285E-14
5051.04  1.566256E-14
5052.04  1.563030E-14
5053.04  1.540502E-14
5054.04  1.523694E-14
5055.04  1.527868E-14
5056.04  1.528400E-14
5057.04  1.492300E-14
5058.04  1.483712E-14
5059.04  1.519489E-14
5060.04  1.516286E-14
5061.04  1.489373E-14
5062.04  1.500476E-14
5063.04  1.544229E-14
5064.04  1.526329E-14
5065.04  1.494885E-14
5066.04  1.489397E-14
5067.04  1.483603E-14
5068.04  1.493921E-14
5069.04  1.499912E-14
5070.04  1.515720E-14
5071.04  1.520153E-14
5072.04  1.438615E-14
5073.04  1.424173E-14
5074.04  1.439582E-14
5075.04  1.438797E-14
5076.04  1.443697E-14
5077.04  1.439863E-14
5078.04  1.432026E-14
5079.04  1.416872E-14
5080.04  1.393024E-14
5081.04  1.398247E-14
5082.04  1.403326E-14
5083.04  1.389112E-14
5084.04  1.380150E-14
5085.04  1.411708E-14
5086.04  1.420346E-14
5087.04  1.430940E-14
5088.04  1.430401E-14
5089.04  1.414264E-14
5090.04  1.414776E-14
5091.04  1.426421E-14
5092.04  1.414941E-14
5093.04  1.387598E-14
5094.04  1.400809E-14
5095.04  1.421205E-14
5096.04  1.402960E-14
5097.04  1.386678E-14
5098.04  1.348493E-14
5099.04  1.327989E-14
5100.04  1.363211E-14
5101.04  1.371445E-14
5102.04  1.355394E-14
5103.04  1.352793E-14
5104.04  1.359925E-14
5105.04  1.361657E-14
5106.04  1.376394E-14
5107.04  1.374685E-14
5108.04  1.372980E-14
5109.04  1.369109E-14
5110.04  1.364527E-14
5111.04  1.348171E-14
5112.04  1.334855E-14
5113.04  1.353372E-14
5114.04  1.360952E-14
5115.04  1.363987E-14
5116.04  1.363388E-14
5117.04  1.314831E-14
5118.04  1.313218E-14
5119.04  1.350007E-14
5120.04  1.345040E-14
5121.04  1.330003E-14
5122.04  1.328360E-14
5123.04  1.326699E-14
5124.04  1.324147E-14
5125.04  1.321415E-14
5126.04  1.344067E-14
5127.04  1.359773E-14
5128.04  1.363104E-14
5129.04  1.363474E-14
5130.04  1.296146E-14
5131.04  1.282021E-14
5132.04  1.340458E-14
5133.04  1.336775E-14
5134.04  1.296622E-14
5135.04  1.304858E-14
5136.04  1.337208E-14
5137.04  1.333156E-14
5138.04  1.327056E-14
5139.04  1.327359E-14
5140.04  1.327817E-14
5141.04  1.322825E-14
5142.04  1.319057E-14
5143.04  1.348341E-14
5144.04  1.357763E-14
5145.04  1.320693E-14
5146.04  1.313587E-14
5147.04  1.360199E-14
5148.04  1.360382E-14
5149.04  1.369252E-14
5150.04  1.363255E-14
5151.04  1.348455E-14
5152.04  1.340492E-14
5153.04  1.328402E-14
5154.04  1.345802E-14
5155.04  1.362759E-14
5156.04  1.402115E-14
5157.04  1.424144E-14
5158.04  1.403108E-14
5159.04  1.395414E-14
5160.04  1.371349E-14
5161.04  1.367140E-14
5162.04  1.374642E-14
5163.04  1.382587E-14
5164.04  1.436784E-14
5165.04  1.432337E-14
5166.04  1.423306E-14
5167.04  1.453131E-14
5168.04  1.498217E-14
5169.04  1.481562E-14
5170.04  1.466635E-14
5171.04  1.459915E-14
5172.04  1.455629E-14
5173.04  1.484987E-14
5174.04  1.491722E-14
5175.04  1.478409E-14
5176.04  1.476332E-14
5177.04  1.490468E-14
5178.04  1.487763E-14
5179.04  1.481145E-14
5180.04  1.489080E-14
5181.04  1.509997E-14
5182.04  1.509975E-14
5183.04  1.510536E-14
5184.04  1.498232E-14
5185.04  1.488025E-14
5186.04  1.523986E-14
5187.04  1.539795E-14
5188.04  1.498540E-14
5189.04  1.487606E-14
5190.04  1.546558E-14
5191.04  1.551900E-14
5192.04  1.593581E-14
5193.04  1.596738E-14
5194.04  1.615436E-14
5195.04  1.597929E-14
5196.04  1.563079E-14
5197.04  1.599299E-14
5198.04  1.643916E-14
5199.04  1.669949E-14
5200.04  1.688451E-14
5201.04  1.670283E-14
5202.04  1.661648E-14
5203.04  1.710030E-14
5204.04  1.718183E-14
5205.04  1.727563E-14
5206.04  1.731018E-14
5207.04  1.779043E-14
5208.04  1.780658E-14
5209.04  1.791524E-14
5210.04  1.790246E-14
5211.04  1.789572E-14
5212.04  1.807523E-14
5213.04  1.827741E-14
5214.04  1.852100E-14
5215.04  1.867613E-14
5216.04  1.858508E-14
5217.04  1.853867E-14
5218.04  1.910921E-14
5219.04  1.918802E-14
5220.04  1.928182E-14
5221.04  1.930871E-14
5222.04  1.965066E-14
5223.04  1.967266E-14
5224.04  1.978796E-14
5225.04  1.981837E-14
5226.04  1.988593E-14
5227.04  2.012473E-14
5228.04  2.036863E-14
5229.04  2.026456E-14
5230.04  2.019321E-14
5231.04  2.009896E-14
5232.04  2.005362E-14
5233.04  2.068343E-14
5234.04  2.075277E-14
5235.04  2.079227E-14
5236.04  2.086263E-14
5237.04  2.143937E-14
5238.04  2.130629E-14
5239.04  2.097004E-14
5240.04  2.112129E-14
5241.04  2.137156E-14
5242.04  2.109648E-14
5243.04  2.083757E-14
5244.04  2.089688E-14
5245.04  2.092016E-14
5246.04  2.178783E-14
5247.04  2.202932E-14
5248.04  2.166938E-14
5249.04  2.161796E-14
5250.04  2.191467E-14
5251.04  2.193834E-14
5252.04  2.216805E-14
5253.04  2.197480E-14
5254.04  2.151629E-14
5255.04  2.156536E-14
5256.04  2.164584E-14
5257.04  2.199114E-14
5258.04  2.228625E-14
5259.04  2.267138E-14
5260.04  2.285506E-14
5261.04  2.276809E-14
5262.04  2.272862E-14
5263.04  2.271689E-14
5264.04  2.274198E-14
5265.04  2.368328E-14
5266.04  2.365575E-14
5267.04  2.361209E-14
5268.04  2.353721E-14
5269.04  2.339395E-14
5270.04  2.369426E-14
5271.04  2.410229E-14
5272.04  2.385555E-14
5273.04  2.365393E-14
5274.04  2.406221E-14
5275.04  2.423906E-14
5276.04  2.436001E-14
5277.04  2.437041E-14
5278.04  2.512299E-14
5279.04  2.521177E-14
5280.04  2.606895E-14
5281.04  2.596391E-14
5282.04  2.560200E-14
5283.04  2.576703E-14
5284.04  2.614581E-14
5285.04  2.600736E-14
5286.04  2.584199E-14
5287.04  2.600776E-14
5288.04  2.612444E-14
5289.04  2.618367E-14
5290.04  2.619489E-14
5291.04  2.643688E-14
5292.04  2.646755E-14
5293.04  2.653720E-14
5294.04  2.653533E-14
5295.04  2.671426E-14
5296.04  2.668247E-14
5297.04  2.663086E-14
5298.04  2.663327E-14
5299.04  2.666168E-14
5300.04  2.661085E-14
5301.04  2.655601E-14
5302.04  2.674025E-14
5303.04  2.686018E-14
5304.04  2.695175E-14
5305.04  2.697292E-14
5306.04  2.669368E-14
5307.04  2.662294E-14
5308.04  2.688326E-14
5309.04  2.684877E-14
5310.04  2.665518E-14
5311.04  2.657734E-14
5312.04  2.636844E-14
5313.04  2.619515E-14
5314.04  2.589724E-14
5315.04  2.589461E-14
5316.04  2.589371E-14
5317.04  2.597401E-14
5318.04  2.601800E-14
5319.04  2.594408E-14
5320.04  2.590289E-14
5321.04  2.584736E-14
5322.04  2.581958E-14
5323.04  2.611393E-14
5324.04  2.603084E-14
5325.04  2.550716E-14
5326.04  2.546968E-14
5327.04  2.539885E-14
5328.04  2.547860E-14
5329.04  2.563122E-14
5330.04  2.529029E-14
5331.04  2.494282E-14
5332.04  2.506285E-14
5333.04  2.512767E-14
5334.04  2.512083E-14
5335.04  2.510454E-14
5336.04  2.514296E-14
5337.04  2.513099E-14
5338.04  2.552043E-14
5339.04  2.538038E-14
5340.04  2.455029E-14
5341.04  2.450178E-14
5342.04  2.439909E-14
5343.04  2.442383E-14
5344.04  2.447648E-14
5345.04  2.454754E-14
5346.04  2.461573E-14
5347.04  2.462309E-14
5348.04  2.461887E-14
5349.04  2.414479E-14
5350.04  2.398268E-14
5351.04  2.434728E-14
5352.04  2.437879E-14
5353.04  2.453101E-14
5354.04  2.451950E-14
5355.04  2.454965E-14
5356.04  2.439297E-14
5357.04  2.399714E-14
5358.04  2.407027E-14
5359.04  2.419330E-14
5360.04  2.400811E-14
5361.04  2.383582E-14
5362.04  2.388491E-14
5363.04  2.390336E-14
5364.04  2.394079E-14
5365.04  2.393870E-14
5366.04  2.430303E-14
5367.04  2.432266E-14
5368.04  2.412104E-14
5369.04  2.413287E-14
5370.04  2.428441E-14
5371.04  2.441949E-14
5372.04  2.480032E-14
5373.04  2.493414E-14
5374.04  2.514045E-14
5375.04  2.497127E-14
5376.04  2.481940E-14
5377.04  2.504351E-14
5378.04  2.515184E-14
5379.04  2.469367E-14
5380.04  2.455319E-14
5381.04  2.515612E-14
5382.04  2.522722E-14
5383.04  2.596648E-14
5384.04  2.604749E-14
5385.04  2.655058E-14
5386.04  2.659699E-14
5387.04  2.674112E-14
5388.04  2.664899E-14
5389.04  2.652634E-14
5390.04  2.673696E-14
5391.04  2.691423E-14
5392.04  2.622359E-14
5393.04  2.586661E-14
5394.04  2.693996E-14
5395.04  2.720952E-14
5396.04  2.820290E-14
5397.04  2.827312E-14
5398.04  2.821179E-14
5399.04  2.832393E-14
5400.04  2.895472E-14
5401.04  2.887388E-14
5402.04  2.870843E-14
5403.04  2.887109E-14
5404.04  2.910292E-14
5405.04  2.941988E-14
5406.04  2.967978E-14
5407.04  2.981871E-14
5408.04  2.987614E-14
5409.04  3.022606E-14
5410.04  3.029955E-14
5411.04  2.990884E-14
5412.04  2.990272E-14
5413.04  3.075538E-14
5414.04  3.082587E-14
5415.04  3.123584E-14
5416.04  3.122662E-14
5417.04  3.123284E-14
5418.04  3.159658E-14
5419.04  3.209389E-14
5420.04  3.208656E-14
5421.04  3.207673E-14
5422.04  3.217667E-14
5423.04  3.221341E-14
5424.04  3.204978E-14
5425.04  3.199392E-14
5426.04  3.221920E-14
5427.04  3.225329E-14
5428.04  3.286624E-14
5429.04  3.304705E-14
5430.04  3.395244E-14
5431.04  3.392215E-14
5432.04  3.388065E-14
5433.04  3.392353E-14
5434.04  3.398747E-14
5435.04  3.377807E-14
5436.04  3.360616E-14
5437.04  3.440112E-14
5438.04  3.476316E-14
5439.04  3.418157E-14
5440.04  3.402535E-14
5441.04  3.514846E-14
5442.04  3.516235E-14
5443.04  3.430355E-14
5444.04  3.440341E-14
5445.04  3.492775E-14
5446.04  3.505918E-14
5447.04  3.538322E-14
5448.04  3.571754E-14
5449.04  3.616440E-14
5450.04  3.592574E-14
5451.04  3.573155E-14
5452.04  3.564650E-14
5453.04  3.559567E-14
5454.04  3.515891E-14
5455.04  3.503874E-14
5456.04  3.570479E-14
5457.04  3.572833E-14
5458.04  3.560794E-14
5459.04  3.565406E-14
5460.04  3.593373E-14
5461.04  3.588735E-14
5462.04  3.580853E-14
5463.04  3.574482E-14
5464.04  3.566749E-14
5465.04  3.568707E-14
5466.04  3.569864E-14
5467.04  3.605996E-14
5468.04  3.621823E-14
5469.04  3.660646E-14
5470.04  3.668445E-14
5471.04  3.659377E-14
5472.04  3.655393E-14
5473.04  3.628831E-14
5474.04  3.643774E-14
5475.04  3.718808E-14
5476.04  3.705256E-14
5477.04  3.676957E-14
5478.04  3.684839E-14
5479.04  3.695961E-14
5480.04  3.712835E-14
5481.04  3.726024E-14
5482.04  3.676498E-14
5483.04  3.652043E-14
5484.04  3.609253E-14
5485.04  3.597345E-14
5486.04  3.598590E-14
5487.04  3.601556E-14
5488.04  3.683403E-14
5489.04  3.677768E-14
5490.04  3.658473E-14
5491.04  3.636343E-14
5492.04  3.587454E-14
5493.04  3.612939E-14
5494.04  3.647999E-14
5495.04  3.656561E-14
5496.04  3.663243E-14
5497.04  3.627929E-14
5498.04  3.609926E-14
5499.04  3.612529E-14
5500.04  3.611850E-14
5501.04  3.664320E-14
5502.04  3.667986E-14
5503.04  3.684760E-14
5504.04  3.675610E-14
5505.04  3.638135E-14
5506.04  3.625353E-14
5507.04  3.597266E-14
5508.04  3.585288E-14
5509.04  3.569365E-14
5510.04  3.568232E-14
5511.04  3.567015E-14
5512.04  3.540690E-14
5513.04  3.526733E-14
5514.04  3.547922E-14
5515.04  3.552299E-14
5516.04  3.562734E-14
5517.04  3.562208E-14
5518.04  3.560639E-14
5519.04  3.548129E-14
5520.04  3.490604E-14
5521.04  3.494809E-14
5522.04  3.507635E-14
5523.04  3.527016E-14
5524.04  3.555527E-14
5525.04  3.521103E-14
5526.04  3.490923E-14
5527.04  3.494331E-14
5528.04  3.495364E-14
5529.04  3.484631E-14
5530.04  3.480538E-14
5531.04  3.456453E-14
5532.04  3.453140E-14
5533.04  3.469958E-14
5534.04  3.467873E-14
5535.04  3.463097E-14
5536.04  3.474569E-14
5537.04  3.507025E-14
5538.04  3.495042E-14
5539.04  3.477803E-14
5540.04  3.480156E-14
5541.04  3.482177E-14
5542.04  3.430131E-14
5543.04  3.401068E-14
5544.04  3.404252E-14
5545.04  3.404227E-14
5546.04  3.406874E-14
5547.04  3.405059E-14
5548.04  3.349819E-14
5549.04  3.344943E-14
5550.04  3.321919E-14
5551.04  3.317975E-14
5552.04  3.309325E-14
5553.04  3.327011E-14
5554.04  3.355842E-14
5555.04  3.342425E-14
5556.04  3.329482E-14
5557.04  3.317010E-14
5558.04  3.309245E-14
5559.04  3.315778E-14
5560.04  3.317035E-14
5561.04  3.294052E-14
5562.04  3.289731E-14
5563.04  3.243689E-14
5564.04  3.232762E-14
5565.04  3.163552E-14
5566.04  3.166690E-14
5567.04  3.178582E-14
5568.04  3.173841E-14
5569.04  3.166615E-14
5570.04  3.195002E-14
5571.04  3.224126E-14
5572.04  3.171923E-14
5573.04  3.139055E-14
5574.04  3.103058E-14
5575.04  3.089669E-14
5576.04  2.991805E-14
5577.04  2.975286E-14
5578.04  3.075423E-14
5579.04  3.070045E-14
5580.04  3.020191E-14
5581.04  3.030006E-14
5582.04  3.065250E-14
5583.04  3.037188E-14
5584.04  2.986580E-14
5585.04  2.995112E-14
5586.04  3.004634E-14
5587.04  2.987172E-14
5588.04  2.975113E-14
5589.04  2.977994E-14
5590.04  2.978526E-14
5591.04  2.975909E-14
5592.04  2.974649E-14
5593.04  2.922497E-14
5594.04  2.918586E-14
5595.04  2.905840E-14
5596.04  2.901442E-14
5597.04  2.887390E-14
5598.04  2.881766E-14
5599.04  2.871361E-14
5600.04  2.879864E-14
5601.04  2.890258E-14
5602.04  2.873113E-14
5603.04  2.860298E-14
5604.04  2.851118E-14
5605.04  2.846684E-14
5606.04  2.843059E-14
5607.04  2.841625E-14
5608.04  2.820110E-14
5609.04  2.816836E-14
5610.04  2.798574E-14
5611.04  2.796042E-14
5612.04  2.787661E-14
5613.04  2.766558E-14
5614.04  2.720262E-14
5615.04  2.721055E-14
5616.04  2.722349E-14
5617.04  2.699687E-14
5618.04  2.681197E-14
5619.04  2.653624E-14
5620.04  2.639945E-14
5621.04  2.704368E-14
5622.04  2.720356E-14
5623.04  2.670431E-14
5624.04  2.664141E-14
5625.04  2.634453E-14
5626.04  2.625918E-14
5627.04  2.584238E-14
5628.04  2.574359E-14
5629.04  2.550275E-14
5630.04  2.555005E-14
5631.04  2.562280E-14
5632.04  2.537067E-14
5633.04  2.514266E-14
5634.04  2.518316E-14
5635.04  2.520256E-14
5636.04  2.467287E-14
5637.04  2.450936E-14
5638.04  2.420807E-14
5639.04  2.416884E-14
5640.04  2.442079E-14
5641.04  2.438744E-14
5642.04  2.419959E-14
5643.04  2.411933E-14
5644.04  2.389375E-14
5645.04  2.382033E-14
5646.04  2.370149E-14
5647.04  2.346098E-14
5648.04  2.321683E-14
5649.04  2.338720E-14
5650.04  2.349101E-14
5651.04  2.318202E-14
5652.04  2.306939E-14
5653.04  2.304490E-14
5654.04  2.303694E-14
5655.04  2.259109E-14
5656.04  2.257160E-14
5657.04  2.251377E-14
5658.04  2.250251E-14
5659.04  2.247430E-14
5660.04  2.240218E-14
5661.04  2.226801E-14
5662.04  2.205922E-14
5663.04  2.181841E-14
5664.04  2.200197E-14
5665.04  2.213132E-14
5666.04  2.193449E-14
5667.04  2.184980E-14
5668.04  2.180337E-14
5669.04  2.179041E-14
5670.04  2.137079E-14
5671.04  2.132710E-14
5672.04  2.109715E-14
5673.04  2.121363E-14
5674.04  2.173144E-14
5675.04  2.155798E-14
5676.04  2.117279E-14
5677.04  2.116549E-14
5678.04  2.115701E-14
5679.04  2.121783E-14
5680.04  2.126724E-14
5681.04  2.102547E-14
5682.04  2.090405E-14
5683.04  2.061097E-14
5684.04  2.053019E-14
5685.04  2.061777E-14
5686.04  2.061115E-14
5687.04  2.020460E-14
5688.04  2.027473E-14
5689.04  2.068833E-14
5690.04  2.068202E-14
5691.04  2.067061E-14
5692.04  2.052800E-14
5693.04  2.030670E-14
5694.04  2.016711E-14
5695.04  2.003283E-14
5696.04  1.973946E-14
5697.04  1.956579E-14
5698.04  1.961908E-14
5699.04  1.963491E-14
5700.04  1.942313E-14
5701.04  1.938889E-14
5702.04  1.951834E-14
5703.04  1.947403E-14
5704.04  1.912099E-14
5705.04  1.923877E-14
5706.04  1.964247E-14
5707.04  1.957255E-14
5708.04  1.944427E-14
5709.04  1.932735E-14
5710.04  1.919485E-14
5711.04  1.897419E-14
5712.04  1.881853E-14
5713.04  1.901151E-14
5714.04  1.908992E-14
5715.04  1.893361E-14
5716.04  1.889875E-14
5717.04  1.859925E-14
5718.04  1.857966E-14
5719.04  1.857630E-14
5720.04  1.857051E-14
5721.04  1.855352E-14
5722.04  1.869267E-14
5723.04  1.901472E-14
5724.04  1.895798E-14
5725.04  1.888152E-14
5726.04  1.872548E-14
5727.04  1.859335E-14
5728.04  1.891477E-14
5729.04  1.907820E-14
5730.04  1.899542E-14
5731.04  1.897037E-14
5732.04  1.929526E-14
5733.04  1.933044E-14
5734.04  1.938147E-14
5735.04  1.938062E-14
5736.04  1.938822E-14
5737.04  1.940562E-14
5738.04  1.946084E-14
5739.04  1.952922E-14
5740.04  1.964490E-14
5741.04  1.966675E-14
5742.04  1.968923E-14
5743.04  1.942736E-14
5744.04  1.926068E-14
5745.04  1.957317E-14
5746.04  1.968671E-14
5747.04  1.955037E-14
5748.04  1.952427E-14
5749.04  1.959630E-14
5750.04  1.962552E-14
5751.04  1.993107E-14
5752.04  1.992595E-14
5753.04  1.991301E-14
5754.04  2.002604E-14
5755.04  2.026520E-14
5756.04  2.044992E-14
5757.04  2.068404E-14
5758.04  2.085825E-14
5759.04  2.099461E-14
5760.04  2.111910E-14
5761.04  2.117685E-14
5762.04  2.100565E-14
5763.04  2.096001E-14
5764.04  2.087759E-14
5765.04  2.087915E-14
5766.04  2.121973E-14
5767.04  2.125737E-14
5768.04  2.148136E-14
5769.04  2.142976E-14
5770.04  2.129358E-14
5771.04  2.157861E-14
5772.04  2.203259E-14
5773.04  2.192527E-14
5774.04  2.181973E-14
5775.04  2.189588E-14
5776.04  2.194112E-14
5777.04  2.202937E-14
5778.04  2.205870E-14
5779.04  2.234228E-14
5780.04  2.238718E-14
5781.04  2.218721E-14
5782.04  2.226849E-14
5783.04  2.313590E-14
5784.04  2.308415E-14
5785.04  2.289742E-14
5786.04  2.304098E-14
5787.04  2.333826E-14
5788.04  2.346934E-14
5789.04  2.363336E-14
5790.04  2.320890E-14
5791.04  2.287828E-14
5792.04  2.339278E-14
5793.04  2.363348E-14
5794.04  2.371862E-14
5795.04  2.373813E-14
5796.04  2.357367E-14
5797.04  2.359546E-14
5798.04  2.481779E-14
5799.04  2.475536E-14
5800.04  2.441208E-14
5801.04  2.444809E-14
5802.04  2.455293E-14
5803.04  2.446545E-14
5804.04  2.432617E-14
5805.04  2.457682E-14
5806.04  2.482789E-14
5807.04  2.484983E-14
5808.04  2.486231E-14
5809.04  2.469889E-14
5810.04  2.463749E-14
5811.04  2.431336E-14
5812.04  2.425369E-14
5813.04  2.494116E-14
5814.04  2.497180E-14
5815.04  2.507846E-14
5816.04  2.509867E-14
5817.04  2.518892E-14
5818.04  2.523613E-14
5819.04  2.534170E-14
5820.04  2.547828E-14
5821.04  2.565809E-14
5822.04  2.574850E-14
5823.04  2.582205E-14
5824.04  2.606250E-14
5825.04  2.618158E-14
5826.04  2.602399E-14
5827.04  2.597775E-14
5828.04  2.641701E-14
5829.04  2.646110E-14
5830.04  2.627482E-14
5831.04  2.626358E-14
5832.04  2.620728E-14
5833.04  2.623707E-14
5834.04  2.633470E-14
5835.04  2.632898E-14
5836.04  2.632141E-14
5837.04  2.657297E-14
5838.04  2.684712E-14
5839.04  2.663155E-14
5840.04  2.648357E-14
5841.04  2.692265E-14
5842.04  2.709956E-14
5843.04  2.667498E-14
5844.04  2.658309E-14
5845.04  2.689989E-14
5846.04  2.691197E-14
5847.04  2.683970E-14
5848.04  2.688400E-14
5849.04  2.710798E-14
5850.04  2.723104E-14
5851.04  2.753893E-14
5852.04  2.744424E-14
5853.04  2.730642E-14
5854.04  2.743635E-14
5855.04  2.755609E-14
5856.04  2.736874E-14
5857.04  2.725971E-14
5858.04  2.739010E-14
5859.04  2.743115E-14
5860.04  2.726318E-14
5861.04  2.723425E-14
5862.04  2.747905E-14
5863.04  2.747680E-14
5864.04  2.743946E-14
5865.04  2.748861E-14
5866.04  2.768155E-14
5867.04  2.773987E-14
5868.04  2.786402E-14
5869.04  2.754979E-14
5870.04  2.715282E-14
5871.04  2.717197E-14
5872.04  2.718656E-14
5873.04  2.704472E-14
5874.04  2.697345E-14
5875.04  2.697893E-14
5876.04  2.697797E-14
5877.04  2.667009E-14
5878.04  2.663594E-14
5879.04  2.681817E-14
5880.04  2.679354E-14
5881.04  2.664740E-14
5882.04  2.661940E-14
5883.04  2.653978E-14
5884.04  2.667883E-14
5885.04  2.692992E-14
5886.04  2.656120E-14
5887.04  2.615116E-14
5888.04  2.629305E-14
5889.04  2.639166E-14
5890.04  2.619693E-14
5891.04  2.611235E-14
5892.04  2.623004E-14
5893.04  2.625403E-14
5894.04  2.599256E-14
5895.04  2.597322E-14
5896.04  2.604084E-14
5897.04  2.602064E-14
5898.04  2.592729E-14
5899.04  2.597728E-14
5900.04  2.611616E-14
5901.04  2.591125E-14
5902.04  2.558778E-14
5903.04  2.559478E-14
5904.04  2.560177E-14
5905.04  2.546337E-14
5906.04  2.537522E-14
5907.04  2.576906E-14
5908.04  2.591435E-14
5909.04  2.535701E-14
5910.04  2.524948E-14
5911.04  2.557529E-14
5912.04  2.558012E-14
5913.04  2.547599E-14
5914.04  2.542738E-14
5915.04  2.522010E-14
5916.04  2.517429E-14
5917.04  2.506942E-14
5918.04  2.503950E-14
5919.04  2.499764E-14
5920.04  2.491696E-14
5921.04  2.484291E-14
5922.04  2.458671E-14
5923.04  2.443850E-14
5924.04  2.436851E-14
5925.04  2.434303E-14
5926.04  2.400323E-14
5927.04  2.394628E-14
5928.04  2.349214E-14
5929.04  2.345787E-14
5930.04  2.325002E-14
5931.04  2.328689E-14
5932.04  2.344212E-14
5933.04  2.330290E-14
5934.04  2.300167E-14
5935.04  2.277094E-14
5936.04  2.246161E-14
5937.04  2.239470E-14
5938.04  2.233714E-14
5939.04  2.226907E-14
5940.04  2.223146E-14
5941.04  2.203383E-14
5942.04  2.197109E-14
5943.04  2.176470E-14
5944.04  2.173349E-14
5945.04  2.158586E-14
5946.04  2.149722E-14
5947.04  2.074983E-14
5948.04  2.072016E-14
5949.04  2.061802E-14
5950.04  2.050333E-14
5951.04  2.026941E-14
5952.04  2.064275E-14
5953.04  2.112103E-14
5954.04  2.065716E-14
5955.04  2.027855E-14
5956.04  2.004275E-14
5957.04  1.992170E-14
5958.04  1.927985E-14
5959.04  1.909185E-14
5960.04  1.850677E-14
5961.04  1.843025E-14
5962.04  1.937141E-14
5963.04  1.931078E-14
5964.04  1.883044E-14
5965.04  1.872327E-14
5966.04  1.835412E-14
5967.04  1.826885E-14
5968.04  1.810103E-14
5969.04  1.806401E-14
5970.04  1.801850E-14
5971.04  1.796783E-14
5972.04  1.792715E-14
5973.04  1.780988E-14
5974.04  1.775074E-14
5975.04  1.774382E-14
5976.04  1.774037E-14
5977.04  1.786310E-14
5978.04  1.787673E-14
5979.04  1.806710E-14
5980.04  1.805926E-14
5981.04  1.801262E-14
5982.04  1.798405E-14
5983.04  1.789091E-14
5984.04  1.778032E-14
5985.04  1.756412E-14
5986.04  1.773143E-14
5987.04  1.793861E-14
5988.04  1.776828E-14
5989.04  1.763310E-14
5990.04  1.780530E-14
5991.04  1.788938E-14
5992.04  1.800787E-14
5993.04  1.803980E-14
5994.04  1.760624E-14
5995.04  1.755209E-14
5996.04  1.811105E-14
5997.04  1.809925E-14
5998.04  1.802005E-14
5999.04  1.800792E-14
6000.04  1.797068E-14
6001.04  1.795620E-14
6002.04  1.792926E-14
6003.04  1.815313E-14
6004.04  1.843456E-14
6005.04  1.809688E-14
6006.04  1.782448E-14
6007.04  1.806752E-14
6008.04  1.818941E-14
6009.04  1.826682E-14
6010.04  1.828790E-14
6011.04  1.840692E-14
6012.04  1.842062E-14
6013.04  1.789200E-14
6014.04  1.785743E-14
6015.04  1.760192E-14
6016.04  1.770783E-14
6017.04  1.810125E-14
6018.04  1.795962E-14
6019.04  1.766684E-14
6020.04  1.756789E-14
6021.04  1.743954E-14
6022.04  1.766079E-14
6023.04  1.784601E-14
6024.04  1.778697E-14
6025.04  1.775469E-14
6026.04  1.760549E-14
6027.04  1.755773E-14
6028.04  1.697202E-14
6029.04  1.688476E-14
6030.04  1.725789E-14
6031.04  1.725557E-14
6032.04  1.718262E-14
6033.04  1.714307E-14
6034.04  1.699166E-14
6035.04  1.693669E-14
6036.04  1.681680E-14
6037.04  1.690399E-14
6038.04  1.702559E-14
6039.04  1.682040E-14
6040.04  1.663691E-14
6041.04  1.677366E-14
6042.04  1.685062E-14
6043.04  1.642403E-14
6044.04  1.627760E-14
6045.04  1.617109E-14
6046.04  1.615138E-14
6047.04  1.644727E-14
6048.04  1.646573E-14
6049.04  1.658295E-14
6050.04  1.647488E-14
6051.04  1.599394E-14
6052.04  1.599737E-14
6053.04  1.600865E-14
6054.04  1.608470E-14
6055.04  1.620056E-14
6056.04  1.617305E-14
6057.04  1.614623E-14
6058.04  1.613541E-14
6059.04  1.612787E-14
6060.04  1.592029E-14
6061.04  1.583971E-14
6062.04  1.615258E-14
6063.04  1.621421E-14
6064.04  1.638046E-14
6065.04  1.637571E-14
6066.04  1.610827E-14
6067.04  1.608705E-14
6068.04  1.598147E-14
6069.04  1.597493E-14
6070.04  1.596044E-14
6071.04  1.619982E-14
6072.04  1.660563E-14
6073.04  1.647696E-14
6074.04  1.633758E-14
6075.04  1.632551E-14
6076.04  1.631638E-14
6077.04  1.624086E-14
6078.04  1.620651E-14
6079.04  1.610185E-14
6080.04  1.607447E-14
6081.04  1.636995E-14
6082.04  1.640182E-14
6083.04  1.666256E-14
6084.04  1.658671E-14
6085.04  1.606902E-14
6086.04  1.606215E-14
6087.04  1.604452E-14
6088.04  1.610517E-14
6089.04  1.622528E-14
6090.04  1.614817E-14
6091.04  1.605316E-14
6092.04  1.596079E-14
6093.04  1.588589E-14
6094.04  1.581379E-14
6095.04  1.577568E-14
6096.04  1.571663E-14
6097.04  1.569720E-14
6098.04  1.558695E-14
6099.04  1.556921E-14
6100.04  1.528644E-14
6101.04  1.527752E-14
6102.04  1.526152E-14
6103.04  1.520037E-14
6104.04  1.495403E-14
6105.04  1.502347E-14
6106.04  1.518753E-14
6107.04  1.490114E-14
6108.04  1.448586E-14
6109.04  1.470648E-14
6110.04  1.491498E-14
6111.04  1.478626E-14
6112.04  1.470661E-14
6113.04  1.416542E-14
6114.04  1.396040E-14
6115.04  1.403318E-14
6116.04  1.404611E-14
6117.04  1.377219E-14
6118.04  1.374544E-14
6119.04  1.359633E-14
6120.04  1.359631E-14
6121.04  1.360584E-14
6122.04  1.358257E-14
6123.04  1.351911E-14
6124.04  1.335822E-14
6125.04  1.307681E-14
6126.04  1.296867E-14
6127.04  1.284609E-14
6128.04  1.279869E-14
6129.04  1.276296E-14
6130.04  1.270703E-14
6131.04  1.267957E-14
6132.04  1.262859E-14
6133.04  1.261315E-14
6134.04  1.228819E-14
6135.04  1.224640E-14
6136.04  1.252866E-14
6137.04  1.249611E-14
6138.04  1.221094E-14
6139.04  1.217185E-14
6140.04  1.202696E-14
6141.04  1.199703E-14
6142.04  1.193320E-14
6143.04  1.178655E-14
6144.04  1.158170E-14
6145.04  1.143503E-14
6146.04  1.130015E-14
6147.04  1.149469E-14
6148.04  1.161008E-14
6149.04  1.120189E-14
6150.04  1.105039E-14
6151.04  1.143779E-14
6152.04  1.151243E-14
6153.04  1.127559E-14
6154.04  1.126192E-14
6155.04  1.132900E-14
6156.04  1.131886E-14
6157.04  1.127033E-14
6158.04  1.128479E-14
6159.04  1.133116E-14
6160.04  1.129102E-14
6161.04  1.122064E-14
6162.04  1.124922E-14
6163.04  1.128277E-14
6164.04  1.114958E-14
6165.04  1.104721E-14
6166.04  1.121068E-14
6167.04  1.128993E-14
6168.04  1.129062E-14
6169.04  1.128936E-14
6170.04  1.122455E-14
6171.04  1.121381E-14
6172.04  1.120700E-14
6173.04  1.123563E-14
6174.04  1.155995E-14
6175.04  1.157646E-14
6176.04  1.165391E-14
6177.04  1.170578E-14
6178.04  1.183364E-14
6179.04  1.170439E-14
6180.04  1.150937E-14
6181.04  1.168048E-14
6182.04  1.185113E-14
6183.04  1.179200E-14
6184.04  1.175245E-14
6185.04  1.209865E-14
6186.04  1.224049E-14
6187.04  1.216041E-14
6188.04  1.213987E-14
6189.04  1.227914E-14
6190.04  1.229284E-14
6191.04  1.245187E-14
6192.04  1.243382E-14
6193.04  1.231698E-14
6194.04  1.236597E-14
6195.04  1.254309E-14
6196.04  1.274968E-14
6197.04  1.318035E-14
6198.04  1.308462E-14
6199.04  1.295774E-14
6200.04  1.321082E-14
6201.04  1.343400E-14
6202.04  1.353237E-14
6203.04  1.358807E-14
6204.04  1.369157E-14
6205.04  1.372685E-14
6206.04  1.369404E-14
6207.04  1.368541E-14
6208.04  1.364397E-14
6209.04  1.365176E-14
6210.04  1.393979E-14
6211.04  1.393672E-14
6212.04  1.393303E-14
6213.04  1.385284E-14
6214.04  1.361503E-14
6215.04  1.368498E-14
6216.04  1.381766E-14
6217.04  1.379666E-14
6218.04  1.377178E-14
6219.04  1.365695E-14
6220.04  1.356369E-14
6221.04  1.336587E-14
6222.04  1.326036E-14
6223.04  1.376303E-14
6224.04  1.392246E-14
6225.04  1.376698E-14
6226.04  1.373880E-14
6227.04  1.341180E-14
6228.04  1.340508E-14
6229.04  1.355186E-14
6230.04  1.353100E-14
6231.04  1.343629E-14
6232.04  1.346555E-14
6233.04  1.355247E-14
6234.04  1.341722E-14
6235.04  1.318456E-14
6236.04  1.334481E-14
6237.04  1.352847E-14
6238.04  1.353663E-14
6239.04  1.354210E-14
6240.04  1.342487E-14
6241.04  1.336518E-14
6242.04  1.378835E-14
6243.04  1.391291E-14
6244.04  1.390568E-14
6245.04  1.390182E-14
6246.04  1.385448E-14
6247.04  1.389078E-14
6248.04  1.441878E-14
6249.04  1.432069E-14
6250.04  1.386188E-14
6251.04  1.386994E-14
6252.04  1.389698E-14
6253.04  1.431236E-14
6254.04  1.501289E-14
6255.04  1.467997E-14
6256.04  1.430992E-14
6257.04  1.418282E-14
6258.04  1.408741E-14
6259.04  1.575822E-14
6260.04  1.656551E-14
6261.04  1.535107E-14
6262.04  1.499317E-14
6263.04  1.503675E-14
6264.04  1.503981E-14
6265.04  1.630582E-14
6266.04  1.624894E-14
6267.04  1.514107E-14
6268.04  1.507144E-14
6269.04  1.475328E-14
6270.04  1.484736E-14
6271.04  1.510458E-14
6272.04  1.506921E-14
6273.04  1.501225E-14
6274.04  1.494377E-14
6275.04  1.486754E-14
6276.04  1.472106E-14
6277.04  1.461011E-14
6278.04  1.414431E-14
6279.04  1.391343E-14
6280.04  1.437216E-14
6281.04  1.450676E-14
6282.04  1.509854E-14
6283.04  1.518448E-14
6284.04  1.529703E-14
6285.04  1.532268E-14
6286.04  1.568174E-14
6287.04  1.570780E-14
6288.04  1.585654E-14
6289.04  1.584832E-14
6290.04  1.583329E-14
6291.04  1.595294E-14
6292.04  1.616611E-14
6293.04  1.595772E-14
6294.04  1.571557E-14
6295.04  1.585573E-14
6296.04  1.596473E-14
6297.04  1.616990E-14
6298.04  1.627394E-14
6299.04  1.616125E-14
6300.04  1.612190E-14
6301.04  1.626026E-14
6302.04  1.627970E-14
6303.04  1.662873E-14
6304.04  1.665081E-14
6305.04  1.682546E-14
6306.04  1.689374E-14
6307.04  1.730537E-14
6308.04  1.726326E-14
6309.04  1.714585E-14
6310.04  1.716606E-14
6311.04  1.720897E-14
6312.04  1.732058E-14
6313.04  1.746212E-14
6314.04  1.723592E-14
6315.04  1.704310E-14
6316.04  1.755011E-14
6317.04  1.783481E-14
6318.04  1.799417E-14
6319.04  1.804771E-14
6320.04  1.799324E-14
6321.04  1.797777E-14
6322.04  1.778758E-14
6323.04  1.778196E-14
6324.04  1.826071E-14
6325.04  1.827944E-14
6326.04  1.844584E-14
6327.04  1.846792E-14
6328.04  1.856025E-14
6329.04  1.864735E-14
6330.04  1.884012E-14
6331.04  1.894836E-14
6332.04  1.910282E-14
6333.04  1.931045E-14
6334.04  1.950736E-14
6335.04  1.931287E-14
6336.04  1.918593E-14
6337.04  1.958782E-14
6338.04  1.975122E-14
6339.04  1.961349E-14
6340.04  1.957457E-14
6341.04  1.940555E-14
6342.04  1.938066E-14
6343.04  2.039296E-14
6344.04  2.039421E-14
6345.04  2.042184E-14
6346.04  2.042502E-14
6347.04  2.046236E-14
6348.04  2.060010E-14
6349.04  2.095833E-14
6350.04  2.080676E-14
6351.04  2.056408E-14
6352.04  2.101746E-14
6353.04  2.151742E-14
6354.04  2.166193E-14
6355.04  2.176821E-14
6356.04  2.171593E-14
6357.04  2.168595E-14
6358.04  2.207089E-14
6359.04  2.218487E-14
6360.04  2.223051E-14
6361.04  2.223125E-14
6362.04  2.242690E-14
6363.04  2.244069E-14
6364.04  2.266784E-14
6365.04  2.266197E-14
6366.04  2.266831E-14
6367.04  2.288127E-14
6368.04  2.357400E-14
6369.04  2.351355E-14
6370.04  2.340224E-14
6371.04  2.345610E-14
6372.04  2.353028E-14
6373.04  2.386326E-14
6374.04  2.416350E-14
6375.04  2.393604E-14
6376.04  2.379306E-14
6377.04  2.391089E-14
6378.04  2.395242E-14
6379.04  2.420555E-14
6380.04  2.425807E-14
6381.04  2.438595E-14
6382.04  2.439112E-14
6383.04  2.486391E-14
6384.04  2.484548E-14
6385.04  2.474179E-14
6386.04  2.484536E-14
6387.04  2.532801E-14
6388.04  2.520248E-14
6389.04  2.489711E-14
6390.04  2.502889E-14
6391.04  2.525467E-14
6392.04  2.541788E-14
6393.04  2.560361E-14
6394.04  2.553474E-14
6395.04  2.547907E-14
6396.04  2.626548E-14
6397.04  2.667055E-14
6398.04  2.924715E-14
6399.04  3.009369E-14
6400.04  2.655626E-14
6401.04  2.589651E-14
6402.04  2.580350E-14
6403.04  2.579926E-14
6404.04  2.615046E-14
6405.04  2.612044E-14
6406.04  2.597484E-14
6407.04  2.594118E-14
6408.04  2.584837E-14
6409.04  2.605400E-14
6410.04  2.652141E-14
6411.04  2.625755E-14
6412.04  2.587460E-14
6413.04  2.614304E-14
6414.04  2.641399E-14
6415.04  2.656217E-14
6416.04  2.666140E-14
6417.04  2.647705E-14
6418.04  2.638563E-14
6419.04  2.643515E-14
6420.04  2.644139E-14
6421.04  2.615633E-14
6422.04  2.610374E-14
6423.04  2.692788E-14
6424.04  2.692539E-14
6425.04  2.648332E-14
6426.04  2.655932E-14
6427.04  2.705881E-14
6428.04  2.710203E-14
6429.04  2.726582E-14
6430.04  2.721908E-14
6431.04  2.713665E-14
6432.04  2.697142E-14
6433.04  2.675023E-14
6434.04  2.690666E-14
6435.04  2.705334E-14
6436.04  2.723671E-14
6437.04  2.735130E-14
6438.04  2.743280E-14
6439.04  2.746106E-14
6440.04  2.739398E-14
6441.04  2.736724E-14
6442.04  2.756268E-14
6443.04  2.757823E-14
6444.04  2.748232E-14
6445.04  2.745770E-14
6446.04  2.730055E-14
6447.04  2.741622E-14
6448.04  2.809520E-14
6449.04  2.804246E-14
6450.04  2.790779E-14
6451.04  2.784651E-14
6452.04  2.773880E-14
6453.04  2.755921E-14
6454.04  2.732496E-14
6455.04  2.777073E-14
6456.04  2.818000E-14
6457.04  2.788368E-14
6458.04  2.769090E-14
6459.04  2.744707E-14
6460.04  2.733657E-14
6461.04  2.722951E-14
6462.04  2.719244E-14
6463.04  2.759346E-14
6464.04  2.763543E-14
6465.04  2.777011E-14
6466.04  2.774062E-14
6467.04  2.742636E-14
6468.04  2.745172E-14
6469.04  2.764593E-14
6470.04  2.768805E-14
6471.04  2.784409E-14
6472.04  2.772769E-14
6473.04  2.750926E-14
6474.04  2.756973E-14
6475.04  2.765589E-14
6476.04  2.773025E-14
6477.04  2.779949E-14
6478.04  2.821545E-14
6479.04  2.848256E-14
6480.04  2.805896E-14
6481.04  2.786562E-14
6482.04  2.768163E-14
6483.04  2.762188E-14
6484.04  2.771160E-14
6485.04  2.771375E-14
6486.04  2.772869E-14
6487.04  2.774948E-14
6488.04  2.832175E-14
6489.04  2.831242E-14
6490.04  2.832118E-14
6491.04  2.813750E-14
6492.04  2.755617E-14
6493.04  2.758020E-14
6494.04  2.764531E-14
6495.04  2.772017E-14
6496.04  2.783386E-14
6497.04  2.752822E-14
6498.04  2.722031E-14
6499.04  2.755680E-14
6500.04  2.779004E-14
6501.04  2.814940E-14
6502.04  2.831542E-14
6503.04  2.794671E-14
6504.04  2.782412E-14
6505.04  2.808667E-14
6506.04  2.812164E-14
6507.04  2.809356E-14
6508.04  2.806756E-14
6509.04  2.764236E-14
6510.04  2.768784E-14
6511.04  2.811113E-14
6512.04  2.803923E-14
6513.04  2.779726E-14
6514.04  2.781781E-14
6515.04  2.788479E-14
6516.04  2.780116E-14
6517.04  2.767327E-14
6518.04  2.766872E-14
6519.04  2.766521E-14
6520.04  2.759736E-14
6521.04  2.754091E-14
6522.04  2.753281E-14
6523.04  2.752290E-14
6524.04  2.759982E-14
6525.04  2.762028E-14
6526.04  2.763782E-14
6527.04  2.763225E-14
6528.04  2.732274E-14
6529.04  2.728017E-14
6530.04  2.743794E-14
6531.04  2.740172E-14
6532.04  2.710254E-14
6533.04  2.717180E-14
6534.04  2.756115E-14
6535.04  2.757010E-14
6536.04  2.761916E-14
6537.04  2.731836E-14
6538.04  2.675031E-14
6539.04  2.689250E-14
6540.04  2.708588E-14
6541.04  2.708273E-14
6542.04  2.707910E-14
6543.04  2.720548E-14
6544.04  2.728521E-14
6545.04  2.687433E-14
6546.04  2.668201E-14
6547.04  2.669559E-14
6548.04  2.669162E-14
6549.04  2.676723E-14
6550.04  2.677011E-14
6551.04  2.704512E-14
6552.04  2.702825E-14
6553.04  2.637716E-14
6554.04  2.639948E-14
6555.04  2.663498E-14
6556.04  2.659627E-14
6557.04  2.647738E-14
6558.04  2.653018E-14
6559.04  2.667484E-14
6560.04  2.652687E-14
6561.04  2.628857E-14
6562.04  2.650047E-14
6563.04  2.674938E-14
6564.04  2.633648E-14
6565.04  2.599288E-14
6566.04  2.608565E-14
6567.04  2.613526E-14
6568.04  2.611204E-14
6569.04  2.609670E-14
6570.04  2.615001E-14
6571.04  2.615542E-14
6572.04  2.611978E-14
6573.04  2.610643E-14
6574.04  2.554937E-14
6575.04  2.545564E-14
6576.04  2.432270E-14
6577.04  2.454488E-14
6578.04  2.593165E-14
6579.04  2.592227E-14
6580.04  2.591397E-14
6581.04  2.574759E-14
6582.04  2.539158E-14
6583.04  2.547776E-14
6584.04  2.561427E-14
6585.04  2.532164E-14
6586.04  2.500580E-14
6587.04  2.495763E-14
6588.04  2.491843E-14
6589.04  2.455695E-14
6590.04  2.435710E-14
6591.04  2.431452E-14
6592.04  2.429349E-14
6593.04  2.397737E-14
6594.04  2.389978E-14
6595.04  2.395335E-14
6596.04  2.395183E-14
6597.04  2.354823E-14
6598.04  2.354315E-14
6599.04  2.366639E-14
6600.04  2.369407E-14
6601.04  2.388697E-14
6602.04  2.371459E-14
6603.04  2.317068E-14
6604.04  2.309942E-14
6605.04  2.295555E-14
6606.04  2.292079E-14
6607.04  2.287273E-14
6608.04  2.277706E-14
6609.04  2.267575E-14
6610.04  2.240400E-14
6611.04  2.219508E-14
6612.04  2.216418E-14
6613.04  2.214425E-14
6614.04  2.179621E-14
6615.04  2.166503E-14
6616.04  2.178568E-14
6617.04  2.180754E-14
6618.04  2.143032E-14
6619.04  2.138160E-14
6620.04  2.137746E-14
6621.04  2.135849E-14
6622.04  2.116980E-14
6623.04  2.114202E-14
6624.04  2.101104E-14
6625.04  2.099614E-14
6626.04  2.096118E-14
6627.04  2.084827E-14
6628.04  2.060470E-14
6629.04  2.042029E-14
6630.04  2.013757E-14
6631.04  2.025851E-14
6632.04  2.039354E-14
6633.04  2.016800E-14
6634.04  1.998640E-14
6635.04  1.975747E-14
6636.04  1.962467E-14
6637.04  1.935524E-14
6638.04  1.924644E-14
6639.04  1.919804E-14
6640.04  1.918185E-14
6641.04  1.891975E-14
6642.04  1.887992E-14
6643.04  1.877931E-14
6644.04  1.876275E-14
6645.04  1.859266E-14
6646.04  1.855555E-14
6647.04  1.832678E-14
6648.04  1.833352E-14
6649.04  1.837386E-14
6650.04  1.830816E-14
6651.04  1.815227E-14
6652.04  1.806093E-14
6653.04  1.790736E-14
6654.04  1.774941E-14
6655.04  1.755615E-14
6656.04  1.763810E-14
6657.04  1.771063E-14
6658.04  1.770157E-14
6659.04  1.769414E-14
6660.04  1.763900E-14
6661.04  1.761172E-14
6662.04  1.728591E-14
6663.04  1.718544E-14
6664.04  1.693064E-14
6665.04  1.688218E-14
6666.04  1.720273E-14
6667.04  1.721962E-14
6668.04  1.687451E-14
6669.04  1.687535E-14
6670.04  1.692146E-14
6671.04  1.695226E-14
6672.04  1.711926E-14
6673.04  1.700414E-14
6674.04  1.666498E-14
6675.04  1.652213E-14
6676.04  1.623414E-14
6677.04  1.635543E-14
6678.04  1.653326E-14
6679.04  1.643117E-14
6680.04  1.632391E-14
6681.04  1.626092E-14
6682.04  1.621184E-14
6683.04  1.609646E-14
6684.04  1.603147E-14
6685.04  1.587064E-14
6686.04  1.580729E-14
6687.04  1.611716E-14
6688.04  1.619050E-14
6689.04  1.587963E-14
6690.04  1.583508E-14
6691.04  1.576997E-14
6692.04  1.574901E-14
6693.04  1.537433E-14
6694.04  1.538205E-14
6695.04  1.546076E-14
6696.04  1.542474E-14
6697.04  1.528665E-14
6698.04  1.526214E-14
6699.04  1.520227E-14
6700.04  1.516115E-14
6701.04  1.508807E-14
6702.04  1.512785E-14
6703.04  1.518151E-14
6704.04  1.514583E-14
6705.04  1.511123E-14
6706.04  1.511060E-14
6707.04  1.510933E-14
6708.04  1.508439E-14
6709.04  1.507039E-14
6710.04  1.495677E-14
6711.04  1.491532E-14
6712.04  1.469797E-14
6713.04  1.464777E-14
6714.04  1.463032E-14
6715.04  1.462602E-14
6716.04  1.465385E-14
6717.04  1.465913E-14
6718.04  1.478863E-14
6719.04  1.474083E-14
6720.04  1.442829E-14
6721.04  1.443943E-14
6722.04  1.448982E-14
6723.04  1.440361E-14
6724.04  1.418699E-14
6725.04  1.426518E-14
6726.04  1.440730E-14
6727.04  1.437332E-14
6728.04  1.432982E-14
6729.04  1.405734E-14
6730.04  1.379659E-14
6731.04  1.401860E-14
6732.04  1.417388E-14
6733.04  1.403256E-14
6734.04  1.395995E-14
6735.04  1.387151E-14
6736.04  1.383912E-14
6737.04  1.404486E-14
6738.04  1.408969E-14
6739.04  1.388891E-14
6740.04  1.386287E-14
6741.04  1.370788E-14
6742.04  1.368828E-14
6743.04  1.340988E-14
6744.04  1.338650E-14
6745.04  1.322536E-14
6746.04  1.328945E-14
6747.04  1.356000E-14
6748.04  1.350051E-14
6749.04  1.334283E-14
6750.04  1.333157E-14
6751.04  1.331175E-14
6752.04  1.325433E-14
6753.04  1.317590E-14
6754.04  1.319440E-14
6755.04  1.321326E-14
6756.04  1.305239E-14
6757.04  1.293106E-14
6758.04  1.285336E-14
6759.04  1.281007E-14
6760.04  1.305062E-14
6761.04  1.314306E-14
6762.04  1.293779E-14
6763.04  1.288384E-14
6764.04  1.279019E-14
6765.04  1.277499E-14
6766.04  1.309477E-14
6767.04  1.310531E-14
6768.04  1.272626E-14
6769.04  1.272812E-14
6770.04  1.275783E-14
6771.04  1.275505E-14
6772.04  1.274623E-14
6773.04  1.276151E-14
6774.04  1.281233E-14
6775.04  1.275370E-14
6776.04  1.262744E-14
6777.04  1.259390E-14
6778.04  1.254179E-14
6779.04  1.244731E-14
6780.04  1.233755E-14
6781.04  1.245364E-14
6782.04  1.255411E-14
6783.04  1.243023E-14
6784.04  1.235039E-14
6785.04  1.235134E-14
6786.04  1.235126E-14
6787.04  1.229339E-14
6788.04  1.227405E-14
6789.04  1.231456E-14
6790.04  1.232220E-14
6791.04  1.214838E-14
6792.04  1.212870E-14
6793.04  1.242480E-14
6794.04  1.243273E-14
6795.04  1.245439E-14
6796.04  1.242034E-14
6797.04  1.217653E-14
6798.04  1.219516E-14
6799.04  1.227564E-14
6800.04  1.218197E-14
6801.04  1.192394E-14
6802.04  1.192018E-14
6803.04  1.191350E-14
6804.04  1.193460E-14
6805.04  1.196528E-14
6806.04  1.191571E-14
6807.04  1.186252E-14
6808.04  1.172396E-14
6809.04  1.161235E-14
6810.04  1.168659E-14
6811.04  1.173078E-14
6812.04  1.155002E-14
6813.04  1.147148E-14
6814.04  1.163244E-14
6815.04  1.168041E-14
6816.04  1.182889E-14
6817.04  1.185668E-14
6818.04  1.164275E-14
6819.04  1.162194E-14
6820.04  1.131008E-14
6821.04  1.130183E-14
6822.04  1.125290E-14
6823.04  1.129599E-14
6824.04  1.159577E-14
6825.04  1.150916E-14
6826.04  1.115714E-14
6827.04  1.122720E-14
6828.04  1.141877E-14
6829.04  1.141574E-14
6830.04  1.140995E-14
6831.04  1.139214E-14
6832.04  1.136652E-14
6833.04  1.131908E-14
6834.04  1.126773E-14
6835.04  1.134580E-14
6836.04  1.140956E-14
6837.04  1.124023E-14
6838.04  1.113686E-14
6839.04  1.133211E-14
6840.04  1.141943E-14
6841.04  1.129415E-14
6842.04  1.125493E-14
6843.04  1.132572E-14
6844.04  1.134022E-14
6845.04  1.125202E-14
6846.04  1.124250E-14
6847.04  1.137169E-14
6848.04  1.137491E-14
6849.04  1.135515E-14
6850.04  1.133852E-14
6851.04  1.120239E-14
6852.04  1.121607E-14
6853.04  1.127765E-14
6854.04  1.128256E-14
6855.04  1.129680E-14
6856.04  1.128999E-14
6857.04  1.127502E-14
6858.04  1.125640E-14
6859.04  1.109700E-14
6860.04  1.108971E-14
6861.04  1.108056E-14
6862.04  1.108354E-14
6863.04  1.108455E-14
6864.04  1.110622E-14
6865.04  1.112084E-14
6866.04  1.082766E-14
6867.04  1.066146E-14
6868.04  9.872038E-15
6869.04  9.494847E-15
6870.04  1.039819E-14
6871.04  1.063742E-14
6872.04  1.062521E-14
6873.04  1.062694E-14
6874.04  1.115869E-14
6875.04  1.118290E-14
6876.04  1.042823E-14
6877.04  1.047638E-14
6878.04  1.112966E-14
6879.04  1.109463E-14
6880.04  1.095240E-14
6881.04  1.090425E-14
6882.04  1.075863E-14
6883.04  1.079469E-14
6884.04  1.089000E-14
6885.04  1.085999E-14
6886.04  1.079261E-14
6887.04  1.075213E-14
6888.04  1.069202E-14
6889.04  1.086246E-14
6890.04  1.105022E-14
6891.04  1.101301E-14
6892.04  1.098066E-14
6893.04  1.087957E-14
6894.04  1.081056E-14
6895.04  1.081562E-14
6896.04  1.082266E-14
6897.04  1.120959E-14
6898.04  1.134197E-14
6899.04  1.100363E-14
6900.04  1.093265E-14
6901.04  1.093055E-14
6902.04  1.092423E-14
6903.04  1.111048E-14
6904.04  1.112104E-14
6905.04  1.082117E-14
6906.04  1.084602E-14
6907.04  1.118784E-14
6908.04  1.117309E-14
6909.04  1.108453E-14
6910.04  1.119243E-14
6911.04  1.160507E-14
6912.04  1.147053E-14
6913.04  1.113601E-14
6914.04  1.112106E-14
6915.04  1.109124E-14
6916.04  1.110772E-14
6917.04  1.113784E-14
6918.04  1.112583E-14
6919.04  1.110837E-14
6920.04  1.126203E-14
6921.04  1.139375E-14
6922.04  1.145642E-14
6923.04  1.149674E-14
6924.04  1.136330E-14
6925.04  1.129563E-14
6926.04  1.131767E-14
6927.04  1.132629E-14
6928.04  1.138507E-14
6929.04  1.139815E-14
6930.04  1.113438E-14
6931.04  1.108880E-14
6932.04  1.135218E-14
6933.04  1.137159E-14
6934.04  1.151790E-14
6935.04  1.148419E-14
6936.04  1.098912E-14
6937.04  1.102029E-14
6938.04  1.125413E-14
6939.04  1.121506E-14
6940.04  1.105589E-14
6941.04  1.104216E-14
6942.04  1.100038E-14
6943.04  1.108328E-14
6944.04  1.126692E-14
6945.04  1.117308E-14
6946.04  1.102748E-14
6947.04  1.080219E-14
6948.04  1.051547E-14
6949.04  1.075323E-14
6950.04  1.098705E-14
6951.04  1.098855E-14
6952.04  1.099090E-14
6953.04  1.092518E-14
6954.04  1.088409E-14
6955.04  1.105768E-14
6956.04  1.113248E-14
6957.04  1.097002E-14
6958.04  1.091397E-14
6959.04  1.063592E-14
6960.04  1.057947E-14
6961.04  1.099372E-14
6962.04  1.103182E-14
6963.04  1.070594E-14
6964.04  1.069073E-14
6965.04  1.085828E-14
6966.04  1.084526E-14
6967.04  1.066432E-14
6968.04  1.069395E-14
6969.04  1.087670E-14
6970.04  1.087275E-14
6971.04  1.085278E-14
6972.04  1.086633E-14
6973.04  1.090256E-14
6974.04  1.087133E-14
6975.04  1.080415E-14
6976.04  1.077308E-14
6977.04  1.072247E-14
6978.04  1.077770E-14
6979.04  1.084605E-14
6980.04  1.069263E-14
6981.04  1.054387E-14
6982.04  1.050233E-14
6983.04  1.047121E-14
6984.04  1.043829E-14
6985.04  1.041955E-14
6986.04  1.034744E-14
6987.04  1.031608E-14
6988.04  1.036567E-14
6989.04  1.038273E-14
6990.04  1.054308E-14
6991.04  1.058052E-14
6992.04  1.037494E-14
6993.04  1.034686E-14
6994.04  1.021498E-14
6995.04  1.020723E-14
6996.04  9.899246E-15
6997.04  9.923872E-15
6998.04  1.031512E-14
6999.04  1.030008E-14
7000.04  1.018071E-14
7001.04  1.010879E-14
7002.04  9.775377E-15
7003.04  9.864200E-15
7004.04  1.014336E-14
7005.04  1.015345E-14
7006.04  1.017537E-14
7007.04  1.007249E-14
7008.04  9.888696E-15
7009.04  9.909054E-15
7010.04  9.936719E-15
7011.04  9.860292E-15
7012.04  9.777359E-15
7013.04  9.894166E-15
7014.04  9.993988E-15
7015.04  9.746809E-15
7016.04  9.581910E-15
7017.04  9.795059E-15
7018.04  9.906024E-15
7019.04  9.933520E-15
7020.04  9.945033E-15
7021.04  9.921294E-15
7022.04  9.915351E-15
7023.04  9.653828E-15
7024.04  9.603692E-15
7025.04  9.804786E-15
7026.04  9.829256E-15
7027.04  9.944990E-15
7028.04  9.953043E-15
7029.04  1.005801E-14
7030.04  1.002337E-14
7031.04  9.562667E-15
7032.04  9.602458E-15
7033.04  9.860803E-15
7034.04  9.835575E-15
7035.04  9.723368E-15
7036.04  9.723780E-15
7037.04  9.722599E-15
7038.04  9.730448E-15
7039.04  9.746776E-15
7040.04  9.736883E-15
7041.04  9.718663E-15
7042.04  9.647475E-15
7043.04  9.549314E-15
7044.04  9.587518E-15
7045.04  9.628929E-15
7046.04  9.720028E-15
7047.04  9.798755E-15
7048.04  9.704560E-15
7049.04  9.640716E-15
7050.04  9.606946E-15
7051.04  9.589495E-15
7052.04  9.833741E-15
7053.04  9.934555E-15
7054.04  9.722233E-15
7055.04  9.658450E-15
7056.04  9.615524E-15
7057.04  9.607309E-15
7058.04  9.609167E-15
7059.04  9.610493E-15
7060.04  9.674560E-15
7061.04  9.680003E-15
7062.04  9.341380E-15
7063.04  9.356903E-15
7064.04  9.661325E-15
7065.04  9.660638E-15
7066.04  9.645596E-15
7067.04  9.647888E-15
7068.04  9.654317E-15
7069.04  9.653535E-15
7070.04  9.647471E-15
7071.04  9.575457E-15
7072.04  9.384484E-15
7073.04  9.466976E-15
7074.04  9.631646E-15
7075.04  9.542476E-15
7076.04  9.401004E-15
7077.04  9.429421E-15
7078.04  9.464733E-15
7079.04  9.463873E-15
7080.04  9.463013E-15
7081.04  9.406560E-15
7082.04  9.361521E-15
7083.04  9.397573E-15
7084.04  9.421099E-15
7085.04  9.232059E-15
7086.04  9.137660E-15
7087.04  9.316617E-15
7088.04  9.386850E-15
7089.04  9.289454E-15
7090.04  9.262233E-15
7091.04  9.512094E-15
7092.04  9.564218E-15
7093.04  9.441487E-15
7094.04  9.426802E-15
7095.04  9.414740E-15
7096.04  9.415294E-15
7097.04  9.425195E-15
7098.04  9.453343E-15
7099.04  9.974233E-15
7100.04  9.926503E-15
7101.04  9.499548E-15
7102.04  9.535794E-15
7103.04  9.723660E-15
7104.04  9.719907E-15
7105.04  9.701754E-15
7106.04  9.755196E-15
7107.04  9.900595E-15
7108.04  9.842530E-15
7109.04  9.716738E-15
7110.04  9.732183E-15
7111.04  9.757122E-15
7112.04  9.748165E-15
7113.04  9.735553E-15
7114.04  9.869763E-15
7115.04  1.001532E-14
7116.04  9.921718E-15
7117.04  9.839852E-15
7118.04  1.008551E-14
7119.04  1.025964E-14
7120.04  1.023998E-14
7121.04  1.022969E-14
7122.04  1.033064E-14
7123.04  1.037666E-14
7124.04  1.046230E-14
7125.04  1.049296E-14
7126.04  1.061953E-14
7127.04  1.065322E-14
7128.04  1.050373E-14
7129.04  1.047905E-14
7130.04  1.039944E-14
7131.04  1.039271E-14
7132.04  1.028936E-14
7133.04  1.028875E-14
7134.04  1.061918E-14
7135.04  1.060757E-14
7136.04  1.038824E-14
7137.04  1.041965E-14
7138.04  1.065590E-14
7139.04  1.068243E-14
7140.04  1.080922E-14
7141.04  1.085990E-14
7142.04  1.095571E-14
7143.04  1.093321E-14
7144.04  1.088076E-14
7145.04  1.095817E-14
7146.04  1.113192E-14
7147.04  1.099928E-14
7148.04  1.076779E-14
7149.04  1.085770E-14
7150.04  1.098396E-14
7151.04  1.118886E-14
7152.04  1.142099E-14
7153.04  1.143416E-14
7154.04  1.144917E-14
7155.04  1.143639E-14
7156.04  1.142327E-14
7157.04  1.141102E-14
7158.04  1.140096E-14
7159.04  1.125766E-14
7160.04  1.118949E-14
7161.04  1.140628E-14
7162.04  1.148517E-14
7163.04  1.140311E-14
7164.04  1.137391E-14
7165.04  1.147698E-14
7166.04  1.149519E-14
7167.04  1.125080E-14
7168.04  1.120855E-14
7169.04  1.143893E-14
7170.04  1.145289E-14
7171.04  1.127312E-14
7172.04  1.126233E-14
7173.04  1.117858E-14
7174.04  1.121053E-14
7175.04  1.166707E-14
7176.04  1.165250E-14
7177.04  1.156870E-14
7178.04  1.156698E-14
7179.04  1.159233E-14
7180.04  1.159832E-14
7181.04  1.162932E-14
7182.04  1.150443E-14
7183.04  1.116188E-14
7184.04  1.132815E-14
7185.04  1.169249E-14
7186.04  1.148234E-14
7187.04  1.113808E-14
7188.04  1.137362E-14
7189.04  1.170206E-14
7190.04  1.157077E-14
7191.04  1.142099E-14
7192.04  1.158016E-14
7193.04  1.173040E-14
7194.04  1.158600E-14
7195.04  1.148145E-14
7196.04  1.159078E-14
7197.04  1.165938E-14
7198.04  1.139838E-14
7199.04  1.125569E-14
7200.04  1.117608E-14
7201.04  1.113721E-14
7202.04  1.113613E-14
7203.04  1.113531E-14
7204.04  1.113281E-14
7205.04  1.113077E-14
7206.04  1.120686E-14
7207.04  1.121694E-14
7208.04  1.138295E-14
7209.04  1.140046E-14
7210.04  1.118822E-14
7211.04  1.117286E-14
7212.04  1.114315E-14
7213.04  1.115029E-14
7214.04  1.136070E-14
7215.04  1.136732E-14
7216.04  1.147294E-14
7217.04  1.144456E-14
7218.04  1.124976E-14
7219.04  1.126166E-14
7220.04  1.133162E-14
7221.04  1.121436E-14
7222.04  1.082821E-14
7223.04  1.095791E-14
7224.04  1.131356E-14
7225.04  1.134206E-14
7226.04  1.140766E-14
7227.04  1.123636E-14
7228.04  1.093836E-14
7229.04  1.078739E-14
7230.04  1.057924E-14
7231.04  1.062498E-14
7232.04  1.067688E-14
7233.04  1.058122E-14
7234.04  1.047395E-14
7235.04  1.061331E-14
7236.04  1.072923E-14
7237.04  1.082472E-14
7238.04  1.089352E-14
7239.04  1.079463E-14
7240.04  1.073369E-14
7241.04  1.062255E-14
7242.04  1.056945E-14
7243.04  1.045822E-14
7244.04  1.041781E-14
7245.04  1.091009E-14
7246.04  1.105612E-14
7247.04  1.102046E-14
7248.04  1.101332E-14
7249.04  1.109427E-14
7250.04  1.110816E-14
7251.04  1.084055E-14
7252.04  1.081029E-14
7253.04  1.076979E-14
7254.04  1.076662E-14
7255.04  1.087129E-14
7256.04  1.088449E-14
7257.04  1.109368E-14
7258.04  1.106503E-14
7259.04  1.076686E-14
7260.04  1.080837E-14
7261.04  1.108709E-14
7262.04  1.109747E-14
7263.04  1.113810E-14
7264.04  1.116875E-14
7265.04  1.126851E-14
7266.04  1.122431E-14
7267.04  1.110248E-14
7268.04  1.123034E-14
7269.04  1.152440E-14
7270.04  1.137707E-14
7271.04  1.108963E-14
7272.04  1.116968E-14
7273.04  1.129326E-14
7274.04  1.115061E-14
7275.04  1.096454E-14
7276.04  1.123122E-14
7277.04  1.153015E-14
7278.04  1.152628E-14
7279.04  1.152220E-14
7280.04  1.152159E-14
7281.04  1.152217E-14
7282.04  1.141806E-14
7283.04  1.135653E-14
7284.04  1.131515E-14
7285.04  1.129374E-14
7286.04  1.138961E-14
7287.04  1.131758E-14
7288.04  1.123666E-14
7289.04  1.121586E-14
7290.04  1.109893E-14
7291.04  1.107462E-14
7292.04  1.115713E-14
7293.04  1.118825E-14
7294.04  1.156386E-14
7295.04  1.164203E-14
7296.04  1.166273E-14
7297.04  1.168005E-14
7298.04  1.176840E-14
7299.04  1.179055E-14
7300.04  1.154531E-14
7301.04  1.155266E-14
7302.04  1.136425E-14
7303.04  1.138936E-14
7304.04  1.152820E-14
7305.04  1.157646E-14
7306.04  1.186456E-14
7307.04  1.188523E-14
7308.04  1.191573E-14
7309.04  1.187610E-14
7310.04  1.163170E-14
7311.04  1.168822E-14
7312.04  1.183810E-14
7313.04  1.182710E-14
7314.04  1.176091E-14
7315.04  1.179207E-14
7316.04  1.183792E-14
7317.04  1.184387E-14
7318.04  1.183675E-14
7319.04  1.188496E-14
7320.04  1.195003E-14
7321.04  1.192280E-14
7322.04  1.187811E-14
7323.04  1.209271E-14
7324.04  1.233860E-14
7325.04  1.231251E-14
7326.04  1.228712E-14
7327.04  1.232470E-14
7328.04  1.236032E-14
7329.04  1.233850E-14
7330.04  1.232965E-14
7331.04  1.248962E-14
7332.04  1.259728E-14
7333.04  1.229370E-14
7334.04  1.214906E-14
7335.04  1.223436E-14
7336.04  1.228556E-14
7337.04  1.252403E-14
7338.04  1.262591E-14
7339.04  1.234669E-14
7340.04  1.228489E-14
7341.04  1.234530E-14
7342.04  1.237973E-14
7343.04  1.259105E-14
7344.04  1.265039E-14
7345.04  1.233705E-14
7346.04  1.232331E-14
7347.04  1.285518E-14
7348.04  1.292234E-14
7349.04  1.234336E-14
7350.04  1.235474E-14
7351.04  1.281299E-14
7352.04  1.282973E-14
7353.04  1.256572E-14
7354.04  1.261497E-14
7355.04  1.286021E-14
7356.04  1.285139E-14
7357.04  1.258440E-14
7358.04  1.259007E-14
7359.04  1.248290E-14
7360.04  1.251007E-14
7361.04  1.252335E-14
7362.04  1.258017E-14
7363.04  1.269477E-14
7364.04  1.270050E-14
7365.04  1.265843E-14
7366.04  1.263712E-14
7367.04  1.254497E-14
7368.04  1.259569E-14
7369.04  1.266231E-14
7370.04  1.263887E-14
7371.04  1.257758E-14
7372.04  1.264658E-14
7373.04  1.273007E-14
7374.04  1.255185E-14
7375.04  1.232566E-14
7376.04  1.250810E-14
7377.04  1.269977E-14
7378.04  1.283706E-14
7379.04  1.296668E-14
7380.04  1.296662E-14
7381.04  1.297512E-14
7382.04  1.275717E-14
7383.04  1.262045E-14
7384.04  1.268808E-14
7385.04  1.274479E-14
7386.04  1.271796E-14
7387.04  1.272500E-14
7388.04  1.319267E-14
7389.04  1.341838E-14
7390.04  1.272667E-14
7391.04  1.250484E-14
7392.04  1.274775E-14
7393.04  1.285093E-14
7394.04  1.307857E-14
7395.04  1.316824E-14
7396.04  1.287300E-14
7397.04  1.285399E-14
7398.04  1.323159E-14
7399.04  1.332650E-14
7400.04  1.280666E-14
7401.04  1.279777E-14
7402.04  1.312870E-14
7403.04  1.319451E-14
7404.04  1.337355E-14
7405.04  1.342140E-14
7406.04  1.303158E-14
7407.04  1.307530E-14
7408.04  1.298444E-14
7409.04  1.302461E-14
7410.04  1.294749E-14
7411.04  1.296422E-14
7412.04  1.274179E-14
7413.04  1.283932E-14
7414.04  1.315073E-14
7415.04  1.310512E-14
7416.04  1.270594E-14
7417.04  1.272968E-14
7418.04  1.267225E-14
7419.04  1.293097E-14
7420.04  1.360397E-14
7421.04  1.350343E-14
7422.04  1.315175E-14
7423.04  1.309294E-14
7424.04  1.289368E-14
7425.04  1.281314E-14
7426.04  1.260856E-14
7427.04  1.276295E-14
7428.04  1.297876E-14
7429.04  1.306967E-14
7430.04  1.317362E-14
7431.04  1.296712E-14
7432.04  1.269207E-14
7433.04  1.287772E-14
7434.04  1.307698E-14
7435.04  1.303305E-14
7436.04  1.299340E-14
7437.04  1.302863E-14
7438.04  1.306981E-14
7439.04  1.278550E-14
7440.04  1.259027E-14
7441.04  1.258859E-14
7442.04  1.261219E-14
7443.04  1.251118E-14
7444.04  1.248393E-14
7445.04  1.248247E-14
7446.04  1.251862E-14
7447.04  1.260815E-14
7448.04  1.269008E-14
7449.04  1.254084E-14
7450.04  1.253381E-14
7451.04  1.215938E-14
7452.04  1.209348E-14
7453.04  1.193683E-14
7454.04  1.195193E-14
7455.04  1.222233E-14
7456.04  1.234373E-14
7457.04  1.187092E-14
7458.04  1.185548E-14
7459.04  1.194161E-14
