3558.5077979748  2.841365E-14
3561.47322113978  2.935395E-14
3564.43864430476  2.760392E-14
3567.40406746974  3.422989E-14
3570.36949063472  3.254995E-14
3573.3349137997  2.744470E-14
3576.30033696467  3.209510E-14
3579.26576012965  3.227418E-14
3582.23118329463  3.119746E-14
3585.19660645961  3.369976E-14
3588.16202962459  3.352882E-14
3591.12745278957  2.948085E-14
3594.09287595455  3.034524E-14
3597.05829911953  2.905261E-14
3600.02372228451  3.161363E-14
3602.98914544949  2.966356E-14
3605.95456861446  3.288527E-14
3608.91999177944  3.042629E-14
3611.88541494442  2.784530E-14
3614.8508381094  2.608528E-14
3617.81626127438  2.957624E-14
3620.78168443936  2.749296E-14
3623.74710760434  2.555295E-14
3626.71253076932  2.326682E-14
3629.6779539343  2.367764E-14
3632.64337709928  2.337018E-14
3635.60880026425  2.129337E-14
3638.57422342923  1.870594E-14
3641.53964659421  1.807591E-14
3644.50506975919  1.727795E-14
3647.47049292417  1.642283E-14
3650.43591608915  1.603856E-14
3653.40133925413  1.243838E-14
3656.36676241911  1.362840E-14
3659.33218558409  1.174688E-14
3662.29760874906  1.103039E-14
3665.26303191404  1.118759E-14
3668.22845507902  1.052948E-14
3671.193878244  1.107613E-14
3674.15930140898  1.160267E-14
3677.12472457396  1.055258E-14
3680.09014773894  9.495864E-15
3683.05557090392  8.965023E-15
3686.0209940689  1.004465E-14
3688.98641723388  9.822417E-15
3691.95184039885  1.090516E-14
3694.91726356383  1.074731E-14
3697.88268672881  1.031211E-14
3700.84810989379  9.650853E-15
3703.81353305877  1.102992E-14
3706.77895622375  1.112294E-14
3709.74437938873  1.075245E-14
3712.70980255371  1.118303E-14
3715.67522571869  1.068799E-14
3718.64064888367  1.126008E-14
3721.60607204865  1.111135E-14
3724.57149521362  1.143183E-14
3727.5369183786  1.252996E-14
3730.50234154358  1.163476E-14
3733.46776470856  1.200766E-14
3736.43318787354  1.270960E-14
3739.39861103852  1.329257E-14
3742.3640342035  1.322991E-14
3745.32945736848  1.366350E-14
3748.29488053346  1.373191E-14
3751.26030369843  1.351890E-14
3754.22572686341  1.532267E-14
3757.19115002839  1.558963E-14
3760.15657319337  1.673590E-14
3763.12199635835  1.681455E-14
3766.08741952333  1.730900E-14
3769.05284268831  1.736715E-14
3772.01826585329  1.779808E-14
3774.98368901827  1.830612E-14
3777.94911218325  1.945981E-14
3780.91453534822  1.961487E-14
3783.8799585132  2.059736E-14
3786.84538167818  2.128496E-14
3789.81080484316  2.165927E-14
3792.77622800814  2.172200E-14
3795.74165117312  2.153032E-14
3798.7070743381  2.160857E-14
3801.67249750308  2.337743E-14
3804.63792066806  2.425131E-14
3807.60334383304  2.455394E-14
3810.56876699802  2.499407E-14
3813.53419016299  2.547386E-14
3816.49961332797  2.722187E-14
3819.46503649295  2.747870E-14
3822.43045965793  2.752807E-14
3825.39588282291  2.802390E-14
3828.36130598789  2.906824E-14
3831.32672915287  2.839137E-14
3834.29215231785  2.931535E-14
3837.25757548283  3.042992E-14
3840.2229986478  3.112717E-14
3843.18842181278  3.225497E-14
3846.15384497776  3.293416E-14
3849.11926814274  3.228775E-14
3852.08469130772  3.300427E-14
3855.0501144727  3.358024E-14
3858.01553763768  3.387466E-14
3860.98096080266  3.355698E-14
3863.94638396764  3.458085E-14
3866.91180713262  3.412157E-14
3869.87723029759  3.357179E-14
3872.84265346257  3.425476E-14
3875.80807662755  3.420884E-14
3878.77349979253  3.419994E-14
3881.73892295751  3.455376E-14
3884.70434612249  3.433198E-14
3887.66976928747  3.335352E-14
3890.63519245245  3.345736E-14
3893.60061561743  3.422408E-14
3896.56603878241  3.376322E-14
3899.53146194739  3.420750E-14
3902.49688511236  3.406688E-14
3905.46230827734  3.455435E-14
3908.42773144232  3.510104E-14
3911.3931546073  3.510146E-14
3914.35857777228  3.521481E-14
3917.32400093726  3.538028E-14
3920.28942410224  3.503333E-14
3923.25484726722  3.583647E-14
3926.2202704322  3.599138E-14
3929.18569359718  3.371411E-14
3932.15111676215  3.112919E-14
3935.11653992713  3.287380E-14
3938.08196309211  3.581665E-14
3941.04738625709  3.666106E-14
3944.01280942207  3.599970E-14
3946.97823258705  3.664367E-14
3949.94365575203  3.605958E-14
3952.90907891701  3.560911E-14
3955.87450208199  3.613698E-14
3958.83992524697  3.673831E-14
3961.80534841194  3.596892E-14
3964.77077157692  3.351773E-14
3967.7361947419  3.226958E-14
3970.70161790688  3.391717E-14
3973.66704107186  3.619028E-14
3976.63246423684  3.520185E-14
3979.59788740182  3.475372E-14
3982.5633105668  3.460285E-14
3985.52873373178  3.410146E-14
3988.49415689676  3.366213E-14
3991.45958006173  3.340483E-14
3994.42500322671  3.312285E-14
3997.39042639169  3.299222E-14
4000.35584955667  3.235810E-14
4003.32127272165  3.248105E-14
4006.28669588663  3.243632E-14
4009.25211905161  3.224715E-14
4012.21754221659  3.222575E-14
4015.18296538157  3.222390E-14
4018.14838854655  3.274494E-14
4021.11381171152  3.244721E-14
4024.0792348765  3.332452E-14
4027.04465804148  3.354424E-14
4030.01008120646  3.323169E-14
4032.97550437144  3.350334E-14
4035.94092753642  3.421881E-14
4038.9063507014  3.457911E-14
4041.87177386638  3.476924E-14
4044.83719703136  3.490470E-14
4047.80262019633  3.451943E-14
4050.76804336131  3.503059E-14
4053.73346652629  3.502114E-14
4056.69888969127  3.492778E-14
4059.66431285625  3.519070E-14
4062.62973602123  3.609590E-14
4065.59515918621  3.613726E-14
4068.56058235119  3.604708E-14
4071.52600551617  3.582885E-14
4074.49142868115  3.603871E-14
4077.45685184613  3.565390E-14
4080.4222750111  3.640175E-14
4083.38769817608  3.719724E-14
4086.35312134106  3.600592E-14
4089.31854450604  3.559334E-14
4092.28396767102  3.584024E-14
4095.249390836  3.505025E-14
4098.21481400098  3.417580E-14
4101.18023716596  3.465133E-14
4104.14566033094  3.456008E-14
4107.11108349592  3.438101E-14
4110.07650666089  3.397310E-14
4113.04192982587  3.377682E-14
4116.00735299085  3.379097E-14
4118.97277615583  3.324825E-14
4121.93819932081  3.266521E-14
4124.90362248579  3.229265E-14
4127.86904565077  3.219472E-14
4130.83446881575  3.161334E-14
4133.79989198073  3.152012E-14
4136.7653151457  3.107251E-14
4139.73073831068  3.076200E-14
4142.69616147566  3.025765E-14
4145.66158464064  2.996593E-14
4148.62700780562  2.973732E-14
4151.5924309706  2.965899E-14
4154.55785413558  2.950025E-14
4157.52327730056  2.891136E-14
4160.48870046554  2.864383E-14
4163.45412363052  2.811529E-14
4166.41954679549  2.810760E-14
4169.38496996047  2.758408E-14
4172.35039312545  2.751202E-14
4175.31581629043  2.721895E-14
4178.28123945541  2.652108E-14
4181.24666262039  2.601392E-14
4184.21208578537  2.575280E-14
4187.17750895035  2.530675E-14
4190.14293211533  2.471907E-14
4193.10835528031  2.414445E-14
4196.07377844528  2.333478E-14
4199.03920161026  2.304299E-14
4202.00462477524  2.268298E-14
4204.97004794022  2.207913E-14
4207.9354711052  2.189130E-14
4210.90089427018  2.197774E-14
4213.86631743516  2.123343E-14
4216.83174060014  2.031065E-14
4219.79716376512  2.011350E-14
4222.7625869301  1.998556E-14
4225.72801009508  1.945503E-14
4228.69343326005  1.907620E-14
4231.65885642503  1.876994E-14
4234.62427959001  1.865456E-14
4237.58970275499  1.815089E-14
4240.55512591997  1.788869E-14
4243.52054908495  1.762950E-14
4246.48597224993  1.782862E-14
4249.45139541491  1.742815E-14
4252.41681857989  1.708278E-14
4255.38224174487  1.689798E-14
4258.34766490984  1.615305E-14
4261.31308807482  1.620374E-14
4264.2785112398  1.610000E-14
4267.24393440478  1.586914E-14
4270.20935756976  1.569263E-14
4273.17478073474  1.589718E-14
4276.14020389972  1.582689E-14
4279.1056270647  1.574913E-14
4282.07105022968  1.584118E-14
4285.03647339466  1.577099E-14
4288.00189655963  1.561732E-14
4290.96731972461  1.585815E-14
4293.93274288959  1.580321E-14
4296.89816605457  1.636316E-14
4299.86358921955  1.641504E-14
4302.82901238453  1.685263E-14
4305.79443554951  1.703271E-14
4308.75985871449  1.720836E-14
4311.72528187947  1.744111E-14
4314.69070504445  1.755145E-14
4317.65612820943  1.771988E-14
4320.6215513744  1.800902E-14
4323.58697453938  1.795408E-14
4326.55239770436  1.806884E-14
4329.51782086934  1.852796E-14
4332.48324403432  1.888115E-14
4335.4486671993  1.871674E-14
4338.41409036428  1.891993E-14
4341.37951352926  1.916395E-14
4344.34493669423  1.993930E-14
4347.31035985921  2.022573E-14
4350.27578302419  2.027455E-14
4353.24120618917  2.039090E-14
4356.20662935415  2.135226E-14
4359.17205251913  2.195919E-14
4362.13747568411  2.210162E-14
4365.10289884909  2.241616E-14
4368.06832201407  2.249741E-14
4371.03374517905  2.226108E-14
4373.99916834402  2.244299E-14
4376.964591509  2.241500E-14
4379.93001467398  2.268374E-14
4382.89543783896  2.271688E-14
4385.86086100394  2.257265E-14
4388.82628416892  2.259988E-14
4391.7917073339  2.220013E-14
4394.75713049888  2.199708E-14
4397.72255366386  2.171696E-14
4400.68797682884  2.191696E-14
4403.65339999382  2.159479E-14
4406.61882315879  2.117243E-14
4409.58424632377  2.126695E-14
4412.54966948875  2.065276E-14
4415.51509265373  2.065620E-14
4418.48051581871  2.033950E-14
4421.44593898369  2.028251E-14
4424.41136214867  2.046578E-14
4427.37678531365  2.054987E-14
4430.34220847863  2.037463E-14
4433.3076316436  2.077554E-14
4436.27305480858  2.115770E-14
4439.23847797356  2.170377E-14
4442.20390113854  2.245613E-14
4445.16932430352  2.280638E-14
4448.1347474685  2.281318E-14
4451.10017063348  2.335116E-14
4454.06559379846  2.349583E-14
4457.03101696344  2.356631E-14
4459.99644012842  2.403350E-14
4462.9618632934  2.418938E-14
4465.92728645837  2.460292E-14
4468.89270962335  2.456775E-14
4471.85813278833  2.484524E-14
4474.82355595331  2.457280E-14
4477.78897911829  2.444623E-14
4480.75440228327  2.481066E-14
4483.71982544825  2.488846E-14
4486.68524861323  2.466881E-14
4489.65067177821  2.458290E-14
4492.61609494319  2.450510E-14
4495.58151810816  2.460537E-14
4498.54694127314  2.452894E-14
4501.51236443812  2.459350E-14
4504.4777876031  2.464957E-14
4507.44321076808  2.434847E-14
4510.40863393306  2.438924E-14
4513.37405709804  2.421718E-14
4516.33948026302  2.404203E-14
4519.30490342799  2.354817E-14
4522.27032659298  2.346686E-14
4525.23574975796  2.344912E-14
4528.20117292293  2.330864E-14
4531.16659608791  2.347979E-14
4534.13201925289  2.350660E-14
4537.09744241787  2.322106E-14
4540.06286558285  2.346218E-14
4543.02828874783  2.349198E-14
4545.99371191281  2.322276E-14
4548.95913507779  2.322717E-14
4551.92455824276  2.297262E-14
4554.88998140774  2.317962E-14
4557.85540457272  2.285694E-14
4560.8208277377  2.276944E-14
4563.78625090268  2.234654E-14
4566.75167406766  2.209102E-14
4569.71709723264  2.217073E-14
4572.68252039762  2.192450E-14
4575.6479435626  2.153436E-14
4578.61336672758  2.114889E-14
4581.57878989256  2.082362E-14
4584.54421305753  2.070744E-14
4587.50963622251  2.044692E-14
4590.47505938749  2.059201E-14
4593.44048255247  2.025233E-14
4596.40590571745  2.000842E-14
4599.37132888243  2.001307E-14
4602.33675204741  1.990435E-14
4605.30217521239  1.980208E-14
4608.26759837737  1.941610E-14
4611.23302154235  1.949757E-14
4614.19844470732  1.948740E-14
4617.1638678723  1.917060E-14
4620.12929103728  1.886188E-14
4623.09471420226  1.878559E-14
4626.06013736724  1.852891E-14
4629.02556053222  1.864662E-14
4631.9909836972  1.859945E-14
4634.95640686218  1.817318E-14
4637.92183002716  1.814946E-14
4640.88725319214  1.761303E-14
4643.85267635712  1.735558E-14
4646.81809952209  1.715386E-14
4649.78352268707  1.702959E-14
4652.74894585205  1.676208E-14
4655.71436901703  1.654009E-14
4658.67979218201  1.618033E-14
4661.64521534699  1.571974E-14
4664.61063851197  1.558996E-14
4667.57606167695  1.556472E-14
4670.54148484192  1.542011E-14
4673.5069080069  1.545604E-14
4676.47233117188  1.560187E-14
4679.43775433686  1.519109E-14
4682.40317750184  1.525552E-14
4685.36860066682  1.507168E-14
4688.3340238318  1.498749E-14
4691.29944699678  1.492670E-14
4694.26487016176  1.530293E-14
4697.23029332674  1.534654E-14
4700.19571649172  1.534046E-14
4703.16113965669  1.526745E-14
4706.12656282167  1.516933E-14
4709.09198598665  1.530084E-14
4712.05740915163  1.512553E-14
4715.02283231661  1.523064E-14
4717.98825548159  1.501933E-14
4720.95367864657  1.508769E-14
4723.91910181155  1.490224E-14
4726.88452497653  1.494320E-14
4729.8499481415  1.485821E-14
4732.81537130648  1.495738E-14
4735.78079447146  1.491820E-14
4738.74621763644  1.493900E-14
4741.71164080142  1.501523E-14
4744.6770639664  1.515305E-14
4747.64248713138  1.483685E-14
4750.60791029636  1.484484E-14
4753.57333346134  1.467004E-14
4756.53875662632  1.467008E-14
4759.50417979129  1.472367E-14
4762.46960295627  1.497071E-14
4765.43502612125  1.505590E-14
4768.40044928623  1.501968E-14
4771.36587245121  1.501051E-14
4774.33129561619  1.510604E-14
4777.29671878117  1.528403E-14
4780.26214194615  1.510570E-14
4783.22756511113  1.524685E-14
4786.19298827611  1.537700E-14
4789.15841144108  1.521479E-14
4792.12383460606  1.480229E-14
4795.08925777104  1.484793E-14
4798.05468093602  1.485082E-14
4801.020104101  1.476569E-14
4803.98552726598  1.473994E-14
4806.95095043096  1.444564E-14
4809.91637359594  1.424591E-14
4812.88179676092  1.411053E-14
4815.8472199259  1.409622E-14
4818.81264309088  1.409730E-14
4821.77806625585  1.409759E-14
4824.74348942083  1.380631E-14
4827.70891258581  1.358943E-14
4830.67433575079  1.340325E-14
4833.63975891577  1.300162E-14
4836.60518208075  1.264329E-14
4839.57060524573  1.252873E-14
4842.53602841071  1.238674E-14
4845.50145157569  1.218402E-14
4848.46687474066  1.201162E-14
4851.43229790564  1.196814E-14
4854.39772107062  1.155957E-14
4857.3631442356  1.090553E-14
4860.32856740058  1.078244E-14
4863.29399056556  1.117005E-14
4866.25941373054  1.117743E-14
4869.22483689552  1.068263E-14
4872.1902600605  1.072175E-14
4875.15568322548  1.082424E-14
4878.12110639046  1.063235E-14
4881.08652955543  1.062383E-14
4884.05195272041  1.042139E-14
4887.01737588539  1.057070E-14
4889.98279905037  1.071932E-14
4892.94822221535  1.056855E-14
4895.91364538033  1.070408E-14
4898.87906854531  1.067507E-14
4901.84449171029  1.078623E-14
4904.80991487527  1.087025E-14
4907.77533804025  1.072721E-14
4910.74076120522  1.110931E-14
4913.7061843702  1.117867E-14
4916.67160753518  1.111547E-14
4919.63703070016  1.129649E-14
4922.60245386514  1.146923E-14
4925.56787703012  1.148187E-14
4928.5333001951  1.156429E-14
4931.49872336008  1.164980E-14
4934.46414652506  1.161574E-14
4937.42956969004  1.180943E-14
4940.39499285501  1.182207E-14
4943.36041601999  1.206765E-14
4946.32583918497  1.214120E-14
4949.29126234995  1.183287E-14
4952.25668551493  1.207568E-14
4955.22210867991  1.228154E-14
4958.18753184489  1.221643E-14
4961.15295500987  1.231974E-14
4964.11837817485  1.239525E-14
4967.08380133983  1.238713E-14
4970.0492245048  1.258417E-14
4973.01464766978  1.272071E-14
4975.98007083476  1.261765E-14
4978.94549399974  1.282004E-14
4981.91091716472  1.305896E-14
4984.8763403297  1.305736E-14
4987.84176349468  1.311781E-14
4990.80718665966  1.323676E-14
4993.77260982464  1.342971E-14
4996.73803298961  1.370207E-14
4999.70345615459  1.367295E-14
5002.66887931957  1.366091E-14
5005.63430248455  1.403316E-14
5008.59972564953  1.410526E-14
5011.56514881451  1.441354E-14
5014.53057197949  1.443792E-14
5017.49599514447  1.430499E-14
5020.46141830945  1.432672E-14
5023.42684147443  1.440742E-14
5026.39226463941  1.466260E-14
5029.35768780439  1.459939E-14
5032.32311096936  1.459987E-14
5035.28853413434  1.463288E-14
5038.25395729932  1.454008E-14
5041.2193804643  1.477528E-14
5044.18480362928  1.479512E-14
5047.15022679426  1.485609E-14
5050.11564995924  1.513128E-14
5053.08107312422  1.509541E-14
5056.04649628919  1.502958E-14
5059.01191945417  1.523859E-14
5061.97734261915  1.536175E-14
5064.94276578413  1.527660E-14
5067.90818894911  1.540859E-14
5070.87361211409  1.550875E-14
5073.83903527907  1.570172E-14
5076.80445844405  1.566785E-14
5079.76988160903  1.588878E-14
5082.73530477401  1.612549E-14
5085.70072793899  1.631985E-14
5088.66615110396  1.640110E-14
5091.63157426894  1.629953E-14
5094.59699743392  1.651384E-14
5097.5624205989  1.660809E-14
5100.52784376388  1.676580E-14
5103.49326692886  1.659682E-14
5106.45869009384  1.667001E-14
5109.42411325882  1.671687E-14
5112.3895364238  1.665418E-14
5115.35495958878  1.675499E-14
5118.32038275376  1.654979E-14
5121.28580591873  1.656412E-14
5124.25122908371  1.650085E-14
5127.21665224869  1.614182E-14
5130.18207541367  1.619348E-14
5133.14749857865  1.631598E-14
5136.11292174363  1.623559E-14
5139.07834490861  1.610193E-14
5142.04376807359  1.625040E-14
5145.00919123857  1.629853E-14
5147.97461440354  1.615013E-14
5150.94003756852  1.614399E-14
5153.9054607335  1.586998E-14
5156.87088389848  1.568780E-14
5159.83630706346  1.568413E-14
5162.80173022844  1.565565E-14
5165.76715339342  1.563528E-14
5168.7325765584  1.560489E-14
5171.69799972338  1.564163E-14
5174.66342288836  1.554291E-14
5177.62884605333  1.547365E-14
5180.59426921831  1.544727E-14
5183.55969238329  1.531948E-14
5186.52511554827  1.539651E-14
5189.49053871325  1.537092E-14
5192.45596187823  1.526560E-14
5195.42138504321  1.541978E-14
5198.38680820819  1.533531E-14
5201.35223137317  1.513664E-14
5204.31765453815  1.510066E-14
5207.28307770312  1.504525E-14
5210.2485008681  1.492300E-14
5213.21392403308  1.497431E-14
5216.17934719806  1.473669E-14
5219.14477036304  1.474360E-14
5222.11019352802  1.457522E-14
5225.075616693  1.452644E-14
5228.04103985798  1.423020E-14
5231.00646302296  1.395744E-14
5233.97188618794  1.377442E-14
5236.93730935291  1.376452E-14
5239.90273251789  1.359678E-14
5242.86815568287  1.320085E-14
5245.83357884785  1.297422E-14
5248.79900201283  1.291207E-14
5251.76442517781  1.281174E-14
5254.72984834279  1.269355E-14
5257.69527150777  1.245143E-14
5260.66069467275  1.233893E-14
5263.62611783773  1.196885E-14
5266.5915410027  1.174512E-14
5269.55696416768  1.165019E-14
5272.52238733266  1.174422E-14
5275.48781049764  1.167578E-14
5278.45323366262  1.165473E-14
5281.4186568276  1.133875E-14
5284.38407999258  1.108928E-14
5287.34950315756  1.112168E-14
5290.31492632254  1.111117E-14
5293.28034948752  1.104052E-14
5296.24577265249  1.116377E-14
5299.21119581747  1.116293E-14
5302.17661898245  1.123629E-14
5305.14204214743  1.138151E-14
5308.10746531241  1.134938E-14
5311.07288847739  1.124889E-14
5314.03831164237  1.138638E-14
5317.00373480735  1.133830E-14
5319.96915797233  1.156023E-14
5322.93458113731  1.168020E-14
5325.90000430228  1.177207E-14
5328.86542746726  1.182299E-14
5331.83085063224  1.180798E-14
5334.79627379722  1.180859E-14
5337.7616969622  1.171498E-14
5340.72712012718  1.172430E-14
5343.69254329216  1.190058E-14
5346.65796645714  1.199943E-14
5349.62338962212  1.204782E-14
5352.5888127871  1.193261E-14
5355.55423595208  1.196856E-14
5358.51965911705  1.202298E-14
5361.48508228203  1.181240E-14
5364.45050544701  1.203621E-14
5367.41592861199  1.225882E-14
5370.38135177697  1.208067E-14
5373.34677494195  1.189534E-14
5376.31219810693  1.197188E-14
5379.27762127191  1.203114E-14
5382.24304443688  1.208138E-14
5385.20846760186  1.185204E-14
5388.17389076684  1.183651E-14
5391.13931393182  1.179164E-14
5394.1047370968  1.194381E-14
5397.07016026178  1.204244E-14
5400.03558342676  1.188577E-14
5403.00100659174  1.176685E-14
5405.96642975672  1.165921E-14
5408.9318529217  1.143988E-14
5411.89727608668  1.144912E-14
5414.86269925166  1.136140E-14
5417.82812241663  1.119392E-14
5420.79354558161  1.108977E-14
5423.75896874659  1.114590E-14
5426.72439191157  1.116674E-14
5429.68981507655  1.087378E-14
5432.65523824153  1.080379E-14
5435.62066140651  1.087025E-14
5438.58608457149  1.072777E-14
5441.55150773647  1.050135E-14
5444.51693090145  1.055106E-14
5447.48235406642  1.051941E-14
5450.4477772314  1.042255E-14
5453.41320039638  1.027788E-14
5456.37862356136  1.035195E-14
5459.34404672634  1.032920E-14
5462.30946989132  1.019262E-14
5465.2748930563  1.017887E-14
5468.24031622128  1.010155E-14
5471.20573938626  1.020477E-14
5474.17116255124  1.026569E-14
5477.13658571621  1.036981E-14
5480.10200888119  1.061252E-14
5483.06743204617  1.066298E-14
5486.03285521115  1.082510E-14
5488.99827837613  1.098964E-14
5491.96370154111  1.096854E-14
5494.92912470609  1.100052E-14
5497.89454787107  1.114476E-14
5500.85997103605  1.138200E-14
5503.82539420103  1.170292E-14
5506.790817366  1.184105E-14
5509.75624053098  1.167795E-14
5512.72166369596  1.178875E-14
5515.68708686094  1.193295E-14
5518.65251002592  1.212098E-14
5521.6179331909  1.212987E-14
5524.58335635588  1.220587E-14
5527.54877952086  1.251210E-14
5530.51420268583  1.259083E-14
5533.47962585081  1.255569E-14
5536.44504901579  1.246121E-14
5539.41047218077  1.257681E-14
5542.37589534575  1.255379E-14
5545.34131851073  1.244728E-14
5548.30674167571  1.237610E-14
5551.27216484069  1.238774E-14
5554.23758800567  1.246504E-14
5557.20301117065  1.259540E-14
5560.16843433563  1.243647E-14
5563.1338575006  1.243675E-14
5566.09928066558  1.249292E-14
5569.06470383056  1.246868E-14
5572.03012699554  1.257403E-14
5574.99555016052  1.262881E-14
5577.9609733255  1.273644E-14
5580.92639649048  1.272517E-14
5583.89181965546  1.258824E-14
5586.85724282044  1.278727E-14
5589.82266598542  1.291784E-14
5592.78808915039  1.277336E-14
5595.75351231537  1.280728E-14
5598.71893548035  1.277996E-14
5601.68435864533  1.275508E-14
5604.64978181031  1.294690E-14
5607.61520497529  1.295428E-14
5610.58062814027  1.284540E-14
5613.54605130525  1.277508E-14
5616.51147447023  1.273908E-14
5619.47689763521  1.259977E-14
5622.44232080019  1.269558E-14
5625.40774396516  1.268949E-14
5628.37316713014  1.265928E-14
5631.33859029512  1.257624E-14
5634.3040134601  1.258792E-14
5637.26943662508  1.254553E-14
5640.23485979006  1.243862E-14
5643.20028295504  1.233214E-14
5646.16570612002  1.233906E-14
5649.131129285  1.235307E-14
5652.09655244998  1.231749E-14
5655.06197561496  1.241883E-14
5658.02739877993  1.248914E-14
5660.99282194491  1.242756E-14
5663.95824510989  1.232429E-14
5666.92366827487  1.236268E-14
5669.88909143985  1.235585E-14
5672.85451460483  1.239729E-14
5675.81993776981  1.242113E-14
5678.78536093479  1.239614E-14
5681.75078409976  1.237879E-14
5684.71620726474  1.235499E-14
5687.68163042972  1.228191E-14
5690.6470535947  1.216827E-14
5693.61247675968  1.219578E-14
5696.57789992466  1.216065E-14
5699.54332308964  1.215745E-14
5702.50874625462  1.220023E-14
5705.4741694196  1.201607E-14
5708.43959258458  1.212113E-14
5711.40501574955  1.204886E-14
5714.37043891453  1.181626E-14
5717.33586207951  1.173203E-14
5720.30128524449  1.159603E-14
5723.26670840947  1.153022E-14
5726.23213157445  1.147376E-14
5729.19755473943  1.159652E-14
5732.16297790441  1.172645E-14
5735.12840106939  1.144589E-14
5738.09382423437  1.145518E-14
5741.05924739934  1.158669E-14
5744.02467056432  1.138620E-14
5746.9900937293  1.126104E-14
5749.95551689428  1.104690E-14
5752.92094005926  1.116449E-14
5755.88636322424  1.131009E-14
5758.85178638922  1.126160E-14
5761.8172095542  1.121066E-14
5764.78263271918  1.123375E-14
5767.74805588416  1.098885E-14
5770.71347904913  1.076496E-14
5773.67890221411  1.085456E-14
5776.64432537909  1.074311E-14
5779.60974854407  1.081661E-14
5782.57517170905  1.093400E-14
5785.54059487403  1.087294E-14
5788.50601803901  1.077887E-14
5791.47144120399  1.077095E-14
5794.43686436897  1.073185E-14
5797.40228753395  1.063189E-14
5800.36771069892  1.058293E-14
5803.3331338639  1.074263E-14
5806.29855702888  1.071076E-14
5809.26398019386  1.063833E-14
5812.22940335884  1.079312E-14
5815.19482652382  1.054962E-14
5818.1602496888  1.062992E-14
5821.12567285378  1.073300E-14
5824.09109601876  1.068365E-14
5827.05651918374  1.082574E-14
5830.02194234872  1.084806E-14
5832.98736551369  1.080340E-14
5835.95278867867  1.080129E-14
5838.91821184365  1.086250E-14
5841.88363500863  1.096499E-14
5844.84905817361  1.098875E-14
5847.81448133859  1.089424E-14
5850.77990450357  1.087680E-14
5853.74532766855  1.091551E-14
5856.71075083352  1.096820E-14
5859.6761739985  1.117105E-14
5862.64159716348  1.111678E-14
5865.60702032846  1.106694E-14
5868.57244349344  1.116975E-14
5871.53786665842  1.113087E-14
5874.5032898234  1.114399E-14
5877.46871298838  1.137259E-14
5880.43413615336  1.128478E-14
5883.39955931834  1.033761E-14
5886.36498248332  9.260612E-15
5889.3304056483  8.808519E-15
5892.29582881327  9.224764E-15
5895.26125197825  9.933862E-15
5898.22667514323  1.097845E-14
5901.19209830821  1.126014E-14
5904.15752147319  1.114919E-14
5907.12294463817  1.108610E-14
5910.08836780315  1.103593E-14
5913.05379096813  1.104016E-14
5916.01921413311  1.096397E-14
5918.98463729808  1.087204E-14
5921.95006046306  1.078006E-14
5924.91548362804  1.068816E-14
5927.88090679302  1.059636E-14
5930.846329958  1.050464E-14
5933.81175312298  1.041300E-14
5936.77717628796  1.032142E-14
5939.74259945294  1.028067E-14
5942.70802261792  1.031084E-14
5945.6734457829  1.031867E-14
5948.63886894787  1.034684E-14
5951.60429211285  1.024424E-14
5954.56971527783  1.014888E-14
5957.53513844281  9.891512E-15
5960.50056160779  9.902505E-15
5963.46598477277  9.828786E-15
5966.43140793775  9.760095E-15
5969.39683110273  9.744330E-15
5972.36225426771  9.651980E-15
5975.32767743269  9.509982E-15
5978.29310059766  9.478205E-15
5981.25852376264  9.399808E-15
5984.22394692762  9.280317E-15
5987.1893700926  9.110504E-15
5990.15479325758  9.039459E-15
5993.12021642256  8.999706E-15
5996.08563958754  8.923601E-15
5999.05106275252  8.972071E-15
6002.0164859175  8.812701E-15
6004.98190908248  8.694681E-15
6007.94733224745  8.757975E-15
6010.91275541243  8.677266E-15
6013.87817857741  8.471555E-15
6016.84360174239  8.362363E-15
6019.80902490737  8.315874E-15
6022.77444807235  8.246020E-15
6025.73987123733  8.044824E-15
6028.70529440231  8.091716E-15
6031.67071756729  8.024881E-15
6034.63614073227  7.932001E-15
6037.60156389725  7.754104E-15
6040.56698706222  7.694169E-15
6043.5324102272  7.645381E-15
6046.49783339218  7.681105E-15
6049.46325655716  7.628767E-15
6052.42867972214  7.493685E-15
6055.39410288712  7.510004E-15
6058.3595260521  7.404638E-15
6061.32494921708  7.263057E-15
6064.29037238206  7.311511E-15
6067.25579554703  7.220727E-15
6070.22121871201  7.038561E-15
6073.18664187699  6.932321E-15
6076.15206504197  6.918377E-15
6079.11748820695  6.835688E-15
6082.08291137193  6.793239E-15
6085.04833453691  6.919942E-15
6088.01375770189  6.663752E-15
6090.97918086687  6.689185E-15
6093.94460403185  6.794151E-15
6096.91002719683  6.663761E-15
6099.8754503618  6.668082E-15
6102.84087352678  6.676450E-15
6105.80629669176  6.416006E-15
6108.77171985674  6.241202E-15
6111.73714302172  6.410265E-15
6114.7025661867  6.406856E-15
6117.66798935168  6.304515E-15
6120.63341251666  6.249468E-15
6123.59883568164  6.232920E-15
6126.56425884661  6.207490E-15
6129.52968201159  6.088220E-15
6132.49510517657  6.152591E-15
6135.46052834155  6.086508E-15
6138.42595150653  6.087080E-15
6141.39137467151  6.229349E-15
6144.35679783649  6.218580E-15
6147.32222100147  6.139147E-15
6150.28764416645  6.149381E-15
6153.25306733143  6.106231E-15
6156.21849049641  6.226878E-15
6159.18391366139  6.282701E-15
6162.14933682636  6.281811E-15
6165.11475999134  6.300295E-15
6168.08018315632  6.510430E-15
6171.0456063213  6.519922E-15
6174.01102948628  6.614611E-15
6176.97645265126  6.648199E-15
6179.94187581624  6.619655E-15
6182.90729898122  6.781373E-15
6185.87272214619  6.950276E-15
6188.83814531117  7.044831E-15
6191.80356847615  7.192695E-15
6194.76899164113  7.355435E-15
6197.73441480611  7.282180E-15
6200.69983797109  7.264858E-15
6203.66526113607  7.218333E-15
6206.63068430105  7.280526E-15
6209.59610746603  7.584613E-15
6212.56153063101  7.800632E-15
6215.52695379599  7.780513E-15
6218.49237696096  7.848440E-15
6221.45780012594  7.952284E-15
6224.42322329092  8.171439E-15
6227.3886464559  8.210817E-15
6230.35406962088  8.134955E-15
6233.31949278586  8.447085E-15
6236.28491595084  8.578799E-15
6239.25033911582  8.543316E-15
6242.2157622808  8.584299E-15
6245.18118544578  8.623962E-15
6248.14660861075  8.760376E-15
6251.11203177573  8.804155E-15
6254.07745494071  8.779949E-15
6257.04287810569  8.755835E-15
6260.00830127067  8.789958E-15
6262.97372443565  8.956367E-15
6265.93914760063  8.827993E-15
6268.90457076561  8.954887E-15
6271.86999393058  9.039890E-15
6274.83541709557  8.868271E-15
6277.80084026054  8.868679E-15
6280.76626342552  8.797947E-15
6283.7316865905  8.868620E-15
6286.69710975548  9.176038E-15
6289.66253292046  9.122241E-15
6292.62795608544  9.158308E-15
6295.59337925042  9.073935E-15
6298.5588024154  9.054302E-15
6301.52422558038  9.209415E-15
6304.48964874536  9.229689E-15
6307.45507191033  9.099379E-15
6310.42049507531  9.104755E-15
6313.38591824029  9.143346E-15
6316.35134140527  9.082429E-15
6319.31676457025  9.088340E-15
6322.28218773523  9.114311E-15
6325.24761090021  9.220809E-15
6328.21303406519  9.176957E-15
6331.17845723016  9.072273E-15
6334.14388039514  9.148028E-15
6337.10930356012  9.023302E-15
6340.0747267251  8.944024E-15
6343.04014989008  8.966067E-15
6346.00557305506  8.888942E-15
6348.97099622004  8.879931E-15
6351.93641938502  8.873685E-15
6354.90184255  8.898680E-15
6357.86726571498  8.943391E-15
6360.83268887995  8.870153E-15
6363.79811204493  8.840770E-15
6366.76353520991  8.864197E-15
6369.72895837489  8.803423E-15
6372.69438153987  8.784990E-15
6375.65980470485  8.848510E-15
6378.62522786983  8.865477E-15
6381.59065103481  8.780361E-15
6384.55607419979  8.671535E-15
6387.52149736477  8.663262E-15
6390.48692052975  8.477976E-15
6393.45234369472  8.378100E-15
6396.4177668597  8.504811E-15
6399.38319002468  8.399647E-15
6402.34861318966  8.295510E-15
6405.31403635464  8.197930E-15
6408.27945951962  8.199713E-15
6411.2448826846  8.071349E-15
6414.21030584958  8.029098E-15
6417.17572901456  7.971690E-15
6420.14115217954  7.985031E-15
6423.10657534452  8.033901E-15
6426.07199850949  7.996172E-15
6429.03742167447  7.962569E-15
6432.00284483945  7.737673E-15
6434.96826800443  7.723758E-15
6437.93369116941  7.718794E-15
6440.89911433439  7.537838E-15
6443.86453749937  7.579809E-15
6446.82996066435  7.608160E-15
6449.79538382933  7.636948E-15
6452.76080699431  7.500748E-15
6455.72623015928  7.464395E-15
6458.69165332426  7.411213E-15
6461.65707648924  7.420649E-15
6464.62249965422  7.363052E-15
6467.5879228192  7.213695E-15
6470.55334598418  7.245830E-15
6473.51876914916  7.313360E-15
6476.48419231414  7.266383E-15
6479.44961547912  7.220327E-15
6482.4150386441  7.237297E-15
6485.38046180907  7.245595E-15
6488.34588497405  7.229945E-15
6491.31130813903  7.278764E-15
6494.27673130401  7.174458E-15
6497.24215446899  7.039558E-15
6500.20757763397  7.051604E-15
6503.17300079895  7.196128E-15
6506.13842396393  7.058650E-15
6509.10384712891  6.940517E-15
6512.06927029388  6.904787E-15
6515.03469345886  6.901651E-15
6518.00011662384  6.983912E-15
6520.96553978882  6.937812E-15
6523.9309629538  6.807960E-15
6526.89638611878  6.739940E-15
6529.86180928376  6.720829E-15
6532.82723244874  6.811146E-15
6535.79265561372  6.741068E-15
6538.7580787787  6.626095E-15
6541.72350194367  6.560213E-15
6544.68892510865  6.436365E-15
6547.65434827363  6.448751E-15
6550.61977143861  6.622900E-15
6553.58519460359  6.611885E-15
6556.55061776857  6.600880E-15
6559.51604093355  6.589885E-15
6562.48146409853  6.578896E-15
6565.44688726351  6.567916E-15
6568.41231042849  6.556945E-15
6571.37773359346  6.545979E-15
6574.34315675844  6.535025E-15
6577.30857992342  6.524077E-15
6580.2740030884  6.513137E-15
6583.23942625338  6.502206E-15
6586.20484941836  6.491282E-15
6589.17027258334  6.444523E-15
6592.13569574832  6.495708E-15
6595.1011189133  6.408942E-15
6598.06654207827  6.425720E-15
6601.03196524325  6.340335E-15
6603.99738840823  6.249344E-15
6606.96281157321  6.235692E-15
6609.92823473819  6.214098E-15
6612.89365790317  6.179616E-15
6615.85908106815  6.087352E-15
6618.82450423313  6.118059E-15
6621.78992739811  6.232238E-15
6624.75535056309  6.158562E-15
6627.72077372807  6.075496E-15
6630.68619689305  6.131923E-15
6633.65162005802  6.103667E-15
6636.617043223  6.087211E-15
6639.58246638798  6.144929E-15
6642.54788955296  6.075717E-15
6645.51331271794  6.005090E-15
6648.47873588292  6.074008E-15
6651.4441590479  5.946460E-15
6654.40958221288  5.958991E-15
6657.37500537786  5.996922E-15
6660.34042854283  5.940661E-15
6663.30585170781  5.948444E-15
6666.27127487279  5.830793E-15
6669.23669803777  5.764420E-15
6672.20212120275  5.764448E-15
6675.16754436773  5.780183E-15
6678.13296753271  5.834099E-15
6681.09839069769  5.804350E-15
6684.06381386267  5.773655E-15
6687.02923702764  5.766929E-15
6689.99466019262  5.758126E-15
6692.9600833576  5.711339E-15
6695.92550652258  5.628697E-15
6698.89092968756  5.521439E-15
6701.85635285254  5.488037E-15
6704.82177601752  5.582872E-15
6707.7871991825  5.495525E-15
6710.75262234748  5.350972E-15
6713.71804551246  5.154063E-15
6716.68346867744  5.385995E-15
6719.64889184241  5.500802E-15
6722.61431500739  5.338115E-15
6725.57973817237  5.246574E-15
6728.54516133735  5.176340E-15
6731.51058450233  5.227903E-15
6734.47600766731  5.339751E-15
6737.44143083229  5.378844E-15
6740.40685399727  5.295204E-15
6743.37227716225  5.251576E-15
6746.33770032723  5.399805E-15
6749.3031234922  5.285076E-15
6752.26854665718  5.226998E-15
6755.23396982216  5.189332E-15
6758.19939298714  5.321924E-15
6761.16481615212  5.274276E-15
6764.1302393171  5.132456E-15
6767.09566248208  5.071678E-15
6770.06108564706  5.076130E-15
6773.02650881204  5.049172E-15
6775.99193197702  5.030360E-15
6778.957355142  5.033046E-15
6781.92277830697  5.061240E-15
6784.88820147195  4.993094E-15
6787.85362463693  4.318322E-15
6790.81904780191  3.733428E-15
6793.78447096689  3.868952E-15
6796.74989413187  4.120500E-15
6799.71531729685  4.529174E-15
6802.68074046183  4.808697E-15
6805.6461636268  4.572229E-15
6808.61158679178  4.325383E-15
6811.57700995676  4.437724E-15
6814.54243312174  4.425167E-15
6817.50785628672  4.374349E-15
6820.4732794517  4.406695E-15
6823.43870261668  4.435787E-15
6826.40412578166  4.608122E-15
6829.36954894664  4.669743E-15
6832.33497211162  4.521124E-15
6835.3003952766  4.549882E-15
6838.26581844158  4.537697E-15
6841.23124160655  4.592127E-15
6844.19666477153  4.548860E-15
6847.16208793651  4.667035E-15
6850.12751110149  4.719964E-15
6853.09293426647  4.598578E-15
6856.05835743145  4.571069E-15
6859.02378059643  4.552096E-15
6861.98920376141  4.614526E-15
6864.95462692639  4.519873E-15
6867.92005009136  4.486739E-15
6870.88547325634  4.654458E-15
6873.85089642132  4.605250E-15
6876.8163195863  4.550009E-15
6879.78174275128  4.669428E-15
6882.74716591626  4.643779E-15
6885.71258908124  4.670219E-15
6888.67801224622  4.569042E-15
6891.6434354112  4.595302E-15
6894.60885857618  4.630987E-15
6897.57428174115  4.462250E-15
6900.53970490613  4.486440E-15
6903.50512807111  4.487241E-15
6906.47055123609  4.572212E-15
6909.43597440107  4.561215E-15
6912.40139756605  4.522143E-15
6915.36682073103  4.528530E-15
6918.33224389601  4.500024E-15
6921.29766706099  4.527515E-15
6924.26309022597  4.555849E-15
6927.22851339094  4.500309E-15
6930.19393655592  4.459229E-15
6933.1593597209  4.517846E-15
6936.12478288588  4.532317E-15
6939.09020605086  4.478855E-15
6942.05562921584  4.296481E-15
6945.02105238082  4.326304E-15
6947.9864755458  4.444851E-15
6950.95189871078  4.544353E-15
6953.91732187576  4.462474E-15
6956.88274504074  4.436492E-15
6959.84816820572  4.406441E-15
6962.81359137069  4.392523E-15
6965.77901453567  4.425718E-15
6968.74443770065  4.352776E-15
6971.70986086563  4.384747E-15
6974.67528403061  4.494349E-15
6977.64070719559  4.431048E-15
6980.60613036057  4.384978E-15
6983.57155352555  4.367415E-15
6986.53697669053  4.334949E-15
6989.5023998555  4.267089E-15
6992.46782302048  4.236495E-15
6995.43324618546  4.365580E-15
6998.39866935044  4.342733E-15
7001.36409251542  4.335810E-15
7004.3295156804  4.418443E-15
7007.29493884538  4.338364E-15
7010.26036201036  4.375620E-15
7013.22578517534  4.453620E-15
7016.19120834032  4.320352E-15
7019.1566315053  4.374013E-15
7022.12205467027  4.377921E-15
7025.08747783525  4.198382E-15
7028.05290100023  4.191288E-15
7031.01832416521  4.197465E-15
7033.98374733019  4.219914E-15
7036.94917049517  4.354910E-15
7039.91459366015  4.346733E-15
7042.88001682513  4.507625E-15
7045.84543999011  3.928095E-15
7048.81086315508  3.200573E-15
7051.77628632006  3.590782E-15
7054.74170948504  4.185732E-15
7057.70713265002  4.215425E-15
7060.672555815  4.161527E-15
7063.63797897998  4.121826E-15
7066.60340214496  4.105139E-15
7069.56882530994  4.112033E-15
7072.53424847491  4.269627E-15
7075.49967163989  4.244760E-15
7078.46509480487  4.008703E-15
7081.43051796985  3.950009E-15
7084.39594113483  3.994376E-15
7087.36136429981  4.076258E-15
7090.32678746479  4.042915E-15
7093.29221062977  3.865763E-15
7096.25763379475  3.831437E-15
7099.22305695973  3.841809E-15
7102.18848012471  3.737271E-15
7105.15390328969  3.709580E-15
7108.11932645466  3.721779E-15
7111.08474961964  3.696201E-15
7114.05017278462  3.779403E-15
7117.0155959496  3.767403E-15
7119.98101911458  3.709775E-15
7122.94644227956  3.783880E-15
7125.91186544454  3.895187E-15
7128.87728860952  3.828404E-15
7131.8427117745  3.955566E-15
7134.80813493947  3.885262E-15
7137.77355810445  3.993892E-15
7140.73898126943  3.921187E-15
7143.70440443441  3.868472E-15
7146.66982759939  3.797383E-15
7149.63525076437  3.713222E-15
7152.60067392935  3.786826E-15
7155.56609709433  3.772774E-15
7158.53152025931  3.645478E-15
7161.49694342429  3.820886E-15
7164.46236658926  3.794892E-15
7167.42778975424  3.691779E-15
7170.39321291922  3.698238E-15
7173.3586360842  3.749089E-15
7176.32405924918  3.754443E-15
7179.28948241416  3.679744E-15
7182.25490557914  3.706411E-15
7185.22032874412  3.754514E-15
7188.1857519091  3.679707E-15
7191.15117507408  3.608091E-15
7194.11659823905  3.598874E-15
7197.08202140403  3.646673E-15
7200.04744456901  3.714995E-15
7203.01286773399  3.599071E-15
7205.97829089897  3.467757E-15
7208.94371406395  3.527730E-15
7211.90913722893  3.572806E-15
7214.87456039391  3.529533E-15
7217.83998355889  3.628655E-15
7220.80540672387  3.535226E-15
7223.77082988884  3.535594E-15
7226.73625305382  3.530650E-15
7229.7016762188  3.572376E-15
7232.66709938378  3.540353E-15
7235.63252254876  3.425883E-15
7238.59794571374  3.469750E-15
7241.56336887872  3.560307E-15
7244.5287920437  3.587787E-15
7247.49421520868  3.552360E-15
7250.45963837366  3.555549E-15
7253.42506153864  3.682712E-15
7256.39048470361  3.663728E-15
7259.35590786859  3.588187E-15
7262.32133103357  3.546907E-15
7265.28675419855  3.507596E-15
7268.25217736353  3.603358E-15
7271.21760052851  3.543776E-15
7274.18302369349  3.409024E-15
7277.14844685847  3.386205E-15
7280.11387002345  3.447064E-15
7283.07929318843  3.505995E-15
7286.0447163534  3.439963E-15
7289.01013951838  3.438062E-15
7291.97556268336  3.557660E-15
7294.94098584834  3.426044E-15
7297.90640901332  3.395486E-15
7300.8718321783  3.458310E-15
7303.83725534328  3.439386E-15
7306.80267850826  3.468279E-15
7309.76810167324  3.403665E-15
7312.73352483821  3.388450E-15
7315.69894800319  3.484481E-15
7318.66437116817  3.452412E-15
7321.62979433315  3.361184E-15
7324.59521749813  3.342839E-15
7327.56064066311  3.322430E-15
7330.52606382809  3.318822E-15
7333.49148699307  3.336603E-15
7336.45691015805  3.295644E-15
7339.42233332303  3.222412E-15
7342.387756488  3.358484E-15
7345.35317965298  3.321074E-15
7348.31860281796  3.252925E-15
7351.28402598294  3.131370E-15
7354.24944914792  3.050846E-15
7357.2148723129  3.193060E-15
7360.18029547788  3.177893E-15
7363.14571864286  3.071329E-15
7366.11114180784  3.101103E-15
7369.07656497282  3.118307E-15
7372.04198813779  3.191571E-15
7375.00741130277  3.207400E-15
7377.97283446775  2.971496E-15
7380.93825763273  3.024315E-15
7383.90368079771  3.085024E-15
7386.86910396269  3.094785E-15
7389.83452712767  3.135060E-15
7392.79995029265  3.101879E-15
7395.76537345763  3.171579E-15
7398.73079662261  3.158469E-15
7401.69621978758  3.099176E-15
7404.66164295256  3.124615E-15
7407.62706611754  3.194596E-15
7410.59248928252  3.188951E-15
7413.5579124475  3.086903E-15
7416.52333561248  3.048818E-15
7419.48875877746  3.023125E-15
7422.45418194244  2.893652E-15
7425.41960510742  2.958029E-15
7428.3850282724  2.952497E-15
7431.35045143738  3.061740E-15
7434.31587460235  3.035231E-15
7437.28129776733  3.084277E-15
7440.24672093231  3.032920E-15
7443.21214409729  3.002609E-15
7446.17756726227  2.974276E-15
7449.14299042725  2.986560E-15
7452.10841359223  3.096459E-15
7455.07383675721  3.021603E-15
7458.03925992219  3.017091E-15
7461.00468308717  2.932153E-15
7463.97010625214  2.926201E-15
7466.93552941712  2.842402E-15
7469.9009525821  2.850083E-15
7472.86637574708  2.920011E-15
7475.83179891206  2.921329E-15
7478.79722207704  2.845246E-15
7481.76264524202  2.871915E-15
7484.728068407  3.002490E-15
7487.69349157197  2.956957E-15
7490.65891473695  2.807206E-15
7493.62433790193  2.919328E-15
7496.58976106691  2.994746E-15
7499.55518423189  2.862657E-15
7502.52060739687  2.738955E-15
7505.48603056185  2.295381E-15
7508.45145372683  1.784077E-15
7511.41687689181  1.268745E-15
7514.38230005679  1.020824E-15
7517.34772322177  1.059566E-15
7520.31314638674  1.174581E-15
7523.27856955172  1.433999E-15
7526.2439927167  1.775158E-15
7529.20941588168  2.268753E-15
7532.17483904666  2.361559E-15
7535.14026221164  1.995451E-15
7538.10568537662  1.752587E-15
7541.0711085416  1.753198E-15
7544.03653170658  1.803838E-15
7547.00195487156  1.799453E-15
7549.96737803653  1.861841E-15
7552.93280120151  2.074764E-15
7555.89822436649  2.087831E-15
7558.86364753147  2.195513E-15
7561.82907069645  2.256018E-15
7564.79449386143  2.367326E-15
7567.75991702641  2.479758E-15
7570.72534019139  2.474067E-15
7573.69076335637  2.505468E-15
7576.65618652135  2.559057E-15
7579.62160968633  2.712467E-15
7582.5870328513  2.780008E-15
7585.55245601628  2.723885E-15
7588.51787918126  2.816850E-15
7591.48330234624  2.898933E-15
7594.44872551122  2.942243E-15
7597.4141486762  2.947610E-15
7600.37957184118  2.984826E-15
7603.34499500616  2.920543E-15
7606.31041817114  2.889745E-15
7609.27584133611  2.955387E-15
7612.24126450109  3.019728E-15
7615.20668766607  3.103751E-15
7618.17211083105  2.972525E-15
7621.13753399603  2.876803E-15
7624.10295716101  3.024896E-15
7627.06838032599  3.018526E-15
7630.03380349097  2.898710E-15
7632.99922665595  2.888988E-15
7635.96464982092  2.960567E-15
7638.9300729859  2.981151E-15
7641.89549615088  3.050602E-15
7644.86091931586  2.936100E-15
7647.82634248084  2.978441E-15
7650.79176564582  3.049163E-15
7653.7571888108  2.987467E-15
7656.72261197578  2.908604E-15
7659.68803514076  2.964332E-15
7662.65345830574  3.086260E-15
7665.61888147072  3.041204E-15
7668.5843046357  3.017163E-15
7671.54972780067  3.114090E-15
7674.51515096565  2.988166E-15
7677.48057413063  3.076002E-15
7680.44599729561  3.217586E-15
7683.41142046059  3.209080E-15
7686.37684362557  3.210789E-15
7689.34226679055  3.213236E-15
7692.30768995553  3.099031E-15
7695.27311312051  3.075673E-15
7698.23853628548  3.187939E-15
7701.20395945046  3.235997E-15
7704.16938261544  3.138689E-15
7707.13480578042  3.140706E-15
7710.1002289454  3.157195E-15
7713.06565211038  3.053632E-15
7716.03107527536  3.105088E-15
7718.99649844034  3.129118E-15
7721.96192160532  3.067258E-15
7724.9273447703  3.155286E-15
7727.89276793528  3.214941E-15
7730.85819110025  3.179842E-15
7733.82361426523  3.191563E-15
7736.78903743021  3.237986E-15
7739.75446059519  3.206148E-15
7742.71988376017  3.112045E-15
7745.68530692515  3.053368E-15
7748.65073009013  3.070663E-15
7751.61615325511  3.069195E-15
7754.58157642009  3.075979E-15
7757.54699958507  3.211723E-15
7760.51242275004  3.196194E-15
7763.47784591502  3.104890E-15
7766.44326908  3.155596E-15
7769.40869224498  3.337405E-15
7772.37411540996  3.415104E-15
7775.33953857494  3.289152E-15
7778.30496173992  3.125581E-15
7781.2703849049  3.165862E-15
7784.23580806988  3.182387E-15
7787.20123123486  3.288434E-15
7790.16665439984  3.345214E-15
7793.13207756481  3.108578E-15
7796.09750072979  3.134548E-15
7799.06292389477  3.284735E-15
7802.02834705975  3.189398E-15
7804.99377022473  3.200425E-15
7807.95919338971  3.280640E-15
7810.92461655469  3.162738E-15
7813.89003971966  3.145099E-15
7816.85546288465  3.175984E-15
7819.82088604963  3.213059E-15
7822.7863092146  3.171541E-15
7825.75173237958  3.134819E-15
7828.71715554456  3.175821E-15
7831.68257870954  3.221607E-15
7834.64800187452  3.178454E-15
7837.6134250395  3.031801E-15
7840.57884820448  3.025780E-15
7843.54427136946  3.078595E-15
7846.50969453443  2.871773E-15
7849.47511769941  2.938521E-15
7852.44054086439  3.061015E-15
7855.40596402937  3.008871E-15
7858.37138719435  3.024798E-15
7861.33681035933  2.920088E-15
7864.30223352431  2.757660E-15
7867.26765668929  2.670068E-15
7870.23307985427  2.614592E-15
7873.19850301925  2.567788E-15
7876.16392618422  2.632099E-15
7879.1293493492  2.771064E-15
7882.09477251418  2.697135E-15
7885.06019567916  2.668027E-15
7888.02561884414  2.750539E-15
7890.99104200912  2.588797E-15
7893.9564651741  2.583654E-15
7896.92188833908  2.501546E-15
7899.88731150406  2.545105E-15
7902.85273466904  2.497466E-15
7905.81815783402  2.467932E-15
7908.78358099899  2.476082E-15
7911.74900416397  2.366059E-15
7914.71442732895  2.287338E-15
7917.67985049393  2.333668E-15
7920.64527365891  2.302952E-15
7923.61069682389  2.188629E-15
7926.57611998887  2.242874E-15
7929.54154315385  2.083406E-15
7932.50696631883  2.234658E-15
7935.4723894838  2.081814E-15
7938.43781264878  2.137977E-15
7941.40323581376  2.232655E-15
7944.36865897874  2.171024E-15
7947.33408214372  2.176194E-15
7950.2995053087  2.180419E-15
7953.26492847368  2.224189E-15
7956.23035163866  2.218797E-15
7959.19577480364  2.172353E-15
7962.16119796862  2.390229E-15
7965.12662113359  2.373041E-15
7968.09204429857  2.339705E-15
7971.05746746355  2.388800E-15
7974.02289062853  2.401980E-15
7976.98831379351  2.434163E-15
7979.95373695849  2.331494E-15
7982.91916012347  2.289147E-15
7985.88458328845  2.284235E-15
7988.85000645343  2.181048E-15
7991.81542961841  2.232927E-15
7994.78085278338  2.306432E-15
7997.74627594836  2.208266E-15
8000.71169911334  2.213948E-15
8003.67712227832  2.265421E-15
8006.6425454433  2.239793E-15
8009.60796860828  2.167226E-15
8012.57339177326  2.265278E-15
8015.53881493824  2.136207E-15
8018.50423810322  2.109282E-15
8021.4696612682  2.077514E-15
8024.43508443317  2.081648E-15
8027.40050759815  2.183011E-15
8030.36593076313  2.191328E-15
8033.33135392811  2.054372E-15
8036.29677709309  1.943679E-15
8039.26220025807  1.913171E-15
8042.22762342305  1.933009E-15
8045.19304658803  1.962732E-15
8048.15846975301  1.930958E-15
8051.12389291799  2.006016E-15
8054.08931608297  1.896038E-15
8057.05473924794  1.972536E-15
8060.02016241292  2.007200E-15
8062.9855855779  2.035599E-15
8065.95100874288  2.058459E-15
8068.91643190786  1.946628E-15
8071.88185507284  1.939644E-15
8074.84727823782  1.916542E-15
8077.8127014028  1.920082E-15
8080.77812456778  2.042987E-15
8083.74354773276  1.991497E-15
8086.70897089773  2.011695E-15
8089.67439406271  2.052826E-15
8092.63981722769  2.087974E-15
8095.60524039267  1.895973E-15
8098.57066355765  2.043773E-15
8101.53608672263  2.109987E-15
8104.50150988761  2.046610E-15
8107.46693305259  2.176580E-15
8110.43235621757  2.341531E-15
8113.39777938254  2.325757E-15
8116.36320254752  2.299381E-15
8119.3286257125  2.326408E-15
8122.29404887748  2.315446E-15
8125.25947204246  2.315567E-15
8128.22489520744  2.222523E-15
8131.19031837242  1.997737E-15
8134.1557415374  2.055692E-15
8137.12116470238  2.258998E-15
8140.08658786736  2.382260E-15
8143.05201103234  2.302263E-15
8146.01743419731  2.207421E-15
8148.98285736229  2.261909E-15
8151.94828052727  2.336406E-15
8154.91370369225  2.378349E-15
8157.87912685723  2.396293E-15
8160.84455002221  2.350220E-15
8163.80997318719  2.370841E-15
8166.77539635217  2.351461E-15
8169.74081951715  2.440856E-15
8172.70624268212  2.447981E-15
8175.6716658471  2.434811E-15
8178.63708901208  2.332324E-15
8181.60251217706  2.304563E-15
8184.56793534204  2.395925E-15
8187.53335850702  2.338180E-15
8190.498781672  2.412109E-15
8193.46420483698  2.463686E-15
8196.42962800196  2.353105E-15
8199.39505116694  2.313484E-15
8202.36047433192  2.311080E-15
8205.3258974969  2.295637E-15
8208.29132066187  2.416080E-15
8211.25674382685  2.485879E-15
8214.22216699183  2.365959E-15
8217.18759015681  2.370705E-15
8220.15301332179  2.385770E-15
8223.11843648677  2.259779E-15
8226.08385965175  2.343395E-15
8229.04928281672  2.442596E-15
8232.0147059817  2.421393E-15
8234.98012914668  2.376940E-15
8237.94555231166  2.365464E-15
8240.91097547664  2.373299E-15
8243.87639864162  2.407505E-15
8246.8418218066  2.376173E-15
8249.80724497158  2.317111E-15
8252.77266813656  2.365703E-15
8255.73809130154  2.208381E-15
8258.70351446651  2.413152E-15
8261.66893763149  2.293612E-15
8264.63436079647  2.422906E-15
8267.59978396145  2.417496E-15
8270.56520712643  2.403180E-15
8273.53063029141  2.460205E-15
8276.49605345639  2.390948E-15
8279.46147662137  2.362899E-15
8282.42689978635  2.417499E-15
8285.39232295133  2.482113E-15
8288.35774611631  2.552136E-15
8291.32316928128  2.435313E-15
8294.28859244626  2.321000E-15
8297.25401561124  2.302817E-15
8300.21943877622  2.282900E-15
8303.1848619412  2.367596E-15
8306.15028510618  2.492430E-15
8309.11570827116  2.386429E-15
8312.08113143614  2.527247E-15
8315.04655460112  2.388640E-15
8318.01197776609  2.362524E-15
8320.97740093107  2.515884E-15
8323.94282409605  2.663367E-15
8326.90824726103  2.733388E-15
8329.87367042601  2.598709E-15
8332.83909359099  2.796544E-15
8335.80451675597  2.808429E-15
8338.76993992095  2.634317E-15
8341.73536308593  2.562514E-15
8344.70078625091  2.523781E-15
8347.66620941589  2.552681E-15
8350.63163258086  2.607154E-15
8353.59705574584  2.824144E-15
8356.56247891082  2.706872E-15
8359.5279020758  2.522639E-15
8362.49332524078  2.530787E-15
8365.45874840576  2.551362E-15
8368.42417157074  2.558985E-15
8371.38959473572  2.562277E-15
8374.3550179007  2.715978E-15
8377.32044106567  2.805130E-15
8380.28586423065  2.766950E-15
8383.25128739563  2.666077E-15
8386.21671056061  2.473773E-15
8389.18213372559  2.554943E-15
8392.14755689057  2.486204E-15
8395.11298005555  2.428933E-15
8398.07840322053  2.431383E-15
8401.04382638551  2.550021E-15
8404.00924955049  2.633889E-15
8406.97467271547  2.641936E-15
8409.94009588044  2.670589E-15
8412.90551904542  2.607685E-15
8415.8709422104  2.645413E-15
8418.83636537538  2.811053E-15
8421.80178854036  2.722578E-15
8424.76721170534  2.616921E-15
8427.73263487032  2.750241E-15
8430.6980580353  2.579024E-15
8433.66348120028  2.758731E-15
8436.62890436526  2.747532E-15
8439.59432753023  2.687276E-15
8442.55975069521  2.773441E-15
8445.52517386019  2.723085E-15
8448.49059702517  2.594400E-15
8451.45602019015  2.733336E-15
8454.42144335513  2.746508E-15
8457.38686652011  2.857145E-15
8460.35228968509  2.851082E-15
8463.31771285007  2.666083E-15
8466.28313601505  2.546878E-15
8469.24855918003  2.663482E-15
8472.213982345  2.768538E-15
8475.17940550998  2.761036E-15
8478.14482867496  2.626589E-15
8481.11025183994  2.653970E-15
8484.07567500492  2.605514E-15
8487.0410981699  2.481012E-15
8490.00652133488  2.625295E-15
8492.97194449986  2.771045E-15
8495.93736766484  2.644701E-15
8498.90279082981  2.562502E-15
8501.86821399479  2.597273E-15
8504.83363715977  2.602130E-15
8507.79906032475  2.599310E-15
8510.76448348973  2.689397E-15
8513.72990665471  2.450179E-15
8516.69532981969  2.646801E-15
8519.66075298467  2.645840E-15
8522.62617614965  2.676844E-15
8525.59159931463  2.669606E-15
8528.55702247961  2.696629E-15
8531.52244564458  2.643781E-15
8534.48786880956  2.698844E-15
8537.45329197454  2.794620E-15
8540.41871513952  2.755540E-15
8543.3841383045  2.697258E-15
8546.34956146948  2.732543E-15
8549.31498463446  2.693150E-15
8552.28040779944  2.686096E-15
8555.24583096442  2.633766E-15
8558.21125412939  2.558142E-15
8561.17667729437  2.499035E-15
8564.14210045935  2.590378E-15
8567.10752362433  2.446525E-15
8570.07294678931  2.422568E-15
8573.03836995429  2.513127E-15
8576.00379311927  2.464854E-15
8578.96921628425  2.567341E-15
8581.93463944923  2.570254E-15
8584.90006261421  2.623731E-15
8587.86548577919  2.699076E-15
8590.83090894416  2.538403E-15
8593.79633210914  2.517136E-15
8596.76175527412  2.542266E-15
8599.7271784391  2.646045E-15
8602.69260160408  2.707399E-15
8605.65802476906  2.548983E-15
8608.62344793404  2.527367E-15
8611.58887109902  2.669444E-15
8614.55429426399  2.484103E-15
8617.51971742897  2.294624E-15
8620.48514059395  2.426072E-15
8623.45056375893  2.561141E-15
8626.41598692391  2.527049E-15
8629.38141008889  2.360406E-15
8632.34683325387  2.503617E-15
8635.31225641885  2.394919E-15
8638.27767958383  2.299709E-15
8641.24310274881  2.411535E-15
8644.20852591379  2.598101E-15
8647.17394907876  2.537076E-15
8650.13937224374  2.437066E-15
8653.10479540872  2.350310E-15
8656.0702185737  2.326535E-15
8659.03564173868  2.409707E-15
8662.00106490366  2.441301E-15
8664.96648806864  2.323561E-15
8667.93191123362  2.246393E-15
8670.8973343986  2.230933E-15
8673.86275756357  2.170736E-15
8676.82818072855  2.442627E-15
8679.79360389353  2.443602E-15
8682.75902705851  2.357434E-15
8685.72445022349  2.404730E-15
8688.68987338847  2.436277E-15
8691.65529655345  2.381944E-15
8694.62071971843  2.292024E-15
8697.58614288341  2.245078E-15
8700.55156604839  2.259758E-15
8703.51698921337  2.322739E-15
8706.48241237834  2.280746E-15
8709.44783554332  2.142143E-15
8712.4132587083  2.200460E-15
8715.37868187328  2.306419E-15
8718.34410503826  2.234812E-15
8721.30952820324  2.221705E-15
8724.27495136822  1.934494E-15
8727.2403745332  2.150599E-15
8730.20579769818  2.123836E-15
8733.17122086316  2.162298E-15
8736.13664402813  2.080811E-15
8739.10206719311  2.185502E-15
8742.06749035809  2.104690E-15
8745.03291352307  2.154829E-15
8747.99833668805  2.284226E-15
8750.96375985303  2.243082E-15
8753.92918301801  2.232638E-15
8756.89460618299  2.199636E-15
8759.86002934797  2.261182E-15
8762.82545251295  2.267211E-15
8765.79087567792  2.342419E-15
8768.7562988429  2.056201E-15
8771.72172200788  2.143696E-15
8774.68714517286  2.312932E-15
8777.65256833784  1.882212E-15
8780.61799150282  1.987649E-15
8783.5834146678  2.213770E-15
8786.54883783278  2.115087E-15
8789.51426099776  2.092290E-15
8792.47968416274  2.306001E-15
8795.44510732771  2.056819E-15
8798.41053049269  2.151570E-15
8801.37595365767  2.170103E-15
8804.34137682265  2.275687E-15
8807.30679998763  2.222259E-15
8810.27222315261  1.837373E-15
8813.23764631759  1.930560E-15
8816.20306948257  1.982397E-15
8819.16849264755  1.991774E-15
8822.13391581253  2.017129E-15
8825.09933897751  1.846436E-15
8828.06476214248  1.961666E-15
8831.03018530746  2.098876E-15
8833.99560847244  2.016987E-15
8836.96103163742  2.037044E-15
8839.9264548024  2.042875E-15
8842.89187796738  1.972342E-15
8845.85730113236  1.957824E-15
8848.82272429734  1.889880E-15
8851.78814746232  1.926610E-15
8854.75357062729  2.022819E-15
8857.71899379227  2.093516E-15
8860.68441695725  1.860817E-15
8863.64984012223  1.990879E-15
8866.61526328721  1.684943E-15
8869.58068645219  1.866648E-15
8872.54610961717  1.905822E-15
8875.51153278215  1.850884E-15
8878.47695594713  1.711124E-15
8881.44237911211  1.571036E-15
8884.40780227709  1.560478E-15
8887.37322544206  1.628595E-15
8890.33864860704  1.744537E-15
8893.30407177202  1.810581E-15
8896.269494937  1.765932E-15
8899.23491810198  1.673480E-15
8902.20034126696  1.806713E-15
8905.16576443194  1.821712E-15
8908.13118759692  1.844529E-15
8911.0966107619  1.787434E-15
8914.06203392687  1.883429E-15
8917.02745709185  1.761975E-15
8919.99288025683  1.760202E-15
8922.95830342181  1.749018E-15
8925.92372658679  1.823043E-15
8928.88914975177  1.754606E-15
8931.85457291675  1.853168E-15
8934.81999608173  1.926693E-15
8937.78541924671  1.712624E-15
8940.75084241169  1.707209E-15
8943.71626557667  1.733895E-15
8946.68168874164  1.735453E-15
8949.64711190662  1.614363E-15
8952.6125350716  1.741891E-15
8955.57795823658  1.827742E-15
8958.54338140156  1.768999E-15
8961.50880456654  1.614310E-15
8964.47422773152  1.505713E-15
8967.4396508965  1.655363E-15
8970.40507406148  1.635865E-15
8973.37049722646  1.556579E-15
8976.33592039143  1.615085E-15
8979.30134355641  1.547828E-15
8982.26676672139  1.518498E-15
8985.23218988637  1.533169E-15
8988.19761305135  1.642971E-15
8991.16303621633  1.789053E-15
8994.12845938131  1.473778E-15
8997.09388254629  1.467703E-15
9000.05930571126  1.556373E-15
9003.02472887624  1.911124E-15
9005.99015204122  1.750811E-15
9008.9555752062  1.551253E-15
9011.92099837118  1.691342E-15
9014.88642153616  1.897305E-15
9017.85184470114  1.601645E-15
9020.81726786612  1.432078E-15
9023.7826910311  1.457240E-15
9026.74811419608  1.456688E-15
9029.71353736105  1.559143E-15
9032.67896052603  1.661781E-15
9035.64438369101  1.764541E-15
9038.60980685599  1.610998E-15
9041.57523002097  1.349064E-15
9044.54065318595  1.718227E-15
9047.50607635093  1.757251E-15
9050.47149951591  1.546816E-15
9053.43692268089  1.514890E-15
9056.40234584587  1.706110E-15
9059.36776901084  1.661137E-15
9062.33319217582  1.436590E-15
9065.2986153408  1.320777E-15
9068.26403850578  1.632645E-15
9071.22946167076  1.679072E-15
9074.19488483574  1.566440E-15
9077.16030800072  1.586053E-15
9080.1257311657  1.556305E-15
9083.09115433068  1.647187E-15
9086.05657749566  1.660723E-15
9089.02200066064  1.572535E-15
9091.98742382561  1.666052E-15
9094.95284699059  1.835717E-15
9097.91827015557  1.610984E-15
9100.88369332055  1.678968E-15
9103.84911648553  1.667273E-15
9106.81453965051  1.686476E-15
9109.77996281549  1.383989E-15
9112.74538598047  1.562486E-15
9115.71080914545  1.721259E-15
9118.67623231042  1.458728E-15
9121.6416554754  1.550253E-15
9124.60707864038  1.630429E-15
9127.57250180536  1.430917E-15
9130.53792497034  1.311385E-15
9133.50334813532  1.365972E-15
