      3279.91 -9.53912e-17  2.37517e-16
      3281.50  1.89486e-16  2.37444e-16
      3283.09  1.39706e-16  2.41440e-16
      3284.68 -4.37321e-16  2.28376e-16
      3286.27  7.98509e-17  2.30418e-16
      3287.86  1.25472e-16  2.18865e-16
      3289.45  8.11560e-17  2.12481e-16
      3291.04  1.62718e-16  2.16892e-16
      3292.62 -1.62110e-16  2.17372e-16
      3294.21  1.80649e-16  2.23452e-16
      3295.80  2.12754e-16  2.30591e-16
      3297.38  1.87207e-16  2.28727e-16
      3298.97  1.05058e-17  2.25133e-16
      3300.56  4.12435e-16  2.21137e-16
      3302.14  2.40797e-16  2.07180e-16
      3303.73  3.38623e-16  2.12835e-16
      3305.31  2.02573e-16  2.18151e-16
      3306.90 -1.09643e-16  2.15086e-16
      3308.48  2.32831e-16  2.18344e-16
      3310.07 -3.90297e-17  2.15102e-16
      3311.65 -1.96553e-16  1.95866e-16
      3313.23  3.69268e-17  1.91352e-16
      3314.82  8.42954e-18  1.98880e-16
      3316.40  2.44069e-16  2.13709e-16
      3317.98  3.15241e-17  2.13995e-16
      3319.57  1.30731e-16  2.03728e-16
      3321.15  1.43400e-16  2.06975e-16
      3322.73  6.65501e-17  2.02844e-16
      3324.31 -2.40430e-17  2.01419e-16
      3325.90  1.17959e-16  2.02772e-16
      3327.48  1.80399e-16  2.06447e-16
      3329.06 -5.91857e-18  2.13011e-16
      3330.64 -7.49955e-18  2.06611e-16
      3332.22  1.13335e-16  1.99880e-16
      3333.81 -1.17058e-16  1.97517e-16
      3335.39  1.12922e-16  1.98737e-16
      3336.97 -1.53313e-16  2.10860e-16
      3338.55 -6.89306e-17  2.05436e-16
      3340.13  4.42528e-16  2.08933e-16
      3341.71  1.31650e-16  1.98908e-16
      3343.29  6.21562e-18  1.97794e-16
      3344.87  2.61118e-16  1.92705e-16
      3346.45  2.56891e-16  1.86673e-16
      3348.04  2.04419e-16  1.95648e-16
      3349.62 -8.80116e-17  1.98161e-16
      3351.20  4.25543e-16  2.06153e-16
      3352.78  1.40331e-16  2.04705e-16
      3354.36  1.82557e-16  1.99293e-16
      3355.94  9.01251e-17  1.97790e-16
      3357.52  5.14851e-16  2.00184e-16
      3359.10  2.87040e-16  1.93107e-16
      3360.68  4.20923e-16  1.92803e-16
      3362.26  2.95256e-16  1.92397e-16
      3363.84  3.29713e-16  1.95906e-16
      3365.42  3.55469e-16  1.88511e-16
      3367.00  1.59157e-16  1.82647e-16
      3368.59  1.13185e-16  1.84182e-16
      3370.17  3.72320e-16  1.94394e-16
      3371.75 -7.23030e-17  1.92004e-16
      3373.33  4.04750e-17  1.92514e-16
      3374.91  1.71508e-16  1.86946e-16
      3376.49  9.45254e-17  1.85794e-16
      3378.07  1.11169e-16  1.87017e-16
      3379.65  4.90465e-16  1.89143e-16
      3381.24  2.89239e-16  1.92690e-16
      3382.82  3.25673e-16  1.94705e-16
      3384.40 -3.43112e-17  1.83802e-16
      3385.98  7.70529e-17  1.83612e-16
      3387.57  2.21685e-16  1.85470e-16
      3389.15  4.66944e-16  1.88137e-16
      3390.73  4.08739e-16  1.81777e-16
      3392.31  2.50797e-16  1.70287e-16
      3393.90 -1.52944e-16  1.52371e-16
      3395.48  5.02868e-16  1.66612e-16
      3397.06  2.13288e-16  1.62695e-16
      3398.65  3.31327e-16  1.64191e-16
      3400.23  3.86864e-16  1.72412e-16
      3401.81  1.37582e-16  1.72439e-16
      3403.40  3.01500e-16  1.76460e-16
      3404.98  9.34111e-17  1.67912e-16
      3406.57  4.08956e-16  1.75139e-16
      3408.15  6.24916e-16  1.76616e-16
      3409.74  9.36399e-17  1.67124e-16
      3411.33  1.04059e-16  1.56416e-16
      3412.91  5.52528e-16  1.67790e-16
      3414.50  3.55798e-16  1.64238e-16
      3416.08  3.29410e-16  1.67581e-16
      3417.67  4.22405e-16  1.65325e-16
      3419.26  1.73310e-16  1.64784e-16
      3420.85  3.26400e-16  1.64863e-16
      3422.43  3.42818e-16  1.66625e-16
      3424.02  3.70638e-16  1.59088e-16
      3425.61  2.11004e-16  1.50340e-16
      3427.20  1.95672e-16  1.45944e-16
      3428.79  3.09823e-16  1.52194e-16
      3430.38  4.56336e-16  1.59490e-16
      3431.97  1.49338e-16  1.55973e-16
      3433.56  1.33763e-16  1.52178e-16
      3435.15  2.76045e-16  1.49983e-16
      3436.74  2.63395e-16  1.49772e-16
      3438.33  2.27387e-16  1.53162e-16
      3439.93  4.44347e-16  1.51216e-16
      3441.52  3.02952e-16  1.40722e-16
      3443.11  3.03380e-16  1.41003e-16
      3444.71  2.76661e-16  1.45181e-16
      3446.30  3.35939e-16  1.41187e-16
      3447.90  2.80215e-16  1.37393e-16
      3449.49  4.27798e-16  1.47460e-16
      3451.09  4.22502e-16  1.51266e-16
      3452.68  3.91919e-16  1.51176e-16
      3454.28  4.64125e-16  1.51407e-16
      3455.88  3.44637e-16  1.44584e-16
      3457.47  2.79590e-16  1.42318e-16
      3459.07  3.52310e-16  1.47295e-16
      3460.67  2.71067e-16  1.42493e-16
      3462.27  3.16241e-16  1.40406e-16
      3463.87  4.37328e-16  1.36927e-16
      3465.47  5.68365e-16  1.36730e-16
      3467.07  5.03743e-16  1.44748e-16
      3468.67  3.17376e-16  1.48105e-16
      3470.27  4.98136e-16  1.41618e-16
      3471.88  2.28782e-16  1.36329e-16
      3473.48  5.74629e-16  1.36608e-16
      3475.08  3.56194e-16  1.26570e-16
      3476.69  3.67478e-16  1.28315e-16
      3478.29  7.03075e-16  1.35427e-16
      3479.90  3.67708e-16  1.39552e-16
      3481.51  5.30029e-16  1.37299e-16
      3483.11  4.89870e-16  1.34549e-16
      3484.72  6.20074e-16  1.39890e-16
      3486.33  4.68804e-16  1.41873e-16
      3487.94  3.58451e-16  1.40055e-16
      3489.55  3.64395e-16  1.40911e-16
      3491.16  5.26564e-16  1.43025e-16
      3492.77  6.63110e-16  1.42698e-16
      3494.38  7.00624e-16  1.43229e-16
      3496.00  5.53421e-16  1.40073e-16
      3497.61  4.35531e-16  1.38508e-16
      3499.22  5.10837e-16  1.36927e-16
      3500.84  7.93953e-16  1.40584e-16
      3502.45  4.90371e-16  1.34050e-16
      3504.07  5.60464e-16  1.33376e-16
      3505.69  4.19068e-16  1.30979e-16
      3507.31  7.22903e-16  1.33844e-16
      3508.92  5.23525e-16  1.32672e-16
      3510.54  5.50009e-16  1.33416e-16
      3512.16  7.75010e-16  1.38705e-16
      3513.79  5.63682e-16  1.30319e-16
      3515.41  5.45780e-16  1.21654e-16
      3517.03  5.15796e-16  1.22656e-16
      3518.65  6.02849e-16  1.21379e-16
      3520.28  4.65579e-16  1.18294e-16
      3521.90  5.69401e-16  1.25608e-16
      3523.53  5.74044e-16  1.30959e-16
      3525.16  6.72037e-16  1.32473e-16
      3526.79  6.98935e-16  1.29307e-16
      3528.41  8.31365e-16  1.24046e-16
      3530.04  7.19343e-16  1.18582e-16
      3531.67  7.01907e-16  1.15788e-16
      3533.31  6.13653e-16  1.12835e-16
      3534.94  9.67588e-16  1.13820e-16
      3536.57  7.37342e-16  1.15122e-16
      3538.20  7.75035e-16  1.19472e-16
      3539.84  9.65039e-16  1.28976e-16
      3541.47  9.42114e-16  1.29212e-16
      3543.11  1.06111e-15  1.28538e-16
      3544.75  8.20403e-16  1.29227e-16
      3546.38  7.58572e-16  1.31306e-16
      3548.02  9.16254e-16  1.30301e-16
      3549.66  9.48680e-16  1.31087e-16
      3551.30  9.08552e-16  1.26897e-16
      3552.94  1.02315e-15  1.23513e-16
      3554.58  1.07412e-15  1.22328e-16
      3556.22  1.20181e-15  1.22367e-16
      3557.87  9.77781e-16  1.15493e-16
      3559.51  8.96642e-16  1.19463e-16
      3561.16  1.12035e-15  1.28141e-16
      3562.80  1.10822e-15  1.29122e-16
      3564.45  1.20047e-15  1.31717e-16
      3566.09  9.77284e-16  1.24392e-16
      3567.74  1.07660e-15  1.15600e-16
      3569.39  1.26596e-15  1.22828e-16
      3571.04  1.25901e-15  1.28301e-16
      3572.69  1.12181e-15  1.29018e-16
      3574.34  1.29948e-15  1.32358e-16
      3575.99  9.58430e-16  1.33707e-16
      3577.64  1.14240e-15  1.29721e-16
      3579.29  9.71135e-16  1.22406e-16
      3580.95  1.21878e-15  1.22143e-16
      3582.60  1.20353e-15  1.22666e-16
      3584.25  1.21327e-15  1.26862e-16
      3585.91  1.17397e-15  1.27746e-16
      3587.56  1.34460e-15  1.31744e-16
      3589.22  1.27456e-15  1.32791e-16
      3590.88  1.21945e-15  1.32205e-16
      3592.54  1.61784e-15  1.35039e-16
      3594.20  1.41063e-15  1.29844e-16
      3595.86  1.44790e-15  1.37377e-16
      3597.52  1.27428e-15  1.61164e-16
      3599.18  1.61437e-15  1.72047e-16
      3600.84  1.33467e-15  1.55912e-16
      3602.50  1.56558e-15  1.56154e-16
      3604.16  1.54732e-15  1.51116e-16
      3605.83  1.62953e-15  1.40460e-16
      3607.49  1.42217e-15  1.36876e-16
      3609.16  1.34608e-15  1.39800e-16
      3610.82  1.52249e-15  1.48330e-16
      3612.49  1.73419e-15  1.44150e-16
      3614.15  1.48366e-15  1.31408e-16
      3615.82  1.41791e-15  1.27124e-16
      3617.49  1.66745e-15  1.27752e-16
      3619.16  1.52930e-15  1.26574e-16
      3620.83  1.52249e-15  1.27301e-16
      3622.50  1.50668e-15  1.31463e-16
      3624.17  1.48366e-15  1.25664e-16
      3625.84  1.38234e-15  1.19067e-16
      3627.51  1.54239e-15  1.20268e-16
      3629.18  1.35867e-15  1.18423e-16
      3630.86  1.38742e-15  1.18295e-16
      3632.53  1.32047e-15  1.17873e-16
      3634.21  1.37003e-15  1.15393e-16
      3635.88  1.50668e-15  1.16160e-16
      3637.56  1.17610e-15  1.16531e-16
      3639.23  1.47260e-15  1.23100e-16
      3640.91  1.52394e-15  1.23151e-16
      3642.59  1.24520e-15  1.17320e-16
      3644.26  1.33094e-15  1.18011e-16
      3645.94  1.23634e-15  1.20172e-16
      3647.62  1.22462e-15  1.20342e-16
      3649.30  1.23002e-15  1.17777e-16
      3650.98  1.24510e-15  1.15233e-16
      3652.66  1.31632e-15  1.10669e-16
      3654.34  1.00519e-15  1.05332e-16
      3656.03  1.31742e-15  1.07444e-16
      3657.71  9.47655e-16  1.07581e-16
      3659.39  1.11859e-15  1.13864e-16
      3661.08  1.01552e-15  1.15335e-16
      3662.76  1.17161e-15  1.16161e-16
      3664.45  1.20597e-15  1.14449e-16
      3666.13  1.05249e-15  1.05251e-16
      3667.82  1.08989e-15  1.00745e-16
      3669.50  1.01707e-15  9.85738e-17
      3671.19  1.10677e-15  1.05374e-16
      3672.88  1.00297e-15  1.08880e-16
      3674.57  9.10047e-16  1.06890e-16
      3676.26  1.13423e-15  1.08889e-16
      3677.94  9.39357e-16  1.05110e-16
      3679.63  8.70038e-16  1.00480e-16
      3681.32  1.00687e-15  9.34791e-17
      3683.02  1.01402e-15  9.22036e-17
      3684.71  9.06787e-16  9.31335e-17
      3686.40  9.40394e-16  1.00344e-16
      3688.09  7.52188e-16  1.05045e-16
      3689.78  1.01394e-15  1.03533e-16
      3691.48  8.67444e-16  9.55348e-17
      3693.17  1.02360e-15  9.40385e-17
      3694.87  9.03714e-16  9.04567e-17
      3696.56  7.72810e-16  8.89337e-17
      3698.26  9.44671e-16  9.65723e-17
      3699.95  9.99183e-16  1.03139e-16
      3701.65  8.73934e-16  1.05495e-16
      3703.34  9.37400e-16  1.02908e-16
      3705.04  7.64339e-16  9.67473e-17
      3706.74  8.48490e-16  9.48105e-17
      3708.44  9.74304e-16  9.88020e-17
      3710.14  9.40976e-16  9.68850e-17
      3711.84  9.37420e-16  9.70378e-17
      3713.54  8.63011e-16  9.70930e-17
      3715.24  9.27809e-16  9.55029e-17
      3716.94  8.17715e-16  9.57927e-17
      3718.64  8.86912e-16  9.99216e-17
      3720.34  8.44361e-16  1.02002e-16
      3722.04  1.00536e-15  1.02984e-16
      3723.74  1.01870e-15  1.02540e-16
      3725.45  9.18395e-16  1.02186e-16
      3727.15  8.25456e-16  1.02975e-16
      3728.85  7.51353e-16  1.02416e-16
      3730.56  9.35480e-16  1.05133e-16
      3732.26  9.49872e-16  1.01225e-16
      3733.97  1.09764e-15  9.67526e-17
      3735.67  9.90938e-16  9.48875e-17
      3737.38  9.97516e-16  9.67931e-17
      3739.08  9.89172e-16  9.58675e-17
      3740.79  1.04296e-15  9.38815e-17
      3742.50  9.16763e-16  9.03877e-17
      3744.21  1.16489e-15  9.18557e-17
      3745.91  1.17285e-15  9.18904e-17
      3747.62  1.11589e-15  9.61669e-17
      3749.33  1.34386e-15  1.00350e-16
      3751.04  1.30141e-15  1.00644e-16
      3752.75  1.19725e-15  9.71188e-17
      3754.46  1.18206e-15  9.57581e-17
      3756.17  1.31225e-15  9.98305e-17
      3757.88  1.24065e-15  9.79572e-17
      3759.59  1.27794e-15  9.54674e-17
      3761.30  1.25631e-15  8.99675e-17
      3763.01  1.18878e-15  8.80634e-17
      3764.73  1.24378e-15  9.10315e-17
      3766.44  1.21827e-15  8.65504e-17
      3768.15  1.12608e-15  8.63089e-17
      3769.86  1.30374e-15  8.84868e-17
      3771.58  1.19722e-15  8.31945e-17
      3773.29  1.15418e-15  8.13721e-17
      3775.01  1.20769e-15  8.45994e-17
      3776.72  1.41602e-15  8.60475e-17
      3778.44  1.29014e-15  8.25147e-17
      3780.15  1.27647e-15  8.10118e-17
      3781.87  1.21919e-15  8.12548e-17
      3783.58  1.20637e-15  8.17317e-17
      3785.30  1.10621e-15  7.96918e-17
      3787.02  1.06649e-15  8.07732e-17
      3788.73  1.18184e-15  8.52444e-17
      3790.45  1.10552e-15  8.72177e-17
      3792.17  1.13211e-15  8.79907e-17
      3793.89  1.03155e-15  8.78460e-17
      3795.61  1.09020e-15  8.55432e-17
      3797.32  1.15950e-15  8.59893e-17
      3799.04  1.11565e-15  9.09104e-17
      3800.76  1.11587e-15  8.47382e-17
      3802.48  1.19081e-15  8.39275e-17
      3804.20  1.21657e-15  8.12752e-17
      3805.93  1.12683e-15  7.73920e-17
      3807.65  1.24088e-15  8.39525e-17
      3809.37  1.08116e-15  8.62596e-17
      3811.09  1.18462e-15  8.59634e-17
      3812.81  1.13283e-15  8.52497e-17
      3814.54  1.08708e-15  8.29773e-17
      3816.26  1.23224e-15  8.09030e-17
      3817.98  1.23345e-15  8.10185e-17
      3819.71  1.13575e-15  8.54089e-17
      3821.43  1.25882e-15  8.91772e-17
      3823.15  1.20382e-15  8.41665e-17
      3824.88  1.24088e-15  9.56117e-17
      3826.60  1.25882e-15  6.59267e-17
      3828.33  1.29973e-15  8.07485e-17
      3830.06  1.31163e-15  8.42951e-17
      3831.78  1.34202e-15  8.32142e-17
      3833.51  1.29973e-15  8.24148e-17
      3835.24  1.40968e-15  8.42850e-17
      3836.96  1.42594e-15  8.68312e-17
      3838.69  1.50628e-15  8.88610e-17
      3840.42  1.36647e-15  8.76767e-17
      3842.15  1.43955e-15  8.87083e-17
      3843.88  1.38037e-15  8.79798e-17
      3845.61  1.64265e-15  8.95734e-17
      3847.34  1.47710e-15  8.89570e-17
      3849.07  1.54925e-15  8.82201e-17
      3850.80  1.62312e-15  8.99841e-17
      3852.53  1.66949e-15  9.41503e-17
      3854.26  1.79119e-15  9.83608e-17
      3855.99  1.82673e-15  9.95805e-17
      3857.72  1.75801e-15  1.00373e-16
      3859.46  1.69074e-15  9.80261e-17
      3861.19  1.79908e-15  9.47904e-17
      3862.92  2.01857e-15  9.41138e-17
      3864.66  1.66116e-15  8.79739e-17
      3866.39  1.91531e-15  8.72034e-17
      3868.12  2.09617e-15  8.96956e-17
      3869.86  1.96815e-15  8.79030e-17
      3871.59  1.95400e-15  8.59178e-17
      3873.33  1.95226e-15  8.15510e-17
      3875.07  1.92663e-15  7.78105e-17
      3876.80  2.02092e-15  7.71983e-17
      3878.54  1.93566e-15  7.51619e-17
      3880.27  1.86768e-15  7.36746e-17
      3882.01  2.00021e-15  7.72708e-17
      3883.75  2.09404e-15  8.17384e-17
      3885.49  2.05412e-15  8.30711e-17
      3887.23  2.14755e-15  8.56627e-17
      3888.97  1.98102e-15  8.50795e-17
      3890.70  2.13175e-15  8.75063e-17
      3892.44  2.06446e-15  8.85972e-17
      3894.18  2.14552e-15  8.82397e-17
      3895.92  1.95868e-15  8.82723e-17
      3897.66  2.09593e-15  8.90418e-17
      3899.41  1.98599e-15  8.82171e-17
      3901.15  2.12234e-15  8.75773e-17
      3902.89  1.90279e-15  8.51478e-17
      3904.63  2.13605e-15  8.73254e-17
      3906.37  2.04817e-15  8.37314e-17
      3908.12  2.03302e-15  8.09260e-17
      3909.86  2.18760e-15  7.79043e-17
      3911.60  2.08628e-15  7.33319e-17
      3913.35  1.99916e-15  7.12246e-17
      3915.09  2.01874e-15  7.31468e-17
      3916.84  2.17900e-15  7.77352e-17
      3918.58  2.24407e-15  8.12254e-17
      3920.33  2.13377e-15  8.31157e-17
      3922.07  2.36117e-15  8.71456e-17
      3923.82  2.19912e-15  8.70966e-17
      3925.57  2.13035e-15  8.74125e-17
      3927.31  2.21659e-15  8.78682e-17
      3929.06  2.24817e-15  8.70358e-17
      3930.81  2.16456e-15  8.74762e-17
      3932.56  2.37731e-15  9.02895e-17
      3934.31  2.16712e-15  8.93878e-17
      3936.06  2.32243e-15  9.03595e-17
      3937.81  2.36527e-15  9.05909e-17
      3939.56  2.36838e-15  9.11348e-17
      3941.31  2.34643e-15  9.09170e-17
      3943.06  2.34553e-15  9.24708e-17
      3944.81  2.31117e-15  9.07127e-17
      3946.56  2.46420e-15  9.17010e-17
      3948.31  2.38796e-15  8.95795e-17
      3950.06  2.33764e-15  8.66275e-17
      3951.82  2.41290e-15  8.93224e-17
      3953.57  2.47901e-15  9.18532e-17
      3955.32  2.44862e-15  9.21879e-17
      3957.08  2.41572e-15  9.27774e-17
      3958.83  2.40176e-15  9.15297e-17
      3960.58  2.19045e-15  8.87924e-17
      3962.34  2.33526e-15  9.20751e-17
      3964.09  2.17060e-15  9.39616e-17
      3965.85  2.24950e-15  9.53679e-17
      3967.61  2.27421e-15  9.49938e-17
      3969.36  2.33262e-15  9.35155e-17
      3971.12  2.29952e-15  9.36640e-17
      3972.88  2.33192e-15  9.03823e-17
      3974.63  2.34043e-15  8.88540e-17
      3976.39  2.24526e-15  8.63876e-17
      3978.15  2.30428e-15  8.67820e-17
      3979.91  2.26232e-15  8.91410e-17
      3981.67  2.20232e-15  8.96194e-17
      3983.43  2.27421e-15  8.94116e-17
      3985.19  2.29952e-15  8.98512e-17
      3986.95  2.30428e-15  9.06035e-17
      3988.71  2.10413e-15  1.04886e-16
      3990.47  2.25075e-15  1.18336e-16
      3992.23  2.42160e-15  1.07893e-16
      3993.99  2.21016e-15  9.27240e-17
      3995.76  2.37378e-15  9.04083e-17
      3997.52  2.36730e-15  8.95177e-17
      3999.28  2.32213e-15  8.86601e-17
      4001.04  2.39506e-15  8.70637e-17
      4002.81  2.38784e-15  8.70093e-17
      4004.57  2.34394e-15  8.61688e-17
      4006.34  2.44676e-15  8.46735e-17
      4008.10  2.44532e-15  8.45469e-17
      4009.87  2.40075e-15  8.52388e-17
      4011.63  2.32379e-15  8.67068e-17
      4013.40  2.38939e-15  8.60071e-17
      4015.17  2.40935e-15  8.43428e-17
      4016.93  2.44966e-15  8.57593e-17
      4018.70  2.60613e-15  8.82125e-17
      4020.47  2.51142e-15  9.01901e-17
      4022.24  2.54577e-15  9.10290e-17
      4024.01  2.62573e-15  9.04909e-17
      4025.77  2.57720e-15  8.96282e-17
      4027.54  2.67499e-15  8.81923e-17
      4029.31  2.58773e-15  8.86581e-17
      4031.08  2.60157e-15  9.00096e-17
      4032.85  2.64640e-15  8.87147e-17
      4034.62  2.79940e-15  8.74240e-17
      4036.40  2.67690e-15  8.70962e-17
      4038.17  2.70281e-15  8.67501e-17
      4039.94  2.82061e-15  8.56317e-17
      4041.71  2.69602e-15  8.45066e-17
      4043.49  2.82478e-15  8.26282e-17
      4045.26  2.81574e-15  8.15126e-17
      4047.03  2.95202e-15  8.41042e-17
      4048.81  2.73036e-15  8.47757e-17
      4050.58  2.89661e-15  8.73246e-17
      4052.36  2.91160e-15  8.62020e-17
      4054.13  2.96251e-15  8.66306e-17
      4055.91  2.82670e-15  8.67536e-17
      4057.68  2.83888e-15  8.74424e-17
      4059.46  2.91937e-15  8.77504e-17
      4061.24  2.86060e-15  8.57690e-17
      4063.01  2.92316e-15  8.66502e-17
      4064.79  2.91652e-15  8.58701e-17
      4066.57  2.93764e-15  8.62676e-17
      4068.35  2.87744e-15  8.55389e-17
      4070.13  2.88515e-15  8.47054e-17
      4071.90  2.83173e-15  8.50209e-17
      4073.68  2.82847e-15  8.49520e-17
      4075.46  2.81577e-15  8.46320e-17
      4077.24  3.02199e-15  8.61563e-17
      4079.02  2.92904e-15  8.62927e-17
      4080.81  2.82037e-15  8.67084e-17
      4082.59  2.90213e-15  8.75172e-17
      4084.37  2.84204e-15  8.45437e-17
      4086.15  2.73637e-15  8.19118e-17
      4087.93  2.79424e-15  8.31156e-17
      4089.72  2.85589e-15  8.40814e-17
      4091.50  2.82171e-15  8.46422e-17
      4093.28  2.68009e-15  8.44360e-17
      4095.07  2.74369e-15  8.45158e-17
      4096.85  2.93377e-15  8.38540e-17
      4098.64  2.70628e-15  8.17783e-17
      4100.42  2.65845e-15  8.22187e-17
      4102.21  2.76081e-15  8.33733e-17
      4103.99  2.73150e-15  8.39564e-17
      4105.78  2.65683e-15  8.53131e-17
      4107.57  2.78007e-15  8.58746e-17
      4109.35  2.60097e-15  8.25080e-17
      4111.14  2.78977e-15  8.27403e-17
      4112.93  2.70353e-15  8.08505e-17
      4114.72  2.62440e-15  7.91102e-17
      4116.50  2.67037e-15  7.93176e-17
      4118.29  2.67206e-15  7.95604e-17
      4120.08  2.60420e-15  8.00120e-17
      4121.87  2.65347e-15  8.02992e-17
      4123.66  2.49924e-15  7.86856e-17
      4125.45  2.61207e-15  8.05181e-17
      4127.24  2.67463e-15  7.97320e-17
      4129.03  2.50022e-15  7.78072e-17
      4130.83  2.49432e-15  7.77251e-17
      4132.62  2.56133e-15  7.88391e-17
      4134.41  2.53058e-15  7.96533e-17
      4136.20  2.65476e-15  7.90336e-17
      4138.00  2.61144e-15  7.70020e-17
      4139.79  2.67639e-15  7.67907e-17
      4141.58  2.46345e-15  7.55376e-17
      4143.38  2.51288e-15  7.70706e-17
      4145.17  2.51509e-15  7.71964e-17
      4146.97  2.59212e-15  7.84950e-17
      4148.76  2.64141e-15  7.91494e-17
      4150.56  2.63414e-15  7.93797e-17
      4152.35  2.68912e-15  7.96754e-17
      4154.15  2.59675e-15  7.98505e-17
      4155.94  2.62284e-15  7.77442e-17
      4157.74  2.78104e-15  7.78378e-17
      4159.54  2.68180e-15  7.77414e-17
      4161.34  2.66406e-15  7.87725e-17
      4163.13  2.75852e-15  7.81722e-17
      4164.93  2.64140e-15  7.59347e-17
      4166.73  2.78106e-15  7.38218e-17
      4168.53  2.65652e-15  7.33801e-17
      4170.33  2.84896e-15  7.70342e-17
      4172.13  2.74228e-15  7.89204e-17
      4173.93  2.77987e-15  7.79108e-17
      4175.73  2.58609e-15  7.59895e-17
      4177.53  2.56759e-15  7.50465e-17
      4179.33  2.61114e-15  7.56493e-17
      4181.13  2.57548e-15  7.56803e-17
      4182.94  2.48193e-15  7.45496e-17
      4184.74  2.43301e-15  7.50246e-17
      4186.54  2.53203e-15  7.78178e-17
      4188.34  2.42665e-15  7.72747e-17
      4190.15  2.49230e-15  7.77248e-17
      4191.95  2.50423e-15  7.36769e-17
      4193.75  2.52003e-15  7.38060e-17
      4195.56  2.48012e-15  7.36302e-17
      4197.36  2.35547e-15  7.34521e-17
      4199.17  2.47393e-15  7.32348e-17
      4200.97  2.43052e-15  7.12610e-17
      4202.78  2.48523e-15  7.22546e-17
      4204.59  2.40045e-15  7.22336e-17
      4206.39  2.30340e-15  7.19097e-17
      4208.20  2.37492e-15  7.17222e-17
      4210.01  2.22924e-15  6.99074e-17
      4211.81  2.26583e-15  6.80263e-17
      4213.62  2.18603e-15  6.77331e-17
      4215.43  2.22765e-15  6.86996e-17
      4217.24  2.09895e-15  6.98815e-17
      4219.05  2.13661e-15  7.02095e-17
      4220.86  2.27508e-15  6.99566e-17
      4222.67  2.00958e-15  6.85141e-17
      4224.47  2.06485e-15  6.85334e-17
      4226.28  2.09716e-15  6.77466e-17
      4228.10  2.13961e-15  6.74000e-17
      4229.91  1.97446e-15  6.54337e-17
      4231.72  2.08942e-15  6.65991e-17
      4233.53  1.91200e-15  6.64478e-17
      4235.34  2.04591e-15  6.66954e-17
      4237.15  1.98118e-15  6.50676e-17
      4238.97  2.06288e-15  6.34357e-17
      4240.78  1.97606e-15  6.20073e-17
      4242.59  2.00394e-15  6.19284e-17
      4244.41  1.82337e-15  6.14441e-17
      4246.22  1.91505e-15  6.18156e-17
      4248.03  1.91317e-15  6.08966e-17
      4249.85  1.86582e-15  6.01592e-17
      4251.66  1.91576e-15  6.27721e-17
      4253.48  1.81671e-15  6.59142e-17
      4255.29  1.76778e-15  6.78841e-17
      4257.11  1.81782e-15  6.86587e-17
      4258.93  1.73813e-15  6.83139e-17
      4260.74  1.82888e-15  6.86410e-17
      4262.56  1.75003e-15  6.51940e-17
      4264.38  1.71594e-15  6.27180e-17
      4266.19  1.76414e-15  6.32840e-17
      4268.01  1.72043e-15  6.45138e-17
      4269.83  1.70146e-15  6.49692e-17
      4271.65  1.60946e-15  6.50915e-17
      4273.47  1.69248e-15  6.47967e-17
      4275.29  1.61999e-15  6.42727e-17
      4277.11  1.64369e-15  6.26547e-17
      4278.93  1.49682e-15  6.00644e-17
      4280.75  1.64377e-15  6.06420e-17
      4282.57  1.61750e-15  6.23723e-17
      4284.39  1.57017e-15  6.41036e-17
      4286.21  1.57932e-15  6.66650e-17
      4288.03  1.66455e-15  6.81148e-17
      4289.85  1.62886e-15  6.48230e-17
      4291.67  1.56860e-15  6.26791e-17
      4293.50  1.62546e-15  6.52368e-17
      4295.32  1.60695e-15  8.22858e-17
      4297.14  1.67768e-15  1.08525e-16
      4298.97  1.75627e-15  1.06108e-16
      4300.79  1.76537e-15  8.37141e-17
      4302.61  1.77838e-15  7.08951e-17
      4304.44  1.54800e-15  6.68888e-17
      4306.26  1.65936e-15  6.63803e-17
      4308.09  1.64909e-15  6.51212e-17
      4309.91  1.72166e-15  6.58274e-17
      4311.74  1.73196e-15  6.51615e-17
      4313.56  1.86487e-15  6.59498e-17
      4315.39  1.87186e-15  6.59494e-17
      4317.22  1.91776e-15  6.54017e-17
      4319.04  1.93182e-15  6.47252e-17
      4320.87  1.90673e-15  6.28883e-17
      4322.70  1.87316e-15  6.03539e-17
      4324.53  1.90363e-15  6.11780e-17
      4326.35  1.94929e-15  6.30214e-17
      4328.18  1.88421e-15  6.26359e-17
      4330.01  1.90713e-15  6.35000e-17
      4331.84  1.95601e-15  6.36018e-17
      4333.67  1.93635e-15  6.29225e-17
      4335.50  1.98321e-15  6.36557e-17
      4337.33  1.95188e-15  6.42234e-17
      4339.16  1.97472e-15  6.42246e-17
      4340.99  1.99497e-15  6.38331e-17
      4342.82  2.02544e-15  6.27403e-17
      4344.65  2.11708e-15  6.36439e-17
      4346.49  2.06362e-15  6.37604e-17
      4348.32  2.12723e-15  6.43168e-17
      4350.15  2.28543e-15  6.65823e-17
      4351.98  2.08256e-15  6.51100e-17
      4353.82  2.23536e-15  6.51120e-17
      4355.65  2.17714e-15  6.48808e-17
      4357.48  2.20168e-15  6.55893e-17
      4359.32  2.25421e-15  6.57638e-17
      4361.15  2.46965e-15  6.57474e-17
      4362.98  2.28582e-15  6.47803e-17
      4364.82  2.44693e-15  6.56106e-17
      4366.65  2.24745e-15  6.45526e-17
      4368.49  2.32320e-15  6.47178e-17
      4370.33  2.34011e-15  6.47584e-17
      4372.16  2.29993e-15  6.36547e-17
      4374.00  2.42224e-15  6.40506e-17
      4375.83  2.53702e-15  6.54493e-17
      4377.67  2.50741e-15  6.58030e-17
      4379.51  2.56118e-15  6.57135e-17
      4381.35  2.41981e-15  6.41451e-17
      4383.18  2.55007e-15  6.62641e-17
      4385.02  2.63197e-15  6.57063e-17
      4386.86  2.55501e-15  6.60156e-17
      4388.70  2.56162e-15  6.55693e-17
      4390.54  2.42797e-15  6.52364e-17
      4392.38  2.43912e-15  6.30841e-17
      4394.22  2.59499e-15  6.35751e-17
      4396.06  2.51126e-15  6.32920e-17
      4397.90  2.51940e-15  6.31240e-17
      4399.74  2.61943e-15  6.38852e-17
      4401.58  2.47997e-15  6.46839e-17
      4403.42  2.55500e-15  6.43585e-17
      4405.26  2.55862e-15  6.45773e-17
      4407.10  2.43923e-15  6.34143e-17
      4408.94  2.47797e-15  6.41550e-17
      4410.79  2.37097e-15  6.38206e-17
      4412.63  2.41410e-15  6.42101e-17
      4414.47  2.39415e-15  6.43370e-17
      4416.31  2.41032e-15  6.37740e-17
      4418.16  2.45638e-15  6.31688e-17
      4420.00  2.47254e-15  6.43440e-17
      4421.85  2.48114e-15  6.40834e-17
      4423.69  2.44936e-15  6.42152e-17
      4425.54  2.49408e-15  6.40841e-17
      4427.38  2.46090e-15  6.34251e-17
      4429.23  2.48912e-15  6.41680e-17
      4431.07  2.44511e-15  6.40099e-17
      4432.92  2.56473e-15  6.44216e-17
      4434.76  2.61427e-15  6.51200e-17
      4436.61  2.60287e-15  6.55840e-17
      4438.46  2.63816e-15  6.48207e-17
      4440.30  2.61582e-15  6.50111e-17
      4442.15  2.60988e-15  6.55973e-17
      4444.00  2.69575e-15  6.56982e-17
      4445.85  2.66718e-15  6.51172e-17
      4447.69  2.65589e-15  6.50172e-17
      4449.54  2.72209e-15  6.57281e-17
      4451.39  2.81816e-15  6.51470e-17
      4453.24  2.72956e-15  6.45121e-17
      4455.09  2.80943e-15  6.50045e-17
      4456.94  2.86002e-15  6.51978e-17
      4458.79  2.80618e-15  6.50310e-17
      4460.64  2.88499e-15  6.46647e-17
      4462.49  2.89734e-15  6.40569e-17
      4464.34  2.91176e-15  6.35993e-17
      4466.19  2.91010e-15  6.35032e-17
      4468.04  2.83539e-15  6.32549e-17
      4469.90  2.97877e-15  6.41455e-17
      4471.75  3.09183e-15  6.45789e-17
      4473.60  2.97226e-15  6.44019e-17
      4475.45  2.93141e-15  6.49570e-17
      4477.31  2.92562e-15  6.47486e-17
      4479.16  2.97009e-15  6.50426e-17
      4481.01  3.06473e-15  6.54078e-17
      4482.87  2.93681e-15  6.42433e-17
      4484.72  2.96785e-15  6.40064e-17
      4486.57  2.94171e-15  6.44107e-17
      4488.43  2.87014e-15  6.34701e-17
      4490.28  2.87101e-15  6.41732e-17
      4492.14  2.98386e-15  6.40490e-17
      4493.99  2.90480e-15  6.42536e-17
      4495.85  2.80897e-15  6.35429e-17
      4497.71  2.99658e-15  6.43079e-17
      4499.56  3.04992e-15  6.48629e-17
      4501.42  2.95962e-15  6.34920e-17
      4503.27  3.10262e-15  6.48931e-17
      4505.13  2.89980e-15  6.34944e-17
      4506.99  2.97876e-15  6.37837e-17
      4508.85  3.02657e-15  6.40568e-17
      4510.70  2.90799e-15  6.35140e-17
      4512.56  3.02370e-15  6.40208e-17
      4514.42  2.87937e-15  6.28781e-17
      4516.28  2.80876e-15  6.20882e-17
      4518.14  2.92263e-15  6.27979e-17
      4520.00  2.87025e-15  6.17204e-17
      4521.86  2.82516e-15  6.18227e-17
      4523.72  2.91908e-15  6.24256e-17
      4525.58  2.84707e-15  6.23148e-17
      4527.44  2.87887e-15  6.19760e-17
      4529.30  2.78950e-15  6.15581e-17
      4531.16  2.89479e-15  6.19593e-17
      4533.02  2.81776e-15  6.14269e-17
      4534.88  2.80024e-15  6.12580e-17
      4536.74  2.85749e-15  6.13054e-17
      4538.61  2.81041e-15  6.13544e-17
      4540.47  2.74218e-15  6.10073e-17
      4542.33  2.75990e-15  6.10741e-17
      4544.19  2.76164e-15  6.16110e-17
      4546.06  2.77721e-15  6.13713e-17
      4547.92  2.77906e-15  6.12523e-17
      4549.78  2.85602e-15  6.12947e-17
      4551.65  2.81426e-15  6.10993e-17
      4553.51  2.87708e-15  6.12044e-17
      4555.38  2.85316e-15  6.12718e-17
      4557.24  2.92146e-15  6.14582e-17
      4559.11  2.85943e-15  6.13354e-17
      4560.97  2.91167e-15  6.13669e-17
      4562.84  2.82795e-15  6.14150e-17
      4564.70  2.78662e-15  6.07570e-17
      4566.57  2.81576e-15  6.15498e-17
      4568.44  2.79138e-15  6.07354e-17
      4570.30  2.89078e-15  6.10783e-17
      4572.17  2.83414e-15  6.04341e-17
      4574.04  2.92816e-15  6.05959e-17
      4575.90  2.98076e-15  6.14273e-17
      4577.77  2.96239e-15  6.11442e-17
      4579.64  2.96174e-15  6.04990e-17
      4581.51  2.91435e-15  6.02792e-17
      4583.38  2.98937e-15  6.06500e-17
      4585.25  2.95507e-15  6.05579e-17
      4587.12  3.02715e-15  6.13831e-17
      4588.98  2.97394e-15  6.16949e-17
      4590.85  3.01858e-15  6.13325e-17
      4592.72  3.03668e-15  6.17774e-17
      4594.59  2.89202e-15  6.12805e-17
      4596.46  3.01282e-15  6.19455e-17
      4598.34  2.87415e-15  6.13979e-17
      4600.21  2.99670e-15  6.16464e-17
      4602.08  2.96848e-15  6.12481e-17
      4603.95  2.94973e-15  6.17196e-17
      4605.82  2.95489e-15  6.20222e-17
      4607.69  2.95072e-15  6.16941e-17
      4609.56  2.97224e-15  6.18389e-17
      4611.44  2.97917e-15  6.14823e-17
      4613.31  2.91399e-15  6.08013e-17
      4615.18  2.83749e-15  5.98055e-17
      4617.06  2.90001e-15  5.98822e-17
      4618.93  2.90392e-15  5.99816e-17
      4620.80  2.87368e-15  5.96517e-17
      4622.68  2.84865e-15  5.91564e-17
      4624.55  2.80762e-15  5.89143e-17
      4626.43  2.84562e-15  5.89785e-17
      4628.30  2.74093e-15  5.93812e-17
      4630.18  2.79481e-15  5.86724e-17
      4632.05  2.74933e-15  5.82932e-17
      4633.93  2.77779e-15  5.81072e-17
      4635.80  2.83251e-15  5.85776e-17
      4637.68  2.70759e-15  5.70019e-17
      4639.55  2.69395e-15  5.76302e-17
      4641.43  2.69058e-15  5.76049e-17
      4643.31  2.70543e-15  5.78487e-17
      4645.18  2.58843e-15  5.73786e-17
      4647.06  2.48630e-15  5.73566e-17
      4648.94  2.59701e-15  5.68559e-17
      4650.82  2.55788e-15  5.70153e-17
      4652.69  2.50512e-15  5.67459e-17
      4654.57  2.49684e-15  5.71546e-17
      4656.45  2.62718e-15  5.73687e-17
      4658.33  2.41608e-15  5.63656e-17
      4660.21  2.47721e-15  5.65091e-17
      4662.09  2.52384e-15  5.72633e-17
      4663.97  2.50729e-15  5.73248e-17
      4665.85  2.51457e-15  5.67900e-17
      4667.73  2.42964e-15  5.71065e-17
      4669.61  2.53576e-15  5.77278e-17
      4671.49  2.40296e-15  5.73709e-17
      4673.37  2.43874e-15  5.79920e-17
      4675.25  2.31692e-15  5.79892e-17
      4677.13  2.47766e-15  5.95636e-17
      4679.01  2.46736e-15  5.98128e-17
      4680.89  2.39970e-15  5.64630e-17
      4682.77  2.39018e-15  5.59260e-17
      4684.66  2.37328e-15  5.58083e-17
      4686.54  2.32405e-15  5.59901e-17
      4688.42  2.32180e-15  5.53105e-17
      4690.30  2.36879e-15  5.51119e-17
      4692.19  2.43583e-15  5.50463e-17
      4694.07  2.42265e-15  5.48303e-17
      4695.95  2.35910e-15  5.41051e-17
      4697.84  2.36693e-15  5.43539e-17
      4699.72  2.38546e-15  5.38571e-17
      4701.60  2.33595e-15  5.36177e-17
      4703.49  2.35812e-15  5.39182e-17
      4705.37  2.36471e-15  5.40878e-17
      4707.26  2.40372e-15  5.43037e-17
      4709.14  2.34792e-15  5.43549e-17
      4711.03  2.43003e-15  5.52236e-17
      4712.91  2.36623e-15  5.52673e-17
      4714.80  2.33574e-15  5.45075e-17
      4716.69  2.40633e-15  5.45903e-17
      4718.57  2.32777e-15  5.35722e-17
      4720.46  2.39885e-15  5.37126e-17
      4722.34  2.29000e-15  5.35576e-17
      4724.23  2.38650e-15  5.41195e-17
      4726.12  2.28746e-15  5.43382e-17
      4728.00  2.37706e-15  5.41790e-17
      4729.89  2.32865e-15  5.44284e-17
      4731.78  2.33243e-15  5.37204e-17
      4733.67  2.23802e-15  5.31901e-17
      4735.56  2.30333e-15  5.39113e-17
      4737.44  2.38651e-15  5.41013e-17
      4739.33  2.20395e-15  5.26021e-17
      4741.22  2.23140e-15  5.31289e-17
      4743.11  2.26911e-15  5.28228e-17
      4745.00  2.23056e-15  5.34648e-17
      4746.89  2.19065e-15  5.27024e-17
      4748.78  2.15366e-15  5.25482e-17
      4750.67  2.21726e-15  5.30676e-17
      4752.56  2.17885e-15  5.34020e-17
      4754.45  2.28992e-15  5.34123e-17
      4756.34  2.19491e-15  5.27298e-17
      4758.23  2.26099e-15  5.31666e-17
      4760.12  2.21933e-15  5.30240e-17
      4762.01  2.29823e-15  5.33544e-17
      4763.90  2.21837e-15  5.29388e-17
      4765.80  2.26623e-15  5.33037e-17
      4767.69  2.37262e-15  5.38999e-17
      4769.58  2.20831e-15  5.28937e-17
      4771.47  2.35279e-15  5.35920e-17
      4773.36  2.32861e-15  5.33728e-17
      4775.26  2.36271e-15  5.32783e-17
      4777.15  2.34708e-15  5.35704e-17
      4779.04  2.31514e-15  5.33106e-17
      4780.94  2.45670e-15  5.39669e-17
      4782.83  2.52493e-15  5.44480e-17
      4784.72  2.40009e-15  5.33536e-17
      4786.62  2.40085e-15  5.26361e-17
      4788.51  2.47099e-15  5.25456e-17
      4790.40  2.40493e-15  5.14284e-17
      4792.30  2.43701e-15  5.05920e-17
      4794.19  2.41484e-15  5.03006e-17
      4796.09  2.51100e-15  5.18552e-17
      4797.98  2.44707e-15  5.22095e-17
      4799.88  2.36135e-15  5.20116e-17
      4801.77  2.39470e-15  5.24728e-17
      4803.67  2.40419e-15  5.20420e-17
      4805.57  2.28983e-15  5.13730e-17
      4807.46  2.31992e-15  5.20275e-17
      4809.36  2.36231e-15  5.29264e-17
      4811.25  2.42533e-15  5.29320e-17
      4813.15  2.35273e-15  5.36745e-17
      4815.05  2.27092e-15  5.20751e-17
      4816.94  2.22719e-15  5.12901e-17
      4818.84  2.16398e-15  5.07235e-17
      4820.74  2.22437e-15  5.07526e-17
      4822.64  2.09760e-15  5.03440e-17
      4824.53  2.22757e-15  5.09548e-17
      4826.43  2.19951e-15  5.17413e-17
      4828.33  2.12013e-15  5.16650e-17
      4830.23  2.12729e-15  5.13713e-17
      4832.13  2.10677e-15  5.10363e-17
      4834.03  2.06503e-15  5.08102e-17
      4835.93  2.07064e-15  5.05452e-17
      4837.82  1.88264e-15  5.41463e-17
      4839.72  1.95050e-15  5.01738e-17
      4841.62  2.11416e-15  5.05650e-17
      4843.52  1.98243e-15  5.02454e-17
      4845.42  1.95956e-15  5.02026e-17
      4847.32  1.93778e-15  5.07563e-17
      4849.22  2.01445e-15  4.98399e-17
      4851.12  1.94832e-15  4.89067e-17
      4853.02  1.89803e-15  4.97719e-17
      4854.92  1.86709e-15  4.89510e-17
      4856.83  1.91560e-15  4.97321e-17
      4858.73  1.84694e-15  4.90625e-17
      4860.63  1.92018e-15  4.97406e-17
      4862.53  1.95971e-15  4.98482e-17
      4864.43  1.94059e-15  4.94951e-17
      4866.33  1.93285e-15  4.91860e-17
      4868.24  2.02637e-15  4.96964e-17
      4870.14  1.92037e-15  4.88516e-17
      4872.04  2.01001e-15  4.98816e-17
      4873.94  1.91940e-15  4.96790e-17
      4875.85  1.97992e-15  4.98353e-17
      4877.75  1.97227e-15  5.04521e-17
      4879.65  2.04037e-15  5.02812e-17
      4881.56  2.09105e-15  5.06900e-17
      4883.46  1.99956e-15  5.06706e-17
      4885.36  1.88740e-15  5.01853e-17
      4887.27  2.02414e-15  4.95439e-17
      4889.17  2.09133e-15  5.02973e-17
      4891.08  2.01458e-15  4.99427e-17
      4892.98  2.02025e-15  5.03235e-17
      4894.88  1.98310e-15  5.02370e-17
      4896.79  2.09647e-15  5.06774e-17
      4898.69  1.99584e-15  5.04116e-17
      4900.60  2.01606e-15  5.08943e-17
      4902.50  2.00195e-15  5.15818e-17
      4904.41  1.96518e-15  5.21648e-17
      4906.32  2.05601e-15  5.33016e-17
      4908.22  2.04283e-15  5.41062e-17
      4910.13  2.01570e-15  5.52015e-17
      4912.03  1.96740e-15  5.56065e-17
      4913.94  2.00143e-15  5.54774e-17
      4915.85  1.99244e-15  5.53059e-17
      4917.75  1.89678e-15  5.47845e-17
      4919.66  1.93923e-15  5.37131e-17
      4921.57  1.98028e-15  5.25984e-17
      4923.48  1.97231e-15  5.17209e-17
      4925.38  1.90283e-15  5.35562e-17
      4927.29  2.04449e-15  5.08068e-17
      4929.20  2.03215e-15  4.99491e-17
      4931.11  1.93072e-15  4.89639e-17
      4933.02  1.97460e-15  4.94209e-17
      4934.93  2.00330e-15  4.83628e-17
      4936.83  2.05649e-15  4.86860e-17
      4938.74  1.99223e-15  4.90584e-17
      4940.65  2.10321e-15  4.90283e-17
      4942.56  1.90995e-15  4.73806e-17
      4944.47  1.85085e-15  4.70449e-17
      4946.38  1.87172e-15  4.73971e-17
      4948.29  1.88153e-15  4.76850e-17
      4950.20  1.89738e-15  4.80532e-17
      4952.11  1.84558e-15  4.75340e-17
      4954.02  1.83267e-15  4.71426e-17
      4955.93  1.93824e-15  4.76484e-17
      4957.84  1.83121e-15  4.71833e-17
      4959.76  1.82368e-15  4.80653e-17
      4961.67  1.87395e-15  4.84820e-17
      4963.58  1.78447e-15  4.71868e-17
      4965.49  1.84621e-15  4.69508e-17
      4967.40  1.81333e-15  4.64547e-17
      4969.31  1.75989e-15  4.58470e-17
      4971.23  1.75189e-15  4.55264e-17
      4973.14  1.79103e-15  4.66304e-17
      4975.05  1.80547e-15  4.70102e-17
      4976.96  1.80335e-15  4.66062e-17
      4978.88  1.84050e-15  4.67613e-17
      4980.79  1.82504e-15  4.70643e-17
      4982.70  1.74357e-15  4.66166e-17
      4984.62  1.84070e-15  4.70636e-17
      4986.53  1.84414e-15  4.69047e-17
      4988.45  1.83865e-15  4.70779e-17
      4990.36  1.82465e-15  4.69745e-17
      4992.27  1.84899e-15  4.78346e-17
      4994.19  1.84564e-15  4.75712e-17
      4996.10  1.83893e-15  4.75269e-17
      4998.02  1.78564e-15  4.79105e-17
      4999.93  1.89757e-15  4.88412e-17
      5001.85  1.88663e-15  4.75557e-17
      5003.77  1.82237e-15  4.74818e-17
      5005.68  1.85564e-15  4.73898e-17
      5007.60  1.99088e-15  4.93001e-17
      5009.51  1.90974e-15  4.89169e-17
      5011.43  1.94016e-15  5.07550e-17
      5013.35  1.96568e-15  5.21888e-17
      5015.26  2.00921e-15  5.28309e-17
      5017.18  1.97038e-15  5.10250e-17
      5019.10  1.92687e-15  4.93059e-17
      5021.01  1.98179e-15  4.84429e-17
      5022.93  2.00309e-15  4.83626e-17
      5024.85  1.99410e-15  4.82279e-17
      5026.77  2.00901e-15  4.84623e-17
      5028.68  1.97329e-15  4.87199e-17
      5030.60  2.06470e-15  4.87780e-17
      5032.52  2.03637e-15  4.78902e-17
      5034.44  1.96294e-15  5.09000e-17
      5036.36  2.10439e-15  4.79812e-17
      5038.28  2.12005e-15  4.78129e-17
      5040.20  2.12032e-15  4.85715e-17
      5042.12  2.11921e-15  4.85445e-17
      5044.04  2.16165e-15  4.90368e-17
      5045.96  2.21536e-15  4.94544e-17
      5047.88  2.27354e-15  4.91039e-17
      5049.80  2.24367e-15  4.87252e-17
      5051.72  2.31509e-15  4.86590e-17
      5053.64  2.31679e-15  4.85563e-17
      5055.56  2.34659e-15  4.88088e-17
      5057.48  2.45514e-15  4.94245e-17
      5059.40  2.39223e-15  5.04971e-17
      5061.32  2.43675e-15  4.96670e-17
      5063.24  2.45170e-15  4.97550e-17
      5065.17  2.42722e-15  4.96236e-17
      5067.09  2.47442e-15  4.94468e-17
      5069.01  2.44722e-15  4.93566e-17
      5070.93  2.54991e-15  4.96977e-17
      5072.85  2.44921e-15  4.99929e-17
      5074.78  2.52393e-15  5.05208e-17
      5076.70  2.61239e-15  5.16266e-17
      5078.62  2.59816e-15  5.22116e-17
      5080.55  2.69375e-15  5.30903e-17
      5082.47  2.66438e-15  5.50620e-17
      5084.40  2.77931e-15  5.37555e-17
      5086.32  2.70453e-15  5.34345e-17
      5088.24  2.69564e-15  5.17343e-17
      5090.17  3.01559e-15  4.74441e-17
      5092.09  2.88562e-15  4.65331e-17
      5094.02  2.93819e-15  4.48658e-17
      5095.94  2.89879e-15  4.67687e-17
      5097.87  2.94924e-15  4.41699e-17
      5099.79  2.84940e-15  4.57660e-17
      5101.72  3.02701e-15  4.51486e-17
      5103.64  3.03985e-15  4.61507e-17
      5105.57  3.06648e-15  4.68928e-17
      5107.50  3.09200e-15  4.49715e-17
      5109.42  2.98876e-15  4.66080e-17
      5111.35  3.08873e-15  4.35178e-17
      5113.28  2.99962e-15  4.59636e-17
      5115.20  3.11027e-15  4.44638e-17
      5117.13  3.06705e-15  4.49930e-17
      5119.06  3.00130e-15  4.49754e-17
      5120.99  3.06712e-15  4.32893e-17
      5122.91  2.98487e-15  4.65635e-17
      5124.84  3.01034e-15  4.32325e-17
      5126.77  2.98174e-15  4.62068e-17
      5128.70  2.98061e-15  4.30908e-17
      5130.63  2.88380e-15  4.27639e-17
      5132.56  2.95306e-15  4.31071e-17
      5134.49  2.95483e-15  4.10199e-17
      5136.41  2.88885e-15  4.50142e-17
      5138.34  2.99510e-15  4.03549e-17
      5140.27  2.94030e-15  4.38297e-17
      5142.20  2.92390e-15  4.04825e-17
      5144.13  2.98137e-15  4.13610e-17
      5146.06  2.89581e-15  4.16283e-17
      5147.99  2.92678e-15  3.91468e-17
      5149.93  2.86762e-15  4.27705e-17
      5151.86  2.91816e-15  3.76195e-17
      5153.79  2.82587e-15  4.11102e-17
      5155.72  2.83303e-15  3.75568e-17
      5157.65  2.83650e-15  3.85925e-17
      5159.58  2.78772e-15  3.86777e-17
      5161.51  2.81998e-15  3.65024e-17
      5163.45  2.78772e-15  4.05608e-17
      5165.38  2.81296e-15  3.61511e-17
      5167.31  2.75530e-15  3.98669e-17
      5169.24  2.81168e-15  3.55796e-17
      5171.18  2.80394e-15  3.66794e-17
      5173.11  2.75493e-15  3.64467e-17
      5175.04  2.73178e-15  3.38092e-17
      5176.98  2.63883e-15  3.77098e-17
      5178.91  2.69900e-15  3.26260e-17
      5180.84  2.65735e-15  3.75299e-17
      5182.78  2.65529e-15  3.29190e-17
      5184.71  2.61803e-15  3.46868e-17
      5186.65  2.59268e-15  3.40916e-17
      5188.58  2.55121e-15  3.16992e-17
      5190.52  2.52695e-15  3.53277e-17
      5192.45  2.53025e-15  3.02848e-17
      5194.39  2.53304e-15  3.55580e-17
      5196.32  2.52852e-15  3.04184e-17
      5198.26  2.47736e-15  3.26454e-17
      5200.20  2.42214e-15  3.16789e-17
      5202.13  2.38247e-15  3.00240e-17
      5204.07  2.37268e-15  3.35243e-17
      5206.01  2.31283e-15  2.86022e-17
      5207.94  2.33415e-15  3.43841e-17
      5209.88  2.28117e-15  2.85080e-17
      5211.82  2.28426e-15  3.12525e-17
      5213.76  2.25845e-15  2.96247e-17
      5215.69  2.26525e-15  2.89619e-17
      5217.63  2.26818e-15  3.19174e-17
      5219.57  2.20439e-15  2.73426e-17
      5221.51  2.20282e-15  3.35039e-17
      5223.45  2.14740e-15  2.70214e-17
      5225.39  2.15525e-15  3.04198e-17
      5227.32  2.09688e-15  2.80993e-17
      5229.26  2.04169e-15  2.75423e-17
      5231.20  2.02029e-15  2.97977e-17
      5233.14  1.98357e-15  2.58276e-17
      5235.08  2.02985e-15  3.25171e-17
      5237.02  1.95527e-15  2.55533e-17
      5238.96  1.99688e-15  2.96201e-17
      5240.90  1.94297e-15  2.65154e-17
      5242.85  1.94015e-15  2.69042e-17
      5244.79  1.91894e-15  2.83760e-17
      5246.73  1.88485e-15  2.51468e-17
      5248.67  1.89623e-15  3.07762e-17
      5250.61  1.83908e-15  2.46141e-17
      5252.55  1.83160e-15  2.89312e-17
      5254.50  1.84576e-15  2.54174e-17
      5256.44  1.88423e-15  2.67918e-17
      5258.38  1.88214e-15  2.76232e-17
      5260.32  1.85267e-15  2.50557e-17
      5262.27  1.81125e-15  2.98645e-17
      5264.21  1.84200e-15  2.42640e-17
      5266.15  1.82896e-15  2.92661e-17
      5268.10  1.80943e-15  2.46518e-17
      5270.04  1.82972e-15  2.63497e-17
      5271.99  1.81973e-15  2.61592e-17
      5273.93  1.79170e-15  2.40213e-17
      5275.88  1.78092e-15  2.80732e-17
      5277.82  1.78553e-15  2.29328e-17
      5279.76  1.79184e-15  2.86376e-17
      5281.71  1.77904e-15  2.31455e-17
      5283.66  1.76853e-15  2.55748e-17
      5285.60  1.75016e-15  2.42486e-17
      5287.55  1.75772e-15  2.31095e-17
      5289.49  1.74963e-15  2.61286e-17
      5291.44  1.73240e-15  2.17057e-17
      5293.39  1.73144e-15  2.77326e-17
      5295.33  1.70677e-15  2.16483e-17
      5297.28  1.69489e-15  2.47210e-17
      5299.23  1.67285e-15  2.25746e-17
      5301.18  1.67546e-15  2.24417e-17
      5303.12  1.69665e-15  2.44974e-17
      5305.07  1.67614e-15  2.08334e-17
      5307.02  1.69163e-15  2.66500e-17
      5308.97  1.68661e-15  2.03976e-17
      5310.92  1.71567e-15  2.43918e-17
      5312.87  1.69537e-15  2.10927e-17
      5314.82  1.69830e-15  2.18322e-17
      5316.76  1.70273e-15  2.26981e-17
      5318.71  1.70519e-15  2.00312e-17
      5320.66  1.69924e-15  2.47806e-17
      5322.61  1.70574e-15  1.95241e-17
      5324.56  1.73446e-15  2.43995e-17
      5326.52  1.74750e-15  2.01749e-17
      5328.47  1.73909e-15  2.19684e-17
      5330.42  1.74507e-15  2.16533e-17
      5332.37  1.74786e-15  2.01476e-17
      5334.32  1.76055e-15  2.38334e-17
      5336.27  1.74467e-15  1.91937e-17
      5338.22  1.76677e-15  2.47537e-17
      5340.18  1.72622e-15  1.93820e-17
      5342.13  1.70716e-15  2.21934e-17
      5344.08  1.70859e-15  2.06496e-17
      5346.03  1.73694e-15  2.02176e-17
      5347.99  1.75139e-15  2.26880e-17
      5349.94  1.72409e-15  1.91820e-17
      5351.89  1.75648e-15  2.54725e-17
      5353.85  1.71389e-15  1.90430e-17
      5355.80  1.72488e-15  2.27296e-17
      5357.76  1.72014e-15  1.98915e-17
      5359.71  1.74150e-15  2.07586e-17
      5361.67  1.76655e-15  2.20242e-17
      5363.62  1.72787e-15  2.03129e-17
      5365.58  1.73240e-15  2.57763e-17
      5367.53  1.70822e-15  2.13363e-17
      5369.49  1.72743e-15  2.81054e-17
      5371.44  1.71628e-15  2.31827e-17
      5373.40  1.71818e-15  2.52687e-17
      5375.36  1.72480e-15  2.47520e-17
      5377.31  1.70931e-15  2.20605e-17
      5379.27  1.71105e-15  2.57232e-17
      5381.23  1.69079e-15  2.04253e-17
      5383.19  1.69382e-15  2.66177e-17
      5385.14  1.67257e-15  1.99971e-17
      5387.10  1.66925e-15  2.26940e-17
      5389.06  1.65537e-15  2.05437e-17
      5391.02  1.63185e-15  2.01390e-17
      5392.98  1.62755e-15  2.21258e-17
      5394.94  1.61886e-15  1.85529e-17
      5396.89  1.63945e-15  2.41159e-17
      5398.85  1.62153e-15  1.81209e-17
      5400.81  1.63032e-15  2.21027e-17
      5402.77  1.61463e-15  1.87428e-17
      5404.73  1.61731e-15  1.98096e-17
      5406.69  1.60840e-15  2.02313e-17
      5408.65  1.59571e-15  1.82966e-17
      5410.61  1.61118e-15  2.23412e-17
      5412.58  1.57768e-15  1.74983e-17
      5414.54  1.58146e-15  2.25286e-17
      5416.50  1.56036e-15  1.77565e-17
      5418.46  1.56137e-15  2.01737e-17
      5420.42  1.56944e-15  1.90439e-17
      5422.39  1.55183e-15  1.84612e-17
      5424.35  1.53731e-15  2.09837e-17
      5426.31  1.50047e-15  1.74338e-17
      5428.27  1.48345e-15  2.33487e-17
      5430.24  1.49548e-15  1.74367e-17
      5432.74  1.51443e-15  2.48359e-17
      5437.23  1.50682e-15  2.45288e-17
      5441.73  1.44745e-15  2.39826e-17
      5446.22  1.53491e-15  2.41726e-17
      5450.71  1.59322e-15  2.42184e-17
      5455.21  1.60217e-15  2.40546e-17
      5459.70  1.68103e-15  2.41010e-17
      5464.20  1.73101e-15  2.40996e-17
      5468.69  1.78662e-15  2.41372e-17
      5473.18  1.77945e-15  2.35662e-17
      5477.68  1.86977e-15  2.38017e-17
      5482.17  1.83178e-15  2.49126e-17
      5486.67  1.87065e-15  2.79668e-17
      5491.16  1.87360e-15  2.63670e-17
      5495.66  1.89809e-15  2.45008e-17
      5500.15  1.87653e-15  2.31000e-17
      5504.64  1.93052e-15  2.22131e-17
      5509.14  1.94072e-15  2.15131e-17
      5513.63  1.88679e-15  2.09375e-17
      5518.13  1.88866e-15  2.07048e-17
      5522.62  1.88014e-15  2.04074e-17
      5527.12  1.87101e-15  2.01025e-17
      5531.61  1.85585e-15  1.99945e-17
      5536.11  1.84840e-15  1.96855e-17
      5540.60  1.86392e-15  1.96123e-17
      5545.10  1.88807e-15  1.96930e-17
      5549.59  1.90379e-15  1.95553e-17
      5554.09  1.89850e-15  1.95763e-17
      5558.59  1.89822e-15  1.95835e-17
      5563.08  1.92901e-15  1.97560e-17
      5567.58  1.97579e-15  1.98899e-17
      5572.07  1.94506e-15  1.99557e-17
      5576.57  1.98849e-15  2.05418e-17
      5581.07  1.98946e-15  2.11262e-17
      5585.56  1.95321e-15  2.15004e-17
      5590.06  1.98073e-15  2.25009e-17
      5594.56  1.96982e-15  2.40857e-17
      5599.05  2.01033e-15  2.51320e-17
      5603.55  1.96209e-15  2.47830e-17
      5608.05  1.89973e-15  2.36788e-17
      5612.54  1.93368e-15  2.27215e-17
      5617.04  1.90425e-15  2.17478e-17
      5621.54  1.87968e-15  2.11841e-17
      5626.04  1.89484e-15  2.08998e-17
      5630.53  1.86901e-15  2.06694e-17
      5635.03  1.84214e-15  2.04696e-17
      5639.53  1.80944e-15  2.02347e-17
      5644.03  1.81737e-15  2.02131e-17
      5648.52  1.78506e-15  2.01658e-17
      5653.02  1.78206e-15  2.00851e-17
      5657.52  1.77818e-15  2.00808e-17
      5662.02  1.78376e-15  2.01878e-17
      5666.52  1.79920e-15  2.03747e-17
      5671.02  1.83805e-15  2.12853e-17
      5675.52  1.82306e-15  2.17905e-17
      5680.02  1.81902e-15  2.25635e-17
      5684.52  1.84646e-15  2.25048e-17
      5689.01  1.78708e-15  2.18325e-17
      5693.51  1.81318e-15  2.19890e-17
      5698.01  1.80196e-15  2.26889e-17
      5702.51  1.82302e-15  2.30200e-17
      5707.01  1.83249e-15  2.27488e-17
      5711.51  1.83043e-15  2.24897e-17
      5716.01  1.81112e-15  2.21508e-17
      5720.52  1.83170e-15  2.20575e-17
      5725.02  1.84542e-15  2.19831e-17
      5729.52  1.81112e-15  2.20199e-17
      5734.02  1.81090e-15  2.19159e-17
      5738.52  1.81112e-15  2.23111e-17
      5743.02  1.80362e-15  2.23626e-17
      5747.52  1.80323e-15  2.25292e-17
      5752.02  1.81762e-15  2.24957e-17
      5756.52  1.79540e-15  2.25119e-17
      5761.03  1.80067e-15  2.26578e-17
      5765.53  1.79194e-15  2.26383e-17
      5770.03  1.83595e-15  2.27549e-17
      5774.53  1.80088e-15  2.26494e-17
      5779.04  1.84276e-15  2.25262e-17
      5783.54  1.81856e-15  2.20164e-17
      5788.04  1.87065e-15  2.18977e-17
      5792.55  1.82787e-15  2.29828e-17
      5797.05  1.79131e-15  2.88208e-17
      5801.55  1.82949e-15  3.31574e-17
      5806.06  1.85762e-15  3.36322e-17
      5810.56  1.82967e-15  2.98664e-17
      5815.07  1.85378e-15  2.63493e-17
      5819.57  1.83264e-15  2.34495e-17
      5824.07  1.86660e-15  2.17917e-17
      5828.58  1.86874e-15  2.10408e-17
      5833.08  1.81745e-15  2.08937e-17
      5837.59  1.85301e-15  2.09800e-17
      5842.10  1.80395e-15  2.08282e-17
      5846.60  1.82443e-15  2.07981e-17
      5851.11  1.80533e-15  2.06070e-17
      5855.61  1.83562e-15  2.03093e-17
      5860.12  1.84495e-15  2.02766e-17
      5864.62  1.82283e-15  1.99966e-17
      5869.13  1.85435e-15  1.99675e-17
      5873.64  1.83664e-15  1.97652e-17
      5878.15  1.86225e-15  1.97152e-17
      5882.65  1.82609e-15  1.95523e-17
      5887.16  1.83351e-15  1.94172e-17
      5891.67  1.83049e-15  1.94028e-17
      5896.17  1.80260e-15  1.92115e-17
      5900.68  1.81341e-15  1.92216e-17
      5905.19  1.79837e-15  1.90473e-17
      5909.70  1.79763e-15  1.91204e-17
      5914.21  1.82630e-15  1.89947e-17
      5918.72  1.79122e-15  1.88875e-17
      5923.23  1.76591e-15  1.88233e-17
      5927.74  1.80105e-15  1.88395e-17
      5932.25  1.78636e-15  1.89274e-17
      5936.75  1.79922e-15  1.88180e-17
      5941.26  1.80074e-15  1.88300e-17
      5945.77  1.77672e-15  1.87733e-17
      5950.29  1.81220e-15  1.88230e-17
      5954.80  1.80174e-15  1.88437e-17
      5959.31  1.77181e-15  1.88425e-17
      5963.82  1.81326e-15  1.87941e-17
      5968.33  1.78232e-15  1.86882e-17
      5972.84  1.78526e-15  1.86483e-17
      5977.35  1.79972e-15  1.87232e-17
      5981.86  1.75581e-15  1.85748e-17
      5986.38  1.74461e-15  1.85073e-17
      5990.89  1.75984e-15  1.85360e-17
      5995.40  1.76782e-15  1.86000e-17
      5999.91  1.74547e-15  1.84124e-17
      6004.43  1.71745e-15  1.84320e-17
      6008.94  1.74029e-15  1.85359e-17
      6013.45  1.73854e-15  1.84684e-17
      6017.97  1.70296e-15  1.84917e-17
      6022.48  1.68824e-15  1.85384e-17
      6027.00  1.65861e-15  1.83265e-17
      6031.51  1.63022e-15  1.81702e-17
      6036.02  1.63630e-15  1.80150e-17
      6040.54  1.56049e-15  1.76327e-17
      6045.05  1.58955e-15  1.76836e-17
      6049.57  1.54071e-15  1.75979e-17
      6054.08  1.53887e-15  1.76366e-17
      6058.60  1.48098e-15  1.78118e-17
      6063.12  1.47597e-15  1.82134e-17
      6067.63  1.33094e-15  1.78721e-17
      6072.15  1.34665e-15  1.78115e-17
      6076.67  1.32399e-15  1.73347e-17
      6081.18  1.26086e-15  1.66938e-17
      6085.70  1.21850e-15  1.63123e-17
      6090.22  1.16839e-15  1.60266e-17
      6094.74  1.15379e-15  1.59399e-17
      6099.25  1.09616e-15  1.57546e-17
      6103.77  1.08521e-15  1.57604e-17
      6108.29  1.00255e-15  1.54218e-17
      6112.81  9.96184e-16  1.53314e-17
      6117.33  9.60357e-16  1.52340e-17
      6121.85  9.20360e-16  1.49974e-17
      6126.37  9.21217e-16  1.47641e-17
      6130.89  8.70988e-16  1.44363e-17
      6135.41  8.63961e-16  1.42910e-17
      6139.93  8.45460e-16  1.45809e-17
      6144.45  8.56154e-16  1.43242e-17
      6148.97  8.70560e-16  1.45049e-17
      6153.49  8.86747e-16  1.41023e-17
      6158.01  9.07946e-16  1.39248e-17
      6162.53  9.15327e-16  1.38787e-17
      6167.05  9.30874e-16  1.39470e-17
      6171.58  9.60150e-16  1.38867e-17
      6176.10  9.57448e-16  1.37040e-17
      6180.62  9.69558e-16  1.35401e-17
      6185.14  9.83771e-16  1.33146e-17
      6189.67  9.77414e-16  1.32789e-17
      6194.19  1.01175e-15  1.33351e-17
      6198.71  1.02363e-15  1.34926e-17
      6203.24  1.07628e-15  1.57681e-17
      6207.76  1.08629e-15  1.79305e-17
      6212.29  1.10436e-15  1.70447e-17
      6216.81  1.16852e-15  1.58541e-17
      6221.34  1.17413e-15  1.47381e-17
      6225.86  1.20653e-15  1.42081e-17
      6230.39  1.23741e-15  1.40458e-17
      6234.91  1.25041e-15  1.41602e-17
      6239.44  1.27340e-15  1.43316e-17
      6243.96  1.31615e-15  1.44644e-17
      6248.49  1.34379e-15  1.45811e-17
      6253.02  1.37363e-15  1.47236e-17
      6257.54  1.39083e-15  1.48188e-17
      6262.07  1.41250e-15  1.51072e-17
      6266.60  1.42085e-15  1.59730e-17
      6271.13  1.40959e-15  1.68124e-17
      6275.65  1.43436e-15  1.62470e-17
      6280.18  1.44092e-15  1.58300e-17
      6284.71  1.47842e-15  1.56185e-17
      6289.24  1.42835e-15  1.53346e-17
      6293.77  1.44838e-15  1.52752e-17
      6298.30  1.46221e-15  1.51852e-17
      6302.83  1.44185e-15  1.50668e-17
      6307.36  1.47999e-15  1.53845e-17
      6311.89  1.46243e-15  1.51814e-17
      6316.42  1.43982e-15  1.49842e-17
      6320.95  1.44579e-15  1.48765e-17
      6325.48  1.44246e-15  1.47300e-17
      6330.01  1.41630e-15  1.45797e-17
      6334.54  1.40068e-15  1.45407e-17
      6339.07  1.39699e-15  1.44156e-17
      6343.60  1.36637e-15  1.42836e-17
      6348.14  1.36972e-15  1.42933e-17
      6352.67  1.35712e-15  1.42453e-17
      6357.20  1.31286e-15  1.41115e-17
      6361.73  1.31723e-15  1.41650e-17
      6366.27  1.34255e-15  1.42930e-17
      6370.80  1.32843e-15  1.43249e-17
      6375.34  1.29347e-15  1.42260e-17
      6379.87  1.30204e-15  1.41967e-17
      6384.40  1.29646e-15  1.41430e-17
      6388.94  1.30327e-15  1.43748e-17
      6393.47  1.30057e-15  1.40991e-17
      6398.01  1.28527e-15  1.40518e-17
      6402.54  1.26789e-15  1.41396e-17
      6407.08  1.29707e-15  1.43489e-17
      6411.62  1.27075e-15  1.43471e-17
      6416.15  1.24507e-15  1.42359e-17
      6420.69  1.25981e-15  1.41179e-17
      6425.22  1.23838e-15  1.39292e-17
      6429.76  1.22333e-15  1.39181e-17
      6434.30  1.21570e-15  1.40008e-17
      6438.84  1.21530e-15  1.40530e-17
      6443.37  1.19845e-15  1.39413e-17
      6447.91  1.20004e-15  1.39333e-17
      6452.45  1.20160e-15  1.37361e-17
      6456.99  1.17754e-15  1.37219e-17
      6461.53  1.15932e-15  1.35907e-17
      6466.07  1.16224e-15  1.34654e-17
      6470.61  1.17183e-15  1.34594e-17
      6475.15  1.14723e-15  1.33433e-17
      6479.69  1.14504e-15  1.36215e-17
      6484.23  1.11528e-15  1.34706e-17
      6488.77  1.12641e-15  1.36456e-17
      6493.31  1.13577e-15  1.34694e-17
      6497.85  1.13907e-15  1.35725e-17
      6502.39  1.14257e-15  1.35673e-17
      6506.93  1.11099e-15  1.35153e-17
      6511.47  1.13872e-15  1.35805e-17
      6516.02  1.13366e-15  1.35105e-17
      6520.56  1.14183e-15  1.34802e-17
      6525.10  1.12254e-15  1.34731e-17
      6529.64  1.12568e-15  1.35004e-17
      6534.19  1.10822e-15  1.34251e-17
      6538.73  1.12443e-15  1.35125e-17
      6543.27  1.13269e-15  1.35712e-17
      6547.82  1.11323e-15  1.34617e-17
      6552.36  1.09116e-15  1.34190e-17
      6556.91  1.08656e-15  1.34699e-17
      6561.45  1.08685e-15  1.33735e-17
      6566.00  1.10659e-15  1.35050e-17
      6570.54  1.08833e-15  1.34760e-17
      6575.09  1.08348e-15  1.33195e-17
      6579.64  1.06401e-15  1.32691e-17
      6584.18  1.07211e-15  1.33612e-17
      6588.73  1.04375e-15  1.32693e-17
      6593.27  1.04860e-15  1.31159e-17
      6597.82  1.05256e-15  1.31084e-17
      6602.37  1.01128e-15  1.29112e-17
      6606.92  1.02619e-15  1.30735e-17
      6611.46  1.02146e-15  1.32990e-17
      6616.01  1.02216e-15  1.31994e-17
      6620.56  1.01327e-15  1.30248e-17
      6625.11  1.00593e-15  1.28498e-17
      6629.66  1.00754e-15  1.29323e-17
      6634.21  1.00051e-15  1.26770e-17
      6638.76  9.85611e-16  1.26126e-17
      6643.31  9.83367e-16  1.25657e-17
      6647.86  1.00744e-15  1.26132e-17
      6652.41  1.00413e-15  1.25199e-17
      6656.96  9.99954e-16  1.26266e-17
      6661.51  9.97369e-16  1.25230e-17
      6666.06  9.68699e-16  1.24156e-17
      6670.61  9.57957e-16  1.22899e-17
      6675.16  9.59993e-16  1.22357e-17
      6679.71  9.63154e-16  1.23676e-17
      6684.27  9.56766e-16  1.22072e-17
      6688.82  9.44069e-16  1.21857e-17
      6693.37  9.36117e-16  1.21641e-17
      6697.92  9.28864e-16  1.20894e-17
      6702.48  9.36569e-16  1.20974e-17
      6707.03  9.35110e-16  1.20491e-17
      6711.58  9.39011e-16  1.21289e-17
      6716.14  9.32907e-16  1.20680e-17
      6720.69  8.97375e-16  1.19281e-17
      6725.25  8.93822e-16  1.19957e-17
      6729.80  8.98067e-16  1.22899e-17
      6734.36  8.91794e-16  1.24746e-17
      6738.91  8.97732e-16  1.23878e-17
      6743.47  8.84642e-16  1.20467e-17
      6748.02  8.87028e-16  1.18935e-17
      6752.58  8.81180e-16  1.17972e-17
      6757.14  8.57400e-16  1.16786e-17
      6761.69  8.63207e-16  1.18802e-17
      6766.25  8.42755e-16  1.20857e-17
      6770.81  6.89291e-16  1.09481e-17
      6775.36  6.41126e-16  1.02324e-17
      6779.92  6.75331e-16  1.04649e-17
      6784.48  7.60325e-16  1.10566e-17
      6789.04  7.46422e-16  1.10224e-17
      6793.60  7.12943e-16  1.08909e-17
      6798.15  7.39086e-16  1.09315e-17
      6802.71  7.49834e-16  1.10993e-17
      6807.27  7.61705e-16  1.11725e-17
      6811.83  7.77477e-16  1.13783e-17
      6816.39  7.75094e-16  1.15126e-17
      6820.95  7.90777e-16  1.15463e-17
      6825.51  7.77844e-16  1.17614e-17
      6830.07  8.15596e-16  1.17715e-17
      6834.63  8.09403e-16  1.15917e-17
      6839.19  8.01426e-16  1.16323e-17
      6843.76  7.72143e-16  1.15099e-17
      6848.32  7.67675e-16  1.16649e-17
      6852.88  7.73067e-16  1.18282e-17
      6857.44  7.62656e-16  1.14752e-17
      6862.00  7.74932e-16  1.14592e-17
      6866.57  7.77987e-16  1.15354e-17
      6871.13  7.70467e-16  1.16398e-17
      6875.69  7.71975e-16  1.16648e-17
      6880.25  7.54439e-16  1.17254e-17
      6884.82  7.75600e-16  1.16918e-17
      6889.38  7.66569e-16  1.15320e-17
      6893.95  7.39233e-16  1.14395e-17
      6898.51  7.53572e-16  1.14658e-17
      6903.07  7.34985e-16  1.14164e-17
      6907.64  7.48294e-16  1.14516e-17
      6912.20  7.58853e-16  1.15491e-17
      6916.77  7.37624e-16  1.14789e-17
      6921.34  7.46143e-16  1.14789e-17
      6925.90  7.20229e-16  1.13433e-17
      6930.47  7.35109e-16  1.17081e-17
      6935.03  7.30155e-16  1.17935e-17
      6939.60  7.41036e-16  1.16025e-17
      6944.17  7.30553e-16  1.15670e-17
      6948.73  7.11717e-16  1.15448e-17
      6953.30  7.27012e-16  1.14931e-17
      6957.87  7.10104e-16  1.13947e-17
      6962.44  7.17106e-16  1.14746e-17
      6967.00  7.14135e-16  1.14851e-17
      6971.57  6.96213e-16  1.14159e-17
      6976.14  7.02147e-16  1.13975e-17
      6980.71  6.77617e-16  1.13579e-17
      6985.28  6.76331e-16  1.13820e-17
      6989.85  7.01009e-16  1.13932e-17
      6994.42  6.85885e-16  1.13520e-17
      6998.99  7.16081e-16  1.14402e-17
      7003.56  6.78387e-16  1.12889e-17
      7008.13  6.65728e-16  1.12921e-17
      7012.70  6.62928e-16  1.12781e-17
      7017.27  6.81851e-16  1.13652e-17
      7021.84  6.91764e-16  1.14304e-17
      7026.41  6.76874e-16  1.14358e-17
      7030.98  7.07532e-16  1.15589e-17
      7035.55  6.99841e-16  1.15366e-17
      7040.12  7.09613e-16  1.16333e-17
      7044.70  6.99985e-16  1.16605e-17
      7049.27  6.71298e-16  1.16276e-17
      7053.84  6.89073e-16  1.16072e-17
      7058.41  6.79778e-16  1.16283e-17
      7062.99  6.89127e-16  1.16632e-17
      7067.56  6.82795e-16  1.16341e-17
      7072.13  6.75352e-16  1.14677e-17
      7076.71  6.44837e-16  1.13335e-17
      7081.28  6.75352e-16  1.12622e-17
      7085.85  6.73290e-16  1.10047e-17
      7090.43  6.71852e-16  1.11967e-17
      7095.00  6.26522e-16  1.12278e-17
      7099.58  6.50538e-16  1.13261e-17
      7104.15  6.35831e-16  1.13040e-17
      7108.73  6.66167e-16  1.16933e-17
      7113.30  6.85253e-16  1.18201e-17
      7117.88  6.92504e-16  1.18569e-17
      7122.45  6.71852e-16  1.19950e-17
      7127.03  6.73290e-16  1.18464e-17
      7131.61  6.61910e-16  1.17614e-17
      7136.18  6.23825e-16  1.23709e-17
      7140.76  6.26675e-16  1.32032e-17
      7145.34  6.17315e-16  1.27590e-17
      7149.91  6.34711e-16  1.20472e-17
      7154.49  6.37262e-16  1.17095e-17
      7159.07  6.55142e-16  1.15556e-17
      7163.65  6.57740e-16  1.15190e-17
      7168.22  6.53287e-16  1.18273e-17
      7172.80  6.32301e-16  1.28166e-17
      7177.38  6.39655e-16  1.27146e-17
      7181.96  6.37551e-16  1.23295e-17
      7186.54  6.39725e-16  1.17241e-17
      7191.12  6.44955e-16  1.15273e-17
      7195.70  6.43761e-16  1.16951e-17
      7200.28  6.69122e-16  1.19306e-17
      7204.86  6.41281e-16  1.16929e-17
      7209.44  6.43070e-16  1.19346e-17
      7214.02  6.44053e-16  1.27172e-17
      7218.60  6.43729e-16  1.20131e-17
      7223.18  6.39454e-16  1.19983e-17
      7227.76  6.19216e-16  1.19958e-17
      7232.34  6.24855e-16  1.18196e-17
      7236.92  6.12540e-16  1.26979e-17
      7241.50  6.26437e-16  1.22640e-17
      7246.08  6.11999e-16  1.13144e-17
      7250.66  6.33872e-16  1.13060e-17
      7255.25  6.08015e-16  1.15375e-17
      7259.83  6.04036e-16  1.13689e-17
      7264.41  5.77690e-16  1.18345e-17
      7268.99  5.73693e-16  1.17005e-17
      7273.58  5.74456e-16  1.10303e-17
      7278.16  5.75084e-16  1.08494e-17
      7282.74  5.71280e-16  1.08150e-17
      7287.33  5.68050e-16  1.10235e-17
      7291.91  5.85868e-16  1.10798e-17
      7296.49  5.81689e-16  1.14173e-17
      7301.08  5.48131e-16  1.11662e-17
      7305.66  5.25531e-16  1.05974e-17
      7310.25  5.30978e-16  1.06036e-17
      7314.83  5.42835e-16  1.06096e-17
      7319.41  5.51812e-16  1.06568e-17
      7324.00  5.44690e-16  1.08700e-17
      7328.58  5.43328e-16  1.09190e-17
      7333.17  5.30521e-16  1.11444e-17
      7337.76  5.34077e-16  1.10238e-17
      7342.34  5.29099e-16  1.07124e-17
      7346.93  5.17332e-16  1.06634e-17
      7351.51  5.32892e-16  1.07591e-17
      7356.10  5.23045e-16  1.08219e-17
      7360.69  4.99466e-16  1.09196e-17
      7365.27  5.20033e-16  1.12168e-17
      7369.86  5.21176e-16  1.12537e-17
      7374.45  5.03993e-16  1.17709e-17
      7379.03  5.16134e-16  1.13401e-17
      7383.62  5.20312e-16  1.09724e-17
      7388.21  5.06323e-16  1.07833e-17
      7392.80  5.11524e-16  1.07406e-17
      7397.38  5.08718e-16  1.07276e-17
      7401.97  4.93171e-16  1.06160e-17
      7406.56  5.07242e-16  1.06159e-17
      7411.15  4.94158e-16  1.07322e-17
      7415.74  5.01709e-16  1.14347e-17
      7420.33  4.90401e-16  1.18251e-17
      7424.91  4.79521e-16  1.11470e-17
      7429.50  4.94074e-16  1.07948e-17
      7434.09  4.62465e-16  1.05366e-17
      7438.68  4.54152e-16  1.04127e-17
      7443.27  4.57300e-16  1.04013e-17
      7447.86  4.40959e-16  1.04342e-17
      7452.45  4.44240e-16  1.05703e-17
      7457.04  4.54055e-16  1.04409e-17
      7461.63  4.36776e-16  1.07544e-17
      7466.22  4.32844e-16  1.12188e-17
      7470.81  4.37286e-16  1.06464e-17
      7475.40  4.23805e-16  1.03449e-17
      7479.99  4.21831e-16  1.04720e-17
      7484.58  3.91494e-16  9.82759e-18
      7489.18  2.46532e-16  7.93938e-18
      7493.77  1.35612e-16  6.23763e-18
      7498.36  8.69961e-17  4.98285e-18
      7502.95  9.90540e-17  5.35345e-18
      7507.54  1.72697e-16  6.79820e-18
      7512.13  2.93312e-16  8.44732e-18
      7516.73  2.32253e-16  7.63008e-18
      7521.32  1.89759e-16  7.27402e-18
      7525.91  2.05848e-16  7.11792e-18
      7530.50  2.12117e-16  7.09221e-18
      7535.10  2.34527e-16  7.44608e-18
      7539.69  2.55581e-16  7.84615e-18
      7544.28  2.82001e-16  8.27892e-18
      7548.88  3.12426e-16  8.64469e-18
      7553.47  3.50209e-16  9.30371e-18
      7558.06  3.59016e-16  9.63516e-18
      7562.66  3.68225e-16  9.51373e-18
      7567.25  3.88915e-16  9.57810e-18
      7571.84  3.70391e-16  9.63510e-18
      7576.44  3.97208e-16  1.00056e-17
      7581.03  3.87439e-16  1.00974e-17
      7585.63  4.27437e-16  1.04952e-17
      7590.22  4.35743e-16  1.11158e-17
      7594.82  4.41488e-16  1.09725e-17
      7599.41  4.18341e-16  1.08139e-17
      7604.01  4.37759e-16  1.22528e-17
      7608.60  4.11078e-16  1.28171e-17
      7613.20  4.29578e-16  1.18009e-17
      7617.79  4.28578e-16  1.13473e-17
      7622.39  4.26294e-16  1.09257e-17
      7626.98  4.06374e-16  1.07856e-17
      7631.58  4.22844e-16  1.08181e-17
      7636.17  4.21937e-16  1.11529e-17
      7640.77  4.48312e-16  1.29124e-17
      7645.37  4.69764e-16  1.31417e-17
      7649.96  4.40233e-16  1.18773e-17
      7654.56  4.53758e-16  1.16052e-17
      7659.16  4.56728e-16  1.12614e-17
      7663.75  4.39697e-16  1.14298e-17
      7668.35  4.52347e-16  1.16306e-17
      7672.95  4.61995e-16  1.15545e-17
      7677.54  4.27276e-16  1.12293e-17
      7682.14  4.38967e-16  1.20863e-17
      7686.74  4.11955e-16  1.24618e-17
      7691.33  4.39517e-16  1.14577e-17
      7695.93  4.46777e-16  1.15191e-17
      7700.53  4.45608e-16  1.17566e-17
      7705.13  4.66685e-16  1.15160e-17
      7709.73  4.70566e-16  1.27896e-17
      7714.32  4.79443e-16  1.30965e-17
      7718.92  4.69878e-16  1.16982e-17
      7723.52  4.56370e-16  1.13449e-17
      7728.12  4.91482e-16  1.18433e-17
      7732.72  4.70614e-16  1.21703e-17
      7737.31  4.60586e-16  1.21893e-17
      7741.91  4.80345e-16  1.38800e-17
      7746.51  5.02148e-16  1.41131e-17
      7751.11  5.07549e-16  1.33849e-17
      7755.71  5.32127e-16  1.29945e-17
      7760.31  5.22292e-16  1.34241e-17
      7764.91  5.13546e-16  1.28320e-17
      7769.51  5.33580e-16  1.28791e-17
      7774.11  4.87665e-16  1.25674e-17
      7778.71  4.96349e-16  1.29987e-17
      7783.31  5.07037e-16  1.25442e-17
      7787.91  5.33715e-16  1.20889e-17
      7792.51  5.07919e-16  1.18940e-17
      7797.11  5.37393e-16  1.25537e-17
      7801.71  5.38372e-16  1.49113e-17
      7806.31  5.38599e-16  1.47302e-17
      7810.91  5.35651e-16  1.37061e-17
      7815.51  5.40812e-16  1.27638e-17
      7820.11  5.43275e-16  1.27868e-17
      7824.71  5.24692e-16  1.22256e-17
      7829.31  5.05615e-16  1.23304e-17
      7833.91  5.32057e-16  1.21889e-17
      7838.51  5.46600e-16  1.26894e-17
      7843.11  5.31800e-16  1.22046e-17
      7847.71  5.28120e-16  1.23670e-17
      7852.31  5.37878e-16  1.41785e-17
      7856.91  5.29226e-16  1.35874e-17
      7861.51  5.63948e-16  1.27242e-17
      7866.12  5.64411e-16  1.33661e-17
      7870.72  5.36395e-16  1.29547e-17
      7875.32  5.53122e-16  1.26453e-17
      7879.92  5.45589e-16  1.44427e-17
      7884.52  5.06646e-16  1.39031e-17
      7889.12  5.26587e-16  1.24263e-17
      7893.73  5.26077e-16  1.20560e-17
      7898.33  5.21293e-16  1.24083e-17
      7902.93  5.14278e-16  1.27974e-17
      7907.53  5.12802e-16  1.26259e-17
      7912.13  4.83236e-16  1.35867e-17
      7916.74  4.77134e-16  1.31957e-17
      7921.34  4.77742e-16  1.20460e-17
      7925.94  4.67829e-16  1.16310e-17
      7930.54  4.66969e-16  1.14954e-17
      7935.15  4.62815e-16  1.16452e-17
      7939.75  4.51447e-16  1.18837e-17
      7944.35  4.52196e-16  1.19733e-17
      7948.95  4.73553e-16  1.24485e-17
      7953.56  4.72560e-16  1.20505e-17
      7958.16  4.65242e-16  1.16038e-17
      7962.76  4.63725e-16  1.15425e-17
      7967.36  4.54132e-16  1.15183e-17
      7971.97  4.71301e-16  1.16844e-17
      7976.57  4.58163e-16  1.16583e-17
      7981.17  4.60264e-16  1.17621e-17
      7985.78  4.59241e-16  1.19686e-17
      7990.38  4.71057e-16  1.23170e-17
      7994.98  4.83321e-16  1.21751e-17
      7999.59  4.71516e-16  1.21256e-17
      8004.19  4.83469e-16  1.22675e-17
      8008.79  4.63916e-16  1.20467e-17
      8013.40  4.41750e-16  1.20759e-17
      8018.00  4.30194e-16  1.20248e-17
      8022.60  4.39326e-16  1.21224e-17
      8027.21  4.36568e-16  1.21413e-17
      8031.81  4.25715e-16  1.20495e-17
      8036.42  4.11399e-16  1.19163e-17
      8041.02  4.06915e-16  1.17911e-17
      8045.62  4.19324e-16  1.18079e-17
      8050.23  4.09772e-16  1.17700e-17
      8054.83  4.20508e-16  1.22476e-17
      8059.44  4.42287e-16  1.30211e-17
      8064.04  3.97773e-16  1.43072e-17
      8068.65  3.88935e-16  1.69151e-17
      8073.25  3.99453e-16  1.69952e-17
      8077.85  3.85781e-16  1.75590e-17
      8082.46  3.96279e-16  1.74081e-17
      8087.06  4.30817e-16  1.58470e-17
      8091.67  4.02713e-16  1.46386e-17
      8096.27  4.30473e-16  1.32617e-17
      8100.88  4.53338e-16  1.25983e-17
      8105.48  4.46185e-16  1.19889e-17
      8110.08  4.03902e-16  1.12354e-17
      8114.69  3.75607e-16  1.05985e-17
      8119.29  4.26378e-16  1.12064e-17
      8123.90  4.44517e-16  1.16381e-17
      8128.50  4.65067e-16  1.18633e-17
      8133.11  4.72640e-16  1.20321e-17
      8137.71  4.61133e-16  1.20079e-17
      8142.32  4.53675e-16  1.17820e-17
      8146.92  4.91603e-16  1.21227e-17
      8151.53  4.90183e-16  1.23858e-17
      8156.13  4.93520e-16  1.23339e-17
      8160.74  4.92191e-16  1.31181e-17
      8165.34  4.76657e-16  1.41520e-17
      8169.95  4.79284e-16  1.47299e-17
      8174.55  4.44397e-16  1.44268e-17
      8179.16  4.56504e-16  1.45192e-17
      8183.76  4.40303e-16  1.47514e-17
      8188.37  4.35463e-16  1.31142e-17
      8192.97  4.50647e-16  1.30315e-17
      8197.58  4.53563e-16  1.26896e-17
      8202.18  4.41516e-16  1.21131e-17
      8206.79  4.38589e-16  1.19531e-17
      8211.39  4.34287e-16  1.18555e-17
      8216.00  4.33562e-16  1.17998e-17
      8220.60  4.12801e-16  1.20854e-17
      8225.21  4.01788e-16  1.54182e-17
      8229.81  4.16697e-16  1.65965e-17
      8234.42  3.76503e-16  1.45755e-17
      8239.02  3.75748e-16  1.30447e-17
      8243.63  3.92938e-16  1.22950e-17
      8248.23  3.88235e-16  1.22854e-17
      8252.84  4.18452e-16  1.19089e-17
      8257.44  4.01744e-16  1.16704e-17
      8262.05  4.14114e-16  1.25556e-17
      8266.66  4.39154e-16  1.28998e-17
      8271.26  4.22830e-16  1.20447e-17
      8275.87  4.29836e-16  1.25770e-17
      8280.47  4.24013e-16  1.52434e-17
      8285.08  4.13862e-16  1.42934e-17
      8289.68  4.29555e-16  1.24236e-17
      8294.29  4.38441e-16  1.28841e-17
      8298.89  4.57694e-16  1.32788e-17
      8303.50  4.52453e-16  1.26487e-17
      8308.10  4.47243e-16  1.39151e-17
      8312.71  4.44222e-16  1.59016e-17
      8317.31  4.26904e-16  1.37935e-17
      8321.92  4.20735e-16  1.20282e-17
      8326.52  4.16797e-16  1.22108e-17
      8331.13  4.27799e-16  1.30707e-17
      8335.73  4.48751e-16  1.31874e-17
      8340.34  4.39160e-16  1.25915e-17
      8344.94  4.20509e-16  1.41877e-17
      8349.55  4.30583e-16  1.41866e-17
      8354.16  4.24833e-16  1.24908e-17
      8358.76  4.19746e-16  1.17265e-17
      8363.37  4.09038e-16  1.15693e-17
      8367.97  4.25180e-16  1.16706e-17
      8372.58  4.52883e-16  1.24941e-17
      8377.18  4.81369e-16  1.24618e-17
      8381.79  4.55200e-16  1.26413e-17
      8386.39  4.72311e-16  1.33750e-17
      8391.00  4.72048e-16  1.25025e-17
      8395.60  4.44076e-16  1.16471e-17
      8400.21  4.74299e-16  1.17437e-17
      8404.81  4.91665e-16  1.17634e-17
      8409.42  4.79943e-16  1.17093e-17
      8414.02  4.52570e-16  1.15823e-17
      8418.63  4.54195e-16  1.16293e-17
      8423.23  4.63004e-16  1.15995e-17
      8427.84  4.68257e-16  1.21519e-17
      8432.44  4.82463e-16  1.20763e-17
      8437.05  4.98470e-16  1.18326e-17
      8441.65  4.95035e-16  1.17417e-17
      8446.26  5.14083e-16  1.18029e-17
      8450.86  4.90323e-16  1.16841e-17
      8455.47  4.83528e-16  1.16746e-17
      8460.07  4.72744e-16  1.15828e-17
      8464.68  4.79060e-16  1.17751e-17
      8469.28  5.01497e-16  1.18415e-17
      8473.89  4.88676e-16  1.19870e-17
      8478.49  4.87107e-16  1.20306e-17
      8483.10  4.93234e-16  1.19190e-17
      8487.70  4.99056e-16  1.19047e-17
      8492.30  4.89771e-16  1.19472e-17
      8496.91  4.85053e-16  1.22256e-17
      8501.51  4.71914e-16  1.26336e-17
      8506.12  4.81997e-16  1.30001e-17
      8510.72  4.65074e-16  1.30709e-17
      8515.33  4.87105e-16  1.29208e-17
      8519.93  4.90686e-16  1.25972e-17
      8524.54  4.90686e-16  1.26302e-17
      8529.14  4.90686e-16  1.31932e-17
      8533.75  4.89771e-16  1.33909e-17
      8538.35  4.89771e-16  1.33003e-17
      8542.95  4.89605e-16  1.31086e-17
      8547.56  5.12230e-16  1.31233e-17
      8552.16  4.81469e-16  1.28838e-17
      8556.77  5.02936e-16  1.28250e-17
      8561.37  4.83793e-16  1.25720e-17
      8565.97  4.78467e-16  1.23877e-17
      8570.58  4.69568e-16  1.22590e-17
      8575.18  4.87133e-16  1.24362e-17
      8579.79  4.91379e-16  1.24992e-17
      8584.39  4.89605e-16  1.24542e-17
      8588.99  4.72442e-16  1.22748e-17
      8593.60  4.83182e-16  1.23382e-17
      8598.20  4.56295e-16  1.27196e-17
      8602.80  4.83464e-16  1.24496e-17
      8607.41  4.67338e-16  1.22696e-17
      8612.01  4.82873e-16  1.24248e-17
      8616.61  4.84133e-16  1.24878e-17
      8621.22  4.93401e-16  1.25342e-17
      8625.82  5.12832e-16  1.26613e-17
      8630.42  4.73776e-16  1.27240e-17
      8635.03  4.70033e-16  1.44310e-17
      8639.63  4.80109e-16  1.63321e-17
      8644.23  4.53768e-16  1.68820e-17
      8648.84  4.59157e-16  1.58609e-17
      8653.44  4.42047e-16  1.64126e-17
      8658.04  4.87478e-16  1.67138e-17
      8662.65  4.73105e-16  1.36797e-17
      8667.25  4.95423e-16  1.38786e-17
      8671.85  4.88103e-16  1.33643e-17
      8676.45  4.90759e-16  1.27091e-17
      8681.06  5.08939e-16  1.26041e-17
      8685.66  4.74830e-16  1.24741e-17
      8690.26  4.60100e-16  1.24275e-17
      8694.86  4.54989e-16  1.26151e-17
      8699.47  4.50880e-16  1.60598e-17
      8704.07  4.37302e-16  1.98523e-17
      8708.67  4.41395e-16  1.72214e-17
      8713.27  4.51340e-16  1.59205e-17
      8717.88  4.33836e-16  1.36790e-17
      8722.48  4.57649e-16  1.29575e-17
      8727.08  4.40889e-16  1.30761e-17
      8731.68  4.17755e-16  1.22576e-17
      8736.28  4.18204e-16  1.20058e-17
      8740.89  4.13032e-16  1.31522e-17
      8745.49  4.16776e-16  1.35300e-17
      8750.09  4.20342e-16  1.22115e-17
      8754.69  4.18703e-16  1.23018e-17
      8759.29  4.03087e-16  1.58469e-17
      8763.89  4.06272e-16  1.65253e-17
      8768.49  4.20480e-16  1.30385e-17
      8773.10  4.29186e-16  1.25067e-17
      8777.70  4.33515e-16  1.41770e-17
      8782.30  4.12876e-16  1.34512e-17
      8786.90  4.21401e-16  1.24725e-17
      8791.50  4.37415e-16  1.53973e-17
      8796.10  4.15749e-16  1.78922e-17
      8800.70  4.17477e-16  1.45129e-17
      8805.30  3.94606e-16  1.25757e-17
      8809.90  4.04287e-16  1.24771e-17
      8814.50  4.16128e-16  1.38486e-17
      8819.11  4.42481e-16  1.52946e-17
      8823.71  4.28072e-16  1.38404e-17
      8828.31  4.18401e-16  1.49129e-17
      8832.91  4.19614e-16  1.82204e-17
      8837.51  3.85602e-16  1.55576e-17
      8842.11  3.99756e-16  1.32020e-17
      8846.71  3.93424e-16  1.28695e-17
      8851.31  3.99426e-16  1.29533e-17
      8855.91  3.98980e-16  1.32020e-17
      8860.51  3.61659e-16  1.39253e-17
      8865.11  3.15338e-16  1.35313e-17
      8869.71  3.52328e-16  1.36656e-17
      8874.31  3.72235e-16  1.59633e-17
      8878.91  3.69364e-16  1.48903e-17
      8883.50  3.81357e-16  1.28522e-17
      8888.10  3.74994e-16  1.23722e-17
      8892.70  3.79577e-16  1.25347e-17
      8897.30  3.64083e-16  1.23029e-17
      8901.90  3.60258e-16  1.24117e-17
      8906.50  3.82419e-16  1.29301e-17
      8911.10  3.59499e-16  1.37541e-17
      8915.70  3.42671e-16  1.31603e-17
      8920.30  3.65963e-16  1.40702e-17
      8924.90  3.62875e-16  1.42415e-17
      8929.49  3.98179e-16  1.33364e-17
      8934.09  3.70460e-16  1.25606e-17
      8938.69  3.45373e-16  1.23780e-17
      8943.29  3.32959e-16  1.19431e-17
      8947.89  3.27714e-16  1.19967e-17
      8952.49  3.34694e-16  1.18963e-17
      8957.08  3.24349e-16  1.19160e-17
      8961.68  3.27062e-16  1.21037e-17
      8966.28  3.11080e-16  1.23917e-17
      8970.88  3.19228e-16  1.24481e-17
      8975.48  3.44920e-16  1.31309e-17
      8980.07  3.49161e-16  1.28105e-17
      8984.67  3.64344e-16  1.28108e-17
      8989.27  3.55664e-16  1.26984e-17
      8993.86  3.58491e-16  1.28895e-17
      8998.46  3.59129e-16  1.29068e-17
      9003.06  3.21390e-16  1.22311e-17
      9007.66  3.07746e-16  1.22014e-17
      9012.25  3.35031e-16  1.28050e-17
      9016.85  3.25648e-16  1.29397e-17
      9021.45  3.22647e-16  1.30450e-17
      9026.04  3.18109e-16  1.28149e-17
      9030.64  3.01202e-16  1.30637e-17
      9035.24  3.06872e-16  1.33619e-17
      9039.83  3.35116e-16  1.31882e-17
      9044.43  3.18204e-16  1.27065e-17
      9049.03  3.00090e-16  1.24767e-17
      9053.62  3.16597e-16  1.28586e-17
      9058.22  3.23264e-16  1.29383e-17
      9062.81  3.16434e-16  1.29331e-17
      9067.41  3.10889e-16  1.26724e-17
      9072.00  3.19477e-16  1.28961e-17
      9076.60  3.27114e-16  1.28559e-17
      9081.19  2.82351e-16  1.22934e-17
      9085.79  2.71877e-16  1.23710e-17
      9090.39  2.79690e-16  1.24951e-17
      9094.98  2.97426e-16  1.28272e-17
      9099.58  2.84794e-16  1.27286e-17
      9104.17  3.11361e-16  1.24503e-17
      9108.77  2.92735e-16  1.23218e-17
      9113.36  2.97206e-16  1.25501e-17
      9117.96  2.78207e-16  1.26102e-17
      9122.55  2.90316e-16  1.29594e-17
      9127.14  2.89856e-16  1.31695e-17
      9131.74  3.13550e-16  1.38198e-17
      9136.33  3.30835e-16  1.42833e-17
      9140.93  3.26882e-16  1.44503e-17
      9145.52  3.10111e-16  1.46022e-17
      9150.11  3.11149e-16  1.47909e-17
      9154.71  3.21725e-16  1.55555e-17
      9159.30  3.31518e-16  1.62775e-17
      9163.90  2.94603e-16  1.63700e-17
      9168.49  2.89727e-16  1.65591e-17
      9173.08  3.17556e-16  2.06887e-17
      9177.68  2.89503e-16  2.66583e-17
      9182.27  2.76203e-16  3.01798e-17
      9186.86  2.15454e-16  2.54705e-17
      9191.46  2.36489e-16  2.56926e-17
      9196.05  2.28595e-16  2.43188e-17
      9200.64  2.56631e-16  1.91112e-17
      9205.23  2.44836e-16  1.90114e-17
      9209.83  2.15464e-16  1.79952e-17
      9214.42  2.16905e-16  1.62578e-17
      9219.01  2.63446e-16  1.78800e-17
      9223.60  2.50725e-16  1.61842e-17
      9228.20  2.04635e-16  1.59799e-17
      9232.79  2.52978e-16  1.72131e-17
      9237.38  2.07884e-16  1.80911e-17
      9241.97  2.61640e-16  3.14165e-17
      9246.56  2.27887e-16  3.48076e-17
      9251.16  2.00524e-16  2.16439e-17
      9255.75  2.80055e-16  1.86653e-17
      9260.34  2.92594e-16  1.91868e-17
      9264.93  3.38736e-16  1.94779e-17
      9269.52  2.73292e-16  2.07236e-17
      9274.11  3.03795e-16  1.99295e-17
      9278.70  2.52835e-16  1.79393e-17
      9283.29  2.80164e-16  1.99153e-17
      9287.88  2.74231e-16  2.42711e-17
      9292.48  2.43349e-16  2.15037e-17
      9297.07  2.26878e-16  1.86528e-17
      9301.66  2.58475e-16  2.09138e-17
      9306.25  2.39834e-16  3.01154e-17
      9310.84  2.12086e-16  2.78515e-17
      9315.43  2.77252e-16  2.14937e-17
      9320.02  2.67691e-16  2.07032e-17
      9324.61  2.63813e-16  2.49176e-17
      9329.20  2.18731e-16  2.39997e-17
      9333.79  2.56075e-16  1.98752e-17
      9338.38  2.75652e-16  2.14051e-17
      9342.97  2.55376e-16  3.09593e-17
      9347.56  2.53513e-16  2.80614e-17
      9352.15  2.51476e-16  2.09053e-17
      9356.74  2.76507e-16  2.03881e-17
      9361.32  2.56075e-16  1.92194e-17
      9365.91  2.55376e-16  2.04614e-17
      9370.50  2.53513e-16  2.52539e-17
      9375.09  2.82117e-16  2.21265e-17
      9379.68  2.93775e-16  2.06116e-17
      9384.27  2.18827e-16  2.22364e-17
      9388.86  2.28683e-16  2.20584e-17
      9393.45  2.34500e-16  1.92220e-17
      9398.04  2.51281e-16  1.96180e-17
      9402.62  2.90840e-16  2.02042e-17
      9407.21  1.91898e-16  1.85233e-17
      9411.80  2.37891e-16  1.84824e-17
      9416.39  2.69932e-16  2.20074e-17
      9420.98  2.02029e-16  2.22187e-17
      9425.56  2.19144e-16  2.00292e-17
      9430.15  1.79107e-16  2.34759e-17
      9434.74  1.80245e-16  2.67710e-17
      9439.33  2.56192e-16  2.19574e-17
      9443.91  2.61549e-16  1.97468e-17
      9448.50  2.27208e-16  1.85528e-17
      9453.09  1.96051e-16  1.88260e-17
      9457.67  1.75793e-16  1.75226e-17
      9462.26  1.89726e-16  1.80253e-17
      9466.85  1.88823e-16  1.83439e-17
      9471.44  2.47918e-16  2.05723e-17
      9476.02  2.28053e-16  2.06910e-17
      9480.61  2.65251e-16  1.99473e-17
      9485.20  2.16200e-16  2.08289e-17
      9489.78  2.14177e-16  1.99400e-17
      9494.37  2.37228e-16  1.91906e-17
      9498.95  2.21057e-16  1.87335e-17
      9503.54  1.97051e-16  1.79168e-17
      9508.13  1.92546e-16  1.78031e-17
      9512.71  1.84424e-16  1.78109e-17
      9517.30  2.01493e-16  1.87745e-17
      9521.88  2.18557e-16  1.97794e-17
      9526.47  1.78837e-16  1.90194e-17
      9531.06  1.92804e-16  2.06972e-17
      9535.64  2.06660e-16  2.23625e-17
      9540.23  2.05140e-16  2.19352e-17
      9544.81  2.05140e-16  2.41792e-17
      9549.40  2.11261e-16  2.41918e-17
      9553.98  2.39432e-16  2.28248e-17
      9558.57  1.87762e-16  2.30811e-17
      9563.15  2.26877e-16  2.73069e-17
      9567.74  1.97643e-16  2.45773e-17
      9572.32  2.05140e-16  2.33274e-17
      9576.91  2.20480e-16  2.49241e-17
      9581.49  2.01849e-16  2.81170e-17
      9586.08  2.21585e-16  2.94154e-17
      9590.66  2.09995e-16  2.33273e-17
      9595.25  1.72875e-16  2.21983e-17
      9599.83  1.78599e-16  2.37507e-17
      9604.41  1.81514e-16  2.40802e-17
      9609.00  1.70844e-16  2.22074e-17
      9613.58  1.95665e-16  2.14623e-17
      9618.17  1.86984e-16  2.03414e-17
      9622.75  1.96077e-16  2.04920e-17
      9627.33  1.84289e-16  2.07047e-17
      9631.92  1.70813e-16  2.07718e-17
      9636.50  1.87760e-16  2.12312e-17
      9641.08  1.87588e-16  2.18934e-17
      9645.67  1.73566e-16  2.21709e-17
      9650.25  1.60038e-16  2.88235e-17
      9654.83  2.09213e-16  3.63955e-17
      9659.42  2.12367e-16  3.10913e-17
      9664.00  1.68092e-16  2.83640e-17
      9668.58  1.69766e-16  2.41977e-17
      9673.17  2.22357e-16  2.52805e-17
      9677.75  1.78048e-16  2.43883e-17
      9682.33  1.58655e-16  2.27331e-17
      9686.91  1.64093e-16  2.17387e-17
      9691.50  1.83278e-16  2.23039e-17
      9696.08  1.55195e-16  2.15029e-17
      9700.66  1.77878e-16  2.15769e-17
      9705.24  1.31106e-16  2.20052e-17
      9709.83  2.03407e-16  2.67389e-17
      9714.41  1.58836e-16  2.54440e-17
      9718.99  1.48803e-16  2.22964e-17
      9723.57  1.37533e-16  2.22075e-17
      9728.16  1.68354e-16  2.43880e-17
      9732.74  1.93596e-16  3.56326e-17
      9737.32  1.73251e-16  3.54213e-17
      9741.90  1.76557e-16  2.62138e-17
      9746.48  1.55939e-16  2.42713e-17
      9751.07  1.84648e-16  2.54057e-17
      9755.65  1.53064e-16  3.02748e-17
      9760.23  1.56609e-16  2.95717e-17
      9764.81  1.70666e-16  2.57217e-17
      9769.39  1.73251e-16  2.64496e-17
      9773.97  1.73251e-16  3.79765e-17
      9778.55  1.74625e-16  4.17176e-17
      9783.14  1.88663e-16  3.03301e-17
      9787.72  1.31139e-16  2.71731e-17
      9792.30  1.82976e-16  2.74113e-17
      9796.88  1.14341e-16  2.77535e-17
      9801.46  1.28286e-16  3.46169e-17
      9806.04  1.88247e-16  4.47892e-17
      9810.62  1.62183e-16  4.30151e-17
      9815.20  1.47929e-16  3.88497e-17
      9819.78  1.81195e-16  4.40124e-17
      9824.37  1.26206e-16  4.30862e-17
      9828.95  1.73304e-16  3.43571e-17
      9833.53  1.57321e-16  3.24801e-17
      9838.11  1.99461e-16  3.08474e-17
      9842.69  1.41238e-16  2.88032e-17
      9847.27  1.28476e-16  2.77134e-17
      9851.85  8.63991e-17  2.82662e-17
      9856.43  1.11208e-16  2.83771e-17
      9861.01  1.44898e-16  3.19629e-17
      9865.59  1.15861e-16  3.06158e-17
      9870.17  1.96956e-16  3.99010e-17
      9874.75  2.23227e-16  5.02837e-17
      9879.33  1.20150e-16  3.93451e-17
      9883.91  1.76710e-16  3.63931e-17
      9888.49  1.37651e-16  3.55379e-17
      9893.07  1.36614e-16  3.05206e-17
      9897.65  1.20646e-16  2.99875e-17
      9902.23  1.47080e-16  3.16044e-17
      9906.81  1.54046e-16  3.08649e-17
      9911.39  1.29870e-16  2.92627e-17
      9915.97  8.22692e-17  3.02805e-17
      9920.55  5.84401e-17  3.39762e-17
      9925.13  1.15456e-16  3.42434e-17
      9929.71  1.78290e-16  3.49044e-17
      9934.29  1.24586e-16  3.40377e-17
      9938.87  1.99743e-16  3.78444e-17
      9943.45  1.17803e-16  4.48428e-17
      9948.03  1.32324e-16  3.72878e-17
      9952.61  1.51974e-16  3.35063e-17
      9957.19  1.40278e-16  3.40696e-17
      9961.77  1.30623e-16  3.79814e-17
      9966.35  1.46674e-16  3.90037e-17
      9970.93  1.81407e-16  3.58365e-17
      9975.51  1.79249e-16  3.50071e-17
      9980.09  1.19601e-16  4.14948e-17
      9984.67  1.41340e-16  5.09680e-17
      9989.25  1.39873e-16  4.42748e-17
      9993.83  1.36893e-16  4.03903e-17
      9998.41  1.23925e-16  4.04633e-17
      10003.0  1.63001e-16  4.23313e-17
      10007.6  1.64199e-16  4.32689e-17
      10012.2  1.57440e-16  4.66883e-17
      10016.7  1.69735e-16  4.75713e-17
      10021.3  1.31169e-16  4.50331e-17
      10025.9  8.71154e-17  4.58053e-17
      10030.5  1.35227e-16  6.01175e-17
      10035.0  9.22338e-17  5.67805e-17
      10039.6  2.06149e-16  5.04559e-17
      10044.2  1.16092e-16  4.95557e-17
      10048.8  1.57659e-16  5.83600e-17
      10053.4  2.10649e-16  5.49478e-17
      10057.9  1.11587e-16  4.83256e-17
      10062.5  3.97303e-17  5.18656e-17
      10067.1  1.29814e-16  5.79195e-17
      10071.7  1.50549e-16  6.29847e-17
      10076.3  1.81735e-16  5.26103e-17
      10080.8  8.68687e-17  4.80048e-17
      10085.4  1.71139e-16  5.35960e-17
      10090.0  8.27322e-17  5.35356e-17
      10094.6  1.03415e-16  4.78768e-17
      10099.2  1.97775e-16  4.49945e-17
      10103.7  4.03492e-17  4.19677e-17
      10108.3  1.53079e-16  4.23557e-17
      10112.9  5.19774e-17  4.21935e-17
      10117.5  1.37545e-16  4.30437e-17
      10122.1  9.53788e-17  4.19798e-17
      10126.6  1.24821e-16  4.41957e-17
      10131.2  4.41338e-17  4.43235e-17
      10135.8  6.20677e-17  4.56161e-17
      10140.4  9.09086e-17  5.16153e-17
      10145.0  2.74911e-16  7.78434e-17
      10149.5  1.57246e-16  7.09670e-17
      10154.1  2.52880e-17  6.16298e-17
      10158.7  1.49051e-16  5.59060e-17
      10163.3  1.74740e-16  4.94242e-17
      10167.9  8.39703e-17  4.76248e-17
      10172.4  4.84738e-17  4.75574e-17
      10177.0  1.36596e-16  4.58685e-17
      10181.6  1.64996e-16  4.56171e-17
      10186.2  5.47869e-17  4.35138e-17
      10190.8  1.46442e-16  4.41181e-17
      10195.3  9.30646e-17  4.32135e-17
      10199.9  1.49144e-16  4.48822e-17
      10204.5  8.23338e-17  4.78255e-17
      10209.1  1.42113e-16  5.01024e-17
      10213.7  1.24615e-16  4.54005e-17
      10218.3  2.07680e-16  4.50506e-17
      10222.8  1.07198e-16  4.36109e-17
      10227.4  8.74237e-17  4.79156e-17
      10232.0  1.57780e-16  5.74226e-17
      10236.6  1.52609e-16  5.14774e-17
      10241.2  1.07692e-16  4.37284e-17
      10245.7  1.91219e-16  4.28276e-17
      10250.3  1.66387e-16  4.27501e-17
      10254.9  1.17293e-16  4.50966e-17
      10259.5  1.33690e-16  4.39672e-17
      10264.1  1.07860e-16  4.07901e-17
      10268.6  1.63133e-16  4.03238e-17
      10273.2  1.27497e-16  4.23794e-17
      10277.8  1.29481e-16  5.02674e-17
      10282.4  1.18946e-16  4.39931e-17
      10287.0  1.64831e-16  3.87775e-17
      10291.6  1.45184e-16  3.68805e-17
      10296.1  1.55556e-16  3.56871e-17
