3646.24088601662  5.292637E-15
3648.57030416305  5.217042E-15
3650.89972230947  5.134477E-15
3653.2291404559  5.057626E-15
3655.55855860233  4.984669E-15
3657.88797674875  4.916020E-15
3660.21739489518  4.854828E-15
3662.54681304161  4.802665E-15
3664.87623118804  4.760852E-15
3667.20564933446  4.725231E-15
3669.53506748089  4.697183E-15
3671.86448562732  4.678220E-15
3674.19390377374  4.665479E-15
3676.52332192017  4.659819E-15
3678.8527400666  4.659087E-15
3681.18215821302  4.652943E-15
3683.51157635945  4.614649E-15
3685.84099450588  4.656452E-15
3688.1704126523  5.111065E-15
3690.49983079873  3.609323E-15
3692.82924894516  2.948972E-15
3695.15866709159  4.322220E-15
3697.48808523801  5.166760E-15
3699.81750338444  5.090240E-15
3702.14692153087  4.614528E-15
3704.47633967729  2.210580E-15
3706.80575782372  1.824230E-15
3709.13517597015  3.003600E-15
3711.46459411657  2.478520E-15
3713.794012263  2.555435E-15
3716.12343040943  4.126817E-15
3718.45284855585  3.607454E-15
3720.78226670228  4.608280E-15
3723.11168484871  3.265795E-15
3725.44110299514  2.092350E-15
3727.77052114156  2.028700E-15
3730.09993928799  3.478671E-15
3732.42935743442  5.253170E-15
3734.75877558084  5.216773E-15
3737.08819372727  3.988792E-15
3739.4176118737  2.032818E-15
3741.74703002012  3.617071E-15
3744.07644816655  3.412278E-15
3746.40586631298  1.871032E-15
3748.7352844594  1.978869E-15
3751.06470260583  3.137664E-15
3753.39412075226  1.238382E-15
3755.72353889869  2.454376E-15
3758.05295704511  3.949905E-15
3760.38237519154  4.226943E-15
3762.71179333797  4.263005E-15
3765.04121148439  3.870585E-15
3767.37062963082  2.802983E-15
3769.70004777725  2.316633E-15
3772.02946592367  3.052795E-15
3774.3588840701  3.364310E-15
3776.68830221653  2.812022E-15
3779.01772036296  1.968718E-15
3781.34713850938  2.169192E-15
3783.67655665581  2.096676E-15
3786.00597480224  2.295357E-15
3788.33539294866  2.261398E-15
3790.66481109509  2.602985E-15
3792.99422924152  4.003422E-15
3795.32364738794  4.341132E-15
3797.65306553437  2.972068E-15
3799.9824836808  2.782128E-15
3802.31190182722  2.583155E-15
3804.64131997365  2.454660E-15
3806.97073812008  3.030307E-15
3809.30015626651  1.359465E-15
3811.62957441293  1.102766E-15
3813.95899255936  1.972218E-15
3816.28841070579  6.549319E-16
3818.61782885221  1.712672E-15
3820.94724699864  2.461587E-15
3823.27666514507  1.316911E-15
3825.60608329149  1.755950E-15
3827.93550143792  2.177668E-15
3830.26491958435  2.580520E-15
3832.59433773077  1.395710E-15
3834.9237558772  1.463039E-15
3837.25317402363  2.713164E-15
3839.58259217006  3.247623E-15
3841.91201031648  3.212547E-15
3844.24142846291  4.512672E-15
3846.57084660934  4.187145E-15
3848.90026475576  5.263040E-15
3851.22968290219  4.342245E-15
3853.55910104862  3.001946E-15
3855.88851919504  4.624257E-15
3858.21793734147  4.634079E-15
3860.5473554879  4.551069E-15
3862.87677363432  5.031273E-15
3865.20619178075  4.339687E-15
3867.53560992718  3.811722E-15
3869.86502807361  3.177460E-15
3872.19444622003  3.496674E-15
3874.52386436646  5.008056E-15
3876.85328251289  5.366292E-15
3879.18270065931  5.375788E-15
3881.51211880574  5.881596E-15
3883.84153695217  6.970972E-15
3886.17095509859  6.677599E-15
3888.50037324502  5.174820E-15
3890.82979139145  3.648055E-15
3893.15920953787  3.996208E-15
3895.4886276843  3.861808E-15
3897.81804583073  4.789983E-15
3900.14746397716  5.485346E-15
3902.47688212358  5.711004E-15
3904.80630027001  5.340469E-15
3907.13571841644  5.851622E-15
3909.46513656286  6.984783E-15
3911.79455470929  6.391855E-15
3914.12397285572  6.006611E-15
3916.45339100214  5.636750E-15
3918.78280914857  5.668494E-15
3921.112227295  7.148644E-15
3923.44164544142  7.187829E-15
3925.77106358785  6.264191E-15
3928.10048173428  6.861695E-15
3930.42989988071  5.705206E-15
3932.75931802713  6.157783E-15
3935.08873617356  6.876354E-15
3937.41815431999  6.053448E-15
3939.74757246641  6.246615E-15
3942.07699061284  6.176013E-15
3944.40640875927  7.256609E-15
3946.73582690569  7.826305E-15
3949.06524505212  7.526819E-15
3951.39466319855  7.051459E-15
3953.72408134497  6.639244E-15
3956.0534994914  6.465100E-15
3958.38291763783  8.126834E-15
3960.71233578426  7.161163E-15
3963.04175393068  5.828437E-15
3965.37117207711  6.591090E-15
3967.70059022354  7.415338E-15
3970.03000836996  5.389050E-15
3972.35942651639  4.439190E-15
3974.68884466282  5.755459E-15
3977.01826280924  6.560550E-15
3979.34768095567  6.173094E-15
3981.6770991021  6.371291E-15
3984.00651724853  5.886079E-15
3986.33593539495  7.800917E-15
3988.66535354138  7.623771E-15
3990.9947716878  6.495013E-15
3993.32418983423  6.806935E-15
3995.65360798066  4.988473E-15
3997.98302612709  4.354780E-15
4000.31244427351  6.344111E-15
4002.64186241994  5.854468E-15
4004.97128056637  6.087412E-15
4007.30069871279  6.572620E-15
4009.63011685922  6.266495E-15
4011.95953500565  4.800360E-15
4014.28895315208  4.025035E-15
4016.6183712985  4.988229E-15
4018.94778944493  6.377153E-15
4021.27720759135  6.281602E-15
4023.60662573778  4.716828E-15
4025.93604388421  4.148381E-15
4028.26546203064  6.208776E-15
4030.59488017706  7.052211E-15
4032.92429832349  6.292480E-15
4035.25371646992  6.249599E-15
4037.58313461634  6.450562E-15
4039.91255276277  5.991667E-15
4042.2419709092  5.473008E-15
4044.57138905562  4.736806E-15
4046.90080720205  5.043899E-15
4049.23022534848  4.500690E-15
4051.5596434949  4.474847E-15
4053.88906164133  4.682055E-15
4056.21847978776  5.578313E-15
4058.54789793419  5.358251E-15
4060.87731608061  5.351620E-15
4063.20673422704  4.514196E-15
4065.53615237347  4.641412E-15
4067.86557051989  5.135747E-15
4070.19498866632  4.937198E-15
4072.52440681275  4.588283E-15
4074.85382495918  4.331485E-15
4077.1832431056  4.756815E-15
4079.51266125203  4.671382E-15
4081.84207939846  4.580022E-15
4084.17149754488  3.775649E-15
4086.50091569131  3.991080E-15
4088.83033383774  4.593577E-15
4091.15975198416  3.519325E-15
4093.48917013059  4.135233E-15
4095.81858827702  4.788078E-15
4098.14800642345  3.828468E-15
4100.47742456987  3.413744E-15
4102.8068427163  3.047069E-15
4105.13626086273  3.650162E-15
4107.46567900915  4.080001E-15
4109.79509715558  4.994240E-15
4112.12451530201  5.797990E-15
4114.45393344843  4.690956E-15
4116.78335159486  4.024224E-15
4119.11276974129  3.589523E-15
4121.44218788771  3.902263E-15
4123.77160603414  3.687985E-15
4126.10102418057  4.418143E-15
4128.43044232699  4.501370E-15
4130.75986047342  4.199514E-15
4133.08927861985  3.400559E-15
4135.41869676628  4.188299E-15
4137.7481149127  5.115905E-15
4140.07753305913  5.595466E-15
4142.40695120556  4.553653E-15
4144.73636935198  4.022463E-15
4147.06578749841  3.807182E-15
4149.39520564484  4.062793E-15
4151.72462379126  4.668813E-15
4154.05404193769  4.814376E-15
4156.38346008412  5.138951E-15
4158.71287823054  5.128319E-15
4161.04229637697  4.934765E-15
4163.3717145234  4.732936E-15
4165.70113266983  4.673106E-15
4168.03055081625  4.897616E-15
4170.35996896268  5.214602E-15
4172.68938710911  5.367929E-15
4175.01880525553  5.352458E-15
4177.34822340196  4.691675E-15
4179.67764154839  4.379320E-15
4182.00705969481  5.203238E-15
4184.33647784124  4.963297E-15
4186.66589598767  4.630510E-15
4188.9953141341  4.631937E-15
4191.32473228052  4.927185E-15
4193.65415042695  4.521190E-15
4195.98356857337  4.373106E-15
4198.3129867198  4.208091E-15
4200.64240486623  4.762889E-15
4202.97182301266  4.983119E-15
4205.30124115908  5.249246E-15
4207.63065930551  4.614834E-15
4209.96007745194  3.365930E-15
4212.28949559836  2.930833E-15
4214.61891374479  4.261751E-15
4216.94833189122  5.232476E-15
4219.27775003765  5.468723E-15
4221.60716818407  5.460743E-15
4223.9365863305  5.166840E-15
4226.26600447692  5.175790E-15
4228.59542262335  5.724666E-15
4230.92484076978  4.349936E-15
4233.25425891621  4.935092E-15
4235.58367706263  5.784721E-15
4237.91309520906  5.836866E-15
4240.24251335549  5.390568E-15
4242.57193150191  4.925134E-15
4244.90134964834  4.469597E-15
4247.23076779477  5.714268E-15
4249.56018594119  5.875790E-15
4251.88960408762  6.040493E-15
4254.21902223405  5.695506E-15
4256.54844038048  5.447968E-15
4258.8778585269  5.354717E-15
4261.20727667333  5.279302E-15
4263.53669481976  5.477158E-15
4265.86611296618  5.778747E-15
4268.19553111261  6.109904E-15
4270.52494925904  6.093393E-15
4272.85436740547  4.619918E-15
4275.18378555189  4.524814E-15
4277.51320369832  4.699432E-15
4279.84262184475  4.446296E-15
4282.17203999117  5.251721E-15
4284.5014581376  5.192165E-15
4286.83087628403  5.206844E-15
4289.16029443045  5.159567E-15
4291.48971257688  5.269159E-15
4293.81913072331  5.161132E-15
4296.14854886973  4.827187E-15
4298.47796701616  4.264412E-15
4300.80738516259  5.052350E-15
4303.13680330901  5.737401E-15
4305.46622145544  5.679145E-15
4307.79563960187  5.939611E-15
4310.1250577483  5.305964E-15
4312.45447589472  6.221681E-15
4314.78389404115  6.582999E-15
4317.11331218758  5.763801E-15
4319.442730334  5.120996E-15
4321.77214848043  5.289162E-15
4324.10156662686  6.159474E-15
4326.43098477328  5.750253E-15
4328.76040291971  5.379972E-15
4331.08982106614  6.296192E-15
4333.41923921256  5.864021E-15
4335.74865735899  6.257696E-15
4338.07807550542  6.750411E-15
4340.40749365185  5.440488E-15
4342.73691179827  4.514267E-15
4345.0663299447  5.361137E-15
4347.39574809113  5.456928E-15
4349.72516623755  4.677152E-15
4352.05458438398  4.631592E-15
4354.38400253041  4.759738E-15
4356.71342067683  4.766910E-15
4359.04283882326  5.400577E-15
4361.37225696969  5.129432E-15
4363.70167511611  4.871038E-15
4366.03109326254  4.914284E-15
4368.36051140897  4.841634E-15
4370.68992955539  4.080723E-15
4373.01934770182  3.245867E-15
4375.34876584825  3.373455E-15
4377.67818399468  4.452156E-15
4380.0076021411  5.378088E-15
4382.33702028753  5.591939E-15
4384.66643843396  4.629683E-15
4386.99585658038  4.359840E-15
4389.32527472681  3.788938E-15
4391.65469287324  3.651996E-15
4393.98411101966  3.261364E-15
4396.31352916609  2.711728E-15
4398.64294731252  3.030099E-15
4400.97236545894  3.772339E-15
4403.30178360537  4.094883E-15
4405.6312017518  3.758721E-15
4407.96061989823  4.143345E-15
4410.29003804465  3.921952E-15
4412.61945619108  3.647952E-15
4414.94887433751  4.262582E-15
4417.27829248393  4.642813E-15
4419.60771063036  4.068797E-15
4421.93712877679  3.916822E-15
4424.26654692321  3.270883E-15
4426.59596506964  3.233359E-15
4428.92538321607  3.607771E-15
4431.25480136249  3.881979E-15
4433.58421950892  3.920354E-15
4435.91363765535  3.372578E-15
4438.24305580178  3.279202E-15
4440.5724739482  3.603155E-15
4442.90189209463  4.030100E-15
4445.23131024106  3.865549E-15
4447.56072838749  3.163876E-15
4449.89014653391  3.432777E-15
4452.21956468034  3.961667E-15
4454.54898282677  4.355101E-15
4456.87840097319  3.713894E-15
4459.20781911962  3.377435E-15
4461.53723726605  3.973111E-15
4463.86665541247  4.081380E-15
4466.1960735589  4.396801E-15
4468.52549170533  4.916881E-15
4470.85490985175  3.522065E-15
4473.18432799818  1.981752E-15
4475.51374614461  2.571352E-15
4477.84316429103  3.075714E-15
4480.17258243746  2.882529E-15
4482.50200058389  2.932224E-15
4484.83141873032  3.310983E-15
4487.16083687674  4.422872E-15
4489.49025502317  4.165609E-15
4491.8196731696  5.136825E-15
4494.14909131602  5.390112E-15
4496.47850946245  5.515284E-15
4498.80792760888  5.186032E-15
4501.1373457553  4.400735E-15
4503.46676390173  4.448224E-15
4505.79618204816  3.751339E-15
4508.12560019458  3.783917E-15
4510.45501834101  3.476118E-15
4512.78443648744  4.169277E-15
4515.11385463387  5.202700E-15
4517.44327278029  6.041632E-15
4519.77269092672  5.893681E-15
4522.10210907315  5.834689E-15
4524.43152721957  5.727861E-15
4526.760945366  5.795094E-15
4529.09036351243  6.192327E-15
4531.41978165885  5.877199E-15
4533.74919980528  6.482684E-15
4536.07861795171  7.278751E-15
4538.40803609814  6.757839E-15
4540.73745424456  6.733674E-15
4543.06687239099  7.177677E-15
4545.39629053741  7.320337E-15
4547.72570868384  7.789370E-15
4550.05512683027  7.930756E-15
4552.3845449767  7.375822E-15
4554.71396312312  7.404289E-15
4557.04338126955  7.948578E-15
4559.37279941598  8.976863E-15
4561.7022175624  8.922991E-15
4564.03163570883  8.633766E-15
4566.36105385526  8.870414E-15
4568.69047200168  8.035851E-15
4571.01989014811  7.555889E-15
4573.34930829454  7.592146E-15
4575.67872644096  8.311296E-15
4578.00814458739  8.641390E-15
4580.33756273382  8.767764E-15
4582.66698088025  8.356110E-15
4584.99639902667  8.718516E-15
4587.3258171731  8.225466E-15
4589.65523531953  8.334234E-15
4591.98465346595  8.616785E-15
4594.31407161238  9.084326E-15
4596.64348975881  9.290911E-15
4598.97290790523  8.918396E-15
4601.30232605166  9.445662E-15
4603.63174419809  1.018232E-14
4605.96116234451  9.668649E-15
4608.29058049094  8.645897E-15
4610.61999863737  8.617523E-15
4612.9494167838  9.259198E-15
4615.27883493022  9.952312E-15
4617.60825307665  1.057214E-14
4619.93767122308  9.542670E-15
4622.2670893695  8.930662E-15
4624.59650751593  9.700146E-15
4626.92592566236  9.548463E-15
4629.25534380879  9.190685E-15
4631.58476195521  9.440649E-15
4633.91418010164  8.562017E-15
4636.24359824807  7.762462E-15
4638.57301639449  7.613153E-15
4640.90243454092  7.939513E-15
4643.23185268735  8.877011E-15
4645.56127083377  8.987944E-15
4647.8906889802  8.024639E-15
4650.22010712663  7.233300E-15
4652.54952527305  7.196948E-15
4654.87894341948  7.645813E-15
4657.20836156591  7.911635E-15
4659.53777971234  7.969381E-15
4661.86719785876  7.837471E-15
4664.19661600519  7.041607E-15
4666.52603415161  6.574264E-15
4668.85545229804  5.999809E-15
4671.18487044447  7.204143E-15
4673.5142885909  7.307499E-15
4675.84370673732  6.096682E-15
4678.17312488375  5.173445E-15
4680.50254303018  5.749800E-15
4682.8319611766  6.653497E-15
4685.16137932303  6.390979E-15
4687.49079746946  5.940559E-15
4689.82021561589  5.800333E-15
4692.14963376231  5.161292E-15
4694.47905190874  4.697616E-15
4696.80847005517  5.156260E-15
4699.13788820159  5.331274E-15
4701.46730634802  5.678667E-15
4703.79672449445  5.663688E-15
4706.12614264087  4.556745E-15
4708.4555607873  4.553443E-15
4710.78497893373  5.290483E-15
4713.11439708015  5.062063E-15
4715.44381522658  5.700577E-15
4717.77323337301  6.471935E-15
4720.10265151943  5.596238E-15
4722.43206966586  5.261612E-15
4724.76148781229  5.098195E-15
4727.09090595872  5.490014E-15
4729.42032410514  4.974588E-15
4731.74974225157  3.819336E-15
4734.079160398  4.386085E-15
4736.40857854442  5.706638E-15
4738.73799669085  6.230353E-15
4741.06741483728  5.776142E-15
4743.3968329837  5.451164E-15
4745.72625113013  5.457455E-15
4748.05566927656  5.031546E-15
4750.38508742298  5.059107E-15
4752.71450556941  4.775087E-15
4755.04392371584  4.883321E-15
4757.37334186227  5.564486E-15
4759.70276000869  5.637691E-15
4762.03217815512  4.972059E-15
4764.36159630155  5.392518E-15
4766.69101444797  5.554195E-15
4769.0204325944  5.232776E-15
4771.34985074083  5.601798E-15
4773.67926888725  6.193720E-15
4776.00868703368  5.335994E-15
4778.33810518011  4.554655E-15
4780.66752332653  4.737295E-15
4782.99694147296  5.320125E-15
4785.32635961939  5.388336E-15
4787.65577776582  5.012858E-15
4789.98519591224  5.671520E-15
4792.31461405867  6.176488E-15
4794.6440322051  6.290409E-15
4796.97345035152  6.488305E-15
4799.30286849795  5.596871E-15
4801.63228664438  5.576360E-15
4803.9617047908  6.038263E-15
4806.29112293723  6.415315E-15
4808.62054108366  6.858163E-15
4810.94995923008  6.649169E-15
4813.27937737651  6.275038E-15
4815.60879552294  6.398297E-15
4817.93821366937  6.051612E-15
4820.26763181579  5.056553E-15
4822.59704996222  5.745997E-15
4824.92646810865  6.715677E-15
4827.25588625507  6.411930E-15
4829.5853044015  6.619755E-15
4831.91472254793  6.634715E-15
4834.24414069435  6.250794E-15
4836.57355884078  4.832476E-15
4838.90297698721  5.244886E-15
4841.23239513364  5.949069E-15
4843.56181328006  4.647249E-15
4845.89123142649  4.922603E-15
4848.22064957292  6.291953E-15
4850.55006771934  6.390159E-15
4852.87948586577  6.324318E-15
4855.2089040122  6.752705E-15
4857.53832215862  6.973895E-15
4859.86774030505  6.235118E-15
4862.19715845148  5.673948E-15
4864.52657659791  6.270108E-15
4866.85599474433  6.475466E-15
4869.18541289076  6.400441E-15
4871.51483103719  6.702243E-15
4873.84424918361  7.096913E-15
4876.17366733004  6.886075E-15
4878.50308547647  6.167758E-15
4880.83250362289  6.009078E-15
4883.16192176932  6.030089E-15
4885.49133991575  6.857385E-15
4887.82075806217  7.903722E-15
4890.1501762086  7.879705E-15
4892.47959435503  7.567690E-15
4894.80901250145  7.629711E-15
4897.13843064788  8.322697E-15
4899.46784879431  8.852186E-15
4901.79726694074  8.764527E-15
4904.12668508716  9.018397E-15
4906.45610323359  8.328915E-15
4908.78552138002  7.800289E-15
4911.11493952644  8.304820E-15
4913.44435767287  8.264700E-15
4915.7737758193  8.053594E-15
4918.10319396573  9.189497E-15
4920.43261211215  9.348702E-15
4922.76203025858  8.737842E-15
4925.091448405  9.030873E-15
4927.42086655143  9.389137E-15
4929.75028469786  9.830060E-15
4932.07970284429  9.678079E-15
4934.40912099071  9.529980E-15
4936.73853913714  9.561817E-15
4939.06795728357  9.591404E-15
4941.39737542999  9.179228E-15
4943.72679357642  8.637667E-15
4946.05621172285  9.172052E-15
4948.38562986927  9.051885E-15
4950.7150480157  9.068728E-15
4953.04446616213  9.245692E-15
4955.37388430855  8.746946E-15
4957.70330245498  8.212188E-15
4960.03272060141  8.459451E-15
4962.36213874784  9.205907E-15
4964.69155689426  8.437801E-15
4967.02097504069  6.889217E-15
4969.35039318712  6.802432E-15
4971.67981133354  6.907248E-15
4974.00922947997  5.915682E-15
4976.3386476264  5.993243E-15
4978.66806577282  5.857758E-15
4980.99748391925  5.716098E-15
4983.32690206568  5.938762E-15
4985.6563202121  6.164527E-15
4987.98573835853  6.064090E-15
4990.31515650496  5.809331E-15
4992.64457465138  6.083549E-15
4994.97399279781  5.662735E-15
4997.30341094424  5.855379E-15
4999.63282909067  6.291170E-15
5001.96224723709  6.616832E-15
5004.29166538352  6.097278E-15
5006.62108352995  6.007210E-15
5008.95050167637  6.022947E-15
5011.2799198228  5.598067E-15
5013.60933796923  5.756598E-15
5015.93875611566  5.634800E-15
5018.26817426208  5.480762E-15
5020.59759240851  5.907999E-15
5022.92701055494  5.710898E-15
5025.25642870136  5.259461E-15
5027.58584684779  5.317628E-15
5029.91526499422  5.397401E-15
5032.24468314064  5.095515E-15
5034.57410128707  5.551540E-15
5036.9035194335  5.395405E-15
5039.23293757992  5.145488E-15
5041.56235572635  5.075926E-15
5043.89177387278  4.968204E-15
5046.22119201921  5.333804E-15
5048.55061016563  5.429294E-15
5050.88002831206  5.094242E-15
5053.20944645849  4.913917E-15
5055.53886460491  4.694529E-15
5057.86828275134  5.395402E-15
5060.19770089777  6.333176E-15
5062.52711904419  5.497318E-15
5064.85653719062  5.214882E-15
5067.18595533705  5.902539E-15
5069.51537348347  5.564956E-15
5071.8447916299  4.850854E-15
5074.17420977633  4.672275E-15
5076.50362792276  5.381522E-15
5078.83304606918  5.468597E-15
5081.16246421561  4.521826E-15
5083.49188236204  5.241628E-15
5085.82130050846  5.176242E-15
5088.15071865489  5.282075E-15
5090.48013680132  5.920935E-15
5092.80955494774  6.226707E-15
5095.13897309417  5.995983E-15
5097.4683912406  5.693076E-15
5099.79780938702  4.918584E-15
5102.12722753345  3.990354E-15
5104.45664567988  4.432775E-15
5106.78606382631  5.168310E-15
5109.11548197273  4.964303E-15
5111.44490011916  5.047751E-15
5113.77431826559  5.463665E-15
5116.10373641201  5.164540E-15
5118.43315455844  4.635768E-15
5120.76257270487  5.128571E-15
5123.09199085129  5.807804E-15
5125.42140899772  4.941764E-15
5127.75082714415  5.092671E-15
5130.08024529058  6.166851E-15
5132.409663437  5.603496E-15
5134.73908158343  5.116130E-15
5137.06849972986  4.503461E-15
5139.39791787628  4.703609E-15
5141.72733602271  5.026486E-15
5144.05675416914  4.266439E-15
5146.38617231556  4.215807E-15
5148.71559046199  5.744372E-15
5151.04500860842  5.789900E-15
5153.37442675484  4.962468E-15
5155.70384490127  5.464775E-15
5158.0332630477  5.754158E-15
5160.36268119413  5.280531E-15
5162.69209934055  5.251252E-15
5165.02151748698  5.782450E-15
5167.35093563341  5.245695E-15
5169.68035377983  4.970637E-15
5172.00977192626  4.981281E-15
5174.33919007269  5.220310E-15
5176.66860821911  5.885898E-15
5178.99802636554  5.577042E-15
5181.32744451197  5.281410E-15
5183.65686265839  5.754603E-15
5185.98628080482  5.347582E-15
5188.31569895125  4.507682E-15
5190.64511709767  4.601542E-15
5192.9745352441  5.258633E-15
5195.30395339053  6.089872E-15
5197.63337153696  6.008453E-15
5199.96278968338  5.642868E-15
5202.29220782981  6.781485E-15
5204.62162597624  8.024912E-15
5206.95104412266  7.440792E-15
5209.28046226909  6.277244E-15
5211.60988041552  6.211037E-15
5213.93929856194  6.792082E-15
5216.26871670837  7.186998E-15
5218.5981348548  6.736296E-15
5220.92755300123  6.643351E-15
5223.25697114765  7.245773E-15
5225.58638929408  6.751181E-15
5227.91580744051  6.719904E-15
5230.24522558693  7.231147E-15
5232.57464373336  7.112377E-15
5234.90406187979  7.088530E-15
5237.23348002621  7.090746E-15
5239.56289817264  7.372798E-15
5241.89231631907  7.813916E-15
5244.22173446549  7.415489E-15
5246.55115261192  7.073327E-15
5248.88057075835  7.244746E-15
5251.20998890478  7.109548E-15
5253.5394070512  6.886928E-15
5255.86882519763  7.585333E-15
5258.19824334406  8.173618E-15
5260.52766149048  8.512814E-15
5262.85707963691  8.931621E-15
5265.18649778334  7.819253E-15
5267.51591592977  7.278978E-15
5269.84533407619  7.295170E-15
5272.17475222262  7.962424E-15
5274.50417036904  8.433001E-15
5276.83358851547  7.877205E-15
5279.1630066619  7.737809E-15
5281.49242480833  7.895026E-15
5283.82184295475  8.619688E-15
5286.15126110118  9.189687E-15
5288.48067924761  7.793845E-15
5290.81009739403  7.650379E-15
5293.13951554046  6.748445E-15
5295.46893368689  7.657069E-15
5297.79835183331  8.938258E-15
5300.12776997974  9.002994E-15
5302.45718812617  9.185124E-15
5304.78660627259  9.326523E-15
5307.11602441902  8.926617E-15
5309.44544256545  8.479029E-15
5311.77486071188  8.670858E-15
5314.1042788583  9.019342E-15
5316.43369700473  8.755267E-15
5318.76311515116  9.314289E-15
5321.09253329758  9.616385E-15
5323.42195144401  9.337862E-15
5325.75136959044  9.244940E-15
5328.08078773686  8.679837E-15
5330.41020588329  8.127082E-15
5332.73962402972  7.970604E-15
5335.06904217614  8.177800E-15
5337.39846032257  9.177156E-15
5339.727878469  8.796341E-15
5342.05729661542  7.701264E-15
5344.38671476185  7.885489E-15
5346.71613290828  7.881220E-15
5349.04555105471  7.786236E-15
5351.37496920113  7.243412E-15
5353.70438734756  6.609002E-15
5356.03380549399  7.647193E-15
5358.36322364041  9.009572E-15
5360.69264178684  8.840375E-15
5363.02205993327  8.836826E-15
5365.35147807969  8.792044E-15
5367.68089622612  8.407586E-15
5370.01031437255  8.198748E-15
5372.33973251898  8.260868E-15
5374.6691506654  7.990067E-15
5376.99856881183  8.007899E-15
5379.32798695826  8.362810E-15
5381.65740510468  8.248710E-15
5383.98682325111  8.413434E-15
5386.31624139754  8.588643E-15
5388.64565954396  8.139953E-15
5390.97507769039  9.081877E-15
5393.30449583682  1.058950E-14
5395.63391398325  9.493661E-15
5397.96333212967  9.005570E-15
5400.2927502761  1.030484E-14
5402.62216842253  9.808367E-15
5404.95158656895  9.159652E-15
5407.28100471538  9.592796E-15
5409.61042286181  8.649788E-15
5411.93984100823  8.996876E-15
5414.26925915466  9.882959E-15
5416.59867730109  1.079916E-14
5418.92809544751  1.106128E-14
5421.25751359394  1.069141E-14
5423.58693174037  1.099785E-14
5425.9163498868  1.132771E-14
5428.24576803322  1.075016E-14
5430.57518617965  1.047598E-14
5432.90460432607  1.069379E-14
5435.2340224725  1.082023E-14
5437.56344061893  1.124457E-14
5439.89285876536  1.137259E-14
5442.22227691178  1.121408E-14
5444.55169505821  1.120470E-14
5446.88111320464  1.115024E-14
5449.21053135106  1.157207E-14
5451.53994949749  1.183478E-14
5453.86936764392  1.185222E-14
5456.19878579035  1.281195E-14
5458.52820393677  1.279178E-14
5460.8576220832  1.159697E-14
5463.18704022963  1.203531E-14
5465.51645837605  1.287645E-14
5467.84587652248  1.160134E-14
5470.17529466891  1.191123E-14
5472.50471281533  1.346386E-14
5474.83413096176  1.349036E-14
5477.16354910819  1.337283E-14
5479.49296725461  1.364819E-14
5481.82238540104  1.340640E-14
5484.15180354747  1.254086E-14
5486.4812216939  1.204262E-14
5488.81063984032  1.310029E-14
5491.14005798675  1.275804E-14
5493.46947613318  1.286083E-14
5495.79889427961  1.425556E-14
5498.12831242603  1.442567E-14
5500.45773057246  1.378555E-14
5502.78714871888  1.352119E-14
5505.11656686531  1.359120E-14
5507.44598501174  1.413088E-14
5509.77540315816  1.425905E-14
5512.10482130459  1.292772E-14
5514.43423945102  1.270906E-14
5516.76365759745  1.428922E-14
5519.09307574387  1.400014E-14
5521.4224938903  1.336054E-14
5523.75191203673  1.373339E-14
5526.08133018315  1.401491E-14
5528.41074832958  1.502167E-14
5530.74016647601  1.436972E-14
5533.06958462243  1.464005E-14
5535.39900276886  1.430538E-14
5537.72842091529  1.413928E-14
5540.05783906171  1.404633E-14
5542.38725720814  1.394007E-14
5544.71667535457  1.383510E-14
5547.046093501  1.373014E-14
5549.37551164742  1.362391E-14
5551.70492979385  1.353202E-14
5554.03434794028  1.336407E-14
5556.3637660867  1.302154E-14
5558.69318423313  1.376579E-14
5561.02260237956  1.416409E-14
5563.35202052598  1.306272E-14
5565.68143867241  1.210012E-14
5568.01085681884  1.245304E-14
5570.34027496526  1.353465E-14
5572.66969311169  1.368251E-14
5574.99911125812  1.290217E-14
5577.32852940455  1.295778E-14
5579.65794755097  1.264792E-14
5581.9873656974  1.384228E-14
5584.31678384383  1.289624E-14
5586.64620199025  1.239044E-14
5588.97562013668  1.201973E-14
5591.30503828311  1.248025E-14
5593.63445642953  1.295232E-14
5595.96387457596  1.224839E-14
5598.29329272239  1.265616E-14
5600.62271086882  1.203396E-14
5602.95212901524  1.252403E-14
5605.28154716167  1.328813E-14
5607.6109653081  1.213861E-14
5609.94038345452  1.175236E-14
5612.26980160095  1.205291E-14
5614.59921974738  1.124400E-14
5616.9286378938  1.066656E-14
5619.25805604023  1.077031E-14
5621.58747418666  1.113781E-14
5623.91689233308  1.188427E-14
5626.24631047951  1.145027E-14
5628.57572862594  1.168920E-14
5630.90514677237  1.181661E-14
5633.23456491879  1.076149E-14
5635.56398306522  9.579900E-15
5637.89340121165  9.171879E-15
5640.22281935807  9.222066E-15
5642.5522375045  9.794633E-15
5644.88165565093  1.053936E-14
5647.21107379735  1.018841E-14
5649.54049194378  9.365729E-15
5651.86991009021  9.888381E-15
5654.19932823663  1.093213E-14
5656.52874638306  1.055238E-14
5658.85816452949  9.881909E-15
5661.18758267591  9.487174E-15
5663.51700082234  8.764307E-15
5665.84641896877  8.552260E-15
5668.1758371152  8.829720E-15
5670.50525526162  8.958215E-15
5672.83467340805  9.543782E-15
5675.16409155448  9.850931E-15
5677.4935097009  8.513583E-15
5679.82292784733  7.750506E-15
5682.15234599376  7.764558E-15
5684.48176414019  8.429270E-15
5686.81118228661  9.626514E-15
5689.14060043304  9.671942E-15
5691.47001857946  9.270167E-15
5693.79943672589  9.352553E-15
5696.12885487232  9.021396E-15
5698.45827301875  9.080015E-15
5700.78769116517  8.768062E-15
5703.1171093116  8.127766E-15
5705.44652745803  8.134548E-15
5707.77594560445  8.339932E-15
5710.10536375088  9.214394E-15
5712.43478189731  8.684193E-15
5714.76420004373  7.733948E-15
5717.09361819016  8.089647E-15
5719.42303633659  8.538537E-15
5721.75245448302  9.638169E-15
5724.08187262944  8.881794E-15
5726.41129077587  8.603104E-15
5728.7407089223  8.734111E-15
5731.07012706872  8.565844E-15
5733.39954521515  8.795142E-15
5735.72896336158  8.609456E-15
5738.058381508  8.267368E-15
5740.38779965443  8.123330E-15
5742.71721780086  8.726027E-15
5745.04663594728  1.014216E-14
5747.37605409371  9.475636E-15
5749.70547224014  8.594647E-15
5752.03489038656  9.762636E-15
5754.36430853299  9.576946E-15
5756.69372667942  8.295498E-15
5759.02314482584  8.394988E-15
5761.35256297227  8.587377E-15
5763.6819811187  8.190455E-15
5766.01139926513  8.317189E-15
5768.34081741155  9.109261E-15
5770.67023555798  1.000442E-14
5772.99965370441  9.976451E-15
5775.32907185084  1.030834E-14
5777.65848999726  1.099257E-14
5779.98790814369  1.083009E-14
5782.31732629012  9.870132E-15
5784.64674443654  9.632449E-15
5786.97616258297  1.031244E-14
5789.3055807294  1.050918E-14
5791.63499887582  1.017609E-14
5793.96441702225  1.076724E-14
5796.29383516868  1.153587E-14
5798.6232533151  1.133914E-14
5800.95267146153  1.098627E-14
5803.28208960796  1.115595E-14
5805.61150775439  1.041175E-14
5807.94092590081  9.554210E-15
5810.27034404724  1.040962E-14
5812.59976219367  1.071454E-14
5814.92918034009  1.035565E-14
5817.25859848652  1.050044E-14
5819.58801663295  1.087936E-14
5821.91743477937  1.168566E-14
5824.2468529258  1.099631E-14
5826.57627107223  9.516286E-15
5828.90568921865  9.592314E-15
5831.23510736508  1.039288E-14
5833.56452551151  1.099504E-14
5835.89394365794  1.176749E-14
5838.22336180436  1.132421E-14
5840.55277995079  1.041365E-14
5842.88219809722  1.017301E-14
5845.21161624364  9.601074E-15
5847.54103439007  8.949798E-15
5849.87045253649  8.992831E-15
5852.19987068292  9.591853E-15
5854.52928882935  9.536658E-15
5856.85870697578  1.054183E-14
5859.1881251222  1.135442E-14
5861.51754326863  1.023672E-14
5863.84696141506  8.890206E-15
5866.17637956149  8.531032E-15
5868.50579770791  9.043271E-15
5870.83521585434  9.826670E-15
5873.16463400077  1.053810E-14
5875.49405214719  1.065832E-14
5877.82347029362  9.652130E-15
5880.15288844005  9.708505E-15
5882.48230658647  9.260601E-15
5884.8117247329  9.548375E-15
5887.14114287933  8.871919E-15
5889.47056102575  7.619510E-15
5891.79997917218  7.866610E-15
5894.12939731861  8.497319E-15
5896.45881546504  8.517403E-15
5898.78823361146  8.058494E-15
5901.11765175789  8.688008E-15
5903.44706990432  1.050428E-14
5905.77648805074  9.014211E-15
5908.10590619717  8.123248E-15
5910.4353243436  7.915947E-15
5912.76474249002  8.859843E-15
5915.09416063645  8.665954E-15
5917.42357878288  7.191025E-15
5919.7529969293  6.959030E-15
5922.08241507573  8.124070E-15
5924.41183322216  8.655192E-15
5926.74125136858  8.038384E-15
5929.07066951501  7.034323E-15
5931.40008766144  7.386416E-15
5933.72950580787  8.083296E-15
5936.05892395429  7.465220E-15
5938.38834210072  7.570154E-15
5940.71776024715  8.748004E-15
5943.04717839357  6.748862E-15
5945.37659654  5.842622E-15
5947.70601468643  7.591163E-15
5950.03543283285  7.969924E-15
5952.36485097928  7.471286E-15
5954.69426912571  6.518953E-15
5957.02368727213  5.459597E-15
5959.35310541856  6.401272E-15
5961.68252356499  6.702682E-15
5964.01194171142  7.081560E-15
5966.34135985784  6.106709E-15
5968.67077800427  6.315163E-15
5971.0001961507  6.536958E-15
5973.32961429712  6.303642E-15
5975.65903244355  5.925508E-15
5977.98845058998  5.033509E-15
5980.31786873641  5.778919E-15
5982.64728688283  7.214139E-15
5984.97670502926  6.943901E-15
5987.30612317568  6.907164E-15
5989.63554132211  7.616469E-15
5991.96495946854  7.254621E-15
5994.29437761497  6.787663E-15
5996.62379576139  7.083697E-15
5998.95321390782  7.024385E-15
6001.28263205425  6.687259E-15
6003.61205020067  6.899697E-15
6005.9414683471  6.802344E-15
6008.27088649353  6.381107E-15
6010.60030463996  6.416377E-15
6012.92972278638  6.849011E-15
6015.25914093281  7.558968E-15
6017.58855907923  7.212669E-15
6019.91797722566  7.113256E-15
6022.24739537209  6.993309E-15
6024.57681351852  6.274959E-15
6026.90623166494  6.823815E-15
6029.23564981137  6.418345E-15
6031.5650679578  6.236813E-15
6033.89448610422  5.278486E-15
6036.22390425065  5.573223E-15
6038.55332239708  6.398540E-15
6040.88274054351  6.099520E-15
6043.21215868993  7.048412E-15
6045.54157683636  6.641092E-15
6047.87099498279  4.318511E-15
6050.20041312921  5.007629E-15
6052.52983127564  6.118023E-15
6054.85924942207  6.586939E-15
6057.18866756849  6.363523E-15
6059.51808571492  6.430911E-15
6061.84750386135  6.787168E-15
6064.17692200777  6.751504E-15
6066.5063401542  6.192381E-15
6068.83575830063  5.751894E-15
6071.16517644706  5.173991E-15
6073.49459459348  5.445904E-15
6075.82401273991  5.484703E-15
6078.15343088633  5.064124E-15
6080.48284903276  6.779463E-15
6082.81226717919  6.605973E-15
6085.14168532562  6.346726E-15
6087.47110347204  7.244073E-15
6089.80052161847  6.374979E-15
6092.1299397649  6.056593E-15
6094.45935791132  6.087478E-15
6096.78877605775  6.156357E-15
6099.11819420418  6.444490E-15
6101.44761235061  6.140941E-15
6103.77703049703  5.669153E-15
6106.10644864346  5.343649E-15
6108.43586678988  5.130355E-15
6110.76528493631  4.808360E-15
6113.09470308274  4.400757E-15
6115.42412122917  4.849406E-15
6117.75353937559  7.372752E-15
6120.08295752202  7.350012E-15
6122.41237566845  5.322860E-15
6124.74179381487  4.995854E-15
6127.0712119613  6.939083E-15
6129.40063010773  7.296266E-15
6131.73004825415  6.304134E-15
6134.05946640058  5.680830E-15
6136.38888454701  5.531001E-15
6138.71830269344  4.740068E-15
6141.04772083986  4.950369E-15
6143.37713898629  5.716456E-15
6145.70655713272  4.716969E-15
6148.03597527914  4.826558E-15
6150.36539342557  4.872556E-15
6152.694811572  4.116224E-15
6155.02422971843  4.236146E-15
6157.35364786485  4.907980E-15
6159.68306601128  6.780025E-15
6162.01248415771  6.728327E-15
6164.34190230413  4.863708E-15
6166.67132045056  4.233825E-15
6169.00073859699  4.217361E-15
6171.33015674341  3.781566E-15
6173.65957488984  3.761595E-15
6175.98899303627  5.271277E-15
6178.31841118269  5.440044E-15
6180.64782932912  4.114385E-15
6182.97724747555  5.012290E-15
6185.30666562197  7.153617E-15
6187.6360837684  5.929843E-15
6189.96550191483  3.483089E-15
6192.29492006126  5.403434E-15
6194.62433820768  6.513907E-15
6196.95375635411  5.985166E-15
6199.28317450054  4.791976E-15
6201.61259264696  5.164912E-15
6203.94201079339  7.564685E-15
6206.27142893982  6.569384E-15
6208.60084708624  5.266959E-15
6210.93026523267  5.839106E-15
6213.2596833791  5.768681E-15
6215.58910152552  4.653304E-15
6217.91851967195  4.088607E-15
6220.24793781838  4.970582E-15
6222.57735596481  6.271196E-15
6224.90677411123  7.077164E-15
6227.23619225766  6.610189E-15
6229.56561040409  6.089744E-15
6231.89502855051  5.085831E-15
6234.22444669694  4.587444E-15
6236.55386484337  6.688035E-15
6238.88328298979  7.085953E-15
6241.21270113622  6.420428E-15
6243.54211928265  7.277962E-15
6245.87153742908  6.937902E-15
6248.2009555755  5.861993E-15
6250.53037372193  5.636859E-15
6252.85979186836  4.206019E-15
6255.18921001478  5.914286E-15
6257.51862816121  7.966799E-15
6259.84804630764  7.432423E-15
6262.17746445406  6.244958E-15
6264.50688260049  4.649784E-15
6266.83630074692  5.583664E-15
6269.16571889334  7.780291E-15
6271.49513703977  7.184268E-15
6273.8245551862  6.584791E-15
6276.15397333262  7.390281E-15
6278.48339147905  8.030184E-15
6280.81280962548  7.332361E-15
6283.14222777191  7.495307E-15
6285.47164591833  7.618120E-15
6287.80106406476  5.747832E-15
6290.13048221119  5.551381E-15
6292.45990035761  5.724373E-15
6294.78931850404  6.239094E-15
6297.11873665047  7.869454E-15
6299.44815479689  7.318896E-15
6301.77757294332  6.426880E-15
6304.10699108975  7.033570E-15
6306.43640923617  7.584380E-15
6308.7658273826  7.419592E-15
6311.09524552903  8.041214E-15
6313.42466367546  7.831384E-15
6315.75408182188  7.617134E-15
6318.08349996831  9.117054E-15
6320.41291811474  1.018591E-14
6322.74233626116  1.055802E-14
6325.07175440759  9.275352E-15
6327.40117255402  7.767507E-15
6329.73059070044  8.267868E-15
6332.06000884687  8.650285E-15
6334.3894269933  7.609497E-15
6336.71884513972  7.243308E-15
6339.04826328615  7.855384E-15
6341.37768143258  8.728756E-15
6343.70709957901  9.102697E-15
6346.03651772543  1.031557E-14
6348.36593587186  8.204616E-15
6350.69535401829  7.353126E-15
6353.02477216471  6.813277E-15
6355.35419031114  8.371687E-15
6357.68360845757  7.538519E-15
6360.01302660399  7.208583E-15
6362.34244475042  8.478743E-15
6364.67186289685  8.552137E-15
6367.00128104327  8.752456E-15
6369.3306991897  8.818761E-15
6371.66011733613  8.017503E-15
6373.98953548256  7.486288E-15
6376.31895362898  7.470123E-15
6378.64837177541  8.090085E-15
6380.97778992184  8.396393E-15
6383.30720806826  1.021736E-14
6385.63662621469  1.101904E-14
6387.96604436112  8.480964E-15
6390.29546250754  8.373596E-15
6392.62488065397  9.839807E-15
6394.9542988004  1.036667E-14
6397.28371694682  9.677753E-15
6399.61313509325  8.096420E-15
6401.94255323968  7.167958E-15
6404.2719713861  7.907164E-15
6406.60138953253  8.228524E-15
6408.93080767896  8.522907E-15
6411.26022582539  9.081376E-15
6413.58964397181  8.844517E-15
6415.91906211824  7.703450E-15
6418.24848026467  7.866681E-15
6420.57789841109  9.511553E-15
6422.90731655752  1.008858E-14
6425.23673470395  8.653551E-15
6427.56615285038  8.146094E-15
6429.8955709968  7.057353E-15
6432.22498914323  7.636847E-15
6434.55440728966  8.476874E-15
6436.88382543608  9.426271E-15
6439.21324358251  9.519289E-15
6441.54266172894  8.263476E-15
6443.87207987536  8.960748E-15
6446.20149802179  1.060566E-14
6448.53091616822  1.006881E-14
6450.86033431465  1.033476E-14
6453.18975246107  7.742487E-15
6455.5191706075  6.804614E-15
6457.84858875392  9.982902E-15
6460.17800690035  1.146576E-14
6462.50742504678  1.109277E-14
6464.83684319321  1.059803E-14
6467.16626133963  1.102119E-14
6469.49567948606  1.123511E-14
6471.82509763249  1.086268E-14
6474.15451577891  1.103486E-14
6476.48393392534  1.024143E-14
6478.81335207177  8.506726E-15
6481.14277021819  7.304135E-15
6483.47218836462  7.988182E-15
6485.80160651105  8.766140E-15
6488.13102465748  9.024797E-15
6490.4604428039  8.759086E-15
6492.78986095033  9.225436E-15
6495.11927909676  9.797269E-15
6497.44869724318  8.858195E-15
6499.77811538961  8.811039E-15
6502.10753353604  9.717414E-15
6504.43695168246  1.022975E-14
6506.76636982889  1.193058E-14
6509.09578797532  1.204481E-14
6511.42520612174  9.162482E-15
6513.75462426817  9.238736E-15
6516.0840424146  1.182594E-14
6518.41346056103  1.176421E-14
6520.74287870745  1.136428E-14
6523.07229685388  1.265873E-14
6525.40171500031  1.263090E-14
6527.73113314673  1.355531E-14
6530.06055129316  1.392327E-14
6532.38996943959  1.105214E-14
6534.71938758601  1.046243E-14
6537.04880573244  1.122730E-14
6539.37822387887  1.138848E-14
6541.70764202529  1.009091E-14
6544.03706017172  8.610356E-15
6546.36647831815  9.498339E-15
6548.69589646458  1.140687E-14
6551.025314611  1.073724E-14
6553.35473275743  9.068990E-15
6555.68415090386  9.015264E-15
6558.01356905028  8.316091E-15
6560.34298719671  8.839679E-15
6562.67240534314  1.087008E-14
6565.00182348956  1.256600E-14
6567.33124163599  1.097380E-14
6569.66065978242  8.985619E-15
6571.99007792885  9.683639E-15
6574.31949607527  8.600414E-15
6576.6489142217  6.807251E-15
6578.97833236813  8.356450E-15
6581.30775051455  1.056058E-14
6583.63716866098  1.090330E-14
6585.96658680741  1.316575E-14
6588.29600495383  1.296111E-14
6590.62542310026  9.039290E-15
6592.95484124669  7.979567E-15
6595.28425939311  8.704718E-15
6597.61367753954  7.931044E-15
6599.94309568597  7.399110E-15
6602.27251383239  9.318010E-15
6604.60193197882  8.601983E-15
6606.93135012525  8.303232E-15
6609.26076827168  1.076077E-14
6611.5901864181  1.009891E-14
6613.91960456453  8.650370E-15
6616.24902271096  9.722863E-15
6618.57844085738  9.159769E-15
6620.90785900381  8.349351E-15
6623.23727715024  8.088198E-15
6625.56669529666  9.206713E-15
6627.89611344309  9.303555E-15
6630.22553158952  8.581698E-15
6632.55494973595  9.681824E-15
6634.88436788237  1.079649E-14
6637.2137860288  1.053897E-14
6639.54320417523  8.331588E-15
6641.87262232165  8.229112E-15
6644.20204046808  8.389872E-15
6646.53145861451  5.935551E-15
6648.86087676093  6.227017E-15
6651.19029490736  8.477415E-15
6653.51971305379  8.583393E-15
6655.84913120021  7.498562E-15
6658.17854934664  5.614873E-15
6660.50796749307  6.953219E-15
6662.83738563949  7.217935E-15
6665.16680378592  8.909178E-15
6667.49622193235  1.053283E-14
6669.82564007878  7.124035E-15
6672.1550582252  5.361851E-15
6674.48447637163  5.756274E-15
6676.81389451806  7.540308E-15
6679.14331266448  1.001888E-14
6681.47273081091  1.055780E-14
6683.80214895734  9.281067E-15
6686.13156710376  1.034660E-14
6688.46098525019  9.730897E-15
6690.79040339662  8.573193E-15
6693.11982154304  7.386100E-15
6695.44923968947  8.364689E-15
6697.7786578359  8.435572E-15
6700.10807598233  7.468206E-15
6702.43749412875  7.438504E-15
6704.76691227518  3.893459E-15
6707.09633042161  3.817961E-15
6709.42574856803  4.318502E-15
6711.75516671446  5.033478E-15
6714.08458486089  5.652805E-15
6716.41400300731  6.320494E-15
6718.74342115374  6.098293E-15
6721.07283930017  6.627716E-15
6723.40225744659  5.756876E-15
6725.73167559302  1.006506E-14
6728.06109373945  1.260958E-14
6730.39051188588  8.190426E-15
6732.7199300323  7.675900E-15
6735.04934817873  1.010992E-14
6737.37876632516  8.392848E-15
6739.70818447158  6.825022E-15
6742.03760261801  7.160739E-15
6744.36702076444  8.199657E-15
6746.69643891087  9.729661E-15
6749.02585705729  9.843989E-15
6751.35527520372  4.956825E-15
6753.68469335014  3.324133E-15
6756.01411149657  4.511070E-15
6758.343529643  3.894452E-15
6760.67294778943  6.190849E-15
6763.00236593585  6.968170E-15
6765.33178408228  2.678415E-15
6767.66120222871  7.899822E-15
6769.99062037514  8.453094E-15
6772.32003852156  5.280980E-15
6774.64945666799  5.835044E-15
6776.97887481441  4.499328E-15
6779.30829296084  5.767175E-15
6781.63771110727  8.450929E-15
6783.96712925369  7.335585E-15
6786.29654740012  5.641776E-15
6788.62596554655  4.895474E-15
6790.95538369297  5.513505E-15
6793.2848018394  5.974739E-15
6795.61421998583  5.762739E-15
6797.94363813226  3.000434E-15
6800.27305627868  2.523616E-15
6802.60247442511  5.961332E-15
6804.93189257154  3.630973E-15
6807.26131071797  2.926647E-15
6809.59072886439  4.713384E-15
6811.92014701082  3.979439E-15
6814.24956515725  3.332104E-15
6816.57898330367  3.978678E-15
6818.9084014501  2.120583E-15
6821.23781959653  1.420771E-15
6823.56723774295  4.161033E-15
6825.89665588938  6.882303E-15
6828.22607403581  3.758326E-15
6830.55549218223  2.304841E-15
6832.88491032866  1.411627E-15
6835.21432847509  1.660433E-15
6837.54374662152  3.661304E-15
6839.87316476794  3.828469E-15
6842.20258291437  2.964455E-15
6844.5320010608  3.702619E-15
6846.86141920722  1.088726E-15
6849.19083735365  3.025222E-15
6851.52025550008  5.206240E-15
6853.8496736465  7.521337E-16
6856.17909179293  -2.442616E-15
6858.50850993936  -1.949909E-15
6860.83792808578  -2.118920E-15
6863.16734623221  -1.119740E-15
6865.49676437864  7.540425E-16
6867.82618252506  1.065392E-15
6870.15560067149  3.009506E-15
6872.48501881792  4.671969E-15
6874.81443696435  4.386003E-15
6877.14385511077  5.110628E-16
6879.4732732572  1.756356E-17
6881.80269140363  2.407463E-15
6884.13210955005  2.398756E-15
6886.46152769648  1.483532E-15
6888.79094584291  1.810247E-15
6891.12036398933  4.986287E-15
6893.44978213576  5.668501E-15
6895.77920028219  4.325478E-15
6898.10861842861  4.632376E-15
6900.43803657504  6.192705E-15
6902.76745472147  4.956936E-15
6905.0968728679  2.294024E-15
6907.42629101432  1.140524E-15
6909.75570916075  -2.502104E-15
6912.08512730718  -1.970594E-15
6914.4145454536  3.139995E-15
6916.74396360003  6.921963E-15
6919.07338174646  7.988114E-15
6921.40279989288  4.923073E-15
6923.73221803931  3.319096E-15
6926.06163618574  2.217621E-15
6928.39105433216  3.851015E-15
6930.72047247859  5.988741E-15
6933.04989062502  6.751121E-15
6935.37930877145  8.043095E-15
6937.70872691787  8.715832E-15
6940.0381450643  6.544653E-15
6942.36756321073  6.769904E-15
6944.69698135716  8.916311E-15
6947.02639950358  7.367607E-15
6949.35581765001  6.158410E-15
6951.68523579643  5.415256E-15
6954.01465394286  6.267722E-15
6956.34407208929  5.264862E-15
6958.67349023572  4.913633E-15
6961.00290838214  8.178710E-15
6963.33232652857  5.526487E-15
6965.66174467499  2.094733E-15
6967.99116282142  3.023919E-15
6970.32058096785  6.419391E-15
6972.64999911428  7.718298E-15
6974.9794172607  9.434680E-15
6977.30883540713  5.280179E-15
6979.63825355356  5.637441E-15
6981.96767169998  8.818541E-15
6984.29708984641  9.646125E-15
6986.62650799284  7.656967E-15
6988.95592613926  2.146970E-15
6991.28534428569  -2.453354E-16
6993.61476243212  4.043961E-15
6995.94418057855  7.817469E-15
6998.27359872497  8.189627E-15
7000.6030168714  5.789602E-15
7002.93243501783  4.062218E-15
7005.26185316426  2.892505E-15
7007.59127131068  5.346005E-15
7009.92068945711  4.292794E-15
7012.25010760353  4.002852E-15
7014.57952574996  3.606606E-15
7016.90894389639  5.907929E-15
7019.23836204282  4.526213E-15
7021.56778018924  2.317432E-15
7023.89719833567  2.923644E-15
7026.2266164821  3.310910E-15
7028.55603462852  7.828358E-15
7030.88545277495  5.736211E-15
7033.21487092138  -4.485151E-16
7035.5442890678  -1.967914E-15
7037.87370721423  1.642747E-15
7040.20312536066  2.396139E-15
7042.53254350708  2.645487E-15
7044.86196165351  8.066882E-15
7047.19137979994  8.506542E-15
7049.52079794637  5.007411E-15
7051.85021609279  3.891590E-15
7054.17963423922  2.445092E-15
7056.50905238565  2.270633E-15
7058.83847053207  6.288497E-15
7061.1678886785  4.236324E-15
7063.49730682493  3.698638E-15
7065.82672497135  1.673886E-15
7068.15614311778  4.765635E-15
7070.48556126421  1.341356E-16
7072.81497941063  -3.207445E-15
7075.14439755706  9.725982E-16
7077.47381570349  3.953252E-15
7079.80323384992  1.928188E-15
7082.13265199634  5.242887E-15
7084.46207014277  8.733823E-15
7086.7914882892  1.322771E-14
7089.12090643562  7.666713E-15
7091.45032458205  8.654648E-18
7093.77974272848  -1.956440E-15
7096.10916087491  3.467081E-16
7098.43857902133  2.052163E-15
7100.76799716776  3.924743E-15
7103.09741531418  8.566710E-16
7105.42683346061  2.289754E-15
7107.75625160704  2.869980E-15
7110.08566975347  6.344545E-15
7112.41508789989  -6.833872E-16
7114.74450604632  3.010284E-15
7117.07392419275  9.117148E-15
7119.40334233917  4.448529E-15
7121.7327604856  2.207661E-15
7124.06217863203  1.486807E-15
7126.39159677845  -2.160853E-18
7128.72101492488  5.589971E-17
7131.05043307131  4.167588E-16
7133.37985121774  3.109945E-15
7135.70926936416  2.859021E-15
7138.03868751059  -1.989834E-15
7140.36810565702  1.653256E-15
7142.69752380344  8.977549E-15
7145.02694194987  8.017749E-15
7147.3563600963  7.283486E-15
7149.68577824272  7.314867E-15
7152.01519638915  1.037343E-14
7154.34461453558  1.082904E-14
7156.674032682  7.825353E-15
7159.00345082843  3.706402E-15
7161.33286897486  1.311525E-15
7163.66228712129  -1.532916E-15
7165.99170526771  -3.556503E-15
7168.32112341414  4.619064E-15
7170.65054156057  5.804408E-15
7172.97995970699  8.355044E-15
7175.30937785342  1.042368E-14
7177.63879599985  1.016608E-14
7179.96821414627  1.064680E-14
7182.2976322927  1.008097E-14
7184.62705043913  3.419078E-15
