 0.3225364D+04 0.4036987D-22
 0.3228903D+04 0.4036987D-22
 0.3232442D+04 0.4036987D-22
 0.3235982D+04 0.4036987D-22
 0.3239521D+04 0.4036987D-22
 0.3243060D+04 0.4036987D-22
 0.3246599D+04 0.4036987D-22
 0.3250139D+04 0.4036987D-22
 0.3253678D+04 0.4036987D-22
 0.3257217D+04 0.4036987D-22
 0.3260756D+04 0.4036987D-22
 0.3264296D+04 0.4036987D-22
 0.3267835D+04 0.4036987D-22
 0.3271374D+04 0.4036987D-22
 0.3274913D+04 0.4036987D-22
 0.3278453D+04 0.4036987D-22
 0.3281992D+04 0.4036987D-22
 0.3285531D+04 0.4036987D-22
 0.3289070D+04 0.1986609D-15
 0.3292610D+04 0.4055934D-15
 0.3296149D+04 0.4308525D-15
 0.3299688D+04 0.3444053D-15
 0.3303227D+04 0.3147049D-15
 0.3306767D+04 0.2476234D-15
 0.3310306D+04 0.4202518D-15
 0.3313845D+04 0.3192727D-15
 0.3317384D+04 0.2693865D-15
 0.3320924D+04 0.2284924D-15
 0.3324463D+04 0.2058875D-15
 0.3328002D+04 0.4153949D-15
 0.3331541D+04 0.4203673D-15
 0.3335081D+04 0.4592593D-15
 0.3338620D+04 0.3535536D-15
 0.3342159D+04 0.3817381D-15
 0.3345698D+04 0.5014955D-15
 0.3349238D+04 0.3094368D-15
 0.3352777D+04 0.4140383D-15
 0.3356316D+04 0.3486325D-15
 0.3359855D+04 0.3213373D-15
 0.3363395D+04 0.3421154D-15
 0.3366934D+04 0.4227172D-15
 0.3370473D+04 0.3178343D-15
 0.3374012D+04 0.3098999D-15
 0.3377552D+04 0.4088356D-15
 0.3381091D+04 0.3035544D-15
 0.3384630D+04 0.2419028D-15
 0.3388169D+04 0.2856875D-15
 0.3391709D+04 0.3486359D-15
 0.3395248D+04 0.3826351D-15
 0.3398787D+04 0.4098938D-15
 0.3402326D+04 0.4285511D-15
 0.3405866D+04 0.3414910D-15
 0.3409405D+04 0.4377115D-15
 0.3412944D+04 0.4065524D-15
 0.3416483D+04 0.3863826D-15
 0.3420023D+04 0.4940036D-15
 0.3423562D+04 0.4496875D-15
 0.3427101D+04 0.3925016D-15
 0.3430640D+04 0.4397135D-15
 0.3434180D+04 0.3549139D-15
 0.3437719D+04 0.3425311D-15
 0.3441258D+04 0.3884373D-15
 0.3444797D+04 0.4300498D-15
 0.3448337D+04 0.3669413D-15
 0.3451876D+04 0.3678333D-15
 0.3455415D+04 0.3869926D-15
 0.3458954D+04 0.3902963D-15
 0.3462494D+04 0.3478342D-15
 0.3466033D+04 0.2550064D-15
 0.3469572D+04 0.2711724D-15
 0.3473111D+04 0.4144301D-15
 0.3476651D+04 0.4085050D-15
 0.3480190D+04 0.3725976D-15
 0.3483729D+04 0.3186388D-15
 0.3487268D+04 0.3391625D-15
 0.3490808D+04 0.3851631D-15
 0.3494347D+04 0.3509130D-15
 0.3497886D+04 0.4302869D-15
 0.3501425D+04 0.4221455D-15
 0.3504965D+04 0.3924912D-15
 0.3508504D+04 0.4381549D-15
 0.3512043D+04 0.4322507D-15
 0.3515582D+04 0.3974270D-15
 0.3519122D+04 0.4455278D-15
 0.3522661D+04 0.4937499D-15
 0.3526200D+04 0.4385195D-15
 0.3529739D+04 0.3946415D-15
 0.3533279D+04 0.3339314D-15
 0.3536818D+04 0.3215958D-15
 0.3540357D+04 0.4128770D-15
 0.3543896D+04 0.4028833D-15
 0.3547436D+04 0.3660441D-15
 0.3550975D+04 0.3417085D-15
 0.3554514D+04 0.3122964D-15
 0.3558053D+04 0.3402124D-15
 0.3561593D+04 0.3249554D-15
 0.3565132D+04 0.3930242D-15
 0.3568671D+04 0.4477020D-15
 0.3572210D+04 0.4369111D-15
 0.3575750D+04 0.4827701D-15
 0.3579289D+04 0.5283050D-15
 0.3582828D+04 0.4306747D-15
 0.3586367D+04 0.4299574D-15
 0.3589907D+04 0.4576884D-15
 0.3593446D+04 0.4127798D-15
 0.3596985D+04 0.4499958D-15
 0.3600524D+04 0.5341174D-15
 0.3604064D+04 0.5151699D-15
 0.3607603D+04 0.3840319D-15
 0.3611142D+04 0.3859954D-15
 0.3614681D+04 0.3690856D-15
 0.3618221D+04 0.4652345D-15
 0.3621760D+04 0.5135117D-15
 0.3625299D+04 0.3970638D-15
 0.3628838D+04 0.4366488D-15
 0.3632378D+04 0.4160468D-15
 0.3635917D+04 0.3772809D-15
 0.3639456D+04 0.4084308D-15
 0.3642995D+04 0.4232073D-15
 0.3646535D+04 0.4503356D-15
 0.3650074D+04 0.4972305D-15
 0.3653613D+04 0.4864333D-15
 0.3657152D+04 0.5607769D-15
 0.3660692D+04 0.5001514D-15
 0.3664231D+04 0.6041977D-15
 0.3667770D+04 0.6386194D-15
 0.3671309D+04 0.6166441D-15
 0.3674849D+04 0.6779219D-15
 0.3678388D+04 0.5845173D-15
 0.3681927D+04 0.6564619D-15
 0.3685466D+04 0.7483256D-15
 0.3689006D+04 0.6446126D-15
 0.3692545D+04 0.6008579D-15
 0.3696084D+04 0.6809213D-15
 0.3699623D+04 0.5909425D-15
 0.3703163D+04 0.5600768D-15
 0.3706702D+04 0.5904825D-15
 0.3710241D+04 0.5734726D-15
 0.3713780D+04 0.5291510D-15
 0.3717320D+04 0.5497803D-15
 0.3720859D+04 0.6717163D-15
 0.3724398D+04 0.6215314D-15
 0.3727937D+04 0.5739084D-15
 0.3731477D+04 0.6035253D-15
 0.3735016D+04 0.6957453D-15
 0.3738555D+04 0.5477686D-15
 0.3742094D+04 0.5449255D-15
 0.3745634D+04 0.6282921D-15
 0.3749173D+04 0.5880493D-15
 0.3752712D+04 0.5245601D-15
 0.3756251D+04 0.4923825D-15
 0.3759791D+04 0.4679250D-15
 0.3763330D+04 0.4885594D-15
 0.3766869D+04 0.4553877D-15
 0.3770408D+04 0.4026631D-15
 0.3773948D+04 0.3374747D-15
 0.3777487D+04 0.3067225D-15
 0.3781026D+04 0.2983701D-15
 0.3784565D+04 0.3284898D-15
 0.3788105D+04 0.2871684D-15
 0.3791644D+04 0.2353509D-15
 0.3795183D+04 0.2158362D-15
 0.3798722D+04 0.2202301D-15
 0.3802262D+04 0.2512987D-15
 0.3805801D+04 0.1833453D-15
 0.3809340D+04 0.2317815D-15
 0.3812879D+04 0.2455585D-15
 0.3816419D+04 0.2433834D-15
 0.3819958D+04 0.2723724D-15
 0.3823497D+04 0.2845451D-15
 0.3827036D+04 0.3121224D-15
 0.3830576D+04 0.3615354D-15
 0.3834115D+04 0.3853243D-15
 0.3837654D+04 0.4256253D-15
 0.3841193D+04 0.4639941D-15
 0.3844733D+04 0.4979056D-15
 0.3848272D+04 0.5524482D-15
 0.3851811D+04 0.6478846D-15
 0.3855350D+04 0.6382498D-15
 0.3858890D+04 0.5894304D-15
 0.3862429D+04 0.6226123D-15
 0.3865968D+04 0.6414053D-15
 0.3869507D+04 0.6743438D-15
 0.3873047D+04 0.6996353D-15
 0.3876586D+04 0.6621159D-15
 0.3880125D+04 0.7162460D-15
 0.3883664D+04 0.6905009D-15
 0.3887204D+04 0.6778581D-15
 0.3890743D+04 0.7235888D-15
 0.3894282D+04 0.7628722D-15
 0.3897821D+04 0.7529076D-15
 0.3901361D+04 0.7483278D-15
 0.3904900D+04 0.8109084D-15
 0.3908439D+04 0.8391009D-15
 0.3911978D+04 0.8596743D-15
 0.3915518D+04 0.8827412D-15
 0.3919057D+04 0.8829056D-15
 0.3922596D+04 0.9017498D-15
 0.3926135D+04 0.9284169D-15
 0.3929675D+04 0.9860013D-15
 0.3933214D+04 0.1022934D-14
 0.3936753D+04 0.1051538D-14
 0.3940292D+04 0.1082188D-14
 0.3943832D+04 0.1161490D-14
 0.3947371D+04 0.1169323D-14
 0.3950910D+04 0.1201487D-14
 0.3954449D+04 0.1236545D-14
 0.3957989D+04 0.1281110D-14
 0.3961528D+04 0.1302763D-14
 0.3965067D+04 0.1375588D-14
 0.3968606D+04 0.1412289D-14
 0.3972146D+04 0.1456014D-14
 0.3975685D+04 0.1483605D-14
 0.3979224D+04 0.1529607D-14
 0.3982763D+04 0.1525392D-14
 0.3986303D+04 0.1583083D-14
 0.3989842D+04 0.1623488D-14
 0.3993381D+04 0.1588922D-14
 0.3996920D+04 0.1517017D-14
 0.4000460D+04 0.1476874D-14
 0.4003999D+04 0.1407310D-14
 0.4007538D+04 0.1430796D-14
 0.4011077D+04 0.1390233D-14
 0.4014617D+04 0.1380819D-14
 0.4018156D+04 0.1338037D-14
 0.4021695D+04 0.1320107D-14
 0.4025234D+04 0.1271696D-14
 0.4028774D+04 0.1249313D-14
 0.4032313D+04 0.1220412D-14
 0.4035852D+04 0.1186091D-14
 0.4039391D+04 0.1160391D-14
 0.4042931D+04 0.1192118D-14
 0.4046470D+04 0.1158106D-14
 0.4050009D+04 0.1088249D-14
 0.4053548D+04 0.1037338D-14
 0.4057088D+04 0.1036029D-14
 0.4060627D+04 0.1079298D-14
 0.4064166D+04 0.1041276D-14
 0.4067705D+04 0.1033052D-14
 0.4071245D+04 0.9890759D-15
 0.4074784D+04 0.9791519D-15
 0.4078323D+04 0.9393600D-15
 0.4081862D+04 0.9145432D-15
 0.4085402D+04 0.8834631D-15
 0.4088941D+04 0.8384607D-15
 0.4092480D+04 0.8229065D-15
 0.4096019D+04 0.8052145D-15
 0.4099559D+04 0.7695951D-15
 0.4103098D+04 0.7566509D-15
 0.4106637D+04 0.7704042D-15
 0.4110176D+04 0.7647245D-15
 0.4113716D+04 0.7373904D-15
 0.4117255D+04 0.7008388D-15
 0.4120794D+04 0.7096939D-15
 0.4124333D+04 0.7920007D-15
 0.4127873D+04 0.8010282D-15
 0.4131412D+04 0.7379725D-15
 0.4134951D+04 0.6973623D-15
 0.4138490D+04 0.6736154D-15
 0.4142030D+04 0.6833705D-15
 0.4145569D+04 0.6400383D-15
 0.4149108D+04 0.5744667D-15
 0.4152647D+04 0.5972626D-15
 0.4156187D+04 0.6210568D-15
 0.4159726D+04 0.6507485D-15
 0.4163265D+04 0.5959009D-15
 0.4166804D+04 0.5411481D-15
 0.4170344D+04 0.5644445D-15
 0.4173883D+04 0.5554898D-15
 0.4177422D+04 0.4989520D-15
 0.4180961D+04 0.5685212D-15
 0.4184501D+04 0.5886268D-15
 0.4188040D+04 0.5848389D-15
 0.4191579D+04 0.6076954D-15
 0.4195118D+04 0.6331034D-15
 0.4198658D+04 0.5874179D-15
 0.4202197D+04 0.6145381D-15
 0.4205736D+04 0.6204874D-15
 0.4209275D+04 0.5819654D-15
 0.4212815D+04 0.6261756D-15
 0.4216354D+04 0.6516750D-15
 0.4219893D+04 0.6360578D-15
 0.4223432D+04 0.6432863D-15
 0.4226972D+04 0.6282754D-15
 0.4230511D+04 0.6313918D-15
 0.4234050D+04 0.6768097D-15
 0.4237589D+04 0.6810645D-15
 0.4241129D+04 0.6309807D-15
 0.4244668D+04 0.6194222D-15
 0.4248207D+04 0.6180632D-15
 0.4251746D+04 0.6555221D-15
 0.4255286D+04 0.6389786D-15
 0.4258825D+04 0.6146119D-15
 0.4262364D+04 0.6316495D-15
 0.4265903D+04 0.6643179D-15
 0.4269443D+04 0.6619166D-15
 0.4272982D+04 0.6525156D-15
 0.4276521D+04 0.6379666D-15
 0.4280060D+04 0.6181492D-15
 0.4283600D+04 0.6557232D-15
 0.4287139D+04 0.6395882D-15
 0.4290678D+04 0.6204666D-15
 0.4294217D+04 0.6337137D-15
 0.4297757D+04 0.6500815D-15
 0.4301296D+04 0.6579486D-15
 0.4304835D+04 0.6354271D-15
 0.4308374D+04 0.6164691D-15
 0.4311914D+04 0.6316092D-15
 0.4315453D+04 0.6321712D-15
 0.4318992D+04 0.6400321D-15
 0.4322531D+04 0.6631298D-15
 0.4326071D+04 0.6798991D-15
 0.4329610D+04 0.6773368D-15
 0.4333149D+04 0.6459041D-15
 0.4336688D+04 0.6589961D-15
 0.4340228D+04 0.6719163D-15
 0.4343767D+04 0.6687521D-15
 0.4347306D+04 0.6960609D-15
 0.4350845D+04 0.7050915D-15
 0.4354385D+04 0.6698064D-15
 0.4357924D+04 0.6650995D-15
 0.4361463D+04 0.6771438D-15
 0.4365002D+04 0.6790667D-15
 0.4368542D+04 0.6506144D-15
 0.4372081D+04 0.6413455D-15
 0.4375620D+04 0.6615391D-15
 0.4379159D+04 0.6262276D-15
 0.4382699D+04 0.6235944D-15
 0.4386238D+04 0.6082516D-15
 0.4389777D+04 0.5759475D-15
 0.4393316D+04 0.5753485D-15
 0.4396856D+04 0.5733799D-15
 0.4400395D+04 0.5681313D-15
 0.4403934D+04 0.5734446D-15
 0.4407473D+04 0.5510831D-15
 0.4411013D+04 0.5336307D-15
 0.4414552D+04 0.5262088D-15
 0.4418091D+04 0.5354292D-15
 0.4421630D+04 0.5724993D-15
 0.4425170D+04 0.5864474D-15
 0.4428709D+04 0.6336911D-15
 0.4432248D+04 0.6158584D-15
 0.4435787D+04 0.6202865D-15
 0.4439327D+04 0.6451585D-15
 0.4442866D+04 0.6751665D-15
 0.4446405D+04 0.6918706D-15
 0.4449944D+04 0.7197734D-15
 0.4453484D+04 0.7486792D-15
 0.4457023D+04 0.7414881D-15
 0.4460562D+04 0.7930790D-15
 0.4464101D+04 0.7870834D-15
 0.4467641D+04 0.7846685D-15
 0.4471180D+04 0.8391859D-15
 0.4474719D+04 0.8634866D-15
 0.4478258D+04 0.8317365D-15
 0.4481798D+04 0.8687232D-15
 0.4485337D+04 0.8985790D-15
 0.4488876D+04 0.8830807D-15
 0.4492415D+04 0.9335770D-15
 0.4495955D+04 0.9388292D-15
 0.4499494D+04 0.9425065D-15
 0.4503033D+04 0.9714459D-15
 0.4506572D+04 0.9779213D-15
 0.4510112D+04 0.1027182D-14
 0.4513651D+04 0.1048400D-14
 0.4517190D+04 0.1067306D-14
 0.4520729D+04 0.1089052D-14
 0.4524269D+04 0.1092626D-14
 0.4527808D+04 0.1135272D-14
 0.4531347D+04 0.1181377D-14
 0.4534886D+04 0.1227298D-14
 0.4538426D+04 0.1238618D-14
 0.4541965D+04 0.1265958D-14
 0.4545504D+04 0.1279980D-14
 0.4549043D+04 0.1326009D-14
 0.4552583D+04 0.1388019D-14
 0.4556122D+04 0.1452418D-14
 0.4559661D+04 0.1478216D-14
 0.4563200D+04 0.1508012D-14
 0.4566740D+04 0.1574687D-14
 0.4570279D+04 0.1641883D-14
 0.4573818D+04 0.1663327D-14
 0.4577357D+04 0.1716186D-14
 0.4580897D+04 0.1762074D-14
 0.4584436D+04 0.1784815D-14
 0.4587975D+04 0.1833536D-14
 0.4591514D+04 0.1847734D-14
 0.4595054D+04 0.1890616D-14
 0.4598593D+04 0.1855368D-14
 0.4602132D+04 0.1837085D-14
 0.4605671D+04 0.1940840D-14
 0.4609211D+04 0.1917050D-14
 0.4612750D+04 0.1887784D-14
 0.4616289D+04 0.1850593D-14
 0.4619828D+04 0.1813477D-14
 0.4623368D+04 0.1765679D-14
 0.4626907D+04 0.1734809D-14
 0.4630446D+04 0.1733216D-14
 0.4633985D+04 0.1739950D-14
 0.4637525D+04 0.1672838D-14
 0.4641064D+04 0.1661338D-14
 0.4644603D+04 0.1583375D-14
 0.4648142D+04 0.1572059D-14
 0.4651682D+04 0.1580900D-14
 0.4655221D+04 0.1511299D-14
 0.4658760D+04 0.1470512D-14
 0.4662299D+04 0.1421958D-14
 0.4665839D+04 0.1356466D-14
 0.4669378D+04 0.1280340D-14
 0.4672917D+04 0.1243721D-14
 0.4676456D+04 0.1204598D-14
 0.4679996D+04 0.1160001D-14
 0.4683535D+04 0.1097330D-14
 0.4687074D+04 0.1096815D-14
 0.4690613D+04 0.1073248D-14
 0.4694153D+04 0.1040920D-14
 0.4697692D+04 0.9893793D-15
 0.4701231D+04 0.9684748D-15
 0.4704770D+04 0.9330886D-15
 0.4708310D+04 0.9372281D-15
 0.4711849D+04 0.8920444D-15
 0.4715388D+04 0.8618210D-15
 0.4718927D+04 0.8687364D-15
 0.4722467D+04 0.8816488D-15
 0.4726006D+04 0.8732772D-15
 0.4729545D+04 0.8552197D-15
 0.4733084D+04 0.8719654D-15
 0.4736624D+04 0.8723921D-15
 0.4740163D+04 0.9025303D-15
 0.4743702D+04 0.8852889D-15
 0.4747242D+04 0.9352525D-15
 0.4750781D+04 0.8996524D-15
 0.4754320D+04 0.9388286D-15
 0.4757859D+04 0.9422934D-15
 0.4761399D+04 0.9287429D-15
 0.4764938D+04 0.9401772D-15
 0.4768477D+04 0.9376770D-15
 0.4772016D+04 0.9213248D-15
 0.4775556D+04 0.8932837D-15
 0.4779095D+04 0.9477805D-15
 0.4782634D+04 0.9699639D-15
 0.4786173D+04 0.9996960D-15
 0.4789713D+04 0.1046291D-14
 0.4793252D+04 0.1084388D-14
 0.4796791D+04 0.1130823D-14
 0.4800330D+04 0.1162349D-14
 0.4803870D+04 0.1192342D-14
 0.4807409D+04 0.1245802D-14
 0.4810948D+04 0.1304064D-14
 0.4814487D+04 0.1365826D-14
 0.4818027D+04 0.1404245D-14
 0.4821566D+04 0.1463995D-14
 0.4825105D+04 0.1516665D-14
 0.4828644D+04 0.1547683D-14
 0.4832184D+04 0.1567608D-14
 0.4835723D+04 0.1617439D-14
 0.4839262D+04 0.1615295D-14
 0.4842801D+04 0.1595305D-14
 0.4846341D+04 0.1575476D-14
 0.4849880D+04 0.1515328D-14
 0.4853419D+04 0.1472305D-14
 0.4856958D+04 0.1439414D-14
 0.4860498D+04 0.1412709D-14
 0.4864037D+04 0.1338898D-14
 0.4867576D+04 0.1295772D-14
 0.4871115D+04 0.1282225D-14
 0.4874655D+04 0.1247127D-14
 0.4878194D+04 0.1245913D-14
 0.4881733D+04 0.1266000D-14
 0.4885272D+04 0.1268081D-14
 0.4888812D+04 0.1282378D-14
 0.4892351D+04 0.1306320D-14
 0.4895890D+04 0.1359023D-14
 0.4899429D+04 0.1393926D-14
 0.4902969D+04 0.1412096D-14
 0.4906508D+04 0.1477506D-14
 0.4910047D+04 0.1520809D-14
 0.4913586D+04 0.1545349D-14
 0.4917126D+04 0.1600315D-14
 0.4920665D+04 0.1597838D-14
 0.4924204D+04 0.1632451D-14
 0.4927743D+04 0.1697846D-14
 0.4931283D+04 0.1720167D-14
 0.4934822D+04 0.1747538D-14
 0.4938361D+04 0.1775980D-14
 0.4941900D+04 0.1838244D-14
 0.4945440D+04 0.1877215D-14
 0.4948979D+04 0.1889080D-14
 0.4952518D+04 0.1891269D-14
 0.4956057D+04 0.1912984D-14
 0.4959597D+04 0.1902404D-14
 0.4963136D+04 0.1892153D-14
 0.4966675D+04 0.1855759D-14
 0.4970214D+04 0.1773703D-14
 0.4973754D+04 0.1731681D-14
 0.4977293D+04 0.1645580D-14
 0.4980832D+04 0.1555313D-14
 0.4984371D+04 0.1492493D-14
 0.4987911D+04 0.1416895D-14
 0.4991450D+04 0.1333343D-14
 0.4994989D+04 0.1265612D-14
 0.4998528D+04 0.1194129D-14
 0.5002068D+04 0.1149524D-14
 0.5005607D+04 0.1093557D-14
 0.5009146D+04 0.1055811D-14
 0.5012685D+04 0.9982591D-15
 0.5016225D+04 0.9922328D-15
 0.5019764D+04 0.9585288D-15
 0.5023303D+04 0.9188226D-15
 0.5026842D+04 0.9165522D-15
 0.5030382D+04 0.9113555D-15
 0.5033921D+04 0.9200562D-15
 0.5037460D+04 0.9169709D-15
 0.5040999D+04 0.8883456D-15
 0.5044539D+04 0.8909324D-15
 0.5048078D+04 0.8614518D-15
 0.5051617D+04 0.8635404D-15
 0.5055156D+04 0.8583741D-15
 0.5058696D+04 0.8830348D-15
 0.5062235D+04 0.8704642D-15
 0.5065774D+04 0.8579909D-15
 0.5069313D+04 0.8569561D-15
 0.5072853D+04 0.8653522D-15
 0.5076392D+04 0.8790437D-15
 0.5079931D+04 0.8805404D-15
 0.5083470D+04 0.8973568D-15
 0.5087010D+04 0.9163866D-15
 0.5090549D+04 0.9557702D-15
 0.5094088D+04 0.9386108D-15
 0.5097627D+04 0.9464384D-15
 0.5101167D+04 0.9911196D-15
 0.5104706D+04 0.9776241D-15
 0.5108245D+04 0.1004851D-14
 0.5111784D+04 0.1024011D-14
 0.5115324D+04 0.1057838D-14
 0.5118863D+04 0.1066281D-14
 0.5122402D+04 0.1083607D-14
 0.5125941D+04 0.1113494D-14
 0.5129481D+04 0.1089924D-14
 0.5133020D+04 0.1084212D-14
 0.5136559D+04 0.1097847D-14
 0.5140098D+04 0.1092152D-14
 0.5143638D+04 0.1081408D-14
 0.5147177D+04 0.1081721D-14
 0.5150716D+04 0.1082048D-14
 0.5154255D+04 0.1100688D-14
 0.5157795D+04 0.1114062D-14
 0.5161334D+04 0.1093095D-14
 0.5164873D+04 0.1102675D-14
 0.5168412D+04 0.1096378D-14
 0.5171952D+04 0.1102891D-14
 0.5175491D+04 0.1089027D-14
 0.5179030D+04 0.1104340D-14
 0.5182569D+04 0.1141522D-14
 0.5186109D+04 0.1167987D-14
 0.5189648D+04 0.1161109D-14
 0.5193187D+04 0.1156874D-14
 0.5196726D+04 0.1191203D-14
 0.5200266D+04 0.1198552D-14
 0.5203805D+04 0.1225553D-14
 0.5207344D+04 0.1249318D-14
 0.5210883D+04 0.1264854D-14
 0.5214423D+04 0.1287667D-14
 0.5217962D+04 0.1302539D-14
 0.5221501D+04 0.1316042D-14
 0.5225040D+04 0.1333083D-14
 0.5228580D+04 0.1347755D-14
 0.5232119D+04 0.1356008D-14
 0.5235658D+04 0.1368717D-14
 0.5239197D+04 0.1352916D-14
 0.5242737D+04 0.1396710D-14
 0.5246276D+04 0.1415919D-14
 0.5249815D+04 0.1417844D-14
 0.5253354D+04 0.1450727D-14
 0.5256894D+04 0.1488071D-14
 0.5260433D+04 0.1519111D-14
 0.5263972D+04 0.1528775D-14
 0.5267511D+04 0.1518109D-14
 0.5271051D+04 0.1540809D-14
 0.5274590D+04 0.1580835D-14
 0.5278129D+04 0.1590021D-14
 0.5281668D+04 0.1638798D-14
 0.5285208D+04 0.1661674D-14
 0.5288747D+04 0.1632860D-14
 0.5292286D+04 0.1657966D-14
 0.5295825D+04 0.1704282D-14
 0.5299365D+04 0.1711536D-14
 0.5302904D+04 0.1735791D-14
 0.5306443D+04 0.1739311D-14
 0.5309982D+04 0.1724466D-14
 0.5313522D+04 0.1745086D-14
 0.5317061D+04 0.1789712D-14
 0.5320600D+04 0.1771011D-14
 0.5324139D+04 0.1751742D-14
 0.5327679D+04 0.1701715D-14
 0.5331218D+04 0.1691471D-14
 0.5334757D+04 0.1685982D-14
 0.5338296D+04 0.1716491D-14
 0.5341836D+04 0.1666501D-14
 0.5345375D+04 0.1635576D-14
 0.5348914D+04 0.1638346D-14
 0.5352453D+04 0.1622358D-14
 0.5355993D+04 0.1585355D-14
 0.5359532D+04 0.1564224D-14
 0.5363071D+04 0.1561968D-14
 0.5366610D+04 0.1529716D-14
 0.5370150D+04 0.1518986D-14
 0.5373689D+04 0.1527626D-14
 0.5377228D+04 0.1560546D-14
 0.5380767D+04 0.1574695D-14
 0.5384307D+04 0.1572616D-14
 0.5387846D+04 0.1620288D-14
 0.5391385D+04 0.1618882D-14
 0.5394924D+04 0.1649559D-14
 0.5398464D+04 0.1659255D-14
 0.5402003D+04 0.1690934D-14
 0.5405542D+04 0.1718245D-14
 0.5409081D+04 0.1759842D-14
 0.5412621D+04 0.1802450D-14
 0.5416160D+04 0.1852893D-14
 0.5419699D+04 0.1876353D-14
 0.5423238D+04 0.1915306D-14
 0.5426778D+04 0.1972655D-14
 0.5430317D+04 0.2032229D-14
 0.5433856D+04 0.2116461D-14
 0.5437395D+04 0.2153529D-14
 0.5440935D+04 0.2210462D-14
 0.5444474D+04 0.2273547D-14
 0.5448013D+04 0.2277205D-14
 0.5451552D+04 0.2328562D-14
 0.5455092D+04 0.2405545D-14
 0.5458631D+04 0.2449791D-14
 0.5462170D+04 0.2476837D-14
 0.5465709D+04 0.2515844D-14
 0.5469249D+04 0.2552701D-14
 0.5472788D+04 0.2581909D-14
 0.5476327D+04 0.2629145D-14
 0.5479866D+04 0.2646165D-14
 0.5483406D+04 0.2673909D-14
 0.5486945D+04 0.2688006D-14
 0.5490484D+04 0.2743378D-14
 0.5494023D+04 0.2793089D-14
 0.5497563D+04 0.2800253D-14
 0.5501102D+04 0.2826019D-14
 0.5504641D+04 0.2857606D-14
 0.5508180D+04 0.2918276D-14
 0.5511720D+04 0.2947462D-14
 0.5515259D+04 0.2979972D-14
 0.5518798D+04 0.3045537D-14
 0.5522337D+04 0.3074197D-14
 0.5525877D+04 0.3123605D-14
 0.5529416D+04 0.3126991D-14
 0.5532955D+04 0.3129542D-14
 0.5536494D+04 0.3164734D-14
 0.5540034D+04 0.3159246D-14
 0.5543573D+04 0.3215568D-14
 0.5547112D+04 0.3189655D-14
 0.5550651D+04 0.3173088D-14
 0.5554191D+04 0.3214415D-14
 0.5557730D+04 0.3215915D-14
 0.5561269D+04 0.3184771D-14
 0.5564808D+04 0.3124574D-14
 0.5568348D+04 0.3097544D-14
 0.5571887D+04 0.3058283D-14
 0.5575426D+04 0.3023773D-14
 0.5578965D+04 0.3003158D-14
 0.5582505D+04 0.2963813D-14
 0.5586044D+04 0.2936222D-14
 0.5589583D+04 0.2899535D-14
 0.5593122D+04 0.2850784D-14
 0.5596662D+04 0.2865799D-14
 0.5600201D+04 0.2827388D-14
 0.5603740D+04 0.2807964D-14
 0.5607279D+04 0.2752992D-14
 0.5610819D+04 0.2705344D-14
 0.5614358D+04 0.2691845D-14
 0.5617897D+04 0.2662649D-14
 0.5621436D+04 0.2633612D-14
 0.5624976D+04 0.2539671D-14
 0.5628515D+04 0.2529600D-14
 0.5632054D+04 0.2501486D-14
 0.5635593D+04 0.2389671D-14
 0.5639133D+04 0.2252427D-14
 0.5642672D+04 0.2043323D-14
 0.5646211D+04 0.1851166D-14
 0.5649750D+04 0.1650765D-14
 0.5653290D+04 0.1463234D-14
 0.5656829D+04 0.1308239D-14
 0.5660368D+04 0.1155263D-14
 0.5663907D+04 0.1051865D-14
 0.5667447D+04 0.9810465D-15
 0.5670986D+04 0.8845709D-15
 0.5674525D+04 0.8134905D-15
 0.5678064D+04 0.7987728D-15
 0.5681604D+04 0.7810275D-15
 0.5685143D+04 0.7798431D-15
 0.5688682D+04 0.8187320D-15
 0.5692221D+04 0.8844572D-15
 0.5695761D+04 0.9710990D-15
 0.5699300D+04 0.1041460D-14
 0.5702839D+04 0.1115288D-14
 0.5706378D+04 0.1199334D-14
 0.5709918D+04 0.1267400D-14
 0.5713457D+04 0.1342700D-14
 0.5716996D+04 0.1400796D-14
 0.5720535D+04 0.1442881D-14
 0.5724075D+04 0.1508333D-14
 0.5727614D+04 0.1576336D-14
 0.5731153D+04 0.1628882D-14
 0.5734692D+04 0.1678557D-14
 0.5738232D+04 0.1701145D-14
 0.5741771D+04 0.1678168D-14
 0.5745310D+04 0.1699642D-14
 0.5748849D+04 0.1709711D-14
 0.5752389D+04 0.1734599D-14
 0.5755928D+04 0.1742732D-14
 0.5759467D+04 0.1750494D-14
 0.5763006D+04 0.1770876D-14
 0.5766546D+04 0.1766760D-14
 0.5770085D+04 0.1759237D-14
 0.5773624D+04 0.1816725D-14
 0.5777163D+04 0.1848204D-14
 0.5780703D+04 0.1794595D-14
 0.5784242D+04 0.1829450D-14
 0.5787781D+04 0.1865012D-14
 0.5791320D+04 0.1866866D-14
 0.5794860D+04 0.1864038D-14
 0.5798399D+04 0.1885917D-14
 0.5801938D+04 0.1903917D-14
 0.5805477D+04 0.1962761D-14
 0.5809017D+04 0.1954270D-14
 0.5812556D+04 0.1951953D-14
 0.5816095D+04 0.1941739D-14
 0.5819634D+04 0.1944832D-14
 0.5823174D+04 0.1969808D-14
 0.5826713D+04 0.1961041D-14
 0.5830252D+04 0.1986223D-14
 0.5833791D+04 0.1995230D-14
 0.5837331D+04 0.2013297D-14
 0.5840870D+04 0.2009134D-14
 0.5844409D+04 0.1987762D-14
 0.5847948D+04 0.1991245D-14
 0.5851488D+04 0.1976627D-14
 0.5855027D+04 0.1994428D-14
 0.5858566D+04 0.2015695D-14
 0.5862105D+04 0.2000620D-14
 0.5865645D+04 0.1953237D-14
 0.5869184D+04 0.1913631D-14
 0.5872723D+04 0.1917453D-14
 0.5876262D+04 0.1946876D-14
 0.5879802D+04 0.1977498D-14
 0.5883341D+04 0.2001748D-14
 0.5886880D+04 0.2015085D-14
 0.5890419D+04 0.2005236D-14
 0.5893959D+04 0.2015710D-14
 0.5897498D+04 0.2025928D-14
 0.5901037D+04 0.1999657D-14
 0.5904576D+04 0.2013648D-14
 0.5908116D+04 0.2029280D-14
 0.5911655D+04 0.2015224D-14
 0.5915194D+04 0.2042092D-14
 0.5918733D+04 0.2026245D-14
 0.5922273D+04 0.1924609D-14
 0.5925812D+04 0.1916434D-14
 0.5929351D+04 0.1906104D-14
 0.5932890D+04 0.1893724D-14
 0.5936430D+04 0.1887701D-14
 0.5939969D+04 0.1881212D-14
 0.5943508D+04 0.1907381D-14
 0.5947047D+04 0.1878437D-14
 0.5950587D+04 0.1910163D-14
 0.5954126D+04 0.1862304D-14
 0.5957665D+04 0.1868785D-14
 0.5961204D+04 0.1851237D-14
 0.5964744D+04 0.1874104D-14
 0.5968283D+04 0.1850218D-14
 0.5971822D+04 0.1857592D-14
 0.5975361D+04 0.1829400D-14
 0.5978901D+04 0.1803182D-14
 0.5982440D+04 0.1799124D-14
 0.5985979D+04 0.1789518D-14
 0.5989518D+04 0.1772085D-14
 0.5993058D+04 0.1752153D-14
 0.5996597D+04 0.1736575D-14
 0.6000136D+04 0.1716432D-14
 0.6003675D+04 0.1732730D-14
 0.6007215D+04 0.1725424D-14
 0.6010754D+04 0.1680018D-14
 0.6014293D+04 0.1675169D-14
 0.6017832D+04 0.1689542D-14
 0.6021372D+04 0.1666150D-14
 0.6024911D+04 0.1636791D-14
 0.6028450D+04 0.1651273D-14
 0.6031989D+04 0.1667950D-14
 0.6035529D+04 0.1660260D-14
 0.6039068D+04 0.1647252D-14
 0.6042607D+04 0.1634479D-14
 0.6046146D+04 0.1646964D-14
 0.6049686D+04 0.1662242D-14
 0.6053225D+04 0.1646371D-14
 0.6056764D+04 0.1657536D-14
 0.6060303D+04 0.1644360D-14
 0.6063843D+04 0.1641454D-14
 0.6067382D+04 0.1653259D-14
 0.6070921D+04 0.1643513D-14
 0.6074460D+04 0.1644160D-14
 0.6078000D+04 0.1616425D-14
 0.6081539D+04 0.1597238D-14
 0.6085078D+04 0.1605731D-14
 0.6088617D+04 0.1591461D-14
 0.6092157D+04 0.1581858D-14
 0.6095696D+04 0.1579331D-14
 0.6099235D+04 0.1557510D-14
 0.6102774D+04 0.1510092D-14
 0.6106314D+04 0.1493309D-14
 0.6109853D+04 0.1551356D-14
 0.6113392D+04 0.1554576D-14
 0.6116931D+04 0.1501803D-14
 0.6120471D+04 0.1489090D-14
 0.6124010D+04 0.1481476D-14
 0.6127549D+04 0.1449474D-14
 0.6131088D+04 0.1454184D-14
 0.6134628D+04 0.1429492D-14
 0.6138167D+04 0.1414591D-14
 0.6141706D+04 0.1382526D-14
 0.6145245D+04 0.1337100D-14
 0.6148785D+04 0.1308019D-14
 0.6152324D+04 0.1261891D-14
 0.6155863D+04 0.1231244D-14
 0.6159402D+04 0.1189779D-14
 0.6162942D+04 0.1170147D-14
 0.6166481D+04 0.1153845D-14
 0.6170020D+04 0.1124458D-14
 0.6173559D+04 0.1094888D-14
 0.6177099D+04 0.1085810D-14
 0.6180638D+04 0.1048177D-14
 0.6184177D+04 0.1038877D-14
 0.6187716D+04 0.1013503D-14
 0.6191256D+04 0.1005978D-14
 0.6194795D+04 0.1029849D-14
 0.6198334D+04 0.1025141D-14
 0.6201873D+04 0.1023700D-14
 0.6205413D+04 0.1044420D-14
 0.6208952D+04 0.1048651D-14
 0.6212491D+04 0.1027988D-14
 0.6216030D+04 0.1019015D-14
 0.6219570D+04 0.1052386D-14
 0.6223109D+04 0.1071331D-14
 0.6226648D+04 0.1075469D-14
 0.6230187D+04 0.1093066D-14
 0.6233727D+04 0.1114793D-14
 0.6237266D+04 0.1133535D-14
 0.6240805D+04 0.1163467D-14
 0.6244344D+04 0.1196807D-14
 0.6247884D+04 0.1214419D-14
 0.6251423D+04 0.1207370D-14
 0.6254962D+04 0.1209050D-14
 0.6258501D+04 0.1191310D-14
 0.6262041D+04 0.1196276D-14
 0.6265580D+04 0.1250928D-14
 0.6269119D+04 0.1279817D-14
 0.6272658D+04 0.1286270D-14
 0.6276198D+04 0.1310743D-14
 0.6279737D+04 0.1320778D-14
 0.6283276D+04 0.1332144D-14
 0.6286815D+04 0.1339640D-14
 0.6290355D+04 0.1352059D-14
 0.6293894D+04 0.1356828D-14
 0.6297433D+04 0.1344297D-14
 0.6300972D+04 0.1353802D-14
 0.6304512D+04 0.1380020D-14
 0.6308051D+04 0.1392419D-14
 0.6311590D+04 0.1392344D-14
 0.6315129D+04 0.1401714D-14
 0.6318669D+04 0.1438571D-14
 0.6322208D+04 0.1453745D-14
 0.6325747D+04 0.1455865D-14
 0.6329286D+04 0.1456680D-14
 0.6332826D+04 0.1497067D-14
 0.6336365D+04 0.1524760D-14
 0.6339904D+04 0.1542503D-14
 0.6343443D+04 0.1577106D-14
 0.6346983D+04 0.1596380D-14
 0.6350522D+04 0.1627961D-14
 0.6354061D+04 0.1655953D-14
 0.6357600D+04 0.1664198D-14
 0.6361140D+04 0.1690804D-14
 0.6364679D+04 0.1695180D-14
 0.6368218D+04 0.1732931D-14
 0.6371757D+04 0.1755207D-14
 0.6375297D+04 0.1762225D-14
 0.6378836D+04 0.1789855D-14
 0.6382375D+04 0.1809791D-14
 0.6385914D+04 0.1836965D-14
 0.6389454D+04 0.1865597D-14
 0.6392993D+04 0.1891383D-14
 0.6396532D+04 0.1927439D-14
 0.6400071D+04 0.1952098D-14
 0.6403611D+04 0.1977027D-14
 0.6407150D+04 0.2022946D-14
 0.6410689D+04 0.2062495D-14
 0.6414228D+04 0.2077563D-14
 0.6417768D+04 0.2118958D-14
 0.6421307D+04 0.2147047D-14
 0.6424846D+04 0.2177931D-14
 0.6428385D+04 0.2223951D-14
 0.6431925D+04 0.2256867D-14
 0.6435464D+04 0.2270598D-14
 0.6439003D+04 0.2292200D-14
 0.6442542D+04 0.2339495D-14
 0.6446082D+04 0.2378314D-14
 0.6449621D+04 0.2398857D-14
 0.6453160D+04 0.2408670D-14
 0.6456699D+04 0.2440465D-14
 0.6460239D+04 0.2495157D-14
 0.6463778D+04 0.2509008D-14
 0.6467317D+04 0.2539654D-14
 0.6470856D+04 0.2559535D-14
 0.6474396D+04 0.2589649D-14
 0.6477935D+04 0.2633860D-14
 0.6481474D+04 0.2630220D-14
 0.6485013D+04 0.2648643D-14
 0.6488553D+04 0.2672503D-14
 0.6492092D+04 0.2658659D-14
 0.6495631D+04 0.2660193D-14
 0.6499170D+04 0.2669355D-14
 0.6502710D+04 0.2674961D-14
 0.6506249D+04 0.2685268D-14
 0.6509788D+04 0.2679936D-14
 0.6513328D+04 0.2668064D-14
 0.6516867D+04 0.2671382D-14
 0.6520406D+04 0.2654243D-14
 0.6523945D+04 0.2626602D-14
 0.6527485D+04 0.2635763D-14
 0.6531024D+04 0.2614032D-14
 0.6534563D+04 0.2612791D-14
 0.6538102D+04 0.2582751D-14
 0.6541642D+04 0.2571108D-14
 0.6545181D+04 0.2553186D-14
 0.6548720D+04 0.2535047D-14
 0.6552259D+04 0.2513517D-14
 0.6555799D+04 0.2477659D-14
 0.6559338D+04 0.2474326D-14
 0.6562877D+04 0.2471392D-14
 0.6566416D+04 0.2432812D-14
 0.6569956D+04 0.2382201D-14
 0.6573495D+04 0.2366860D-14
 0.6577034D+04 0.2330897D-14
 0.6580573D+04 0.2287966D-14
 0.6584113D+04 0.2261383D-14
 0.6587652D+04 0.2232138D-14
 0.6591191D+04 0.2193044D-14
 0.6594730D+04 0.2153677D-14
 0.6598270D+04 0.2135845D-14
 0.6601809D+04 0.2092380D-14
 0.6605348D+04 0.2031562D-14
 0.6608887D+04 0.2004601D-14
 0.6612427D+04 0.1982043D-14
 0.6615966D+04 0.1937442D-14
 0.6619505D+04 0.1896973D-14
 0.6623044D+04 0.1863207D-14
 0.6626584D+04 0.1822684D-14
 0.6630123D+04 0.1782561D-14
 0.6633662D+04 0.1740920D-14
 0.6637201D+04 0.1725273D-14
 0.6640741D+04 0.1699076D-14
 0.6644280D+04 0.1662222D-14
 0.6647819D+04 0.1615111D-14
 0.6651358D+04 0.1602654D-14
 0.6654898D+04 0.1577051D-14
 0.6658437D+04 0.1530729D-14
 0.6661976D+04 0.1516008D-14
 0.6665515D+04 0.1489587D-14
 0.6669055D+04 0.1454825D-14
 0.6672594D+04 0.1452050D-14
 0.6676133D+04 0.1419133D-14
 0.6679672D+04 0.1383928D-14
 0.6683212D+04 0.1358648D-14
 0.6686751D+04 0.1322270D-14
 0.6690290D+04 0.1308511D-14
 0.6693829D+04 0.1309270D-14
 0.6697369D+04 0.1276385D-14
 0.6700908D+04 0.1268525D-14
 0.6704447D+04 0.1250030D-14
 0.6707986D+04 0.1222089D-14
 0.6711526D+04 0.1205394D-14
 0.6715065D+04 0.1208641D-14
 0.6718604D+04 0.1188037D-14
 0.6722143D+04 0.1162526D-14
 0.6725683D+04 0.1161199D-14
 0.6729222D+04 0.1151160D-14
 0.6732761D+04 0.1134628D-14
 0.6736300D+04 0.1127820D-14
 0.6739840D+04 0.1117357D-14
 0.6743379D+04 0.1104373D-14
 0.6746918D+04 0.1116814D-14
 0.6750457D+04 0.1096278D-14
 0.6753997D+04 0.1097480D-14
 0.6757536D+04 0.1093341D-14
 0.6761075D+04 0.1080748D-14
 0.6764614D+04 0.1085019D-14
 0.6768154D+04 0.1089325D-14
 0.6771693D+04 0.1091975D-14
 0.6775232D+04 0.1086514D-14
 0.6778771D+04 0.1096013D-14
 0.6782311D+04 0.1100009D-14
 0.6785850D+04 0.1102140D-14
 0.6789389D+04 0.1102186D-14
 0.6792928D+04 0.1117140D-14
 0.6796468D+04 0.1112259D-14
 0.6800007D+04 0.1112826D-14
 0.6803546D+04 0.1097663D-14
 0.6807085D+04 0.1114226D-14
 0.6810625D+04 0.1098059D-14
 0.6814164D+04 0.1080638D-14
 0.6817703D+04 0.1087364D-14
 0.6821242D+04 0.1088948D-14
 0.6824782D+04 0.1069316D-14
 0.6828321D+04 0.1072135D-14
 0.6831860D+04 0.1066536D-14
 0.6835399D+04 0.1039043D-14
 0.6838939D+04 0.1001538D-14
 0.6842478D+04 0.9098129D-15
 0.6846017D+04 0.7781552D-15
 0.6849556D+04 0.7410018D-15
 0.6853096D+04 0.8046111D-15
 0.6856635D+04 0.8895561D-15
 0.6860174D+04 0.9331650D-15
 0.6863713D+04 0.9120463D-15
 0.6867253D+04 0.8916536D-15
 0.6870792D+04 0.9078857D-15
 0.6874331D+04 0.9221987D-15
 0.6877870D+04 0.9299211D-15
 0.6881410D+04 0.9453095D-15
 0.6884949D+04 0.9751645D-15
 0.6888488D+04 0.9933635D-15
 0.6892027D+04 0.1000573D-14
 0.6895567D+04 0.1020648D-14
 0.6899106D+04 0.1031091D-14
 0.6902645D+04 0.1026258D-14
 0.6906184D+04 0.1034195D-14
 0.6909724D+04 0.1044967D-14
 0.6913263D+04 0.1042352D-14
 0.6916802D+04 0.1062952D-14
 0.6920341D+04 0.1086246D-14
 0.6923881D+04 0.1098251D-14
 0.6927420D+04 0.1105904D-14
 0.6930959D+04 0.1104191D-14
 0.6934498D+04 0.1097303D-14
 0.6938038D+04 0.1116032D-14
 0.6941577D+04 0.1140966D-14
 0.6945116D+04 0.1145383D-14
 0.6948655D+04 0.1151434D-14
 0.6952195D+04 0.1168076D-14
 0.6955734D+04 0.1172132D-14
 0.6959273D+04 0.1182027D-14
 0.6962812D+04 0.1178977D-14
 0.6966352D+04 0.1173800D-14
 0.6969891D+04 0.1184562D-14
 0.6973430D+04 0.1194786D-14
 0.6976969D+04 0.1211368D-14
 0.6980509D+04 0.1208682D-14
 0.6984048D+04 0.1194444D-14
 0.6987587D+04 0.1177692D-14
 0.6991126D+04 0.1188035D-14
 0.6994666D+04 0.1176265D-14
 0.6998205D+04 0.1176231D-14
 0.7001744D+04 0.1169172D-14
 0.7005283D+04 0.1169144D-14
 0.7008823D+04 0.1167440D-14
 0.7012362D+04 0.1178036D-14
 0.7015901D+04 0.1177191D-14
 0.7019440D+04 0.1179094D-14
 0.7022980D+04 0.1210541D-14
 0.7026519D+04 0.1228187D-14
 0.7030058D+04 0.1237155D-14
 0.7033597D+04 0.1214753D-14
 0.7037137D+04 0.1212284D-14
 0.7040676D+04 0.1225725D-14
 0.7044215D+04 0.1220816D-14
 0.7047754D+04 0.1239361D-14
 0.7051294D+04 0.1242750D-14
 0.7054833D+04 0.1230230D-14
 0.7058372D+04 0.1242251D-14
 0.7061911D+04 0.1244517D-14
 0.7065451D+04 0.1236020D-14
 0.7068990D+04 0.1244945D-14
 0.7072529D+04 0.1263345D-14
 0.7076068D+04 0.1260693D-14
 0.7079608D+04 0.1285432D-14
 0.7083147D+04 0.1329822D-14
 0.7086686D+04 0.1328421D-14
 0.7090225D+04 0.1332533D-14
 0.7093765D+04 0.1355879D-14
 0.7097304D+04 0.1406503D-14
 0.7100843D+04 0.1409424D-14
 0.7104382D+04 0.1437587D-14
 0.7107922D+04 0.1454957D-14
 0.7111461D+04 0.1468774D-14
 0.7115000D+04 0.1485435D-14
 0.7118539D+04 0.1485608D-14
 0.7122079D+04 0.1508223D-14
 0.7125618D+04 0.1519554D-14
 0.7129157D+04 0.1547738D-14
 0.7132696D+04 0.1549140D-14
 0.7136236D+04 0.1552580D-14
 0.7139775D+04 0.1528473D-14
 0.7143314D+04 0.1497900D-14
 0.7146853D+04 0.1479727D-14
 0.7150393D+04 0.1442274D-14
 0.7153932D+04 0.1429295D-14
 0.7157471D+04 0.1405777D-14
 0.7161010D+04 0.1356728D-14
 0.7164550D+04 0.1365410D-14
 0.7168089D+04 0.1415646D-14
 0.7171628D+04 0.1454656D-14
 0.7175167D+04 0.1462350D-14
 0.7178707D+04 0.1475894D-14
 0.7182246D+04 0.1507324D-14
 0.7185785D+04 0.1559911D-14
 0.7189324D+04 0.1605541D-14
 0.7192864D+04 0.1609486D-14
 0.7196403D+04 0.1598679D-14
 0.7199942D+04 0.1602500D-14
 0.7203481D+04 0.1624504D-14
 0.7207021D+04 0.1608154D-14
 0.7210560D+04 0.1562908D-14
 0.7214099D+04 0.1579876D-14
 0.7217638D+04 0.1588950D-14
 0.7221178D+04 0.1565110D-14
 0.7224717D+04 0.1568338D-14
 0.7228256D+04 0.1571673D-14
 0.7231795D+04 0.1620131D-14
 0.7235335D+04 0.1628916D-14
 0.7238874D+04 0.1588625D-14
 0.7242413D+04 0.1613447D-14
 0.7245952D+04 0.1648399D-14
 0.7249492D+04 0.1582238D-14
 0.7253031D+04 0.1568104D-14
 0.7256570D+04 0.1669477D-14
 0.7260109D+04 0.1694543D-14
 0.7263649D+04 0.1621462D-14
 0.7267188D+04 0.1582232D-14
 0.7270727D+04 0.1615414D-14
 0.7274266D+04 0.1623251D-14
 0.7277806D+04 0.1594413D-14
 0.7281345D+04 0.1573698D-14
 0.7284884D+04 0.1585357D-14
 0.7288423D+04 0.1580220D-14
 0.7291963D+04 0.1603071D-14
 0.7295502D+04 0.1618620D-14
 0.7299041D+04 0.1620185D-14
 0.7302580D+04 0.1614853D-14
 0.7306120D+04 0.1611225D-14
 0.7309659D+04 0.1594450D-14
 0.7313198D+04 0.1605399D-14
 0.7316737D+04 0.1580061D-14
 0.7320277D+04 0.1597076D-14
 0.7323816D+04 0.1616209D-14
 0.7327355D+04 0.1626185D-14
 0.7330894D+04 0.1614271D-14
 0.7334434D+04 0.1611838D-14
 0.7337973D+04 0.1633075D-14
 0.7341512D+04 0.1619525D-14
 0.7345051D+04 0.1605719D-14
 0.7348591D+04 0.1585157D-14
 0.7352130D+04 0.1576843D-14
 0.7355669D+04 0.1581462D-14
 0.7359208D+04 0.1586965D-14
 0.7362748D+04 0.1591194D-14
 0.7366287D+04 0.1563440D-14
 0.7369826D+04 0.1521169D-14
 0.7373365D+04 0.1466786D-14
 0.7376905D+04 0.1452106D-14
 0.7380444D+04 0.1441147D-14
 0.7383983D+04 0.1388387D-14
 0.7387522D+04 0.1338845D-14
 0.7391062D+04 0.1312207D-14
 0.7394601D+04 0.1298002D-14
 0.7398140D+04 0.1268578D-14
 0.7401679D+04 0.1223772D-14
 0.7405219D+04 0.1177861D-14
 0.7408758D+04 0.1152595D-14
 0.7412297D+04 0.1125379D-14
 0.7415836D+04 0.1112599D-14
 0.7419376D+04 0.1100376D-14
 0.7422915D+04 0.1105129D-14
 0.7426454D+04 0.1093825D-14
 0.7429993D+04 0.1107103D-14
 0.7433533D+04 0.1103339D-14
 0.7437072D+04 0.1100289D-14
 0.7440611D+04 0.1097690D-14
 0.7444150D+04 0.1096250D-14
 0.7447690D+04 0.1118025D-14
 0.7451229D+04 0.1116252D-14
 0.7454768D+04 0.1138984D-14
 0.7458307D+04 0.1187653D-14
 0.7461847D+04 0.1162874D-14
 0.7465386D+04 0.1126353D-14
 0.7468925D+04 0.1114540D-14
 0.7472464D+04 0.1083193D-14
 0.7476004D+04 0.1062844D-14
 0.7479543D+04 0.1020196D-14
 0.7483082D+04 0.9785114D-15
 0.7486621D+04 0.9685379D-15
 0.7490161D+04 0.9420742D-15
 0.7493700D+04 0.9062172D-15
 0.7497239D+04 0.8846325D-15
 0.7500778D+04 0.8519537D-15
 0.7504318D+04 0.8203684D-15
 0.7507857D+04 0.8191493D-15
 0.7511396D+04 0.8267405D-15
 0.7514935D+04 0.8371803D-15
 0.7518475D+04 0.8503672D-15
 0.7522014D+04 0.8446004D-15
 0.7525553D+04 0.8499657D-15
 0.7529092D+04 0.8769996D-15
 0.7532632D+04 0.8826279D-15
 0.7536171D+04 0.8751647D-15
 0.7539710D+04 0.8940394D-15
 0.7543249D+04 0.9368834D-15
 0.7546789D+04 0.9480840D-15
 0.7550328D+04 0.9306575D-15
 0.7553867D+04 0.9275098D-15
 0.7557406D+04 0.9246595D-15
 0.7560946D+04 0.9140097D-15
 0.7564485D+04 0.8603065D-15
 0.7568024D+04 0.7192844D-15
 0.7571563D+04 0.4966587D-15
 0.7575103D+04 0.3202913D-15
 0.7578642D+04 0.2394403D-15
 0.7582181D+04 0.2605775D-15
 0.7585720D+04 0.4035051D-15
 0.7589260D+04 0.6137324D-15
 0.7592799D+04 0.8139355D-15
 0.7596338D+04 0.7944361D-15
 0.7599877D+04 0.6752359D-15
 0.7603417D+04 0.6452472D-15
 0.7606956D+04 0.6601435D-15
 0.7610495D+04 0.7053673D-15
 0.7614034D+04 0.7879869D-15
 0.7617574D+04 0.8808373D-15
 0.7621113D+04 0.9807347D-15
 0.7624652D+04 0.1101477D-14
 0.7628191D+04 0.1188464D-14
 0.7631731D+04 0.1242919D-14
 0.7635270D+04 0.1326554D-14
 0.7638809D+04 0.1395325D-14
 0.7642348D+04 0.1454012D-14
 0.7645888D+04 0.1495118D-14
 0.7649427D+04 0.1518206D-14
 0.7652966D+04 0.1560434D-14
 0.7656505D+04 0.1613412D-14
 0.7660045D+04 0.1668750D-14
 0.7663584D+04 0.1720912D-14
 0.7667123D+04 0.1772433D-14
 0.7670662D+04 0.1797124D-14
 0.7674202D+04 0.1795370D-14
 0.7677741D+04 0.1827467D-14
 0.7681280D+04 0.1856175D-14
 0.7684819D+04 0.1878228D-14
 0.7688359D+04 0.1928015D-14
 0.7691898D+04 0.1953427D-14
 0.7695437D+04 0.1964976D-14
 0.7698976D+04 0.1985393D-14
 0.7702516D+04 0.1999879D-14
 0.7706055D+04 0.1977084D-14
 0.7709594D+04 0.1994157D-14
 0.7713133D+04 0.1977352D-14
 0.7716673D+04 0.1933765D-14
 0.7720212D+04 0.1950056D-14
 0.7723751D+04 0.1969292D-14
 0.7727290D+04 0.2017092D-14
 0.7730830D+04 0.1998871D-14
 0.7734369D+04 0.1946364D-14
 0.7737908D+04 0.1923276D-14
 0.7741447D+04 0.1917113D-14
 0.7744987D+04 0.1960303D-14
 0.7748526D+04 0.2009696D-14
 0.7752065D+04 0.1973747D-14
 0.7755604D+04 0.1912261D-14
 0.7759144D+04 0.1909474D-14
 0.7762683D+04 0.1914890D-14
 0.7766222D+04 0.1840766D-14
 0.7769761D+04 0.1787975D-14
 0.7773301D+04 0.1767179D-14
 0.7776840D+04 0.1779094D-14
 0.7780379D+04 0.1794993D-14
 0.7783918D+04 0.1755966D-14
 0.7787458D+04 0.1738462D-14
 0.7790997D+04 0.1750571D-14
 0.7794536D+04 0.1767632D-14
 0.7798075D+04 0.1772352D-14
 0.7801615D+04 0.1757994D-14
 0.7805154D+04 0.1735868D-14
 0.7808693D+04 0.1704639D-14
 0.7812232D+04 0.1655178D-14
 0.7815772D+04 0.1616967D-14
 0.7819311D+04 0.1595658D-14
 0.7822850D+04 0.1570561D-14
 0.7826389D+04 0.1577567D-14
 0.7829929D+04 0.1590408D-14
 0.7833468D+04 0.1563828D-14
 0.7837007D+04 0.1541923D-14
 0.7840546D+04 0.1515227D-14
 0.7844086D+04 0.1470388D-14
 0.7847625D+04 0.1444047D-14
 0.7851164D+04 0.1434047D-14
 0.7854703D+04 0.1418136D-14
 0.7858243D+04 0.1428348D-14
 0.7861782D+04 0.1425559D-14
 0.7865321D+04 0.1388435D-14
 0.7868860D+04 0.1373539D-14
 0.7872400D+04 0.1363871D-14
 0.7875939D+04 0.1344451D-14
 0.7879478D+04 0.1329707D-14
 0.7883017D+04 0.1284621D-14
 0.7886557D+04 0.1286945D-14
 0.7890096D+04 0.1285534D-14
 0.7893635D+04 0.1279457D-14
 0.7897174D+04 0.1286121D-14
 0.7900714D+04 0.1291358D-14
 0.7904253D+04 0.1293265D-14
 0.7907792D+04 0.1250305D-14
 0.7911331D+04 0.1227626D-14
 0.7914871D+04 0.1208346D-14
 0.7918410D+04 0.1189364D-14
 0.7921949D+04 0.1194263D-14
 0.7925488D+04 0.1182592D-14
 0.7929028D+04 0.1170958D-14
 0.7932567D+04 0.1165629D-14
 0.7936106D+04 0.1141746D-14
 0.7939645D+04 0.1157067D-14
 0.7943185D+04 0.1203443D-14
 0.7946724D+04 0.1206317D-14
 0.7950263D+04 0.1138804D-14
 0.7953802D+04 0.1123562D-14
 0.7957342D+04 0.1171614D-14
 0.7960881D+04 0.1187985D-14
 0.7964420D+04 0.1154558D-14
 0.7967959D+04 0.1147069D-14
 0.7971499D+04 0.1166724D-14
 0.7975038D+04 0.1182247D-14
 0.7978577D+04 0.1190881D-14
 0.7982116D+04 0.1175984D-14
 0.7985656D+04 0.1183802D-14
 0.7989195D+04 0.1196024D-14
 0.7992734D+04 0.1182670D-14
 0.7996273D+04 0.1166066D-14
 0.7999813D+04 0.1139097D-14
 0.8003352D+04 0.1137649D-14
 0.8006891D+04 0.1167222D-14
 0.8010430D+04 0.1162134D-14
 0.8013970D+04 0.1158629D-14
 0.8017509D+04 0.1160554D-14
 0.8021048D+04 0.1131723D-14
 0.8024587D+04 0.1123717D-14
 0.8028127D+04 0.1128502D-14
 0.8031666D+04 0.1134645D-14
 0.8035205D+04 0.1162402D-14
 0.8038744D+04 0.1157828D-14
 0.8042284D+04 0.1161519D-14
 0.8045823D+04 0.1167665D-14
 0.8049362D+04 0.1166694D-14
 0.8052901D+04 0.1157049D-14
 0.8056441D+04 0.1132969D-14
 0.8059980D+04 0.1136195D-14
 0.8063519D+04 0.1154449D-14
 0.8067058D+04 0.1157284D-14
 0.8070598D+04 0.1137032D-14
 0.8074137D+04 0.1149973D-14
 0.8077676D+04 0.1155691D-14
 0.8081215D+04 0.1128285D-14
 0.8084755D+04 0.1060419D-14
 0.8088294D+04 0.1031968D-14
 0.8091833D+04 0.1034919D-14
 0.8095372D+04 0.1028105D-14
 0.8098912D+04 0.1032856D-14
 0.8102451D+04 0.1002874D-14
 0.8105990D+04 0.9766271D-15
 0.8109529D+04 0.9891852D-15
 0.8113069D+04 0.9678420D-15
 0.8116608D+04 0.9251174D-15
 0.8120147D+04 0.9072177D-15
 0.8123686D+04 0.8862740D-15
 0.8127226D+04 0.8449101D-15
 0.8130765D+04 0.7993330D-15
 0.8134304D+04 0.7551855D-15
 0.8137843D+04 0.7245017D-15
 0.8141383D+04 0.6983673D-15
 0.8144922D+04 0.6449776D-15
 0.8148461D+04 0.5760375D-15
 0.8152000D+04 0.5086817D-15
 0.8155540D+04 0.4641997D-15
 0.8159079D+04 0.4184107D-15
 0.8162618D+04 0.3930151D-15
 0.8166157D+04 0.3962413D-15
 0.8169697D+04 0.3456246D-15
 0.8173236D+04 0.3328140D-15
 0.8176775D+04 0.3312419D-15
 0.8180314D+04 0.2841472D-15
 0.8183854D+04 0.2742385D-15
 0.8187393D+04 0.2544248D-15
 0.8190932D+04 0.2395857D-15
 0.8194471D+04 0.2148462D-15
 0.8198011D+04 0.1820008D-15
 0.8201550D+04 0.1556203D-15
 0.8205089D+04 0.1550750D-15
 0.8208628D+04 0.1672428D-15
 0.8212168D+04 0.1696781D-15
 0.8215707D+04 0.1705291D-15
 0.8219246D+04 0.1686986D-15
 0.8222785D+04 0.1909139D-15
 0.8226325D+04 0.1997502D-15
 0.8229864D+04 0.1838592D-15
 0.8233403D+04 0.2026497D-15
 0.8236942D+04 0.2154655D-15
 0.8240482D+04 0.2224847D-15
 0.8244021D+04 0.2327532D-15
 0.8247560D+04 0.2223491D-15
 0.8251099D+04 0.2349871D-15
 0.8254639D+04 0.2613323D-15
 0.8258178D+04 0.2877338D-15
 0.8261717D+04 0.3210561D-15
 0.8265256D+04 0.3383999D-15
 0.8268796D+04 0.3628498D-15
 0.8272335D+04 0.3999023D-15
 0.8275874D+04 0.4046539D-15
 0.8279413D+04 0.4372958D-15
 0.8282953D+04 0.5036591D-15
 0.8286492D+04 0.5204823D-15
 0.8290031D+04 0.5169920D-15
 0.8293571D+04 0.5266068D-15
 0.8297110D+04 0.5558098D-15
 0.8300649D+04 0.5754960D-15
 0.8304188D+04 0.5620689D-15
 0.8307728D+04 0.5690827D-15
 0.8311267D+04 0.5574945D-15
 0.8314806D+04 0.5355667D-15
 0.8318345D+04 0.5394140D-15
 0.8321885D+04 0.5432302D-15
 0.8325424D+04 0.5186432D-15
 0.8328963D+04 0.5333977D-15
 0.8332502D+04 0.5276688D-15
 0.8336042D+04 0.5163212D-15
 0.8339581D+04 0.5362845D-15
 0.8343120D+04 0.5334725D-15
 0.8346659D+04 0.5152318D-15
 0.8350199D+04 0.5404236D-15
 0.8353738D+04 0.5392212D-15
 0.8357277D+04 0.5389996D-15
 0.8360816D+04 0.5472228D-15
 0.8364356D+04 0.5609264D-15
 0.8367895D+04 0.5951776D-15
 0.8371434D+04 0.6390972D-15
 0.8374973D+04 0.6513598D-15
 0.8378513D+04 0.6917946D-15
 0.8382052D+04 0.7464351D-15
 0.8385591D+04 0.7414527D-15
 0.8389130D+04 0.7655755D-15
 0.8392670D+04 0.8000588D-15
 0.8396209D+04 0.8394387D-15
 0.8399748D+04 0.8558070D-15
 0.8403287D+04 0.8672184D-15
 0.8406827D+04 0.9178399D-15
 0.8410366D+04 0.9572784D-15
 0.8413905D+04 0.1001612D-14
 0.8417444D+04 0.1061166D-14
 0.8420984D+04 0.1125716D-14
 0.8424523D+04 0.1200582D-14
 0.8428062D+04 0.1257060D-14
 0.8431601D+04 0.1303800D-14
 0.8435141D+04 0.1356340D-14
 0.8438680D+04 0.1405179D-14
 0.8442219D+04 0.1448814D-14
 0.8445758D+04 0.1482749D-14
 0.8449298D+04 0.1521924D-14
 0.8452837D+04 0.1560284D-14
 0.8456376D+04 0.1580705D-14
 0.8459915D+04 0.1619137D-14
 0.8463455D+04 0.1682569D-14
 0.8466994D+04 0.1705525D-14
 0.8470533D+04 0.1706668D-14
 0.8474072D+04 0.1752379D-14
 0.8477612D+04 0.1784121D-14
 0.8481151D+04 0.1864760D-14
 0.8484690D+04 0.1898241D-14
 0.8488229D+04 0.1928160D-14
 0.8491769D+04 0.1971944D-14
 0.8495308D+04 0.1991072D-14
 0.8498847D+04 0.2082571D-14
 0.8502386D+04 0.2133641D-14
 0.8505926D+04 0.2154976D-14
 0.8509465D+04 0.2217877D-14
 0.8513004D+04 0.2290231D-14
 0.8516543D+04 0.2286648D-14
 0.8520083D+04 0.2307123D-14
 0.8523622D+04 0.2391700D-14
 0.8527161D+04 0.2372549D-14
 0.8530700D+04 0.2419777D-14
 0.8534240D+04 0.2489174D-14
 0.8537779D+04 0.2511441D-14
 0.8541318D+04 0.2574931D-14
 0.8544857D+04 0.2647949D-14
 0.8548397D+04 0.2658093D-14
 0.8551936D+04 0.2686163D-14
 0.8555475D+04 0.2703848D-14
 0.8559014D+04 0.2710128D-14
 0.8562554D+04 0.2762059D-14
 0.8566093D+04 0.2762499D-14
 0.8569632D+04 0.2785697D-14
 0.8573171D+04 0.2817408D-14
 0.8576711D+04 0.2831704D-14
 0.8580250D+04 0.2854766D-14
 0.8583789D+04 0.2912203D-14
 0.8587328D+04 0.2951397D-14
 0.8590868D+04 0.2985820D-14
 0.8594407D+04 0.3078686D-14
 0.8597946D+04 0.3114314D-14
 0.8601485D+04 0.3116765D-14
 0.8605025D+04 0.3150614D-14
 0.8608564D+04 0.3143226D-14
 0.8612103D+04 0.3101464D-14
 0.8615642D+04 0.3132027D-14
 0.8619182D+04 0.3074248D-14
 0.8622721D+04 0.3019575D-14
 0.8626260D+04 0.3054345D-14
 0.8629799D+04 0.3136726D-14
 0.8633339D+04 0.3161008D-14
 0.8636878D+04 0.3169733D-14
 0.8640417D+04 0.3205898D-14
 0.8643956D+04 0.3185593D-14
 0.8647496D+04 0.3186975D-14
 0.8651035D+04 0.3206905D-14
 0.8654574D+04 0.3179415D-14
 0.8658113D+04 0.3120023D-14
 0.8661653D+04 0.3062433D-14
 0.8665192D+04 0.3092122D-14
 0.8668731D+04 0.3059299D-14
 0.8672270D+04 0.2993678D-14
 0.8675810D+04 0.2996658D-14
 0.8679349D+04 0.2943313D-14
 0.8682888D+04 0.2910050D-14
 0.8686427D+04 0.2939783D-14
 0.8689967D+04 0.2999077D-14
 0.8693506D+04 0.3045014D-14
 0.8697045D+04 0.3043774D-14
 0.8700584D+04 0.2971284D-14
 0.8704124D+04 0.2960922D-14
 0.8707663D+04 0.2942763D-14
 0.8711202D+04 0.2896458D-14
 0.8714741D+04 0.2805066D-14
 0.8718281D+04 0.2731453D-14
 0.8721820D+04 0.2709837D-14
 0.8725359D+04 0.2749673D-14
 0.8728898D+04 0.2791733D-14
 0.8732438D+04 0.2713020D-14
 0.8735977D+04 0.2671491D-14
 0.8739516D+04 0.2719614D-14
 0.8743055D+04 0.2669965D-14
 0.8746595D+04 0.2528521D-14
 0.8750134D+04 0.2406939D-14
 0.8753673D+04 0.2386134D-14
 0.8757212D+04 0.2388453D-14
 0.8760752D+04 0.2315357D-14
 0.8764291D+04 0.2255146D-14
 0.8767830D+04 0.2231693D-14
 0.8771369D+04 0.2237604D-14
 0.8774909D+04 0.2263093D-14
 0.8778448D+04 0.2247106D-14
 0.8781987D+04 0.2182636D-14
 0.8785526D+04 0.2190477D-14
 0.8789066D+04 0.2217048D-14
 0.8792605D+04 0.2201815D-14
 0.8796144D+04 0.2137038D-14
 0.8799683D+04 0.2040932D-14
 0.8803223D+04 0.2000159D-14
 0.8806762D+04 0.1981119D-14
 0.8810301D+04 0.1938037D-14
 0.8813840D+04 0.1937222D-14
 0.8817380D+04 0.1932020D-14
 0.8820919D+04 0.1956847D-14
 0.8824458D+04 0.1963223D-14
 0.8827997D+04 0.1957147D-14
 0.8831537D+04 0.1942621D-14
 0.8835076D+04 0.1870075D-14
 0.8838615D+04 0.1894350D-14
 0.8842154D+04 0.1925610D-14
 0.8845694D+04 0.1844686D-14
 0.8849233D+04 0.1762681D-14
 0.8852772D+04 0.1740159D-14
 0.8856311D+04 0.1738187D-14
 0.8859851D+04 0.1720020D-14
 0.8863390D+04 0.1689490D-14
 0.8866929D+04 0.1661628D-14
 0.8870468D+04 0.1654713D-14
 0.8874008D+04 0.1657706D-14
 0.8877547D+04 0.1636455D-14
 0.8881086D+04 0.1621137D-14
 0.8884625D+04 0.1614098D-14
 0.8888165D+04 0.1532799D-14
 0.8891704D+04 0.1475999D-14
 0.8895243D+04 0.1493837D-14
 0.8898782D+04 0.1452333D-14
 0.8902322D+04 0.1379928D-14
 0.8905861D+04 0.1353103D-14
 0.8909400D+04 0.1358575D-14
 0.8912939D+04 0.1342403D-14
 0.8916479D+04 0.1296871D-14
 0.8920018D+04 0.1265716D-14
 0.8923557D+04 0.1231993D-14
 0.8927096D+04 0.1238438D-14
 0.8930636D+04 0.1212704D-14
 0.8934175D+04 0.1151664D-14
 0.8937714D+04 0.1136097D-14
 0.8941253D+04 0.1137535D-14
 0.8944793D+04 0.1118651D-14
 0.8948332D+04 0.1067509D-14
 0.8951871D+04 0.9999332D-15
 0.8955410D+04 0.9515558D-15
 0.8958950D+04 0.9202196D-15
 0.8962489D+04 0.9154184D-15
 0.8966028D+04 0.9869817D-15
 0.8969567D+04 0.9399379D-15
 0.8973107D+04 0.8831151D-15
 0.8976646D+04 0.8959677D-15
 0.8980185D+04 0.9060902D-15
 0.8983724D+04 0.9015988D-15
 0.8987264D+04 0.8842756D-15
 0.8990803D+04 0.8703716D-15
 0.8994342D+04 0.8653710D-15
 0.8997881D+04 0.8812139D-15
 0.9001421D+04 0.8790502D-15
 0.9004960D+04 0.8827578D-15
 0.9008499D+04 0.8848086D-15
 0.9012038D+04 0.8693428D-15
 0.9015578D+04 0.8834602D-15
 0.9019117D+04 0.8522867D-15
 0.9022656D+04 0.8282154D-15
 0.9026195D+04 0.8129064D-15
 0.9029735D+04 0.8002190D-15
 0.9033274D+04 0.8065027D-15
 0.9036813D+04 0.8009089D-15
 0.9040352D+04 0.7755848D-15
 0.9043892D+04 0.7703648D-15
 0.9047431D+04 0.7513013D-15
 0.9050970D+04 0.7458029D-15
 0.9054509D+04 0.7796619D-15
 0.9058049D+04 0.7672427D-15
 0.9061588D+04 0.7465740D-15
 0.9065127D+04 0.7478929D-15
 0.9068666D+04 0.7509612D-15
 0.9072206D+04 0.7438089D-15
 0.9075745D+04 0.7265804D-15
 0.9079284D+04 0.7227483D-15
 0.9082823D+04 0.7262301D-15
 0.9086363D+04 0.7054674D-15
 0.9089902D+04 0.6925783D-15
 0.9093441D+04 0.7149151D-15
 0.9096980D+04 0.6980194D-15
 0.9100520D+04 0.6821781D-15
 0.9104059D+04 0.6534642D-15
 0.9107598D+04 0.6955942D-15
 0.9111137D+04 0.7288089D-15
 0.9114677D+04 0.7095770D-15
 0.9118216D+04 0.7032128D-15
 0.9121755D+04 0.7162720D-15
 0.9125294D+04 0.6820713D-15
 0.9128834D+04 0.7384270D-15
 0.9132373D+04 0.7787043D-15
 0.9135912D+04 0.7747845D-15
 0.9139451D+04 0.7561517D-15
 0.9142991D+04 0.7155389D-15
 0.9146530D+04 0.7193606D-15
 0.9150069D+04 0.7711861D-15
 0.9153608D+04 0.7812115D-15
 0.9157148D+04 0.8046873D-15
 0.9160687D+04 0.7913973D-15
 0.9164226D+04 0.7914522D-15
 0.9167765D+04 0.8293934D-15
 0.9171305D+04 0.8402909D-15
 0.9174844D+04 0.8555854D-15
 0.9178383D+04 0.8563100D-15
 0.9181922D+04 0.8377400D-15
 0.9185462D+04 0.8188646D-15
 0.9189001D+04 0.8398122D-15
 0.9192540D+04 0.8344375D-15
 0.9196079D+04 0.8067307D-15
 0.9199619D+04 0.8168814D-15
 0.9203158D+04 0.8327736D-15
 0.9206697D+04 0.8259592D-15
 0.9210236D+04 0.8111234D-15
 0.9213776D+04 0.8267128D-15
 0.9217315D+04 0.8284281D-15
 0.9220854D+04 0.8045371D-15
 0.9224393D+04 0.8117242D-15
 0.9227933D+04 0.8273661D-15
 0.9231472D+04 0.8068276D-15
 0.9235011D+04 0.8154842D-15
 0.9238550D+04 0.8081062D-15
 0.9242090D+04 0.7771833D-15
 0.9245629D+04 0.7598270D-15
 0.9249168D+04 0.7059805D-15
 0.9252707D+04 0.7444478D-15
 0.9256247D+04 0.8148726D-15
 0.9259786D+04 0.7567933D-15
 0.9263325D+04 0.6666710D-15
 0.9266864D+04 0.6371662D-15
 0.9270404D+04 0.6622952D-15
 0.9273943D+04 0.6307332D-15
 0.9277482D+04 0.5779125D-15
 0.9281021D+04 0.5863282D-15
 0.9284561D+04 0.5532288D-15
 0.9288100D+04 0.5391968D-15
 0.9291639D+04 0.5449851D-15
 0.9295178D+04 0.5260236D-15
 0.9298718D+04 0.5290956D-15
 0.9302257D+04 0.5200493D-15
 0.9305796D+04 0.4874433D-15
 0.9309335D+04 0.4453480D-15
 0.9312875D+04 0.4407996D-15
 0.9316414D+04 0.5027754D-15
 0.9319953D+04 0.5479240D-15
 0.9323492D+04 0.5015770D-15
 0.9327032D+04 0.4872407D-15
 0.9330571D+04 0.5805100D-15
 0.9334110D+04 0.6077864D-15
 0.9337649D+04 0.5182233D-15
 0.9341189D+04 0.5111931D-15
 0.9344728D+04 0.6267413D-15
 0.9348267D+04 0.6748009D-15
 0.9351806D+04 0.6391115D-15
 0.9355346D+04 0.6609997D-15
 0.9358885D+04 0.7490254D-15
 0.9362424D+04 0.7970665D-15
 0.9365963D+04 0.7745860D-15
 0.9369503D+04 0.7619300D-15
 0.9373042D+04 0.7575038D-15
 0.9376581D+04 0.7004020D-15
 0.9380120D+04 0.6425904D-15
 0.9383660D+04 0.6643736D-15
 0.9387199D+04 0.6880296D-15
 0.9390738D+04 0.6399138D-15
 0.9394277D+04 0.5981713D-15
 0.9397817D+04 0.5577197D-15
 0.9401356D+04 0.6417662D-15
 0.9404895D+04 0.6724687D-15
 0.9408434D+04 0.5759852D-15
 0.9411974D+04 0.5650514D-15
 0.9415513D+04 0.6519407D-15
 0.9419052D+04 0.7102591D-15
 0.9422591D+04 0.6636507D-15
 0.9426131D+04 0.6333507D-15
 0.9429670D+04 0.5919262D-15
 0.9433209D+04 0.6256517D-15
 0.9436748D+04 0.6401191D-15
 0.9440288D+04 0.6226372D-15
 0.9443827D+04 0.6241075D-15
 0.9447366D+04 0.5557330D-15
 0.9450905D+04 0.6008129D-15
 0.9454445D+04 0.6750664D-15
 0.9457984D+04 0.7133367D-15
 0.9461523D+04 0.6465441D-15
 0.9465062D+04 0.5625273D-15
 0.9468602D+04 0.5778262D-15
 0.9472141D+04 0.6355143D-15
 0.9475680D+04 0.7192096D-15
 0.9479219D+04 0.7378733D-15
 0.9482759D+04 0.6627028D-15
 0.9486298D+04 0.5536659D-15
 0.9489837D+04 0.5826119D-15
 0.9493376D+04 0.6316433D-15
 0.9496916D+04 0.6422998D-15
 0.9500455D+04 0.6616992D-15
 0.9503994D+04 0.6794637D-15
 0.9507533D+04 0.6768041D-15
 0.9511073D+04 0.6398141D-15
 0.9514612D+04 0.6300432D-15
 0.9518151D+04 0.6549347D-15
 0.9521690D+04 0.6731440D-15
 0.9525230D+04 0.6666335D-15
 0.9528769D+04 0.6740216D-15
 0.9532308D+04 0.6895789D-15
 0.9535847D+04 0.7036375D-15
 0.9539387D+04 0.7005083D-15
 0.9542926D+04 0.6498361D-15
 0.9546465D+04 0.6948051D-15
 0.9550004D+04 0.6303131D-15
 0.9553544D+04 0.6146416D-15
 0.9557083D+04 0.6042782D-15
 0.9560622D+04 0.6042115D-15
 0.9564161D+04 0.6317943D-15
 0.9567701D+04 0.7158084D-15
 0.9571240D+04 0.7127442D-15
 0.9574779D+04 0.6945488D-15
 0.9578318D+04 0.7074672D-15
 0.9581858D+04 0.6944697D-15
 0.9585397D+04 0.7038239D-15
 0.9588936D+04 0.6779604D-15
 0.9592475D+04 0.5858774D-15
 0.9596015D+04 0.5939367D-15
 0.9599554D+04 0.6359852D-15
 0.9603093D+04 0.6425262D-15
 0.9606632D+04 0.5948406D-15
 0.9610172D+04 0.5822423D-15
 0.9613711D+04 0.5691599D-15
 0.9617250D+04 0.6258400D-15
 0.9620789D+04 0.6495537D-15
 0.9624329D+04 0.5951490D-15
 0.9627868D+04 0.5558168D-15
 0.9631407D+04 0.5468213D-15
 0.9634946D+04 0.5936372D-15
 0.9638486D+04 0.6252473D-15
 0.9642025D+04 0.6462276D-15
 0.9645564D+04 0.6282350D-15
 0.9649103D+04 0.6036299D-15
 0.9652643D+04 0.5845379D-15
 0.9656182D+04 0.6237754D-15
 0.9659721D+04 0.6314462D-15
 0.9663260D+04 0.5661112D-15
 0.9666800D+04 0.5537024D-15
 0.9670339D+04 0.5892743D-15
 0.9673878D+04 0.5674715D-15
 0.9677417D+04 0.5055787D-15
 0.9680957D+04 0.5455913D-15
 0.9684496D+04 0.5579237D-15
 0.9688035D+04 0.5295495D-15
 0.9691574D+04 0.4652505D-15
 0.9695114D+04 0.4631502D-15
 0.9698653D+04 0.4583616D-15
 0.9702192D+04 0.4994674D-15
 0.9705731D+04 0.5327847D-15
 0.9709271D+04 0.5398440D-15
 0.9712810D+04 0.4820786D-15
 0.9716349D+04 0.4538802D-15
 0.9719888D+04 0.4888764D-15
 0.9723428D+04 0.4785629D-15
 0.9726967D+04 0.4469322D-15
 0.9730506D+04 0.4691255D-15
 0.9734045D+04 0.4768029D-15
 0.9737585D+04 0.4832408D-15
 0.9741124D+04 0.5465099D-15
 0.9744663D+04 0.5289167D-15
 0.9748202D+04 0.5194416D-15
 0.9751742D+04 0.4625059D-15
 0.9755281D+04 0.4859650D-15
 0.9758820D+04 0.4837199D-15
 0.9762359D+04 0.5226676D-15
 0.9765899D+04 0.5549054D-15
 0.9769438D+04 0.5553930D-15
 0.9772977D+04 0.5160353D-15
 0.9776516D+04 0.5639807D-15
 0.9780056D+04 0.5566417D-15
 0.9783595D+04 0.5383042D-15
 0.9787134D+04 0.5587066D-15
 0.9790673D+04 0.5873033D-15
 0.9794213D+04 0.6003506D-15
 0.9797752D+04 0.6053552D-15
 0.9801291D+04 0.5742238D-15
 0.9804830D+04 0.6070938D-15
 0.9808370D+04 0.6628239D-15
 0.9811909D+04 0.6386338D-15
 0.9815448D+04 0.6064683D-15
 0.9818987D+04 0.6427154D-15
 0.9822527D+04 0.6238389D-15
 0.9826066D+04 0.6166638D-15
 0.9829605D+04 0.7267113D-15
 0.9833144D+04 0.7458695D-15
 0.9836684D+04 0.8039904D-15
 0.9840223D+04 0.7907994D-15
 0.9843762D+04 0.6791357D-15
 0.9847301D+04 0.7739557D-15
 0.9850841D+04 0.8499099D-15
 0.9854380D+04 0.8033933D-15
 0.9857919D+04 0.7607847D-15
 0.9861458D+04 0.7584015D-15
 0.9864998D+04 0.7252391D-15
 0.9868537D+04 0.7732723D-15
 0.9872076D+04 0.8110905D-15
 0.9875615D+04 0.7258354D-15
 0.9879155D+04 0.8177180D-15
 0.9882694D+04 0.9419149D-15
 0.9886233D+04 0.8108635D-15
 0.9889772D+04 0.8642277D-15
 0.9893312D+04 0.9390228D-15
 0.9896851D+04 0.8442483D-15
 0.9900390D+04 0.8727934D-15
 0.9903929D+04 0.8621157D-15
 0.9907469D+04 0.8386232D-15
 0.9911008D+04 0.8372500D-15
 0.9914547D+04 0.8521295D-15
 0.9918086D+04 0.8167241D-15
 0.9921626D+04 0.9278045D-15
 0.9925165D+04 0.9278856D-15
 0.9928704D+04 0.8841466D-15
 0.9932243D+04 0.9253942D-15
 0.9935783D+04 0.8817435D-15
 0.9939322D+04 0.8778914D-15
 0.9942861D+04 0.8776908D-15
 0.9946400D+04 0.9051991D-15
 0.9949940D+04 0.9501086D-15
 0.9953479D+04 0.8892465D-15
 0.9957018D+04 0.8862965D-15
 0.9960557D+04 0.8803711D-15
 0.9964097D+04 0.8624119D-15
 0.9967636D+04 0.8842650D-15
 0.9971175D+04 0.9015087D-15
 0.9974714D+04 0.9459156D-15
 0.9978254D+04 0.9484692D-15
 0.9981793D+04 0.9450388D-15
 0.9985332D+04 0.9542045D-15
 0.9988871D+04 0.9445220D-15
 0.9992411D+04 0.9659493D-15
 0.9995950D+04 0.9535829D-15
 0.9999489D+04 0.8569379D-15
 0.1000303D+05 0.8645370D-15
 0.1000657D+05 0.9102498D-15
 0.1001011D+05 0.9238012D-15
 0.1001365D+05 0.9579599D-15
 0.1001719D+05 0.8414878D-15
 0.1002072D+05 0.7884256D-15
 0.1002426D+05 0.8059391D-15
 0.1002780D+05 0.8900117D-15
 0.1003134D+05 0.8810850D-15
 0.1003488D+05 0.8313332D-15
 0.1003842D+05 0.8007835D-15
 0.1004196D+05 0.8916307D-15
 0.1004550D+05 0.7962110D-15
 0.1004904D+05 0.6393725D-15
 0.1005258D+05 0.7466896D-15
 0.1005612D+05 0.7904708D-15
 0.1005966D+05 0.8496640D-15
 0.1006320D+05 0.8019224D-15
 0.1006674D+05 0.9004802D-15
 0.1007027D+05 0.7853345D-15
 0.1007381D+05 0.8507099D-15
 0.1007735D+05 0.8391815D-15
 0.1008089D+05 0.9189123D-15
 0.1008443D+05 0.1025022D-14
 0.1008797D+05 0.7785591D-15
 0.1009151D+05 0.5877042D-15
 0.1009505D+05 0.6953811D-15
 0.1009859D+05 0.8298857D-15
 0.1010213D+05 0.8713773D-15
 0.1010567D+05 0.9082601D-15
 0.1010921D+05 0.8947948D-15
 0.1011275D+05 0.8832355D-15
 0.1011628D+05 0.9169100D-15
 0.1011982D+05 0.8706427D-15
 0.1012336D+05 0.8700722D-15
 0.1012690D+05 0.8748796D-15
 0.1013044D+05 0.9890894D-15
 0.1013398D+05 0.1121946D-14
 0.1013752D+05 0.9921133D-15
 0.1014106D+05 0.8370532D-15
 0.1014460D+05 0.8214791D-15
 0.1014814D+05 0.1049466D-14
 0.1015168D+05 0.9123378D-15
 0.1015522D+05 0.9229803D-15
 0.1015876D+05 0.7850174D-15
 0.1016229D+05 0.7790442D-15
 0.1016583D+05 0.9029533D-15
 0.1016937D+05 0.9689299D-15
 0.1017291D+05 0.1048228D-14
 0.1017645D+05 0.6375772D-15
 0.1017999D+05 0.8725519D-15
 0.1018353D+05 0.9879505D-15
 0.1018707D+05 0.7527616D-15
 0.1019061D+05 0.9715224D-15
 0.1019415D+05 0.6615984D-15
 0.1019769D+05 0.8146843D-15
 0.1020123D+05 0.1067005D-14
 0.1020477D+05 0.7681041D-15
 0.1020831D+05 0.8174321D-15
 0.1021184D+05 0.1074978D-14
 0.1021538D+05 0.9686533D-15
 0.1021892D+05 0.7415071D-15
 0.1022246D+05 0.8603847D-15
 0.1022600D+05 0.9661097D-15
 0.1022954D+05 0.1050455D-14
 0.1023308D+05 0.1059387D-14
 0.1023662D+05 0.9588013D-15
 0.1024016D+05 0.1117062D-14
 0.1024370D+05 0.9126462D-15
 0.1024724D+05 0.6216172D-15
 0.1025078D+05 0.5254504D-15
 0.1025432D+05 0.8958860D-15
 0.1025785D+05 0.8704729D-15
 0.1026139D+05 0.4001792D-15
 0.1026493D+05 0.6810420D-15
 0.1026847D+05 0.1087597D-14
 0.1027201D+05 0.9050511D-15
 0.1027555D+05 0.6880028D-15
 0.1027909D+05 0.6022174D-15
 0.1028263D+05 0.5022371D-15
 0.1028617D+05 0.5413804D-15
 0.1028971D+05 0.6165993D-15
 0.1029325D+05 0.5866266D-15
 0.1029679D+05 0.5442921D-15
 0.1030033D+05 0.3058593D-15
 0.1030386D+05 0.2554706D-15
 0.1030740D+05 0.2805102D-15
 0.1031094D+05 0.2862997D-15
 0.1031448D+05 0.6318927D-15
 0.1031802D+05 0.5564366D-15
 0.1032156D+05 0.4757723D-15
 0.1032510D+05 0.3211822D-15
 0.1032864D+05 0.3237321D-16
 0.1033218D+05 0.2111498D-15
 0.1033572D+05 0.3108082D-15
 0.1033926D+05 0.5955160D-15
 0.1034280D+05 0.5308128D-15
 0.1034634D+05 0.3533506D-15
 0.1034988D+05 0.2569001D-15
 0.1035341D+05 0.5442188D-15
 0.1035695D+05 0.5055994D-15
 0.1036049D+05 0.8420188D-16
 0.1036403D+05 0.2336105D-15
 0.1036757D+05 0.6042860D-15
 0.1037111D+05 0.7595560D-15
 0.1037465D+05 0.6355062D-15
 0.1037819D+05 0.5404538D-15
 0.1038173D+05 0.7787426D-15
 0.1038527D+05 0.4036987D-22
 0.1038881D+05 0.4036987D-22
 0.1039235D+05 0.4036987D-22
 0.1039589D+05 0.4036987D-22
 0.1039942D+05 0.4036987D-22
 0.1040296D+05 0.4036987D-22
 0.1040650D+05 0.4036987D-22
 0.1041004D+05 0.4036987D-22
 0.1041358D+05 0.4036987D-22
 0.1041712D+05 0.4036987D-22
 0.1042066D+05 0.4036987D-22
 0.1042420D+05 0.4036987D-22
 0.1042774D+05 0.4036987D-22
 0.1043128D+05 0.4036987D-22
 0.1043482D+05 0.4036987D-22
 0.1043836D+05 0.4036987D-22
 0.1044190D+05 0.4036987D-22
 0.1044543D+05 0.4036987D-22
 0.1044897D+05 0.4036987D-22
 0.1045251D+05 0.4036987D-22
 0.1045605D+05 0.4036987D-22
 0.1045959D+05 0.4036987D-22
 0.1046313D+05 0.4036987D-22
 0.1046667D+05 0.4036987D-22
 0.1047021D+05 0.4036987D-22
 0.1047375D+05 0.4036987D-22
 0.1047729D+05 0.4036987D-22
 0.1048083D+05 0.4036987D-22
 0.1048437D+05 0.4036987D-22
 0.1048791D+05 0.4036987D-22
 0.1049145D+05 0.4036987D-22
 0.1049498D+05 0.4036987D-22
 0.1049852D+05 0.4036987D-22
 0.1050206D+05 0.4036987D-22
 0.1050560D+05 0.4036987D-22
 0.1050914D+05 0.4036987D-22
 0.1051268D+05 0.4036987D-22
 0.1051622D+05 0.4036987D-22
 0.1051976D+05 0.4036987D-22
 0.1052330D+05 0.4036987D-22
 0.1052684D+05 0.4036987D-22
 0.1053038D+05 0.4036987D-22
 0.1053392D+05 0.4036987D-22
 0.1053746D+05 0.4036987D-22
 0.1054099D+05 0.4036987D-22
 0.1054453D+05 0.4036987D-22
 0.1054807D+05 0.4036987D-22
 0.1055161D+05 0.4036987D-22
 0.1055515D+05 0.4036987D-22
 0.1055869D+05 0.4036987D-22
 0.1056223D+05 0.4036987D-22
 0.1056577D+05 0.4036987D-22
 0.1056931D+05 0.4036987D-22
 0.1057285D+05 0.4036987D-22
 0.1057639D+05 0.4036987D-22
 0.1057993D+05 0.4036987D-22
 0.1058347D+05 0.4036987D-22
 0.1058700D+05 0.4036987D-22
 0.1059054D+05 0.4036987D-22
 0.1059408D+05 0.4036987D-22
 0.1059762D+05 0.4036987D-22
 0.1060116D+05 0.4036987D-22
 0.1060470D+05 0.4036987D-22
 0.1060824D+05 0.4036987D-22
 0.1061178D+05 0.4036987D-22
