3477.81156223295 5.14473717004624e-17
3480.93846300892 2.64289923183086e-16
3484.0653637849 2.09825717909525e-16
3487.19226456087 2.17734765631781e-17
3490.31916533684 1.05144343794824e-16
3493.44606611281 3.5737775882537e-16
3496.57296688879 6.12141181860026e-16
3499.69986766476 7.42613107796954e-16
3502.82676844073 6.74575503946108e-16
3505.95366921671 7.80391994854358e-16
3509.08056999268 4.76485043708987e-16
3512.20747076865 9.57064538805884e-16
3515.33437154462 1.2610333233564e-15
3518.4612723206 1.44582308992059e-15
3521.58817309657 1.55207860859331e-15
3524.71507387254 1.71780907505309e-15
3527.84197464851 1.86011526887302e-15
3530.96887542449 1.73071923359778e-15
3534.09577620046 1.42493610447424e-15
3537.22267697643 1.86505728260377e-15
3540.34957775241 2.39862790003473e-15
3543.47647852838 2.23056915176119e-15
3546.60337930435 2.62926861882497e-15
3549.73028008032 3.03415756739258e-15
3552.8571808563 2.55091383603921e-15
3555.98408163227 2.17319071639771e-15
3559.11098240824 2.38016342881753e-15
3562.23788318422 2.1920060710133e-15
3565.36478396019 2.15350482367057e-15
3568.49168473616 2.39098512175165e-15
3571.61858551213 2.39371616773184e-15
3574.74548628811 2.11776448021941e-15
3577.87238706408 1.95407176327249e-15
3580.99928784005 2.18153801433466e-15
3584.12618861603 2.35952970622242e-15
3587.253089392 2.06189736339207e-15
3590.37999016797 1.89858221138139e-15
3593.50689094394 1.95367281075433e-15
3596.63379171992 2.11372286251159e-15
3599.76069249589 2.09233168070339e-15
3602.88759327186 2.00378433870508e-15
3606.01449404783 2.12535495421799e-15
3609.14139482381 1.98154697098258e-15
3612.26829559978 1.87220518188742e-15
3615.39519637575 1.90719145425728e-15
3618.52209715173 1.90782164677004e-15
3621.6489979277 2.06691264547276e-15
3624.77589870367 1.96986088092578e-15
3627.90279947964 1.94734738046248e-15
3631.02970025562 1.98588928538668e-15
3634.15660103159 1.67640303409686e-15
3637.28350180756 1.79290362802486e-15
3640.41040258353 1.97891248675838e-15
3643.53730335951 1.91274206116064e-15
3646.66420413548 1.71114705504381e-15
3649.79110491145 1.9032679976456e-15
3652.91800568743 2.02941724975489e-15
3656.0449064634 1.82821897269474e-15
3659.17180723937 1.8665478488327e-15
3662.29870801534 2.10124839653914e-15
3665.42560879132 2.07105082493657e-15
3668.55250956729 2.30793756467987e-15
3671.67941034326 2.52109192354875e-15
3674.80631111924 2.59140582256623e-15
3677.93321189521 2.65323562782577e-15
3681.06011267118 2.747216050906e-15
3684.18701344715 2.60513665015769e-15
3687.31391422313 2.52012588247241e-15
3690.4408149991 2.80359456387525e-15
3693.56771577507 2.89139926973705e-15
3696.69461655105 2.88519390636546e-15
3699.82151732702 2.95689863348233e-15
3702.94841810299 3.06763040364394e-15
3706.07531887896 2.9813526864278e-15
3709.20221965494 2.71764189555262e-15
3712.32912043091 2.61173440154209e-15
3715.45602120688 2.43739956264587e-15
3718.58292198285 2.31780211038359e-15
3721.70982275883 2.36438299325195e-15
3724.8367235348 2.35914875315439e-15
3727.96362431077 2.31146799800402e-15
3731.09052508675 2.33360880397054e-15
3734.21742586272 2.33855526462427e-15
3737.34432663869 2.2367781150228e-15
3740.47122741466 2.32647742182937e-15
3743.59812819064 2.53289786876758e-15
3746.72502896661 2.57041465206737e-15
3749.85192974258 2.65731070333501e-15
3752.97883051856 2.56285361246371e-15
3756.10573129453 2.41047619690092e-15
3759.2326320705 2.51768833340845e-15
3762.35953284647 2.73872348681859e-15
3765.48643362245 2.63186519832478e-15
3768.61333439842 2.45278888074806e-15
3771.74023517439 2.34444320239887e-15
3774.86713595037 2.38528649584076e-15
3777.99403672634 2.40062689779025e-15
3781.12093750231 2.18386163746722e-15
3784.24783827828 2.06775247863996e-15
3787.37473905426 2.15403845442734e-15
3790.50163983023 1.9651240609265e-15
3793.6285406062 1.80823428909546e-15
3796.75544138217 1.98507401617495e-15
3799.88234215815 2.12884218886184e-15
3803.00924293412 2.08151697579108e-15
3806.13614371009 1.99385372443147e-15
3809.26304448607 1.92196180303326e-15
3812.38994526204 1.9855252729776e-15
3815.51684603801 2.07169245239412e-15
3818.64374681398 2.13832853435461e-15
3821.77064758996 2.05978443970514e-15
3824.89754836593 2.04237537154023e-15
3828.0244491419 2.06913483640988e-15
3831.15134991788 2.09804957661383e-15
3834.27825069385 2.21396963533561e-15
3837.40515146982 2.30546105210033e-15
3840.53205224579 2.38763087128053e-15
3843.65895302177 2.48266966202835e-15
3846.78585379774 2.75421275480856e-15
3849.91275457371 2.86712859942466e-15
3853.03965534968 2.80236001335462e-15
3856.16655612566 2.9164060116806e-15
3859.29345690163 3.04921124868942e-15
3862.4203576776 3.15823857680291e-15
3865.54725845358 3.18732187656336e-15
3868.67415922955 3.46759766727152e-15
3871.80106000552 3.64204134990147e-15
3874.92796078149 3.72764969933104e-15
3878.05486155747 3.85004468965986e-15
3881.18176233344 4.06409499762871e-15
3884.30866310941 4.1561827255883e-15
3887.43556388539 4.04832027953552e-15
3890.56246466136 4.14992526969046e-15
3893.68936543733 4.21849766896838e-15
3896.8162662133 4.28504777708473e-15
3899.94316698928 4.56509465713889e-15
3903.07006776525 4.64227164061149e-15
3906.19696854122 4.56060538251844e-15
3909.3238693172 4.63814235499363e-15
3912.45077009317 4.82170710015785e-15
3915.57767086914 4.96954780725514e-15
3918.70457164511 4.92293727823363e-15
3921.83147242109 4.93865270402051e-15
3924.95837319706 4.92896095303803e-15
3928.08527397303 5.09854457237486e-15
3931.212174749 5.1878036338071e-15
3934.33907552498 5.31090208499862e-15
3937.46597630095 5.38430807779005e-15
3940.59287707692 5.36819666410032e-15
3943.7197778529 5.51885333223076e-15
3946.84667862887 5.65719244724223e-15
3949.97357940484 5.56353982591258e-15
3953.10048018081 5.43958460089491e-15
3956.22738095679 5.46413585087108e-15
3959.35428173276 5.56258606681397e-15
3962.48118250873 5.41646949528082e-15
3965.60808328471 5.321783917272e-15
3968.73498406068 5.09773396184434e-15
3971.86188483665 4.91464228458117e-15
3974.98878561262 4.86486512288635e-15
3978.1156863886 4.70621373428325e-15
3981.24258716457 4.39548689736306e-15
3984.36948794054 4.25832177001649e-15
3987.49638871651 4.18182325993464e-15
3990.62328949249 3.97189842593539e-15
3993.75019026846 3.84488160032987e-15
3996.87709104443 3.81567166914381e-15
4000.00399182041 3.74204587130257e-15
4003.13089259638 3.56790394416009e-15
4006.25779337235 3.49888007632128e-15
4009.38469414832 3.46259022024559e-15
4012.5115949243 3.41240690625256e-15
4015.63849570027 3.37578204864623e-15
4018.76539647624 3.35906415936628e-15
4021.89229725222 3.36277818708175e-15
4025.01919802819 3.40475226950823e-15
4028.14609880416 3.41986863124316e-15
4031.27299958013 3.41060950233849e-15
4034.39990035611 3.43817470729922e-15
4037.52680113208 3.49101918705429e-15
4040.65370190805 3.58606433054922e-15
4043.78060268403 3.62192092927239e-15
4046.90750346 3.79268446550475e-15
4050.03440423597 3.86262185837717e-15
4053.16130501194 3.82085678133043e-15
4056.28820578792 3.75581142724487e-15
4059.41510656389 3.71031771116432e-15
4062.54200733986 3.72124528321685e-15
4065.66890811583 3.6999970382185e-15
4068.79580889181 3.58077206869477e-15
4071.92270966778 3.53719222355854e-15
4075.04961044375 3.53332636518727e-15
4078.17651121973 3.55450388293452e-15
4081.3034119957 3.62885770559393e-15
4084.43031277167 3.61164260797393e-15
4087.55721354764 3.55534541016762e-15
4090.68411432362 3.53392309989861e-15
4093.81101509959 3.581402684724e-15
4096.93791587556 3.56898137006899e-15
4100.06481665154 3.58408057938675e-15
4103.19171742751 3.61980546448662e-15
4106.31861820348 3.52772154817529e-15
4109.44551897945 3.43991768934643e-15
4112.57241975543 3.49657487615533e-15
4115.6993205314 3.50926194739754e-15
4118.82622130737 3.44758037290377e-15
4121.95312208335 3.49143211561607e-15
4125.08002285932 3.60980454647839e-15
4128.20692363529 3.68728434422963e-15
4131.33382441126 3.69608205193629e-15
4134.46072518724 3.65709016075886e-15
4137.58762596321 3.57509398333285e-15
4140.71452673918 3.55532635192631e-15
4143.84142751515 3.65467569334271e-15
4146.96832829113 3.82154668966597e-15
4150.0952290671 3.94751700606515e-15
4153.22212984307 3.88693382154573e-15
4156.34903061905 3.87526509566436e-15
4159.47593139502 3.95767123703684e-15
4162.60283217099 4.16141865975175e-15
4165.72973294696 4.23466244573378e-15
4168.85663372294 4.20967666785567e-15
4171.98353449891 4.23588471427667e-15
4175.11043527488 4.18414624779248e-15
4178.23733605086 4.0353145121469e-15
4181.36423682683 3.91974364275763e-15
4184.4911376028 3.89347249238206e-15
4187.61803837877 3.86002316129499e-15
4190.74493915475 3.76149925348569e-15
4193.87183993072 3.83330308345738e-15
4196.99874070669 3.93611509556216e-15
4200.12564148266 3.89336407216482e-15
4203.25254225864 3.86555259237467e-15
4206.37944303461 3.83078061934046e-15
4209.50634381058 3.8109088028814e-15
4212.63324458656 3.86381532779985e-15
4215.76014536253 3.85924643208236e-15
4218.8870461385 3.8301745672667e-15
4222.01394691447 3.76665302545326e-15
4225.14084769045 3.67193229557712e-15
4228.26774846642 3.73564823145196e-15
4231.39464924239 3.7915820521239e-15
4234.52155001836 3.71302525198022e-15
4237.64845079434 3.62380218944824e-15
4240.77535157031 3.61065962623864e-15
4243.90225234628 3.59327808664451e-15
4247.02915312226 3.56463778511547e-15
4250.15605389823 3.50363574280364e-15
4253.2829546742 3.51909134123395e-15
4256.40985545018 3.55276195967849e-15
4259.53675622615 3.51894480453408e-15
4262.66365700212 3.49726541976558e-15
4265.79055777809 3.50973522705682e-15
4268.91745855407 3.47085133258016e-15
4272.04435933004 3.445071461314e-15
4275.17126010601 3.44466975593877e-15
4278.29816088198 3.47574506543292e-15
4281.42506165796 3.57730855097345e-15
4284.55196243393 3.58372440203243e-15
4287.6788632099 3.50925750047457e-15
4290.80576398588 3.42720859524759e-15
4293.93266476185 3.48606764420287e-15
4297.05956553782 3.4126423814119e-15
4300.18646631379 3.2701494168271e-15
4303.31336708977 3.3338249068787e-15
4306.44026786574 3.40248539758314e-15
4309.56716864171 3.25472854674762e-15
4312.69406941768 3.11020376188059e-15
4315.82097019366 3.08564764146498e-15
4318.94787096963 3.12741060092935e-15
4322.0747717456 3.06443518360866e-15
4325.20167252158 2.97005538449379e-15
4328.32857329755 2.97218927224616e-15
4331.45547407352 2.89875532736748e-15
4334.58237484949 2.84000152225589e-15
4337.70927562547 2.73265491926799e-15
4340.83617640144 2.66520102699692e-15
4343.96307717741 2.66282721716224e-15
4347.08997795339 2.6157425614485e-15
4350.21687872936 2.42192787058956e-15
4353.34377950533 2.33922971460852e-15
4356.4706802813 2.33538291447856e-15
4359.59758105728 2.29010307421719e-15
4362.72448183325 2.23445089200022e-15
4365.85138260922 2.18953315832379e-15
4368.9782833852 2.18700942365745e-15
4372.10518416117 2.14334127533646e-15
4375.23208493714 2.09155113984249e-15
4378.35898571311 2.03599827223858e-15
4381.48588648909 2.03651686816054e-15
4384.61278726506 2.10292848639001e-15
4387.73968804103 2.03301438692364e-15
4390.866588817 1.92177376171897e-15
4393.99348959298 1.95414926678716e-15
4397.12039036895 2.00241193357229e-15
4400.24729114492 1.95918699524096e-15
4403.3741919209 1.91973961209614e-15
4406.50109269687 1.94203860146556e-15
4409.62799347284 1.94595507005543e-15
4412.75489424881 1.91153186283725e-15
4415.88179502479 1.88879728677471e-15
4419.00869580076 1.89052565750358e-15
4422.13559657673 1.86534760314644e-15
4425.26249735271 1.92938710560713e-15
4428.38939812868 2.05406675555294e-15
4431.51629890465 2.07613916360897e-15
4434.64319968062 2.119674115999e-15
4437.7701004566 2.17339696892036e-15
4440.89700123257 2.22465792058054e-15
4444.02390200854 2.30867511861869e-15
4447.15080278451 2.30710175491916e-15
4450.27770356049 2.28957537269105e-15
4453.40460433646 2.39363845245893e-15
4456.53150511243 2.47369068927098e-15
4459.65840588841 2.45624943385407e-15
4462.78530666438 2.47960467330871e-15
4465.91220744035 2.50224014651643e-15
4469.03910821632 2.54560442176758e-15
4472.1660089923 2.58615951224917e-15
4475.29290976827 2.7104999254996e-15
4478.41981054424 2.860141636401e-15
4481.54671132022 2.87644342074561e-15
4484.67361209619 2.87480250616855e-15
4487.80051287216 2.94565003594279e-15
4490.92741364813 3.02743149051667e-15
4494.05431442411 3.12078637976535e-15
4497.18121520008 3.20593224920572e-15
4500.30811597605 3.27435112376195e-15
4503.43501675203 3.2764147077797e-15
4506.561917528 3.32533022520893e-15
4509.68881830397 3.41869189072119e-15
4512.81571907994 3.46400349471808e-15
4515.94261985592 3.56916094105381e-15
4519.06952063189 3.72186954649897e-15
4522.19642140786 3.81691511351038e-15
4525.32332218383 3.92661604457518e-15
4528.45022295981 4.03505404951562e-15
4531.57712373578 4.07380877146782e-15
4534.70402451175 4.15154691426798e-15
4537.83092528773 4.25609915556289e-15
4540.9578260637 4.36216080956981e-15
4544.08472683967 4.39406472904462e-15
4547.21162761564 4.51535772950907e-15
4550.33852839162 4.7774288763566e-15
4553.46542916759 4.91400023360715e-15
4556.59232994356 4.93701242471815e-15
4559.71923071954 4.95400856432128e-15
4562.84613149551 4.93139363166254e-15
4565.97303227148 4.96915563100056e-15
4569.09993304745 5.09345051623008e-15
4572.22683382343 5.14638414620284e-15
4575.3537345994 5.15567355653538e-15
4578.48063537537 5.20464561341383e-15
4581.60753615134 5.31475439084273e-15
4584.73443692732 5.36586859404479e-15
4587.86133770329 5.38859279395373e-15
4590.98823847926 5.53034968690737e-15
4594.11513925524 5.60440493045287e-15
4597.24204003121 5.60130478986592e-15
4600.36894080718 5.6086295072773e-15
4603.49584158315 5.56965286269292e-15
4606.62274235913 5.39772550319103e-15
4609.7496431351 5.38604873049665e-15
4612.87654391107 5.49719808790126e-15
4616.00344468705 5.43702147919652e-15
4619.13034546302 5.39204699431263e-15
4622.25724623899 5.33076161947994e-15
4625.38414701496 5.17332953480442e-15
4628.51104779094 5.07983403808649e-15
4631.63794856691 5.00459887764547e-15
4634.76484934288 4.98226558344169e-15
4637.89175011886 5.00709084857629e-15
4641.01865089483 4.88413215782107e-15
4644.1455516708 4.62292159644794e-15
4647.27245244677 4.59712181990752e-15
4650.39935322275 4.57369839430063e-15
4653.52625399872 4.3623649445101e-15
4656.65315477469 4.16293188411202e-15
4659.78005555066 4.0461976149697e-15
4662.90695632664 3.99425247244638e-15
4666.03385710261 3.93718151004275e-15
4669.16075787858 3.83785969719714e-15
4672.28765865456 3.74661942570127e-15
4675.41455943053 3.67356368103353e-15
4678.5414602065 3.67082522351506e-15
4681.66836098247 3.66970586947526e-15
4684.79526175845 3.66524878210681e-15
4687.92216253442 3.5850368795842e-15
4691.04906331039 3.52354249937177e-15
4694.17596408637 3.47686018430798e-15
4697.30286486234 3.48842112524682e-15
4700.42976563831 3.48909049303339e-15
4703.55666641428 3.46222260794648e-15
4706.68356719026 3.36565068756412e-15
4709.81046796623 3.30965820986059e-15
4712.9373687422 3.25135904968344e-15
4716.06426951818 3.06289993639176e-15
4719.19117029415 2.93409036555337e-15
4722.31807107012 2.8863037312846e-15
4725.44497184609 2.8276401351819e-15
4728.57187262207 2.71854419739968e-15
4731.69877339804 2.59143398641172e-15
4734.82567417401 2.48294155960442e-15
4737.95257494998 2.44333832239731e-15
4741.07947572596 2.43096338279616e-15
4744.20637650193 2.40863813540538e-15
4747.3332772779 2.40809391673677e-15
4750.46017805388 2.36995392894604e-15
4753.58707882985 2.32094481437614e-15
4756.71397960582 2.28775425185446e-15
4759.84088038179 2.27485203424364e-15
4762.96778115777 2.36006990148453e-15
4766.09468193374 2.45673859538111e-15
4769.22158270971 2.46191290789765e-15
4772.34848348569 2.47257662918711e-15
4775.47538426166 2.57953867921696e-15
4778.60228503763 2.66457358734124e-15
4781.7291858136 2.69541278640135e-15
4784.85608658958 2.72138683997066e-15
4787.98298736555 2.74173426542961e-15
4791.10988814152 2.75056288983884e-15
4794.23678891749 2.76201202242864e-15
4797.36368969347 2.7830889550134e-15
4800.49059046944 2.73929692812388e-15
4803.61749124541 2.64961032681152e-15
4806.74439202139 2.56812363970329e-15
4809.87129279736 2.57224826663994e-15
4812.99819357333 2.5667575873176e-15
4816.1250943493 2.50851856647971e-15
4819.25199512528 2.4659661723085e-15
4822.37889590125 2.41093931216483e-15
4825.50579667722 2.43863284261707e-15
4828.63269745319 2.44190344858466e-15
4831.75959822917 2.32803553893584e-15
4834.88649900514 2.3229624468565e-15
4838.01339978111 2.36922590412787e-15
4841.14030055709 2.3342309496703e-15
4844.26720133306 2.35716097858542e-15
4847.39410210903 2.41580234007326e-15
4850.52100288501 2.37004752608671e-15
4853.64790366098 2.30883880773575e-15
4856.77480443695 2.37534105849058e-15
4859.90170521292 2.43802340241153e-15
4863.0286059889 2.45827405435624e-15
4866.15550676487 2.4521684291142e-15
4869.28240754084 2.45065499299569e-15
4872.40930831681 2.47847007267587e-15
4875.53620909279 2.56200552072527e-15
4878.66310986876 2.65586608864346e-15
4881.79001064473 2.717720034342e-15
4884.91691142071 2.72546890350172e-15
4888.04381219668 2.78641165350724e-15
4891.17071297265 2.91223056276711e-15
4894.29761374862 3.04885867122512e-15
4897.4245145246 3.08927251896276e-15
4900.55141530057 3.06300708605958e-15
4903.67831607654 3.13353295507211e-15
4906.80521685252 3.26084221880267e-15
4909.93211762849 3.40378707546483e-15
4913.05901840446 3.48083552168769e-15
4916.18591918043 3.47963866413321e-15
4919.31281995641 3.49923752422502e-15
4922.43972073238 3.56166258188824e-15
4925.56662150835 3.53590685106108e-15
4928.69352228432 3.4862357802429e-15
4931.8204230603 3.44839712442316e-15
4934.94732383627 3.42457453453987e-15
4938.07422461224 3.36217149973328e-15
4941.20112538822 3.26008920651256e-15
4944.32802616419 3.21134246039807e-15
4947.45492694016 3.13082943766271e-15
4950.58182771613 3.027478289087e-15
4953.70872849211 2.95056727395984e-15
4956.83562926808 2.86756948007371e-15
4959.96253004405 2.77843493248471e-15
4963.08943082003 2.65717496630521e-15
4966.216331596 2.66481859162123e-15
4969.34323237197 2.69212968669779e-15
4972.47013314794 2.52213144473327e-15
4975.59703392392 2.3894852381603e-15
4978.72393469989 2.41132937083704e-15
4981.85083547586 2.37775234953317e-15
4984.97773625183 2.35857848822265e-15
4988.10463702781 2.36125850046776e-15
4991.23153780378 2.28940067214568e-15
4994.35843857975 2.27459390095297e-15
4997.48533935573 2.28719055142806e-15
5000.6122401317 2.28604959804811e-15
5003.73914090767 2.28033149037943e-15
5006.86604168364 2.27669411914568e-15
5009.99294245962 2.24551483635725e-15
5013.11984323559 2.22502997980262e-15
5016.24674401156 2.26037327655975e-15
5019.37364478754 2.34622175982987e-15
5022.50054556351 2.32637598963394e-15
5025.62744633948 2.27017598885832e-15
5028.75434711545 2.3283510587087e-15
5031.88124789143 2.42680508629985e-15
5035.0081486674 2.42089067874565e-15
5038.13504944337 2.38038958661445e-15
5041.26195021934 2.39978918220541e-15
5044.38885099532 2.47256815885763e-15
5047.51575177129 2.52812483810981e-15
5050.64265254726 2.53783374150947e-15
5053.76955332324 2.56145029062834e-15
5056.89645409921 2.57626701445819e-15
5060.02335487518 2.56043025120161e-15
5063.15025565116 2.58176298773645e-15
5066.27715642713 2.6570811574063e-15
5069.4040572031 2.67122766641663e-15
5072.53095797907 2.67655592717134e-15
5075.65785875505 2.69265315305919e-15
5078.78475953102 2.6410987044828e-15
5081.91166030699 2.6468790690731e-15
5085.03856108296 2.70204124273009e-15
5088.16546185894 2.7117935565683e-15
5091.29236263491 2.73511554997976e-15
5094.41926341088 2.73864810088629e-15
5097.54616418686 2.73180873335368e-15
5100.67306496283 2.7657334616824e-15
5103.7999657388 2.77783629194924e-15
5106.92686651477 2.77388742434914e-15
5110.05376729075 2.79111374515569e-15
5113.18066806672 2.80546798899634e-15
5116.30756884269 2.8261491454365e-15
5119.43446961867 2.80676013775737e-15
5122.56137039464 2.80557492690593e-15
5125.68827117061 2.89531785590928e-15
5128.81517194658 2.95931754782145e-15
5131.94207272256 2.98249935728014e-15
5135.06897349853 3.06578090720361e-15
5138.1958742745 3.16758156196936e-15
5141.32277505047 3.20047079252006e-15
5144.44967582645 3.22014715612654e-15
5147.57657660242 3.25506354827826e-15
5150.70347737839 3.28134105140093e-15
5153.83037815437 3.24207874495509e-15
5156.95727893034 3.31479250007037e-15
5160.08417970631 3.38947920667805e-15
5163.21108048228 3.47078547576851e-15
5166.33798125826 3.50319189753928e-15
5169.46488203423 3.58756569644823e-15
5172.5917828102 3.65912685148053e-15
5175.71868358617 3.74424646289954e-15
5178.84558436215 3.78406378768407e-15
5181.97248513812 3.864254514383e-15
5185.09938591409 3.92740039708434e-15
5188.22628669007 4.01008224768114e-15
5191.35318746604 4.03560207983249e-15
5194.48008824201 4.03561224422786e-15
5197.60698901798 4.02874280702563e-15
5200.73388979396 4.04549669520585e-15
5203.86079056993 4.08524541032165e-15
5206.9876913459 4.12378032722403e-15
5210.11459212188 4.10683924476248e-15
5213.24149289785 4.17571445831904e-15
5216.36839367382 4.21049617223214e-15
5219.49529444979 4.22932317355076e-15
5222.62219522577 4.23461797650405e-15
5225.74909600174 4.23751144105187e-15
5228.87599677771 4.23343170686142e-15
5232.00289755369 4.2371256175444e-15
5235.12979832966 4.26715293552456e-15
5238.25669910563 4.21236218581494e-15
5241.3835998816 4.19549733631864e-15
5244.51050065758 4.19606611894272e-15
5247.63740143355 4.16033191648043e-15
5250.76430220952 4.10585329841187e-15
5253.89120298549 4.06820946017e-15
5257.01810376147 3.9816668333996e-15
5260.14500453744 3.943946338676e-15
5263.27190531341 3.89746498217895e-15
5266.39880608939 3.83965583056179e-15
5269.52570686536 3.84749300290626e-15
5272.65260764133 3.83630158009066e-15
5275.7795084173 3.80748678977449e-15
5278.90640919328 3.79188952508375e-15
5282.03330996925 3.75744323621776e-15
5285.16021074522 3.72651806331351e-15
5288.2871115212 3.7251018242257e-15
5291.41401229717 3.70596650291427e-15
5294.54091307314 3.6993401641679e-15
5297.66781384911 3.70682073564158e-15
5300.79471462509 3.68666643369461e-15
5303.92161540106 3.67552202120759e-15
5307.04851617703 3.64495006104234e-15
5310.175416953 3.62661518586607e-15
5313.30231772898 3.61175399280649e-15
5316.42921850495 3.6094623451677e-15
5319.55611928092 3.59050828890699e-15
5322.6830200569 3.55184885816135e-15
5325.80992083287 3.51101530559836e-15
5328.93682160884 3.52246782631994e-15
5332.06372238481 3.50702196876853e-15
5335.19062316079 3.43484989122301e-15
5338.31752393676 3.42916587663046e-15
5341.44442471273 3.42662816592049e-15
5344.57132548871 3.39295564165181e-15
5347.69822626468 3.37717817070155e-15
5350.82512704065 3.38828870187068e-15
5353.95202781662 3.37949035888931e-15
5357.0789285926 3.36812635311071e-15
5360.20582936857 3.34666211471081e-15
5363.33273014454 3.32346018821963e-15
5366.45963092052 3.30414741350575e-15
5369.58653169649 3.27170753393357e-15
5372.71343247246 3.27405508574689e-15
5375.84033324843 3.29212356906124e-15
5378.96723402441 3.32711958231e-15
5382.09413480038 3.29540730403951e-15
5385.22103557635 3.22626718092869e-15
5388.34793635232 3.18877136169435e-15
5391.4748371283 3.19244917875133e-15
5394.60173790427 3.20704673280607e-15
5397.72863868024 3.17594050660934e-15
5400.85553945622 3.16017171774678e-15
5403.98244023219 3.17317600282774e-15
5407.10934100816 3.16877058446907e-15
5410.23624178413 3.16363841184166e-15
5413.36314256011 3.1527129573715e-15
5416.49004333608 3.11077402681233e-15
5419.61694411205 3.11367447938197e-15
5422.74384488803 3.11156092042033e-15
5425.870745664 3.01860074852507e-15
5428.99764643997 2.97937401746301e-15
5432.12454721594 2.99537743445196e-15
5435.25144799192 2.9801844162353e-15
5438.37834876789 2.98723173035645e-15
5441.50524954386 2.96920835154654e-15
5444.63215031984 2.93999100882218e-15
5447.75905109581 2.89289047124069e-15
5450.88595187178 2.83574009949826e-15
5454.01285264775 2.81263664058719e-15
5457.13975342373 2.78389554213743e-15
5460.2666541997 2.71994963681741e-15
5463.39355497567 2.67978862841453e-15
5466.52045575164 2.64124354711678e-15
5469.64735652762 2.58213885860679e-15
5472.77425730359 2.57389299286527e-15
5475.90115807956 2.57060269338166e-15
5479.02805885554 2.56208620061349e-15
5482.15495963151 2.55800032543418e-15
5485.28186040748 2.5311279934243e-15
5488.40876118345 2.49935155240805e-15
5491.53566195943 2.48613699139794e-15
5494.6625627354 2.48158207172408e-15
5497.78946351137 2.50887580262522e-15
5500.91636428735 2.52094581036535e-15
5504.04326506332 2.51577594477179e-15
5507.17016583929 2.50591034027688e-15
5510.29706661526 2.49293972475557e-15
5513.42396739124 2.48560251360822e-15
5516.55086816721 2.46364890192305e-15
5519.67776894318 2.45813365864524e-15
5522.80466971915 2.46763355666517e-15
5525.93157049513 2.46909130036739e-15
5529.0584712711 2.46317223413198e-15
5532.18537204707 2.4414106871676e-15
5535.31227282305 2.41400324209329e-15
5538.43917359902 2.38282904150254e-15
5541.56607437499 2.36647410584048e-15
5544.69297515096 2.37893777214285e-15
5547.81987592694 2.39897243068602e-15
5550.94677670291 2.40040582219101e-15
5554.07367747888 2.35667838156372e-15
5557.20057825485 2.31683246941722e-15
5560.32747903083 2.32409514166522e-15
5563.4543798068 2.29491125674228e-15
5566.58128058277 2.24486982076792e-15
5569.70818135875 2.24146813645174e-15
5572.83508213472 2.24712758708882e-15
5575.96198291069 2.25690531191545e-15
5579.08888368667 2.23147018305883e-15
5582.21578446264 2.1743750802162e-15
5585.34268523861 2.14244490272003e-15
5588.46958601458 2.14024261705717e-15
5591.59648679056 2.11804654219085e-15
5594.72338756653 2.09381801176758e-15
5597.8502883425 2.07999231648603e-15
5600.97718911847 2.05401720412553e-15
5604.10408989445 2.03806990306933e-15
5607.23099067042 2.00924219550072e-15
5610.35789144639 1.9940460009105e-15
5613.48479222237 2.00257286983227e-15
5616.61169299834 1.97011541432643e-15
5619.73859377431 1.94848113406238e-15
5622.86549455028 1.95964291072482e-15
5625.99239532626 1.92290539773651e-15
5629.11929610223 1.9086790558709e-15
5632.2461968782 1.91381186377302e-15
5635.37309765418 1.89837849995757e-15
5638.49999843015 1.87622075333211e-15
5641.62689920612 1.85374791045027e-15
5644.75379998209 1.8174794419565e-15
5647.88070075807 1.79353974976825e-15
5651.00760153404 1.78303802352996e-15
5654.13450231001 1.75544783109728e-15
5657.26140308598 1.74343775093816e-15
5660.38830386196 1.76666794715396e-15
5663.51520463793 1.75345486845151e-15
5666.6421054139 1.70824840241919e-15
5669.76900618988 1.6821743989621e-15
5672.89590696585 1.68584861612905e-15
5676.02280774182 1.68772955866755e-15
5679.14970851779 1.65553288343034e-15
5682.27660929377 1.62919778206726e-15
5685.40351006974 1.62374945439228e-15
5688.53041084571 1.62021012722218e-15
5691.65731162169 1.58689060393428e-15
5694.78421239766 1.53786126645276e-15
5697.91111317363 1.53195014115123e-15
5701.0380139496 1.54696221195454e-15
5704.16491472558 1.54912267536563e-15
5707.29181550155 1.55534487351704e-15
5710.41871627752 1.57078723705755e-15
5713.54561705349 1.58575367396083e-15
5716.67251782947 1.58737489502187e-15
5719.79941860544 1.57353988237789e-15
5722.92631938141 1.56234210681519e-15
5726.05322015739 1.58644866449405e-15
5729.18012093336 1.61769867453357e-15
5732.30702170933 1.61885275692421e-15
5735.4339224853 1.62264852331909e-15
5738.56082326128 1.62160243762923e-15
5741.68772403725 1.6443751301744e-15
5744.81462481322 1.70010629821371e-15
5747.9415255892 1.72350717156838e-15
5751.06842636517 1.7165172439294e-15
5754.19532714114 1.74119967813328e-15
5757.32222791711 1.77963888031262e-15
5760.44912869309 1.79639298025108e-15
5763.57602946906 1.82255909854118e-15
5766.70293024503 1.87484686589167e-15
5769.829831021 1.91755680819107e-15
5772.95673179698 1.92731018082047e-15
5776.08363257295 1.96952799697751e-15
5779.21053334892 2.03828187306438e-15
5782.3374341249 2.08428613825389e-15
5785.46433490087 2.11317334988706e-15
5788.59123567684 2.15047096341174e-15
5791.71813645282 2.190348851052e-15
5794.84503722879 2.24555972910346e-15
5797.97193800476 2.28926980555533e-15
5801.09883878073 2.34696905464758e-15
5804.22573955671 2.43626898541952e-15
5807.35264033268 2.47816916422135e-15
5810.47954110865 2.51051375258697e-15
5813.60644188462 2.57949188064662e-15
5816.7333426606 2.63019781396811e-15
5819.86024343657 2.65492715262143e-15
5822.98714421254 2.69175635692629e-15
5826.11404498852 2.75449439326352e-15
5829.24094576449 2.80179779523588e-15
5832.36784654046 2.79910846562835e-15
5835.49474731643 2.8180570161749e-15
5838.62164809241 2.87176144612967e-15
5841.74854886838 2.90139912895409e-15
5844.87544964435 2.90630366147693e-15
5848.00235042033 2.91419059700706e-15
5851.1292511963 2.91894520469823e-15
5854.25615197227 2.91939180281967e-15
5857.38305274824 2.91037259599731e-15
5860.50995352422 2.91190720793949e-15
5863.63685430019 2.92874537589796e-15
5866.76375507616 2.95177429590968e-15
5869.89065585213 2.95160192470491e-15
5873.01755662811 2.95604800064505e-15
5876.14445740408 2.94990934111806e-15
5879.27135818005 2.92166820386542e-15
5882.39825895603 2.92676734220789e-15
5885.525159732 2.91924611315274e-15
5888.65206050797 2.89435096779999e-15
5891.77896128394 2.8726762417127e-15
5894.90586205992 2.84948913829809e-15
5898.03276283589 2.85995274805376e-15
5901.15966361186 2.8212287310459e-15
5904.28656438784 2.78656877811896e-15
5907.41346516381 2.77132620847488e-15
5910.54036593978 2.72873294496396e-15
5913.66726671575 2.68593851112807e-15
5916.79416749173 2.67537833961641e-15
5919.9210682677 2.67416072975474e-15
5923.04796904367 2.65437065197509e-15
5926.17486981964 2.61771212480911e-15
5929.30177059562 2.57042693404511e-15
5932.42867137159 2.54135845736123e-15
5935.55557214756 2.5515603339362e-15
5938.68247292354 2.53990452530727e-15
5941.80937369951 2.50292137276426e-15
5944.93627447548 2.4792876712282e-15
5948.06317525145 2.46941529046972e-15
5951.19007602743 2.45206043241342e-15
5954.3169768034 2.41595777061908e-15
5957.44387757937 2.38655005723983e-15
5960.57077835535 2.36554851058737e-15
5963.69767913132 2.34970348875956e-15
5966.82457990729 2.32902593220942e-15
5969.95148068326 2.30995244430315e-15
5973.07838145924 2.29959725476473e-15
5976.20528223521 2.25285564739463e-15
5979.33218301118 2.20712857373711e-15
5982.45908378715 2.20180687748775e-15
5985.58598456313 2.18866452603638e-15
5988.7128853391 2.15326659565415e-15
5991.83978611507 2.12162186826121e-15
5994.96668689105 2.10560447522863e-15
5998.09358766702 2.08235786774947e-15
6001.22048844299 2.05359411116837e-15
6004.34738921896 2.02322628594341e-15
6007.47428999494 2.00660622896886e-15
6010.60119077091 2.00922821945709e-15
6013.72809154688 2.00505255878536e-15
6016.85499232286 1.99285295500429e-15
6019.98189309883 1.98011230892817e-15
6023.1087938748 1.96934249676207e-15
6026.23569465077 1.98407557608837e-15
6029.36259542675 1.99442716573676e-15
6032.48949620272 1.9879854801729e-15
6035.61639697869 1.98577705352117e-15
6038.74329775467 1.99429926376173e-15
6041.87019853064 1.96622943892267e-15
6044.99709930661 1.96042429861866e-15
6048.12400008258 1.96638698705086e-15
6051.25090085856 1.97030959662959e-15
6054.37780163453 1.97495938399355e-15
6057.5047024105 1.95668126002474e-15
6060.63160318648 1.94252225727844e-15
6063.75850396245 1.92473583593552e-15
6066.88540473842 1.87995278049771e-15
6070.01230551439 1.81482611124923e-15
6073.13920629037 1.73538394991743e-15
6076.26610706634 1.66195349904965e-15
6079.39300784231 1.5859893608784e-15
6082.51990861828 1.5107008373617e-15
6085.64680939426 1.42321758050338e-15
6088.77371017023 1.3343005086236e-15
6091.9006109462 1.26039201353621e-15
6095.02751172218 1.2037957072204e-15
6098.15441249815 1.14971667694472e-15
6101.28131327412 1.08642986913678e-15
6104.40821405009 1.03385474585895e-15
6107.53511482607 9.82058045859635e-16
6110.66201560204 9.54425713537831e-16
6113.78891637801 9.3427691730502e-16
6116.91581715398 8.94211835383418e-16
6120.04271792996 8.63643263349957e-16
6123.16961870593 8.55122747175289e-16
6126.2965194819 8.56866046859857e-16
6129.42342025788 8.48981970065932e-16
6132.55032103385 8.503784097586e-16
6135.67722180982 8.304108785765e-16
6138.80412258579 8.05196137104838e-16
6141.93102336177 8.03138852894635e-16
6145.05792413774 8.15261164919265e-16
6148.18482491371 8.18451196877743e-16
6151.31172568969 8.26332785512385e-16
6154.43862646566 8.30512257832375e-16
6157.56552724163 8.50829348923894e-16
6160.6924280176 8.72611542316367e-16
6163.81932879358 8.89081674459254e-16
6166.94622956955 8.99458145700474e-16
6170.07313034552 9.07590403147944e-16
6173.2000311215 9.25957783213562e-16
6176.32693189747 9.46879285252506e-16
6179.45383267344 9.77977676394474e-16
6182.58073344941 1.04184586644158e-15
6185.70763422539 1.09532657381915e-15
6188.83453500136 1.1330001640933e-15
6191.96143577733 1.15002870270666e-15
6195.0883365533 1.18909523866257e-15
6198.21523732928 1.2409691245392e-15
6201.34213810525 1.28202237627289e-15
6204.46903888122 1.32361264689514e-15
6207.5959396572 1.37240830916233e-15
6210.72284043317 1.40740718114729e-15
6213.84974120914 1.42897465168763e-15
6216.97664198511 1.45453620021164e-15
6220.10354276109 1.48355480783074e-15
6223.23044353706 1.5170742308942e-15
6226.35734431303 1.52975399647724e-15
6229.48424508901 1.55439799656113e-15
6232.61114586498 1.55839641558864e-15
6235.73804664095 1.55704688034543e-15
6238.86494741692 1.57307475541073e-15
6241.9918481929 1.58743418732818e-15
6245.11874896887 1.60742416488338e-15
6248.24564974484 1.63352717921891e-15
6251.37255052081 1.64323841195919e-15
6254.49945129679 1.65471274377917e-15
6257.62635207276 1.66656252295302e-15
6260.75325284873 1.66253699887119e-15
6263.88015362471 1.66989962100696e-15
6267.00705440068 1.69584974589552e-15
6270.13395517665 1.71994328044281e-15
6273.26085595262 1.74100486055541e-15
6276.3877567286 1.75943185056469e-15
6279.51465750457 1.76491511834874e-15
6282.64155828054 1.77201791312794e-15
6285.76845905651 1.76942175714461e-15
6288.89535983249 1.7743438656011e-15
6292.02226060846 1.8059555587091e-15
6295.14916138443 1.8132366539237e-15
6298.27606216041 1.79685355441615e-15
6301.40296293638 1.80377698996877e-15
6304.52986371235 1.81052191332775e-15
6307.65676448833 1.80767164746024e-15
6310.7836652643 1.81362967721123e-15
6313.91056604027 1.81891050412089e-15
6317.03746681624 1.81855242094243e-15
6320.16436759222 1.80998785905451e-15
6323.29126836819 1.82901243080808e-15
6326.41816914416 1.84280699762882e-15
6329.54506992013 1.83281349115888e-15
6332.67197069611 1.82375595609565e-15
6335.79887147208 1.81670355977681e-15
6338.92577224805 1.81566425035053e-15
6342.05267302403 1.82438254871839e-15
6345.1795738 1.81945006410829e-15
6348.30647457597 1.78966436227633e-15
6351.43337535194 1.77692964543083e-15
6354.56027612792 1.79140692080706e-15
6357.68717690389 1.79543943291071e-15
6360.81407767986 1.79979297050136e-15
6363.94097845584 1.80212315813925e-15
6367.06787923181 1.79716314495837e-15
6370.19478000778 1.78088507753627e-15
6373.32168078375 1.78168637070437e-15
6376.44858155973 1.78518885194127e-15
6379.5754823357 1.7629971181188e-15
6382.70238311167 1.74571976357718e-15
6385.82928388765 1.73658070159278e-15
6388.95618466362 1.74279929985417e-15
6392.08308543959 1.76233780884848e-15
6395.20998621556 1.76397681760142e-15
6398.33688699154 1.74701477107441e-15
6401.46378776751 1.73815353589671e-15
6404.59068854348 1.73986200135133e-15
6407.71758931945 1.73597200254106e-15
6410.84449009543 1.72154671381196e-15
6413.9713908714 1.72524687136293e-15
6417.09829164737 1.73024944794941e-15
6420.22519242335 1.73728987992787e-15
6423.35209319932 1.74013241661974e-15
6426.47899397529 1.73989524739451e-15
6429.60589475126 1.73246867427122e-15
6432.73279552724 1.72407658946718e-15
6435.85969630321 1.72827437887465e-15
6438.98659707918 1.72075103223714e-15
6442.11349785515 1.72527196471399e-15
6445.24039863113 1.73581593672053e-15
6448.3672994071 1.7055126977578e-15
6451.49420018307 1.69633869566432e-15
6454.62110095905 1.71106732806765e-15
6457.74800173502 1.71904087271663e-15
6460.87490251099 1.71989574071865e-15
6464.00180328696 1.72350621865632e-15
6467.12870406294 1.7148973992969e-15
6470.25560483891 1.69787161354061e-15
6473.38250561488 1.6952991744798e-15
6476.50940639086 1.70127922708742e-15
6479.63630716683 1.69802693820732e-15
6482.7632079428 1.69957319685253e-15
6485.89010871877 1.69862039066599e-15
6489.01700949475 1.69128720292513e-15
6492.14391027072 1.69863531962168e-15
6495.27081104669 1.69625208654546e-15
6498.39771182266 1.68282809663914e-15
6501.52461259864 1.68044835757383e-15
6504.65151337461 1.68630379045908e-15
6507.77841415058 1.66761326732409e-15
6510.90531492656 1.66211708228759e-15
6514.03221570253 1.65175257538675e-15
6517.1591164785 1.63711446962966e-15
6520.28601725448 1.63893770804862e-15
6523.41291803045 1.63810083949673e-15
6526.53981880642 1.62248377541085e-15
6529.66671958239 1.61827624512448e-15
6532.79362035837 1.63053630588216e-15
6535.92052113434 1.6436054948627e-15
6539.04742191031 1.6215924849921e-15
6542.17432268628 1.59117500246061e-15
6545.30122346226 1.58053330402778e-15
6548.42812423823 1.57704363416421e-15
6551.5550250142 1.57800882820761e-15
6554.68192579018 1.57274600074808e-15
6557.80882656615 1.56591563294054e-15
6560.93572734212 1.53989795717444e-15
6564.06262811809 1.52527012169183e-15
6567.18952889407 1.53566999221822e-15
6570.31642967004 1.53247413690823e-15
6573.44333044601 1.51968118654761e-15
6576.57023122199 1.49203720752278e-15
6579.69713199796 1.47639409717377e-15
6582.82403277393 1.45151409253495e-15
6585.9509335499 1.43520383786086e-15
6589.07783432588 1.44056830927406e-15
6592.20473510185 1.43916890496607e-15
6595.33163587782 1.43180998859945e-15
6598.45853665379 1.4037235407388e-15
6601.58543742977 1.38729544260592e-15
6604.71233820574 1.38147674977476e-15
6607.83923898171 1.367919140421e-15
6610.96613975769 1.34963625189187e-15
6614.09304053366 1.32925801560947e-15
6617.21994130963 1.32563038525462e-15
6620.3468420856 1.31244218814499e-15
6623.47374286158 1.29781054101412e-15
6626.60064363755 1.28789242047648e-15
6629.72754441352 1.27986974791656e-15
6632.8544451895 1.27951971155111e-15
6635.98134596547 1.26862739724501e-15
6639.10824674144 1.24990479273714e-15
6642.23514751741 1.21959625981849e-15
6645.36204829339 1.21111502479675e-15
6648.48894906936 1.20076534097248e-15
6651.61584984533 1.18786015874635e-15
6654.7427506213 1.18124292560417e-15
6657.86965139728 1.16150282276841e-15
6660.99655217325 1.14172502696649e-15
6664.12345294922 1.13016281547823e-15
6667.2503537252 1.11840081009354e-15
6670.37725450117 1.1067322959704e-15
6673.50415527714 1.10694712470165e-15
6676.63105605311 1.10305638473756e-15
6679.75795682909 1.09107309199539e-15
6682.88485760506 1.08111410211805e-15
6686.01175838103 1.06996630149924e-15
6689.13865915701 1.05416998406589e-15
6692.26555993298 1.03725971242779e-15
6695.39246070895 1.02569686566482e-15
6698.51936148492 1.02462251025035e-15
6701.6462622609 1.02651393482157e-15
6704.77316303687 1.01582512018105e-15
6707.90006381284 1.01726380564196e-15
6711.02696458881 1.01337571265582e-15
6714.15386536479 1.00502619125738e-15
6717.28076614076 9.87798811659651e-16
6720.40766691673 9.65128186584626e-16
6723.53456769271 9.6855708183423e-16
6726.66146846868 9.69249743026847e-16
6729.78836924465 9.71109403862544e-16
6732.91527002063 9.62804245814716e-16
6736.0421707966 9.44294564213959e-16
6739.16907157257 9.42462008432575e-16
6742.29597234854 9.45163620017842e-16
6745.42287312452 9.64115558696184e-16
6748.54977390049 9.83601975164243e-16
6751.67667467646 9.56821757987377e-16
6754.80357545243 9.1309527027215e-16
6757.93047622841 9.02486394366026e-16
6761.05737700438 9.16254067890698e-16
6764.18427778035 9.21457073648326e-16
6767.31117855633 9.21152459424669e-16
6770.4380793323 9.11419627344244e-16
6773.56498010827 9.00483267324888e-16
6776.69188088424 8.98759449398108e-16
6779.81878166022 8.92409772788134e-16
6782.94568243619 8.85677872560712e-16
6786.07258321216 8.87519057490247e-16
6789.19948398814 8.9210304098211e-16
6792.32638476411 8.89797840816157e-16
6795.45328554008 8.97709869697341e-16
6798.58018631605 9.04765442389733e-16
6801.70708709203 8.91702817914532e-16
6804.833987868 8.88307592224582e-16
6807.96088864397 9.06707053663076e-16
6811.08778941994 9.11855637553843e-16
6814.21469019592 8.849211015619e-16
6817.34159097189 8.60032679533167e-16
6820.46849174786 8.41581125568416e-16
6823.59539252384 7.83699976150741e-16
6826.72229329981 7.09709001230118e-16
6829.84919407578 6.96945114687502e-16
6832.97609485175 7.35519048045022e-16
6836.10299562773 7.81508860734872e-16
6839.2298964037 8.10309727946972e-16
6842.35679717967 7.95536891011706e-16
6845.48369795564 7.76100025971061e-16
6848.61059873162 7.70570330193589e-16
6851.73749950759 7.68414578403268e-16
6854.86440028356 7.81817868941942e-16
6857.99130105954 7.90250876025247e-16
6861.11820183551 8.00223683127541e-16
6864.24510261148 8.15258888518219e-16
6867.37200338745 8.17052851360945e-16
6870.49890416343 8.21079593052633e-16
6873.6258049394 8.38067897601002e-16
6876.75270571537 8.53462086142638e-16
6879.87960649135 8.53779458800062e-16
6883.00650726732 8.34555199029179e-16
6886.13340804329 8.15752285209995e-16
6889.26030881926 8.23609574586963e-16
6892.38720959524 8.26836770116002e-16
6895.51411037121 8.17636721759399e-16
6898.64101114718 8.24578527339062e-16
6901.76791192316 8.37402870858289e-16
6904.89481269913 8.34446249416338e-16
6908.0217134751 8.21479127905941e-16
6911.14861425107 8.14253036893355e-16
6914.27551502705 8.20006137610665e-16
6917.40241580302 8.34981680118121e-16
6920.52931657899 8.37880756259218e-16
6923.65621735496 8.31046047407823e-16
6926.78311813094 8.38631227450485e-16
6929.91001890691 8.40830072041998e-16
6933.03691968288 8.4312071382917e-16
6936.16382045886 8.5142306608036e-16
6939.29072123483 8.35759732819734e-16
6942.4176220108 8.23105219406432e-16
6945.54452278677 8.19963785963303e-16
6948.67142356275 8.14648389521486e-16
6951.79832433872 8.17164924407778e-16
6954.92522511469 8.16581159888443e-16
6958.05212589067 8.10353508962433e-16
6961.17902666664 8.09777420679182e-16
6964.30592744261 8.1559844285095e-16
6967.43282821858 8.14044349150975e-16
6970.55972899456 8.17637092336313e-16
6973.68662977053 8.26513679986183e-16
6976.8135305465 8.04936945022979e-16
6979.94043132247 7.87487801611744e-16
6983.06733209845 8.0777450539628e-16
6986.19423287442 8.27515349385871e-16
6989.32113365039 8.26887486213718e-16
6992.44803442637 8.16269822340767e-16
6995.57493520234 7.99081829775083e-16
6998.70183597831 7.90780906891991e-16
7001.82873675428 7.94810613198994e-16
7004.95563753026 7.91299502813947e-16
7008.08253830623 7.83080900945417e-16
7011.2094390822 7.81282808817073e-16
7014.33633985818 7.78230737349879e-16
7017.46324063415 7.81012764125577e-16
7020.59014141012 8.0675176605203e-16
7023.71704218609 8.19053596121919e-16
7026.84394296207 7.93700788279854e-16
7029.97084373804 7.82330588572827e-16
7033.09774451401 7.94395884692195e-16
7036.22464528999 7.94154480302227e-16
7039.35154606596 7.84623400881926e-16
7042.47844684193 7.76803275075519e-16
7045.6053476179 7.77609809259983e-16
7048.73224839388 7.90519173711289e-16
7051.85914916985 7.98779174315117e-16
7054.98604994582 7.95511691781525e-16
7058.11295072179 7.98247978778071e-16
7061.23985149777 8.0262285101108e-16
7064.36675227374 7.95672945678858e-16
7067.49365304971 7.90066699298778e-16
7070.62055382569 7.959067267723e-16
7073.74745460166 7.99405184602697e-16
7076.87435537763 7.88785773724293e-16
7080.0012561536 7.72152958315974e-16
7083.12815692958 7.73598843556938e-16
7086.25505770555 7.90196983553978e-16
7089.38195848152 7.87434173838271e-16
7092.5088592575 7.79227430431002e-16
7095.63576003347 7.79871704866507e-16
7098.76266080944 7.73885140693109e-16
7101.88956158541 7.70666944889135e-16
7105.01646236139 7.68152051129178e-16
7108.14336313736 7.57473400884025e-16
7111.27026391333 7.5799803191573e-16
7114.39716468931 7.70634175301988e-16
7117.52406546528 7.58450082811768e-16
7120.65096624125 7.35381775768008e-16
7123.77786701722 7.35004422590006e-16
7126.9047677932 7.31449531189498e-16
7130.03166856917 7.14767852568035e-16
7133.15856934514 7.04808703872015e-16
7136.28547012111 7.05864848078123e-16
7139.41237089709 7.01887446055612e-16
7142.53927167306 6.90276477233328e-16
7145.66617244903 6.83484596485329e-16
7148.79307322501 6.87603188312234e-16
7151.91997400098 7.02056482068149e-16
7155.04687477695 7.01931227071074e-16
7158.17377555292 6.93737506795368e-16
7161.3006763289 7.08309596922135e-16
7164.42757710487 7.27946097040536e-16
7167.55447788084 7.34333943072695e-16
7170.68137865681 7.35087431818837e-16
7173.80827943279 7.43681904557712e-16
7176.93518020876 7.60407152436399e-16
7180.06208098473 7.51754552061519e-16
7183.18898176071 7.24645421403323e-16
7186.31588253668 7.13987841102732e-16
7189.44278331265 7.10856466175851e-16
7192.56968408862 7.09945164603724e-16
7195.6965848646 7.16036019708752e-16
7198.82348564057 7.14431845185771e-16
7201.95038641654 6.96602383981219e-16
7205.07728719252 6.80191650023759e-16
7208.20418796849 6.86461176141099e-16
7211.33108874446 7.08346178157545e-16
7214.45798952043 7.11548545033317e-16
7217.58489029641 7.01823177430739e-16
7220.71179107238 7.07282251836234e-16
7223.83869184835 7.12015207247695e-16
7226.96559262432 7.04100001992959e-16
7230.0924934003 6.96727850736531e-16
7233.21939417627 7.02388413104354e-16
7236.34629495224 7.23885262272721e-16
7239.47319572822 7.36393980139976e-16
7242.60009650419 7.32305034466225e-16
7245.72699728016 7.27684681497189e-16
7248.85389805614 7.11215714024606e-16
7251.98079883211 6.94605556747626e-16
7255.10769960808 6.9379986959611e-16
7258.23460038405 6.9860334050043e-16
7261.36150116003 7.07914985447833e-16
7264.488401936 7.10053002485821e-16
7267.61530271197 6.98580576489972e-16
7270.74220348794 6.94005804481411e-16
7273.86910426392 7.05457266411816e-16
7276.99600503989 7.12197901666506e-16
7280.12290581586 7.07958025309466e-16
7283.24980659184 7.03026546550992e-16
7286.37670736781 6.93030710740444e-16
7289.50360814378 6.88520736752347e-16
7292.63050891975 6.98162777488739e-16
7295.75740969573 6.99297431061146e-16
7298.8843104717 6.84357199239678e-16
7302.01121124767 6.74842584022289e-16
7305.13811202365 6.75493422963136e-16
7308.26501279962 6.82732590046844e-16
7311.39191357559 6.85878735110743e-16
7314.51881435156 6.81813453419955e-16
7317.64571512754 6.71128079850783e-16
7320.77261590351 6.63281960720807e-16
7323.89951667948 6.57778152387785e-16
7327.02641745545 6.47120572087195e-16
7330.15331823143 6.47377011311976e-16
7333.2802190074 6.53538276030745e-16
7336.40711978337 6.41351748320801e-16
7339.53402055935 6.3380436712341e-16
7342.66092133532 6.39683940447658e-16
7345.78782211129 6.35307427088313e-16
7348.91472288726 6.32924617528568e-16
7352.04162366324 6.26452862295072e-16
7355.16852443921 6.16969269659376e-16
7358.29542521518 6.19959719479657e-16
7361.42232599116 6.20912049210167e-16
7364.54922676713 6.20156284062979e-16
7367.6761275431 6.18090000127712e-16
7370.80302831907 6.07869224130108e-16
7373.92992909505 6.01927129186442e-16
7377.05682987102 5.98300928199687e-16
7380.18373064699 5.92392979271707e-16
7383.31063142296 5.95699001804399e-16
7386.43753219894 5.98447676657799e-16
7389.56443297491 5.77760643926566e-16
7392.69133375088 5.64458838522885e-16
7395.81823452686 5.774088076161e-16
7398.94513530283 5.78155361279987e-16
7402.0720360788 5.64084397020639e-16
7405.19893685477 5.58628763686493e-16
7408.32583763075 5.63147419762298e-16
7411.45273840672 5.6129384697591e-16
7414.57963918269 5.58701237943042e-16
7417.70653995867 5.61744203806053e-16
7420.83344073464 5.58957465409586e-16
7423.96034151061 5.46788090116825e-16
7427.08724228658 5.43333095664534e-16
7430.21414306256 5.49913376994397e-16
7433.34104383853 5.47796906357005e-16
7436.4679446145 5.40405749798823e-16
7439.59484539047 5.33709689652981e-16
7442.72174616645 5.30953762079971e-16
7445.84864694242 5.26127950681667e-16
7448.97554771839 5.22724995816073e-16
7452.10244849437 5.11544796187027e-16
7455.22934927034 4.98566027973605e-16
7458.35625004631 4.98758992666901e-16
7461.48315082229 4.92710012753203e-16
7464.61005159826 4.79422659849184e-16
7467.73695237423 4.65739689619238e-16
7470.8638531502 4.61494201668922e-16
7473.99075392618 4.64864863403402e-16
7477.11765470215 4.53962702339292e-16
7480.24455547812 4.4232229912209e-16
7483.37145625409 4.43437047420236e-16
7486.49835703007 4.46222462327723e-16
7489.62525780604 4.58037566090295e-16
7492.75215858201 4.81233351592617e-16
7495.87905935799 4.82286054727377e-16
7499.00596013396 4.74581337160033e-16
7502.13286090993 4.76161371244018e-16
7505.2597616859 4.7708564300815e-16
7508.38666246188 4.7723180913111e-16
7511.51356323785 4.69954737323012e-16
7514.64046401382 4.79993348297396e-16
7517.7673647898 4.82744511310078e-16
7520.89426556577 4.78986437881348e-16
7524.02116634174 4.92021586725322e-16
7527.14806711771 4.89589490435959e-16
7530.27496789369 4.73167903868862e-16
7533.40186866966 4.67718305644465e-16
7536.52876944563 4.74415159883694e-16
7539.6556702216 4.74962501986298e-16
7542.78257099758 4.43762810997794e-16
7545.90947177355 3.65374517471059e-16
7549.03637254952 2.72619142260573e-16
7552.1632733255 2.02618579259134e-16
7555.29017410147 1.67771537929973e-16
7558.41707487744 1.73634210299945e-16
7561.54397565341 2.00898996497089e-16
7564.67087642939 2.47893774074187e-16
7567.79777720536 3.1306070385745e-16
7570.92467798133 3.56616620312923e-16
7574.05157875731 3.40061017251703e-16
7577.17847953328 2.91505832932196e-16
7580.30538030925 2.69209728768756e-16
7583.43228108522 2.80385110897915e-16
7586.5591818612 2.9466823044077e-16
7589.68608263717 2.99838757778826e-16
7592.81298341314 3.11748226305679e-16
7595.93988418911 3.37106725150358e-16
7599.06678496509 3.54976288071006e-16
7602.19368574106 3.73199169609778e-16
7605.32058651703 4.03025264325411e-16
7608.44748729301 4.13802355680903e-16
7611.57438806898 4.15746243355292e-16
7614.70128884495 4.2854260831748e-16
7617.82818962092 4.40128430849142e-16
7620.9550903969 4.47671629821356e-16
7624.08199117287 4.51936334831663e-16
7627.20889194884 4.53073317744675e-16
7630.33579272481 4.59141885295278e-16
7633.46269350079 4.8013729095887e-16
7636.58959427676 4.84928585764573e-16
7639.71649505273 4.68612931255443e-16
7642.84339582871 4.70978006062854e-16
7645.97029660468 4.88382944942154e-16
7649.09719738065 4.95038294566968e-16
7652.22409815662 5.03346628988349e-16
7655.3509989326 5.06439093339215e-16
7658.47789970857 4.92739923604153e-16
7661.60480048454 4.81906478087889e-16
7664.73170126052 4.81447386230477e-16
7667.85860203649 4.84623071568411e-16
7670.98550281246 4.9181501656531e-16
7674.11240358843 5.01682209246994e-16
7677.23930436441 4.93343275760394e-16
7680.36620514038 4.75737484193476e-16
7683.49310591635 4.81179141483993e-16
7686.62000669232 4.97214375148023e-16
7689.7469074683 5.09434678296739e-16
7692.87380824427 5.00013713159581e-16
7696.00070902024 4.95717720869784e-16
7699.12760979622 5.07716471963234e-16
7702.25451057219 5.18547588138893e-16
7705.38141134816 5.24370410255674e-16
7708.50831212414 5.13196457494614e-16
7711.63521290011 5.18027033453246e-16
7714.76211367608 5.18360923253142e-16
7717.88901445205 5.19530093418148e-16
7721.01591522803 5.32230876006194e-16
7724.142816004 5.32226058506306e-16
7727.26971677997 5.37861209885712e-16
7730.39661755595 5.52624305942084e-16
7733.52351833192 5.57118239243742e-16
7736.65041910789 5.54631403450163e-16
7739.77731988386 5.66419560977101e-16
7742.90422065984 5.80397563370487e-16
7746.03112143581 5.71182903695545e-16
7749.15802221178 5.6892566677023e-16
7752.28492298775 5.67194225546924e-16
7755.41182376373 5.58802934836272e-16
7758.5387245397 5.58930730932189e-16
7761.66562531567 5.73308056420646e-16
7764.79252609165 5.6913964846853e-16
7767.91942686762 5.58300432540313e-16
7771.04632764359 5.71375868388841e-16
7774.17322841956 5.87387808646822e-16
7777.30012919554 5.91664795634864e-16
7780.42702997151 5.8471039044011e-16
7783.55393074748 5.76924569468067e-16
7786.68083152345 5.79555612620916e-16
7789.80773229943 5.8495830639586e-16
7792.9346330754 5.87181079668133e-16
7796.06153385137 5.98275146634355e-16
7799.18843462735 6.10167700972042e-16
7802.31533540332 6.04934043209635e-16
7805.44223617929 6.04118403420989e-16
7808.56913695526 6.02865218175526e-16
7811.69603773124 6.02276053821151e-16
7814.82293850721 6.06692748305931e-16
7817.94983928318 6.04526673301565e-16
7821.07674005916 6.0915041440239e-16
7824.20364083513 6.16995898257655e-16
7827.3305416111 6.23629595602755e-16
7830.45744238707 6.396398947344e-16
7833.58434316305 6.38272148282821e-16
7836.71124393902 6.20896749677557e-16
7839.83814471499 6.18219331470845e-16
7842.96504549096 6.15537413401602e-16
7846.09194626694 6.19338367873287e-16
7849.21884704291 6.21918271411946e-16
7852.34574781888 6.15266204039803e-16
7855.47264859486 6.08745479714043e-16
7858.59954937083 6.18597214044439e-16
7861.7264501468 6.32368116882222e-16
7864.85335092277 6.33866888742829e-16
7867.98025169875 6.37852072880542e-16
7871.10715247472 6.37403992451445e-16
7874.23405325069 6.26252539003046e-16
7877.36095402667 6.257944000577e-16
7880.48785480264 6.26411251801538e-16
7883.61475557861 6.28093512174344e-16
7886.74165635458 6.24511886296438e-16
7889.86855713056 6.32654414018394e-16
7892.99545790653 6.36550553817527e-16
7896.1223586825 6.19017607084073e-16
7899.24925945847 6.17568545469558e-16
7902.37616023445 6.36502008241738e-16
7905.50306101042 6.32446996825435e-16
7908.62996178639 6.08304493185879e-16
7911.75686256237 6.12444154957347e-16
7914.88376333834 6.1389739879704e-16
7918.01066411431 5.93179078786318e-16
7921.13756489028 5.86836125500363e-16
7924.26446566626 5.95470249969082e-16
7927.39136644223 5.9696097501669e-16
7930.5182672182 5.94901520284559e-16
7933.64516799418 6.0086860270017e-16
7936.77206877015 6.03982348753836e-16
7939.89896954612 5.91743622638518e-16
7943.02587032209 5.78157478862355e-16
7946.15277109807 5.8053758850458e-16
7949.27967187404 5.84636222117666e-16
7952.40657265001 5.77676417087874e-16
7955.53347342598 5.79926454233136e-16
7958.66037420196 5.67791595532975e-16
7961.78727497793 5.60658148748995e-16
7964.9141757539 5.76221161544932e-16
7968.04107652988 5.7129021218205e-16
7971.16797730585 5.55635825706929e-16
7974.29487808182 5.57829376342521e-16
7977.4217788578 5.59728318331147e-16
7980.54867963377 5.61738168696304e-16
7983.67558040974 5.66667106355936e-16
7986.80248118571 5.53201294197842e-16
7989.92938196169 5.39463690342798e-16
7993.05628273766 5.37416147011489e-16
7996.18318351363 5.33344036117564e-16
7999.3100842896 5.38012352327237e-16
8002.43698506558 5.4218033676288e-16
8005.56388584155 5.36527450631141e-16
8008.69078661752 5.3662920046393e-16
8011.8176873935 5.37079504354514e-16
8014.94458816947 5.27231052276789e-16
8018.07148894544 5.15469893925044e-16
8021.19838972141 5.11950842606117e-16
8024.32529049739 5.1132795575253e-16
8027.45219127336 5.03864007300443e-16
8030.57909204933 5.04814113569467e-16
8033.70599282531 5.17266980201763e-16
8036.83289360128 5.19166133948625e-16
8039.95979437725 5.16721385104612e-16
8043.08669515322 5.04749897884153e-16
8046.2135959292 4.99830489345178e-16
8049.34049670517 5.08817085399072e-16
8052.46739748114 5.01683744494211e-16
8055.59429825711 4.86852303466906e-16
8058.72119903309 4.89107899265885e-16
8061.84809980906 4.90831134857515e-16
8064.97500058503 4.88506717631572e-16
8068.10190136101 4.8557344253523e-16
8071.22880213698 4.79720550748821e-16
8074.35570291295 4.74967478304863e-16
8077.48260368892 4.7470982147022e-16
8080.6095044649 4.61371752468484e-16
8083.73640524087 4.49149967012111e-16
8086.86330601684 4.48504474966744e-16
8089.99020679282 4.56611215546678e-16
8093.11710756879 4.5385179396276e-16
8096.24400834476 4.43009719298346e-16
8099.37090912073 4.30373575912088e-16
8102.49780989671 4.20355929003148e-16
8105.62471067268 4.17780710615479e-16
8108.75161144865 4.11115408353535e-16
8111.87851222462 3.96551682677122e-16
8115.0054130006 3.83606584023353e-16
8118.13231377657 3.83106225779542e-16
8121.25921455254 3.81299928019522e-16
8124.38611532852 3.62397937815289e-16
8127.51301610449 3.46226993591241e-16
8130.63991688046 3.4159967907017e-16
8133.76681765643 3.34969899252452e-16
8136.89371843241 3.30185486589445e-16
8140.02061920838 3.29920974081885e-16
8143.14751998435 3.17952927932774e-16
8146.27442076033 3.05089409139737e-16
8149.4013215363 3.06478966689708e-16
8152.52822231227 3.05038031297531e-16
8155.65512308824 2.945970796732e-16
8158.78202386422 2.80839755832353e-16
8161.90892464019 2.7202722504912e-16
8165.03582541616 2.61609857998414e-16
8168.16272619213 2.44636032419488e-16
8171.28962696811 2.34444929044818e-16
8174.41652774408 2.12455490512953e-16
8177.54342852005 1.88507791216375e-16
8180.67032929603 1.94738922918403e-16
8183.797230072 1.93134404288287e-16
8186.92413084797 1.90530267666402e-16
8190.05103162395 2.04346658820431e-16
8193.17793239992 2.03460582948264e-16
8196.30483317589 1.96176642232359e-16
8199.43173395186 1.99621604638181e-16
8202.55863472784 2.0430220282559e-16
8205.68553550381 1.91283332896071e-16
8208.81243627978 1.93406487152812e-16
8211.93933705575 2.10042465699793e-16
8215.06623783173 2.09385856346993e-16
8218.1931386077 2.06421849836534e-16
8221.32003938367 2.11016077133103e-16
8224.44694015965 2.09369921539673e-16
8227.57384093562 2.07152680451337e-16
8230.70074171159 2.05856296525564e-16
8233.82764248756 1.98192064486122e-16
8236.95454326354 1.90813957529283e-16
8240.08144403951 2.00137130065703e-16
8243.20834481548 2.12084503316946e-16
8246.33524559146 2.19353382728257e-16
8249.46214636743 2.22181771322927e-16
8252.5890471434 2.23651188197956e-16
8255.71594791937 2.34540273190943e-16
8258.84284869535 2.52726441145407e-16
8261.96974947132 2.48634451447001e-16
8265.09665024729 2.29992606236694e-16
8268.22355102326 2.31919209145004e-16
8271.35045179924 2.37617093902065e-16
8274.47735257521 2.35178141939785e-16
8277.60425335118 2.41998345351958e-16
8280.73115412716 2.4668336399256e-16
8283.85805490313 2.47802215106545e-16
8286.9849556791 2.53065783719901e-16
8290.11185645507 2.49587866438475e-16
8293.23875723105 2.56648336040093e-16
8296.36565800702 2.69019966918791e-16
8299.49255878299 2.52970068996861e-16
8302.61945955897 2.43782196738876e-16
8305.74636033494 2.60404927161166e-16
8308.87326111091 2.72688943069382e-16
8312.00016188688 2.68368704461471e-16
8315.12706266286 2.55433426095934e-16
8318.25396343883 2.51359197619641e-16
8321.3808642148 2.6429233193303e-16
8324.50776499077 2.76736437068278e-16
8327.63466576675 2.70679595630038e-16
8330.76156654272 2.68087277764746e-16
8333.88846731869 2.78564334168453e-16
8337.01536809467 2.81525270184478e-16
8340.14226887064 2.7242660108375e-16
8343.26916964661 2.67523630277907e-16
8346.39607042258 2.77853197069673e-16
8349.52297119856 2.82642506641906e-16
8352.64987197453 2.80473440552445e-16
8355.7767727505 2.82528501301162e-16
8358.90367352647 2.89672562466762e-16
8362.03057430245 2.93750152605065e-16
8365.15747507842 3.05985967044626e-16
8368.28437585439 3.09893197681413e-16
8371.41127663037 3.0230404717181e-16
8374.53817740634 3.18037525348381e-16
8377.66507818231 3.25137884907859e-16
8380.79197895828 3.17894244431397e-16
8383.91887973426 3.25409861893266e-16
8387.04578051023 3.37612059712734e-16
8390.1726812862 3.52675825995602e-16
8393.29958206218 3.59129078853157e-16
8396.42648283815 3.50872122273984e-16
8399.55338361412 3.50288754801342e-16
8402.6802843901 3.64867806480144e-16
8405.80718516607 3.85135531432706e-16
8408.93408594204 4.02589757041624e-16
8412.06098671801 4.14652617941269e-16
8415.18788749398 4.28341649750743e-16
8418.31478826996 4.51022068644221e-16
8421.44168904593 4.66145736038328e-16
8424.5685898219 4.73153027852726e-16
8427.69549059788 4.88099135965265e-16
8430.82239137385 5.05130798012621e-16
8433.94929214982 5.1587752853091e-16
8437.0761929258 5.18241544547138e-16
8440.20309370177 5.40726140011122e-16
8443.32999447774 5.69962699795466e-16
8446.45689525371 5.77678534670242e-16
8449.58379602969 5.82666076421912e-16
8452.71069680566 5.95483908375356e-16
8455.83759758163 6.20310867575853e-16
8458.96449835761 6.13842553413705e-16
8462.09139913358 6.0493774897878e-16
8465.21829990955 6.2901423698801e-16
8468.34520068552 6.59290476775549e-16
8471.4721014615 6.58089278177224e-16
8474.59900223747 6.55839664548435e-16
8477.72590301344 6.70238695256166e-16
8480.85280378941 6.605018927088e-16
8483.97970456539 6.55722509303918e-16
8487.10660534136 6.79169334195982e-16
8490.23350611733 7.03114479158829e-16
8493.36040689331 7.09109831299054e-16
8496.48730766928 7.04262844077069e-16
8499.61420844525 7.17543473657069e-16
8502.74110922122 7.47546227681763e-16
8505.8680099972 7.58870052334929e-16
8508.99491077317 7.5761856115536e-16
8512.12181154914 7.65015752823291e-16
8515.24871232511 7.69403754066983e-16
8518.37561310109 7.76110825641139e-16
8521.50251387706 7.82376275412419e-16
8524.62941465303 7.77633473242947e-16
8527.75631542901 7.73134404804046e-16
8530.88321620498 7.75542043017057e-16
8534.01011698095 7.89580978843087e-16
8537.13701775692 7.95891850756164e-16
8540.2639185329 7.80290986175398e-16
8543.39081930887 7.73880799649255e-16
8546.51772008484 7.83599655686051e-16
8549.64462086082 7.94435589361597e-16
8552.77152163679 8.04589079179453e-16
8555.89842241276 7.973847463257e-16
8559.02532318873 8.12509366631873e-16
8562.15222396471 8.29045990861118e-16
8565.27912474068 8.17609934342442e-16
8568.40602551665 8.14373739088339e-16
8571.53292629262 8.21601947683292e-16
8574.6598270686 8.34943510695936e-16
8577.78672784457 8.54457773372136e-16
8580.91362862054 8.61130116595454e-16
8584.04052939652 8.27457698205898e-16
8587.16743017249 8.04307758361846e-16
8590.29433094846 8.23988145374826e-16
8593.42123172443 8.52609123964753e-16
8596.54813250041 8.61535315981596e-16
8599.67503327638 8.45374350864458e-16
8602.80193405235 8.31345473554677e-16
8605.92883482833 8.33446221142986e-16
8609.0557356043 8.48828339465124e-16
8612.18263638027 8.615842321343e-16
8615.30953715624 8.58506167343537e-16
8618.43643793222 8.56522416181068e-16
8621.56333870819 8.70613497472913e-16
8624.69023948416 8.72881428189186e-16
8627.81714026013 8.60383086475535e-16
8630.94404103611 8.62705121421314e-16
8634.07094181208 8.80531035675399e-16
8637.19784258805 8.97876946946187e-16
8640.32474336403 8.98922503240454e-16
8643.45164414 8.96765639719389e-16
8646.57854491597 9.02697729086366e-16
8649.70544569194 8.84807810905204e-16
8652.83234646792 8.72325721636228e-16
8655.95924724389 8.85747911597538e-16
8659.08614801986 8.76656812853776e-16
8662.21304879584 8.81476324444535e-16
8665.33994957181 9.06378193121305e-16
8668.46685034778 9.03683781316089e-16
8671.59375112375 8.79230363645331e-16
8674.72065189973 8.72609160036203e-16
8677.8475526757 8.76513293708776e-16
8680.97445345167 8.82237118849847e-16
8684.10135422765 8.83711856150576e-16
8687.22825500362 8.67738720589491e-16
8690.35515577959 8.67512986309048e-16
8693.48205655556 8.93076705354978e-16
8696.60895733154 8.87739815452125e-16
8699.73585810751 8.64697289973697e-16
8702.86275888348 8.63388888767985e-16
8705.98965965946 8.75185040168363e-16
8709.11656043543 8.86892358988397e-16
8712.2434612114 8.8518955806662e-16
8715.37036198737 8.83196171904375e-16
8718.49726276335 8.84777741235577e-16
8721.62416353932 8.95716377655978e-16
8724.75106431529 9.09152649540036e-16
8727.87796509126 8.89945648065453e-16
8731.00486586724 8.62843558368631e-16
8734.13176664321 8.53062604228889e-16
8737.25866741918 8.46006555080465e-16
8740.38556819516 8.41296946014613e-16
8743.51246897113 8.51183991030998e-16
8746.6393697471 8.71149775207643e-16
8749.76627052307 8.65987850547957e-16
8752.89317129905 8.42616411588198e-16
8756.02007207502 8.33048856811605e-16
8759.14697285099 8.31654799399102e-16
8762.27387362697 8.37739513515263e-16
8765.40077440294 8.41580807931061e-16
8768.52767517891 8.35746444990374e-16
8771.65457595488 8.5777433087711e-16
8774.78147673086 8.74143242582799e-16
8777.90837750683 8.36908468314888e-16
8781.0352782828 7.95041164979325e-16
8784.16217905877 7.85013036037663e-16
8787.28907983475 7.99844688823204e-16
8790.41598061072 8.01849192292881e-16
8793.54288138669 7.86881008384155e-16
8796.66978216267 7.8563062893533e-16
8799.79668293864 7.90849463621159e-16
8802.92358371461 7.96493773544307e-16
8806.05048449058 8.00543914521162e-16
8809.17738526656 7.9951598710011e-16
8812.30428604253 7.93633819737462e-16
8815.4311868185 7.80144714173319e-16
8818.55808759448 7.77412132945917e-16
8821.68498837045 7.75944754243918e-16
8824.81188914642 7.67045190825353e-16
8827.93878992239 7.72943822390914e-16
8831.06569069837 7.82196704427602e-16
8834.19259147434 7.73437113203571e-16
8837.31949225031 7.47432672327272e-16
8840.44639302628 7.20500200978138e-16
8843.57329380226 7.1919751724482e-16
8846.70019457823 7.39954959589793e-16
8849.8270953542 7.3220699040258e-16
8852.95399613018 7.02637017274373e-16
8856.08089690615 6.86960290305268e-16
8859.20779768212 6.75816407213835e-16
8862.33469845809 6.74212285630413e-16
8865.46159923407 6.68149859068678e-16
8868.58850001004 6.58035862161988e-16
8871.71540078601 6.68801756800708e-16
8874.84230156199 6.64343610641072e-16
8877.96920233796 6.40786883224101e-16
8881.09610311393 6.51161978036782e-16
8884.2230038899 6.53415879769867e-16
8887.34990466588 6.35276457446179e-16
8890.47680544185 6.42160135389837e-16
8893.60370621782 6.34587766720502e-16
8896.73060699379 6.11090596307635e-16
8899.85750776977 5.91372092812028e-16
8902.98440854574 5.76621225793832e-16
8906.11130932171 5.76873112216521e-16
8909.23821009769 5.71687047117838e-16
8912.36511087366 5.59825727120081e-16
8915.49201164963 5.58244263667998e-16
8918.61891242561 5.55161751954262e-16
8921.74581320158 5.55179380827477e-16
8924.87271397755 5.61918957290983e-16
8927.99961475352 5.46286964249405e-16
8931.1265155295 5.18205016251288e-16
8934.25341630547 5.18544888221373e-16
8937.38031708144 5.38916507058872e-16
8940.50721785741 5.41958308251581e-16
8943.63411863339 5.12921701182348e-16
8946.76101940936 4.88873800535088e-16
8949.88792018533 5.11103650840185e-16
8953.01482096131 5.41408954445727e-16
8956.14172173728 5.50084318831065e-16
8959.26862251325 5.46404754768633e-16
8962.39552328922 5.35004750089774e-16
8965.5224240652 5.22024552508253e-16
8968.64932484117 5.16260016846155e-16
8971.77622561714 5.21491398207516e-16
8974.90312639312 5.21728514493188e-16
8978.03002716909 5.30830465846586e-16
8981.15692794506 5.48731660153859e-16
8984.28382872103 5.49821950375653e-16
8987.41072949701 5.48187600303926e-16
8990.53763027298 5.5754170277781e-16
8993.66453104895 5.51927356645172e-16
8996.79143182492 5.35405820190299e-16
8999.9183326009 5.26934484866131e-16
9003.04523337687 5.23262914677139e-16
9006.17213415284 5.13106566123086e-16
9009.29903492882 4.88745263285342e-16
9012.42593570479 4.78502199733314e-16
9015.55283648076 4.82098066352646e-16
9018.67973725673 4.82668437163503e-16
9021.80663803271 4.83051931330372e-16
9024.93353880868 4.80060634477144e-16
9028.06043958465 4.81450139087555e-16
9031.18734036063 4.8177746438211e-16
9034.3142411366 4.68411496232674e-16
9037.44114191257 4.62491582964314e-16
9040.56804268854 4.71824403735398e-16
9043.69494346452 4.70450039838919e-16
9046.82184424049 4.66154735763392e-16
9049.94874501646 4.82978504161757e-16
9053.07564579243 4.91568635856778e-16
9056.20254656841 4.8763692067386e-16
9059.32944734438 4.78627137093034e-16
9062.45634812035 4.58027560513606e-16
9065.58324889633 4.59318121087866e-16
9068.7101496723 4.65858009534057e-16
9071.83705044827 4.46015151013882e-16
9074.96395122424 4.32198799564523e-16
9078.09085200022 4.40930888687547e-16
9081.21775277619 4.52136975761044e-16
9084.34465355216 4.51579522202632e-16
9087.47155432814 4.3679646793244e-16
9090.59845510411 4.27529186335649e-16
9093.72535588008 4.22988348584537e-16
9096.85225665605 4.09455329656035e-16
9099.97915743203 4.04874760765741e-16
9103.106058208 4.24996531353579e-16
9106.23295898397 4.48454658841534e-16
9109.35985975994 4.45800163463957e-16
9112.48676053592 4.23764045475765e-16
9115.61366131189 4.05029264869276e-16
9118.74056208786 4.02221668286483e-16
9121.86746286384 4.16421302144475e-16
9124.99436363981 4.27799231027146e-16
9128.12126441578 4.42494935024652e-16
9131.24816519176 4.61739205948915e-16
9134.37506596773 4.53118422249116e-16
9137.5019667437 4.28343449695756e-16
9140.62886751967 4.31693465002147e-16
9143.75576829564 4.57430878741824e-16
9146.88266907162 4.59605159377867e-16
9150.00956984759 4.38678125154986e-16
9153.13647062356 4.37641727404461e-16
9156.26337139954 4.46140776587872e-16
9159.39027217551 4.2763810947871e-16
9162.51717295148 4.2466483854539e-16
9165.64407372746 4.42138704730773e-16
9168.77097450343 4.53788266491716e-16
9171.8978752794 4.60906201984849e-16
9175.02477605537 4.47687670507795e-16
9178.15167683135 4.30605662939636e-16
9181.27857760732 4.37090706002492e-16
9184.40547838329 4.43753387756256e-16
9187.53237915927 4.36043005656078e-16
9190.65927993524 4.3798069940204e-16
9193.78618071121 4.56436779699103e-16
9196.91308148718 4.60612493310389e-16
9200.03998226316 4.27855691067036e-16
9203.16688303913 4.03591161743516e-16
9206.2937838151 4.30208748594508e-16
9209.42068459107 4.43284316791934e-16
9212.54758536705 4.20139909131819e-16
9215.67448614302 4.04153326922696e-16
9218.80138691899 3.89337608944475e-16
9221.92828769497 3.8240194435368e-16
9225.05518847094 3.88282602938891e-16
9228.18208924691 3.91160767954102e-16
9231.30899002288 3.81357685078613e-16
9234.43589079886 3.62005655681592e-16
9237.56279157483 3.62125934360102e-16
9240.6896923508 3.83323727958529e-16
9243.81659312678 3.9019462099864e-16
9246.94349390275 3.74673192226458e-16
9250.07039467872 3.53284233879747e-16
9253.19729545469 3.29943155757192e-16
9256.32419623067 3.25899949862592e-16
9259.45109700664 3.30367333975309e-16
9262.57799778261 3.13092838169886e-16
9265.70489855858 3.03217545735644e-16
9268.83179933456 2.971662894209e-16
9271.95870011053 2.79263004001039e-16
9275.0856008865 2.61393838127085e-16
9278.21250166248 2.35027687712529e-16
9281.33940243845 2.07287107227044e-16
9284.46630321442 2.1816365877939e-16
9287.59320399039 2.60200077536828e-16
9290.72010476637 2.75174243615745e-16
9293.84700554234 2.46090440929482e-16
9296.97390631831 2.07346637761368e-16
9300.10080709428 2.22489853087711e-16
9303.22770787026 2.71910943307329e-16
9306.35460864623 3.0073036583493e-16
9309.4815094222 2.91768148448049e-16
9312.60841019818 2.63336111144919e-16
9315.73531097415 2.72425542292566e-16
9318.86221175012 2.98075605759557e-16
9321.98911252609 2.80088675836155e-16
9325.11601330207 2.70010810178621e-16
9328.24291407804 3.01934634927689e-16
9331.36981485401 3.36128640324296e-16
9334.49671562999 3.52445035987255e-16
9337.62361640596 3.51669365565807e-16
9340.75051718193 3.39343553875599e-16
9343.8774179579 3.34046315702589e-16
9347.00431873388 3.32522529900258e-16
9350.13121950985 3.09885733203565e-16
9353.25812028582 3.1022965504993e-16
9356.38502106179 3.53586704051256e-16
9359.51192183777 3.48525470433175e-16
9362.63882261374 3.05268741896539e-16
9365.76572338971 3.14076190482089e-16
9368.89262416569 3.09587392317674e-16
9372.01952494166 2.76917649179431e-16
9375.14642571763 2.81961650970992e-16
9378.27332649361 2.71289697580077e-16
9381.40022726958 2.40082806811522e-16
9384.52712804555 2.84874994323293e-16
9387.65402882152 3.39345300881053e-16
9390.7809295975 3.22106142231399e-16
9393.90783037347 3.18250712953293e-16
9397.03473114944 3.24719741799491e-16
9400.16163192541 2.93290796049857e-16
9403.28853270139 2.82166553534888e-16
9406.41543347736 3.08285052691491e-16
9409.54233425333 3.24311630737592e-16
9412.66923502931 3.27990585995093e-16
9415.79613580528 3.15485044501389e-16
9418.92303658125 2.87773726357255e-16
9422.04993735722 2.69015308237581e-16
9425.1768381332 2.57777775065918e-16
9428.30373890917 2.61257783459932e-16
9431.43063968514 2.66982879150424e-16
9434.55754046112 2.68898497100199e-16
9437.68444123709 2.47014897982072e-16
9440.81134201306 2.20132825093299e-16
9443.93824278903 2.36898757023234e-16
9447.06514356501 3.05807560730111e-16
9450.19204434098 3.5335054067765e-16
9453.31894511695 3.30246181794072e-16
9456.44584589292 3.07101271208144e-16
9459.5727466689 2.91178057651388e-16
9462.69964744487 2.59346030097979e-16
9465.82654822084 2.41771552280331e-16
9468.95344899682 2.69102711449826e-16
9472.08034977279 2.92277824054279e-16
9475.20725054876 2.87508049179392e-16
9478.33415132473 2.86832937450651e-16
9481.46105210071 2.96902041611137e-16
9484.58795287668 2.94090871608098e-16
9487.71485365265 2.83030897718002e-16
9490.84175442863 2.57798527373125e-16
9493.9686552046 2.34531088177421e-16
9497.09555598057 2.38062977339455e-16
9500.22245675654 2.42544893361174e-16
9503.34935753252 2.62080755377529e-16
9506.47625830849 2.79135128495784e-16
9509.60315908446 2.7121579395543e-16
9512.73005986043 2.80041665507582e-16
9515.85696063641 2.80173140902864e-16
9518.98386141238 2.80564417184936e-16
9522.11076218835 3.1235425190966e-16
9525.23766296433 3.05589846792887e-16
9528.3645637403 2.64160538900393e-16
9531.49146451627 2.49395828187465e-16
9534.61836529224 2.57845908278612e-16
9537.74526606822 2.62218795278152e-16
9540.87216684419 2.3933395027681e-16
9543.99906762016 2.53429134384494e-16
9547.12596839614 2.69231328108911e-16
9550.25286917211 2.36737317837443e-16
9553.37976994808 2.27214073471904e-16
9556.50667072405 2.21532255871061e-16
9559.63357150003 2.10924372581673e-16
9562.760472276 2.01301204798137e-16
9565.88737305197 2.09313157097317e-16
9569.01427382794 2.33241506985006e-16
9572.14117460392 2.5635679788756e-16
9575.26807537989 2.75116671845111e-16
9578.39497615586 2.7270839835739e-16
9581.52187693184 2.69770173412262e-16
9584.64877770781 2.51554200485967e-16
9587.77567848378 2.20638702286157e-16
9590.90257925975 2.35973611756375e-16
9594.02948003573 2.71738042706971e-16
9597.1563808117 2.70239403195262e-16
9600.28328158767 2.88925955863316e-16
9603.41018236365 3.11101887227365e-16
9606.53708313962 2.64974272864909e-16
9609.66398391559 2.3640123104584e-16
9612.79088469156 2.42795350415765e-16
9615.91778546754 2.48007435307796e-16
9619.04468624351 2.37851880847132e-16
9622.17158701948 2.26346526445458e-16
9625.29848779546 2.47871777687338e-16
9628.42538857143 2.66535778103172e-16
9631.5522893474 2.5521372692524e-16
9634.67919012337 2.5212414778035e-16
9637.80609089935 2.54538165210246e-16
9640.93299167532 2.57878307288845e-16
9644.05989245129 2.60800306259076e-16
9647.18679322727 2.58939983678889e-16
9650.31369400324 2.65610129910501e-16
9653.44059477921 2.62810262503351e-16
9656.56749555518 2.46274300018596e-16
9659.69439633116 2.32362657362671e-16
9662.82129710713 2.2412613545335e-16
9665.9481978831 2.47613962034017e-16
9669.07509865907 2.7137858309998e-16
9672.20199943505 2.51122134273528e-16
9675.32890021102 2.36105775365926e-16
9678.45580098699 2.43882464264007e-16
9681.58270176297 2.46483570096127e-16
9684.70960253894 2.34324094500936e-16
9687.83650331491 2.29814173452399e-16
9690.96340409088 2.27026190976291e-16
9694.09030486686 2.23848388055989e-16
9697.21720564283 2.42607017933899e-16
9700.3441064188 2.34366234390062e-16
9703.47100719478 2.27056340055257e-16
9706.59790797075 2.14232446522284e-16
9709.72480874672 1.68654596247266e-16
9712.85170952269 1.70366171900981e-16
9715.97861029867 2.03719166225193e-16
9719.10551107464 2.04976811628518e-16
9722.23241185061 1.90875711525094e-16
9725.35931262658 1.93760679273663e-16
9728.48621340256 1.83964147668626e-16
9731.61311417853 1.57274920359141e-16
9734.7400149545 1.40196777378804e-16
