3503.89613153732 1.66333994375354e-14
3508.1561784707 1.22055474112578e-14
3512.41622540408 1.38639913351696e-14
3516.67627233746 1.33275645226405e-14
3520.93631927084 1.60277573277214e-14
3525.19636620421 1.39911191220912e-14
3529.4564131376 1.45748451014279e-14
3533.71646007097 1.67058343070528e-14
3537.97650700435 1.57568812733872e-14
3542.23655393774 1.48779202662191e-14
3546.49660087111 1.61449206190515e-14
3550.75664780449 1.48778355629244e-14
3555.01669473787 1.55966937905342e-14
3559.27674167125 1.48855605034033e-14
3563.53678860463 1.48375760869414e-14
3567.79683553801 1.49447223666372e-14
3572.05688247139 1.49938790766982e-14
3576.31692940477 1.63259010666937e-14
3580.57697633815 1.55583672437369e-14
3584.83702327153 1.60750353187054e-14
3589.09707020491 1.48300747631605e-14
3593.35711713829 1.5037755383366e-14
3597.61716407166 1.45519785999838e-14
3601.87721100505 1.43949268331016e-14
3606.13725793842 1.5303544157819e-14
3610.3973048718 1.48041589431063e-14
3614.65735180519 1.43931480639124e-14
3618.91739873856 1.25624735427036e-14
3623.17744567194 1.14452438615387e-14
3627.43749260532 1.22200824966326e-14
3631.6975395387 1.08224196883897e-14
3635.95758647208 1.08698755562926e-14
3640.21763340546 1.07665697239795e-14
3644.47768033884 9.72023246533513e-15
3648.73772727222 9.69313588135247e-15
3652.9977742056 9.07518299468309e-15
3657.25782113897 8.12434107754509e-15
3661.51786807236 7.95013519941509e-15
3665.77791500574 8.0443921787526e-15
3670.03796193911 6.12031745203241e-15
3674.2980088725 6.57796257717033e-15
3678.55805580588 6.68189944902906e-15
3682.81810273925 5.83636702064082e-15
3687.07814967263 5.56190674639028e-15
3691.33819660601 5.24897211809307e-15
3695.59824353939 5.03346745455379e-15
3699.85829047277 5.16352936360469e-15
3704.11833740615 4.66652897015496e-15
3708.37838433953 4.68643424441544e-15
3712.63843127291 4.8159828515003e-15
3716.89847820629 5.05905716692329e-15
3721.15852513967 4.97164760193138e-15
3725.41857207305 4.99245962496189e-15
3729.67861900642 4.92098402025726e-15
3733.93866593981 4.56302577916522e-15
3738.19871287319 4.6857121488279e-15
3742.45875980656 5.42190278812098e-15
3746.71880673995 4.67556681170217e-15
3750.97885367332 5.19911321771884e-15
3755.2389006067 5.41147623605675e-15
3759.49894754008 5.31500045391391e-15
3763.75899447346 5.40593791113113e-15
3768.01904140684 6.40546474097847e-15
3772.27908834022 6.71179505338593e-15
3776.5391352736 6.66116027083202e-15
3780.79918220698 6.77533353585832e-15
3785.05922914036 7.16589449860664e-15
3789.31927607373 7.50826436885389e-15
3793.57932300712 7.95513947006747e-15
3797.8393699405 8.01693391170146e-15
3802.09941687387 8.55696908458586e-15
3806.35946380726 8.95170761383004e-15
3810.61951074064 9.83570507890252e-15
3814.87955767401 1.00124673024673e-14
3819.13960460739 1.06756297256635e-14
3823.39965154077 1.1340616657828e-14
3827.65969847415 1.16101747288963e-14
3831.91974540753 1.23527608904576e-14
3836.17979234091 1.28966534513838e-14
3840.43983927429 1.36920919277549e-14
3844.69988620767 1.46947307566505e-14
3848.95993314105 1.52192728498967e-14
3853.21998007443 1.60042403049739e-14
3857.48002700781 1.65368427637461e-14
3861.74007394118 1.72386366656006e-14
3866.00012087457 1.84867549599729e-14
3870.26016780795 1.85464064082503e-14
3874.52021474132 1.92963168637065e-14
3878.78026167471 1.94241392176449e-14
3883.04030860809 1.9634379571417e-14
3887.30035554146 1.98776525160661e-14
3891.56040247484 1.98034354892277e-14
3895.82044940822 2.00015260024044e-14
3900.0804963416 1.94995556431366e-14
3904.34054327498 1.92545615275387e-14
3908.60059020836 1.89461737721023e-14
3912.86063714174 1.88104689295568e-14
3917.12068407512 1.82754439565554e-14
3921.38073100849 1.79256752535139e-14
3925.64077794188 1.77534497384146e-14
3929.90082487526 1.75697350684187e-14
3934.16087180863 1.74365340552653e-14
3938.42091874202 1.72135644903619e-14
3942.6809656754 1.73042901893423e-14
3946.94101260877 1.77486182624835e-14
3951.20105954215 1.75319048829285e-14
3955.46110647553 1.69997479634865e-14
3959.72115340891 1.67498698559147e-14
3963.98120034229 1.64934831471761e-14
3968.24124727568 1.63750865758748e-14
3972.50129420905 1.59804471494855e-14
3976.76134114243 1.61293589297446e-14
3981.02138807581 1.63810158065056e-14
3985.28143500919 1.6311201656927e-14
3989.54148194257 1.61387237260094e-14
3993.80152887594 1.62445943740867e-14
3998.06157580933 1.64275772076162e-14
4002.32162274271 1.66133586380034e-14
4006.58166967608 1.6783715598421e-14
4010.84171660947 1.72242066123112e-14
4015.10176354285 1.76331405667184e-14
4019.36181047622 1.80721899305323e-14
4023.6218574096 1.83407112332732e-14
4027.88190434299 1.90113089116803e-14
4032.14195127636 1.92829676244578e-14
4036.40199820974 1.951552729639e-14
4040.66204514312 1.99273987610583e-14
4044.9220920765 2.03052347478401e-14
4049.18213900988 2.0712406873717e-14
4053.44218594325 2.10312673445132e-14
4057.70223287664 2.13426298796603e-14
4061.96227981002 2.17095035660387e-14
4066.22232674339 2.18254437417929e-14
4070.48237367678 2.18579918298241e-14
4074.74242061016 2.21860612428229e-14
4079.00246754353 2.19244364823385e-14
4083.26251447691 2.20452454034736e-14
4087.5225614103 2.21897390598799e-14
4091.78260834367 2.22213283066148e-14
4096.04265527705 2.1926067867795e-14
4100.30270221044 2.21415750724331e-14
4104.56274914381 2.18801332710654e-14
4108.82279607719 2.16998609429671e-14
4113.08284301056 2.16103329485741e-14
4117.34288994395 2.12876184778679e-14
4121.60293687733 2.1230848635677e-14
4125.8629838107 2.10431139473135e-14
4130.12303074409 2.05548841565161e-14
4134.38307767747 2.04165568999659e-14
4138.64312461084 2.02392644337761e-14
4142.90317154422 2.04301907422849e-14
4147.16321847761 2.02942724474367e-14
4151.42326541098 2.03653317354478e-14
4155.68331234436 2.01350150067598e-14
4159.94335927775 1.9969494604471e-14
4164.20340621112 1.99989188349927e-14
4168.4634531445 2.01506715637569e-14
4172.72350007789 1.96895078637561e-14
4176.98354701126 1.95334352669609e-14
4181.24359394464 1.94469650615075e-14
4185.50364087801 1.91221380906308e-14
4189.7636878114 1.87355725822947e-14
4194.02373474478 1.87560555330252e-14
4198.28378167815 1.84456806382946e-14
4202.54382861154 1.78625899336683e-14
4206.80387554492 1.72460770030093e-14
4211.06392247829 1.69957533561072e-14
4215.32396941167 1.67252601606651e-14
4219.58401634506 1.60485164111927e-14
4223.84406327843 1.56058586870235e-14
4228.10411021181 1.52235537544121e-14
4232.3641571452 1.45611689074615e-14
4236.62420407857 1.43315907915036e-14
4240.88425101195 1.37792058782483e-14
4245.14429794532 1.33302801102694e-14
4249.40434487871 1.26860319327854e-14
4253.66439181209 1.23232782146625e-14
4257.92443874546 1.19395155383489e-14
4262.18448567885 1.14660817190741e-14
4266.44453261223 1.12775491256743e-14
4270.7045795456 1.08829740737889e-14
4274.96462647899 1.05141843988838e-14
4279.22467341237 1.02729841438567e-14
4283.48472034574 1.02229854830461e-14
4287.74476727912 9.93206269994922e-15
4292.00481421251 9.76802375828511e-15
4296.26486114588 9.74546981199857e-15
4300.52490807926 9.68330436993368e-15
4304.78495501265 9.60539512647818e-15
4309.04500194602 9.67223534337897e-15
4313.3050488794 9.92294184917319e-15
4317.56509581278 1.01468795727353e-14
4321.82514274616 1.03754598838814e-14
4326.08518967954 1.03859088823187e-14
4330.34523661291 1.06842321922758e-14
4334.6052835463 1.11129037084199e-14
4338.86533047968 1.13490480237849e-14
4343.12537741305 1.14203063645386e-14
4347.38542434643 1.16806986920847e-14
4351.64547127982 1.19849673262985e-14
4355.90551821319 1.23990690287169e-14
4360.16556514657 1.25315881803478e-14
4364.42561207996 1.29885921015447e-14
4368.68565901333 1.31074926574496e-14
4372.94570594671 1.31389429907812e-14
4377.20575288009 1.33509087506668e-14
4381.46579981347 1.37244900909545e-14
4385.72584674685 1.40127404851028e-14
4389.98589368023 1.4391933418666e-14
4394.24594061361 1.44596028808222e-14
4398.50598754699 1.45368980253909e-14
4402.76603448036 1.45931325427591e-14
4407.02608141374 1.48399647198526e-14
4411.28612834713 1.48708966690204e-14
4415.5461752805 1.48241607791227e-14
4419.80622221388 1.49654475687907e-14
4424.06626914727 1.49836757178156e-14
4428.32631608064 1.50959431587105e-14
4432.58636301402 1.52412669074051e-14
4436.84640994741 1.53536902023623e-14
4441.10645688078 1.55927872745815e-14
4445.36650381416 1.59013918704523e-14
4449.62655074754 1.62118650210048e-14
4453.88659768092 1.66654630227208e-14
4458.1466446143 1.70463110586629e-14
4462.40669154768 1.76883552564181e-14
4466.66673848106 1.80549697507146e-14
4470.92678541444 1.83600422191954e-14
4475.18683234781 1.88616331077028e-14
4479.44687928119 1.93558819146233e-14
4483.70692621458 1.96223161281822e-14
4487.96697314795 1.96846526709024e-14
4492.22702008133 1.99704195644494e-14
4496.48706701472 2.00726140895356e-14
4500.74711394809 2.01480118803025e-14
4505.00716088147 2.04107225370252e-14
4509.26720781485 2.01727164432421e-14
4513.52725474823 2.01836990724362e-14
4517.78730168161 2.03150179783809e-14
4522.04734861499 2.02947993019299e-14
4526.30739554837 2.01248692461176e-14
4530.56744248175 1.98724585100335e-14
4534.82748941512 1.98158851794864e-14
4539.08753634851 1.95275483879775e-14
4543.34758328189 1.93308283741095e-14
4547.60763021527 1.90912349405832e-14
4551.86767714864 1.9051219410089e-14
4556.12772408203 1.88538437927198e-14
4560.3877710154 1.87505938645813e-14
4564.64781794878 1.86264306929751e-14
4568.90786488217 1.85558559078099e-14
4573.16791181554 1.86439727453127e-14
4577.42795874892 1.86895498941386e-14
4581.6880056823 1.86832462749451e-14
4585.94805261568 1.84751201154094e-14
4590.20809954906 1.85371432559391e-14
4594.46814648244 1.84313725577496e-14
4598.72819341582 1.80815665852584e-14
4602.9882403492 1.77359602021197e-14
4607.24828728258 1.72700107659669e-14
4611.50833421595 1.68406582353332e-14
4615.76838114934 1.63400566813082e-14
4620.02842808271 1.56832995212592e-14
4624.28847501609 1.49914904437869e-14
4628.54852194948 1.45656022779075e-14
4632.80856888285 1.40862824266823e-14
4637.06861581623 1.37176130304557e-14
4641.32866274961 1.33669905182034e-14
4645.58870968299 1.29973521162852e-14
4649.84875661637 1.27522732973925e-14
4654.10880354975 1.25632655185092e-14
4658.36885048313 1.24537119711773e-14
4662.62889741651 1.21756903469e-14
4666.88894434989 1.21401369859719e-14
4671.14899128326 1.21729705241064e-14
4675.40903821665 1.19900368184878e-14
4679.66908515003 1.19094966906982e-14
4683.9291320834 1.18874535052788e-14
4688.18917901679 1.17882803467154e-14
4692.44922595016 1.16210455497413e-14
4696.70927288354 1.14508537607484e-14
4700.96931981693 1.12700478018934e-14
4705.2293667503 1.1017014496593e-14
4709.48941368368 1.07338217361728e-14
4713.74946061706 1.05743000212164e-14
4718.00950755044 1.02872583430838e-14
4722.26955448382 1.00449721918182e-14
4726.5296014172 9.8540975523192e-15
4730.78964835058 9.7143506685494e-15
4735.04969528396 9.62671918092531e-15
4739.30974221734 9.48995893532752e-15
4743.56978915071 9.41954339235638e-15
4747.8298360841 9.41278152833845e-15
4752.08988301747 9.40456361468419e-15
4756.34992995085 9.35093626472762e-15
4760.60997688424 9.35831053356642e-15
4764.87002381761 9.48054755225058e-15
4769.13007075099 9.60202478238106e-15
4773.39011768437 9.56801217438406e-15
4777.65016461775 9.55311455890775e-15
4781.91021155113 9.72410764106882e-15
4786.17025848451 9.78978149360123e-15
4790.43030541789 9.91687539920495e-15
4794.69035235127 9.84213829413692e-15
4798.95039928465 9.74793383084213e-15
4803.21044621803 9.84928979331058e-15
4807.47049315141 9.76629242294092e-15
4811.73054008479 9.8586308726529e-15
4815.99058701816 9.78721159563926e-15
4820.25063395155 9.82506041585438e-15
4824.51068088492 9.67276643303689e-15
4828.7707278183 9.45029915867118e-15
4833.03077475169 9.32724475319292e-15
4837.29082168506 9.09402354852887e-15
4841.55086861844 9.02199864295794e-15
4845.81091555182 8.73187800006208e-15
4850.0709624852 8.53924661423046e-15
4854.33100941858 8.38963094959219e-15
4858.59105635196 8.19193938893367e-15
4862.85110328534 8.20885971908802e-15
4867.11115021872 8.04154445398393e-15
4871.3711971521 7.91335025258173e-15
4875.63124408547 7.93328432596241e-15
4879.89129101886 7.99545485022498e-15
4884.15133795224 8.13492814235282e-15
4888.41138488561 8.30159373318637e-15
4892.671431819 8.43890455019987e-15
4896.93147875238 8.40793363751646e-15
4901.19152568575 8.48526859263373e-15
4905.45157261913 8.64909238792923e-15
4909.71161955251 8.63918887870994e-15
4913.97166648589 8.70519053299294e-15
4918.23171341927 8.8573837188897e-15
4922.49176035265 8.88691891072751e-15
4926.75180728603 8.74275644420367e-15
4931.01185421941 8.81873445253943e-15
4935.27190115278 8.8975805144346e-15
4939.53194808617 8.93515066081006e-15
4943.79199501955 8.96760642225001e-15
4948.05204195292 9.08709736011917e-15
4952.31208888631 9.21740406169182e-15
4956.57213581969 9.1569318384885e-15
4960.83218275306 9.16278737725287e-15
4965.09222968645 9.28854212376698e-15
4969.35227661982 9.3749894593308e-15
4973.6123235532 9.43634005570043e-15
4977.87237048658 9.53714629378611e-15
4982.13241741996 9.553624472742e-15
4986.39246435334 9.62468376075306e-15
4990.65251128672 9.71084141104892e-15
4994.9125582201 9.81285297701855e-15
4999.17260515348 9.82636738769199e-15
5003.43265208686 9.91642308361112e-15
5007.69269902023 1.01096812738237e-14
5011.95274595362 1.03820125307613e-14
5016.212792887 1.07046990493803e-14
5020.47283982037 1.08846605163869e-14
5024.73288675376 1.10076098897797e-14
5028.99293368714 1.12009248311997e-14
5033.25298062051 1.14775886616626e-14
5037.51302755389 1.17019338080723e-14
5041.77307448727 1.19589972961357e-14
5046.03312142065 1.23610940005927e-14
5050.29316835403 1.26918578253967e-14
5054.55321528741 1.29429488841489e-14
5058.81326222079 1.3220861241176e-14
5063.07330915417 1.34909936005826e-14
5067.33335608755 1.37947794260165e-14
5071.59340302093 1.4194972847441e-14
5075.85344995431 1.44867943324949e-14
5080.11349688768 1.46322976521743e-14
5084.37354382107 1.49250237684159e-14
5088.63359075445 1.51881054255695e-14
5092.89363768782 1.53743408656164e-14
5097.15368462121 1.55992518300349e-14
5101.41373155458 1.57817196675325e-14
5105.67377848796 1.58805514718181e-14
5109.93382542134 1.59540959544964e-14
5114.19387235473 1.60436561361414e-14
5118.4539192881 1.6091020524486e-14
5122.71396622148 1.61481444264488e-14
5126.97401315486 1.61922985599233e-14
5131.23406008824 1.61114983930188e-14
5135.49410702162 1.61989426863615e-14
5139.75415395499 1.61243512709604e-14
5144.01420088838 1.62529579774079e-14
5148.27424782176 1.62310503172601e-14
5152.53429475513 1.61382697163497e-14
5156.79434168852 1.61454135922268e-14
5161.0543886219 1.6156218344502e-14
5165.31443555527 1.61245325360111e-14
5169.57448248865 1.59612245837805e-14
5173.83452942204 1.59387900691395e-14
5178.09457635541 1.58764365857603e-14
5182.35462328879 1.57814621695165e-14
5186.61467022217 1.57391410153399e-14
5190.87471715555 1.55418128318157e-14
5195.13476408893 1.54049661888573e-14
5199.3948110223 1.520219666568e-14
5203.65485795569 1.48982710798098e-14
5207.91490488907 1.463776270875e-14
5212.17495182244 1.43814369863837e-14
5216.43499875583 1.406924774708e-14
5220.69504568921 1.37371701741749e-14
5224.95509262258 1.33619820123863e-14
5229.21513955597 1.29971708512345e-14
5233.47518648935 1.27439291758291e-14
5237.73523342272 1.23674196426428e-14
5241.9952803561 1.1984382026532e-14
5246.25532728949 1.17699098961554e-14
5250.51537422286 1.15502056432636e-14
5254.77542115624 1.13052360916212e-14
5259.03546808962 1.11164324476782e-14
5263.295515023 1.09707478629481e-14
5267.55556195638 1.08240790259334e-14
5271.81560888975 1.07655939420243e-14
5276.07565582314 1.07692421129281e-14
5280.33570275652 1.06863252106884e-14
5284.59574968989 1.06814454538793e-14
5288.85579662328 1.07363060838071e-14
5293.11584355666 1.08555683227805e-14
5297.37589049003 1.08864435207408e-14
5301.63593742341 1.08716297615263e-14
5305.8959843568 1.09435708108355e-14
5310.15603129017 1.10375364108391e-14
5314.41607822355 1.11166874045953e-14
5318.67612515694 1.11875332403037e-14
5322.93617209031 1.12167651943463e-14
5327.19621902369 1.13462994018711e-14
5331.45626595706 1.1401977418593e-14
5335.71631289045 1.14334946675274e-14
5339.97635982383 1.16083569961915e-14
5344.2364067572 1.17625695086345e-14
5348.49645369059 1.18859347752044e-14
5352.75650062397 1.18760626062041e-14
5357.01654755734 1.20443384066704e-14
5361.27659449072 1.19628834832977e-14
5365.53664142411 1.20217099214845e-14
5369.79668835748 1.19852502353029e-14
5374.05673529086 1.2016130515461e-14
5378.31678222425 1.18645141590013e-14
5382.57682915762 1.1816085050242e-14
5386.836876091 1.1823809990721e-14
5391.09692302438 1.1697651209491e-14
5395.35696995776 1.14568880234646e-14
5399.61701689114 1.13409309070514e-14
5403.87706382452 1.12057580011968e-14
5408.1371107579 1.10889606280999e-14
5412.39715769128 1.10033120446053e-14
5416.65720462465 1.07754542525633e-14
5420.91725155804 1.06927491085604e-14
5425.17729849142 1.06401254926464e-14
5429.43734542479 1.04652885749706e-14
5433.69739235817 1.03176498852313e-14
5437.95743929156 1.03118121341588e-14
5442.21748622493 1.03033392635874e-14
5446.47753315831 1.02573902672977e-14
5450.7375800917 1.01896598187694e-14
5454.99762702507 1.01742666890189e-14
5459.25767395845 1.02056822939996e-14
5463.51772089183 1.03451123874472e-14
5467.77776782521 1.05019998299376e-14
5472.03781475859 1.05244241801832e-14
5476.29786169196 1.07986028159788e-14
5480.55790862535 1.11367536151158e-14
5484.81795555873 1.12575887942722e-14
5489.0780024921 1.15976606641336e-14
5493.33804942548 1.18824018007814e-14
5497.59809635887 1.22010776183951e-14
5501.85814329224 1.24790679024533e-14
5506.11819022562 1.26472666229214e-14
5510.37823715901 1.29357516451961e-14
5514.63828409238 1.32146618070351e-14
5518.89833102576 1.35353696566892e-14
5523.15837795914 1.37608218751611e-14
5527.41842489252 1.391471420915e-14
5531.6784718259 1.41795212724172e-14
5535.93851875928 1.440969569957e-14
5540.19856569266 1.45622920731496e-14
5544.45861262604 1.47671537677066e-14
5548.71865955941 1.4889323023755e-14
5552.9787064928 1.49351237892789e-14
5557.23875342618 1.50715824911475e-14
5561.49880035955 1.5138523504969e-14
5565.75884729293 1.51961674851615e-14
5570.01889422632 1.50102827167547e-14
5574.27894115969 1.50959448527764e-14
5578.53898809307 1.50157071157489e-14
5582.79903502646 1.50744539328387e-14
5587.05908195983 1.50604829714067e-14
5591.31912889321 1.49903215383197e-14
5595.57917582659 1.50207418795874e-14
5599.83922275997 1.5089849603688e-14
5604.09926969335 1.51178931705057e-14
5608.35931662672 1.50528071588387e-14
5612.61936356011 1.49714055985416e-14
5616.87941049349 1.49384678753547e-14
5621.13945742687 1.50107824661936e-14
5625.39950436024 1.49636654114696e-14
5629.65955129363 1.49370431659374e-14
5633.919598227 1.48790231031164e-14
5638.17964516038 1.48576168864734e-14
5642.43969209377 1.47712212199193e-14
5646.69973902714 1.46677171818967e-14
5650.95978596052 1.467408686966e-14
5655.2198328939 1.45349125801626e-14
5659.47987982728 1.43964430220772e-14
5663.73992676066 1.43221938079868e-14
5667.99997369404 1.41671715320462e-14
5672.26002062742 1.40501437659877e-14
5676.5200675608 1.3989531782348e-14
5680.78011449418 1.38751061015034e-14
5685.04016142756 1.38470769342459e-14
5689.30020836094 1.37922459504712e-14
5693.56025529431 1.37199169600723e-14
5697.82030222769 1.36461564839924e-14
5702.08034916108 1.36007512828548e-14
5706.34039609445 1.35416885224757e-14
5710.60044302783 1.34755894594038e-14
5714.86048996122 1.33832620211201e-14
5719.12053689459 1.3396030195767e-14
5723.38058382797 1.33134156842895e-14
5727.64063076135 1.31396799094453e-14
5731.90067769473 1.31158892950557e-14
5736.16072462811 1.31285160152005e-14
5740.42077156149 1.30617698189568e-14
5744.68081849487 1.2961720828326e-14
5748.94086542825 1.2969492355617e-14
5753.20091236163 1.30039352563512e-14
5757.460959295 1.28931162417961e-14
5761.72100622839 1.28212683661111e-14
5765.98105316176 1.28620419910931e-14
5770.24110009514 1.29314266949674e-14
5774.50114702853 1.28767922228366e-14
5778.7611939619 1.28619107009863e-14
5783.02124089528 1.3055970184367e-14
5787.28128782866 1.30442972233209e-14
5791.54133476204 1.30446174017749e-14
5795.80138169542 1.31483933373737e-14
5800.0614286288 1.33985009908742e-14
5804.32147556218 1.34925072484593e-14
5808.58152249556 1.35582386992321e-14
5812.84156942894 1.36785639645544e-14
5817.10161636231 1.37600858035299e-14
5821.3616632957 1.37044797846085e-14
5825.62171022907 1.37585916374109e-14
5829.88175716245 1.37905171562259e-14
5834.14180409584 1.38105477913626e-14
5838.40185102921 1.3906058379462e-14
5842.66189796259 1.39136173014833e-14
5846.92194489598 1.38609606512843e-14
5851.18199182935 1.38793412662397e-14
5855.44203876273 1.38511198225031e-14
5859.70208569611 1.36983040673901e-14
5863.96213262949 1.36374710081513e-14
5868.22217956287 1.37077713546416e-14
5872.48222649625 1.36134923524474e-14
5876.74227342963 1.33163565826824e-14
5881.00232036301 1.29286975548114e-14
5885.26236729639 1.26950613040032e-14
5889.52241422976 1.25901571205187e-14
5893.78246116315 1.2560459298355e-14
5898.04250809653 1.25930997129774e-14
5902.3025550299 1.29077216309056e-14
5906.56260196329 1.33426239214097e-14
5910.82264889666 1.38869908207864e-14
5915.08269583004 1.39304266703216e-14
5919.34274276342 1.38166947094608e-14
5923.6027896968 1.37204438145654e-14
5927.86283663018 1.3572084299788e-14
5932.12288356356 1.33255409609295e-14
5936.38293049694 1.30788239803168e-14
5940.64297743032 1.28710739034097e-14
5944.9030243637 1.24740458441091e-14
5949.16307129707 1.20098633186842e-14
5953.42311823046 1.15076108974451e-14
5957.68316516383 1.10374246024901e-14
5961.94321209721 1.05391947407174e-14
5966.2032590306 1.01126196311177e-14
5970.46330596398 9.78565220798337e-15
5974.72335289735 9.36893740892267e-15
5978.98339983073 8.95038708946527e-15
5983.24344676411 8.61479094169722e-15
5987.50349369749 8.30504454541348e-15
5991.76354063087 7.96119236750855e-15
5996.02358756425 7.73668882593764e-15
6000.28363449763 7.45915763373682e-15
6004.54368143101 7.24291859263227e-15
6008.80372836439 6.98235770552969e-15
6013.06377529777 6.75063151401754e-15
6017.32382223115 6.52037365411946e-15
6021.58386916452 6.27270333792467e-15
6025.84391609791 6.05673704142913e-15
6030.10396303129 5.80617156662063e-15
6034.36400996466 5.62374057505631e-15
6038.62405689805 5.36657332545691e-15
6042.88410383142 5.09549737134712e-15
6047.1441507648 4.957674522917e-15
6051.40419769818 4.83493775479396e-15
6055.66424463156 4.63277258962451e-15
6059.92429156494 4.5308652087074e-15
6064.18433849832 4.40453024462442e-15
6068.4443854317 4.29019011410751e-15
6072.70443236508 4.29669109197769e-15
6076.96447929846 4.23972007946184e-15
6081.22452623183 4.24333479256424e-15
6085.48457316522 4.30540579045551e-15
6089.7446200986 4.3511654748815e-15
6094.00466703197 4.42755471771316e-15
6098.26471396536 4.47647934074657e-15
6102.52476089874 4.54650778966082e-15
6106.78480783211 4.63637840888097e-15
6111.0448547655 4.75427396019398e-15
6115.30490169888 4.95497375836468e-15
6119.56494863225 5.05317579365403e-15
6123.82499556563 5.10268698700341e-15
6128.08504249901 5.24212343319804e-15
6132.34508943239 5.46743207958532e-15
6136.60513636577 5.70403421625834e-15
6140.86518329915 5.75885376508816e-15
6145.12523023253 5.94516077941911e-15
6149.38527716591 6.19399957756464e-15
6153.64532409928 6.36982032400858e-15
6157.90537103267 6.61309199810828e-15
6162.16541796605 6.98638746477625e-15
6166.42546489942 7.17653916165479e-15
6170.68551183281 7.44200013435723e-15
6174.94555876619 7.77201348796993e-15
6179.20560569956 8.08278987631753e-15
6183.46565263294 8.46464164630219e-15
6187.72569956632 8.72874482519019e-15
6191.9857464997 8.92638471683893e-15
6196.24579343308 9.23290984682426e-15
6200.50584036646 9.49771775712437e-15
6204.76588729984 9.77858795320327e-15
6209.02593423322 1.00565579084708e-14
6213.28598116659 1.03005533722239e-14
6217.54602809998 1.05975324408937e-14
6221.80607503336 1.09621945242467e-14
6226.06612196673 1.1123388282241e-14
6230.32616890012 1.13021757615827e-14
6234.5862158335 1.13975618358389e-14
6238.84626276687 1.158117740298e-14
6243.10630970025 1.16968465281911e-14
6247.36635663364 1.17956232753352e-14
6251.62640356701 1.19050099571766e-14
6255.88645050039 1.20071934708345e-14
6260.14649743378 1.2135590960144e-14
6264.40654436715 1.22450792859391e-14
6268.66659130053 1.24777456840227e-14
6272.9266382339 1.27711070749747e-14
6277.18668516729 1.28616947075847e-14
6281.44673210067 1.29024073461945e-14
6285.70677903404 1.2940876194527e-14
6289.96682596743 1.3106121311108e-14
6294.22687290081 1.32507801389389e-14
6298.48691983418 1.33013293711652e-14
6302.74696676757 1.3452992314437e-14
6307.00701370095 1.34370206611835e-14
6311.26706063432 1.3553729095821e-14
6315.5271075677 1.36226919772876e-14
6319.78715450109 1.36477819402182e-14
6324.04720143446 1.36491668390869e-14
6328.30724836784 1.36695193467436e-14
6332.56729530122 1.37603305960517e-14
6336.8273422346 1.37625261054509e-14
6341.08738916798 1.37625845507243e-14
6345.34743610135 1.37514621610939e-14
6349.60748303474 1.36972105478552e-14
6353.86752996812 1.37391844185234e-14
6358.12757690149 1.36761677083466e-14
6362.38762383488 1.35778144776761e-14
6366.64767076826 1.35795813884041e-14
6370.90771770163 1.34963476958422e-14
6375.16776463502 1.3454356037482e-14
6379.4278115684 1.33873066034433e-14
6383.68785850177 1.33695782038572e-14
6387.94790543515 1.33285055762449e-14
6392.20795236854 1.33621675126017e-14
6396.46799930191 1.32829487562098e-14
6400.72804623529 1.31499391725024e-14
6404.98809316867 1.30070921481457e-14
6409.24814010205 1.28967042733606e-14
6413.50818703543 1.2861433821437e-14
6417.7682339688 1.2795111141667e-14
6422.02828090219 1.2686199645309e-14
6426.28832783557 1.25935300057146e-14
6430.54837476894 1.24460319234445e-14
6434.80842170233 1.22594813871412e-14
6439.06846863571 1.21252884984066e-14
6443.32851556908 1.20640768154403e-14
6447.58856250246 1.20077542066456e-14
6451.84860943585 1.18571432782943e-14
6456.10865636922 1.16962603813916e-14
6460.3687033026 1.17601563117678e-14
6464.62875023599 1.17602782845122e-14
6468.88879716936 1.1642971844614e-14
6473.14884410274 1.15639199537126e-14
6477.40889103612 1.14528561466357e-14
6481.6689379695 1.14340096635593e-14
6485.92898490288 1.14101106289525e-14
6490.18903183625 1.12921892431346e-14
6494.44907876964 1.12435822574564e-14
6498.70912570302 1.11767352642921e-14
6502.96917263639 1.11056217661724e-14
6507.22921956977 1.1052023215336e-14
6511.48926650316 1.09852651606311e-14
6515.74931343653 1.09012530447906e-14
6520.00936036991 1.08232777327653e-14
6524.2694073033 1.07480891591363e-14
6528.52945423667 1.07023315922927e-14
6532.78950117005 1.06276410740368e-14
6537.04954810343 1.05716903127059e-14
6541.30959503681 1.04952726942705e-14
6545.56964197019 1.04294506109723e-14
6549.82968890356 1.03761010878224e-14
6554.08973583695 1.0295766789039e-14
6558.34978277033 1.0266490789283e-14
6562.6098297037 1.02439326078317e-14
6566.86987663709 1.0141666084945e-14
6571.12992357047 1.00996015817514e-14
6575.38997050384 1.01208815904853e-14
6579.65001743722 1.00491167240291e-14
6583.91006437061 9.97857243205001e-15
6588.17011130398 9.95015362963668e-15
6592.43015823736 9.8904996402604e-15
6596.69020517075 9.87101364730882e-15
6600.95025210412 9.78899629405913e-15
6605.2102990375 9.76241809424018e-15
6609.47034597088 9.67733617578733e-15
6613.73039290426 9.67856437356085e-15
6617.99043983764 9.58930997080982e-15
6622.25048677101 9.57264205647375e-15
6626.5105337044 9.51311681610546e-15
6630.77058063778 9.44499673242137e-15
6635.03062757115 9.40805339042687e-15
6639.29067450454 9.37660813929301e-15
6643.55072143792 9.34264889437169e-15
6647.81076837129 9.260663728374e-15
6652.07081530467 9.19136626889323e-15
6656.33086223806 9.17055636344508e-15
6660.59090917143 9.1265741776589e-15
6664.85095610481 9.04620006832689e-15
6669.1110030382 9.03449746112762e-15
6673.37104997157 9.05399785363931e-15
6677.63109690495 8.96668230930455e-15
6681.89114383832 8.95807814862634e-15
6686.15119077171 8.89963456933169e-15
6690.41123770509 8.81814322354225e-15
6694.67128463846 8.7483316150625e-15
6698.93133157185 8.65358081551673e-15
6703.19137850523 8.58542261535002e-15
6707.4514254386 8.53866470259569e-15
6711.71147237198 8.48844073102119e-15
6715.97151930537 8.43843105878235e-15
6720.23156623874 8.35249363705277e-15
6724.49161317212 8.27894153107795e-15
6728.75166010551 8.27319187143198e-15
6733.01170703888 8.23552346923464e-15
6737.27175397226 8.18777029276728e-15
6741.53180090564 8.17673091236572e-15
6745.79184783902 8.12033122357279e-15
6750.0518947724 8.05422792533612e-15
6754.31194170578 8.08016492121399e-15
6758.57198863916 8.02300036166969e-15
6762.83203557254 7.98693708690739e-15
6767.09208250591 7.98857440159444e-15
6771.35212943929 7.97711319878514e-15
6775.61217637268 7.9214893921719e-15
6779.87222330605 7.90136643044398e-15
6784.13227023943 7.90930482322564e-15
6788.39231717282 7.89153153089341e-15
6792.65236410619 7.84607974294374e-15
6796.91241103957 7.79711700342771e-15
6801.17245797295 7.81173763913026e-15
6805.43250490633 7.80715010868793e-15
6809.69255183971 7.72349882888299e-15
6813.95259877309 7.68323342366936e-15
6818.21264570647 7.63688801596035e-15
6822.47269263985 7.51971964243255e-15
6826.73273957323 7.43505700528859e-15
6830.99278650661 7.32755412472192e-15
6835.25283343999 7.29870418253844e-15
6839.51288037337 7.36241376566617e-15
6843.77292730674 7.37779164882357e-15
6848.03297424013 7.24449237984827e-15
6852.2930211735 7.12772380587158e-15
6856.55306810688 7.12439581342181e-15
6860.81311504027 7.14855149901161e-15
6865.07316197364 7.13155324182611e-15
6869.33320890702 7.0915237352883e-15
6873.5932558404 7.09674569340812e-15
6877.85330277378 7.10433341454962e-15
6882.11334970716 7.10369559874034e-15
6886.37339664054 7.0774401184743e-15
6890.63344357392 7.05894854220279e-15
6894.8934905073 7.04000337978803e-15
6899.15353744067 7.02946628992418e-15
6903.41358437406 7.02491772299743e-15
6907.67363130744 7.05683434796644e-15
6911.93367824081 7.05065312503386e-15
6916.19372517419 6.96801277905146e-15
6920.45377210758 6.95493204924701e-15
6924.71381904095 6.94843573005805e-15
6928.97386597433 6.95461441189179e-15
6933.23391290772 6.97887216495174e-15
6937.49395984109 6.95354079763115e-15
6941.75400677447 6.93018301707767e-15
6946.01405370785 6.89693189170025e-15
6950.27410064123 6.86764488051599e-15
6954.53414757461 6.84028317522083e-15
6958.79419450799 6.82945470602313e-15
6963.05424144137 6.8419586063905e-15
6967.31428837475 6.81948470471747e-15
6971.57433530813 6.7555637868694e-15
6975.8343822415 6.79493641935662e-15
6980.09442917489 6.73658728423559e-15
6984.35447610826 6.74367567945469e-15
6988.61452304164 6.73823264573563e-15
6992.87456997503 6.72421297990915e-15
6997.1346169084 6.71465124848407e-15
7001.39466384178 6.68869477084841e-15
7005.65471077516 6.69575563749672e-15
7009.91475770854 6.71247564435905e-15
7014.17480464192 6.69319717447954e-15
7018.4348515753 6.65921463615217e-15
7022.69489850868 6.66162317433769e-15
7026.95494544206 6.65955048471576e-15
7031.21499237544 6.69534228541846e-15
7035.47503930881 6.66189253081492e-15
7039.7350862422 6.64829553442912e-15
7043.99513317558 6.66368146439952e-15
7048.25518010895 6.61385093962902e-15
7052.51522704234 6.62851646807778e-15
7056.77527397572 6.6440595226599e-15
7061.03532090909 6.57891675978541e-15
7065.29536784247 6.53489772806603e-15
7069.55541477585 6.51492384413682e-15
7073.81546170923 6.50857321461478e-15
7078.07550864261 6.4958575560106e-15
7082.33555557599 6.47685987755311e-15
7086.59560250937 6.50878539636807e-15
7090.85564944275 6.52531312675137e-15
7095.11569637613 6.52428313468751e-15
7099.37574330951 6.50180711543212e-15
7103.63579024289 6.51272833473754e-15
7107.89583717626 6.50170165983018e-15
7112.15588410965 6.48372169145882e-15
7116.41593104303 6.49727125399957e-15
7120.6759779764 6.47929001507878e-15
7124.93602490979 6.40599752470229e-15
7129.19607184316 6.45979089311651e-15
7133.45611877654 6.51009406227158e-15
7137.71616570992 6.50075764161047e-15
7141.9762126433 6.50102276292296e-15
7146.23625957668 6.51037485369359e-15
7150.49630651006 6.52527331620285e-15
7154.75635344344 6.53649565572102e-15
7159.01640037682 6.52177422309774e-15
7163.2764473102 6.49001345219102e-15
7167.53649424358 6.47254551523627e-15
7171.79654117696 6.41131816216047e-15
7176.05658811034 6.37188666088341e-15
7180.31663504371 6.31982293374748e-15
7184.5766819771 6.32000631638056e-15
7188.83672891048 6.3169688562317e-15
7193.09677584385 6.29352806644939e-15
7197.35682277724 6.27705581672413e-15
7201.61686971061 6.26767831496508e-15
7205.87691664399 6.26901959163706e-15
7210.13696357737 6.27426611371235e-15
7214.39701051075 6.30204371218461e-15
7218.65705744413 6.34081029259807e-15
7222.91710437751 6.33323273585193e-15
7227.17715131089 6.34500564678582e-15
7231.43719824427 6.4117077973162e-15
7235.69724517765 6.36104336860913e-15
7239.95729211102 6.24259766939688e-15
7244.21733904441 6.23249468391851e-15
7248.47738597779 6.19232668749381e-15
7252.73743291116 6.1236289273397e-15
7256.99747984455 6.01039544536838e-15
7261.25752677792 6.04425770501724e-15
7265.5175737113 6.02298701364579e-15
7269.77762064468 5.96828816701095e-15
7274.03766757806 5.93243241532072e-15
7278.29771451144 5.9006170107889e-15
7282.55776144482 5.80361776228466e-15
7286.8178083782 5.75777464511336e-15
7291.07785531158 5.76150116656481e-15
7295.33790224496 5.72136366332621e-15
7299.59794917833 5.66543153672017e-15
7303.85799611172 5.57824050622865e-15
7308.1180430451 5.54131241082721e-15
7312.37808997847 5.55962865127864e-15
7316.63813691186 5.5364339245675e-15
7320.89818384524 5.46967121118139e-15
7325.15823077861 5.43952657913803e-15
7329.41827771199 5.35098707219448e-15
7333.67832464538 5.33665823934226e-15
7337.93837157875 5.30977299007993e-15
7342.19841851213 5.2835992484933e-15
7346.45846544551 5.30010072085523e-15
7350.71851237889 5.21984604316878e-15
7354.97855931227 5.13501315240242e-15
7359.23860624565 5.14275418650738e-15
7363.49865317903 5.12569875459794e-15
7367.75870011241 5.06592914522436e-15
7372.01874704578 5.03286817874361e-15
7376.27879397917 4.95935291870198e-15
7380.53884091255 4.86528736881055e-15
7384.79888784592 4.85881857819237e-15
7389.05893477931 4.78820398247862e-15
7393.31898171269 4.75936335765756e-15
7397.57902864606 4.69151008935186e-15
7401.83907557944 4.67215750408947e-15
7406.09912251283 4.61665439967121e-15
7410.3591694462 4.56510524505073e-15
7414.61921637958 4.537712623053e-15
7418.87926331296 4.48525460208012e-15
7423.13931024634 4.52471024379618e-15
7427.39935717972 4.52222462561246e-15
7431.65940411309 4.48076532745968e-15
7435.91945104648 4.50203347773228e-15
7440.17949797986 4.48299725927569e-15
7444.43954491323 4.44014501544115e-15
7448.69959184662 4.45070328112867e-15
7452.95963878 4.41878242099492e-15
7457.21968571337 4.38644312658523e-15
7461.47973264675 4.47100327274257e-15
7465.73977958014 4.50594846401449e-15
7469.99982651351 4.50575788160136e-15
7474.25987344689 4.53210441790923e-15
7478.51992038027 4.51389617415858e-15
7482.77996731365 4.5655554430622e-15
7487.04001424703 4.59255123012414e-15
7491.30006118041 4.63182603030595e-15
7495.56010811379 4.6986556592949e-15
7499.82015504717 4.71361299059399e-15
7504.08020198054 4.78707276997756e-15
7508.34024891393 4.87845491949209e-15
7512.60029584731 4.87170660800132e-15
7516.86034278068 4.86893723378027e-15
7521.12038971407 4.91622538915958e-15
7525.38043664745 4.94084186067269e-15
7529.64048358082 4.92666930539923e-15
7533.9005305142 4.94727465239061e-15
7538.16057744759 4.96432076693763e-15
7542.42062438096 4.94675542119394e-15
7546.68067131434 4.79824216993653e-15
7550.94071824773 4.66664120202047e-15
7555.2007651811 4.54959691881945e-15
7559.46081211448 4.49715710905494e-15
7563.72085904785 4.45960432685489e-15
7567.98090598124 4.49900829956116e-15
7572.24095291462 4.49660103192507e-15
7576.50099984799 4.3715505933066e-15
7580.76104678138 4.24341187256244e-15
7585.02109371476 4.21337269612102e-15
7589.28114064813 4.29506478871896e-15
7593.54118758151 4.43105508136769e-15
7597.8012345149 4.53750679404682e-15
7602.06128144827 4.58258504046675e-15
7606.32132838165 4.66619778027259e-15
7610.58137531504 4.68731346461469e-15
7614.84142224841 4.74780940474054e-15
7619.10146918179 4.77703670010202e-15
7623.36151611517 4.87216908799052e-15
7627.62156304855 4.9451117537598e-15
7631.88160998193 4.98166334301619e-15
7636.1416569153 4.97867839891006e-15
7640.40170384869 4.98081631006893e-15
7644.66175078207 5.02820399181955e-15
7648.92179771544 4.99448742183762e-15
7653.18184464883 5.01156275902132e-15
7657.44189158221 5.06051872227378e-15
7661.70193851558 5.02133751923263e-15
7665.96198544896 5.02264533810319e-15
7670.22203238235 5.08941313368699e-15
7674.48207931572 5.15373596866853e-15
7678.7421262491 5.1448446638212e-15
7683.00217318249 5.13484289878002e-15
7687.26222011586 5.19035447352776e-15
7691.52226704924 5.20370921849064e-15
7695.78231398262 5.5549111012789e-15
7700.042360916 5.56528810191572e-15
7704.30240784938 5.57367330457706e-15
7708.56245478275 5.58200726174509e-15
7712.82250171614 5.59214497557431e-15
7717.08254864952 5.60613499524763e-15
7721.34259558289 5.62563962292406e-15
7725.60264251627 5.6484713960173e-15
7729.86268944966 5.67308659698098e-15
7734.12273638303 5.69749215729022e-15
7738.38278331641 5.72099689806005e-15
7742.6428302498 5.74303161314993e-15
7746.90287718317 5.76268065994386e-15
7751.16292411655 5.78023118261097e-15
7755.42297104993 5.79701937562555e-15
7759.68301798331 5.81423404972907e-15
7763.94306491669 5.83309662643148e-15
7768.20311185006 5.85379006484937e-15
7772.46315878345 5.87665444871108e-15
7776.72320571683 5.90173932944402e-15
7780.98325265021 5.92937886154587e-15
7785.24329958359 5.95961031446633e-15
7789.50334651697 5.99278690094438e-15
7793.76339345034 6.02756268562685e-15
7798.02344038372 6.06122208088485e-15
7802.28348731711 6.09146920391482e-15
7806.54353425048 6.11618604883218e-15
7810.80358118386 6.13482416180356e-15
7815.06362811725 6.14683890064389e-15
7819.32367505062 6.15139254976833e-15
7823.583721984 6.15097284494296e-15
7827.84376891738 6.14822210544676e-15
7832.10381585076 6.14604268967347e-15
7836.36386278414 6.14617016813203e-15
7840.62390971751 6.1492042401491e-15
7844.8839566509 6.15604191361581e-15
7849.14400358428 6.16700675511801e-15
7853.40405051765 6.17941875241061e-15
7857.66409745103 6.19106757301772e-15
7861.92414438442 6.19903984711728e-15
7866.18419131779 6.20308654702278e-15
7870.44423825117 6.20299167933269e-15
7874.70428518456 6.1986701172358e-15
7878.96433211793 6.18985038667252e-15
7883.22437905131 6.17615936962957e-15
7887.48442598469 6.15737471995831e-15
7891.74447291807 6.13348669677985e-15
7896.00451985145 6.1059979365426e-15
7900.26456678483 6.07602694625343e-15
7904.52461371821 6.04496794214351e-15
7908.78466065159 6.0124024899369e-15
7913.04470758497 5.97777917118493e-15
7917.30475451835 5.94080448897139e-15
7921.56480145173 5.90030445563137e-15
7925.8248483851 5.8545845817539e-15
7930.08489531848 5.80199908232245e-15
7934.34494225187 5.74127783143264e-15
7938.60498918524 5.67386713784188e-15
7942.86503611862 5.60075591251609e-15
7947.12508305201 5.52337352355378e-15
7951.38512998538 5.44214984017567e-15
7955.64517691876 5.35764940984111e-15
7959.90522385214 5.27027923188125e-15
7964.16527078552 5.1810316053938e-15
7968.4253177189 5.09120249078806e-15
7972.68536465228 5.00208615440744e-15
7976.94541158566 4.91459950941733e-15
7981.20545851904 4.82683884926879e-15
7985.46550545241 4.73761028102265e-15
7989.72555238579 4.64510369527064e-15
7993.98559931918 4.55074041329825e-15
7998.24564625255 4.45591126320487e-15
8002.50569318593 4.3618478308958e-15
8006.76574011932 4.26989054601009e-15
8011.02578705269 4.18130656983681e-15
8015.28583398607 4.09758710387962e-15
8019.54588091945 4.01965287295217e-15
8023.80592785283 3.94481327689752e-15
8028.06597478621 3.87121416059412e-15
8032.32602171959 3.79615603003907e-15
8036.58606865297 3.72112373398892e-15
8040.84611558635 3.64745304340147e-15
8045.10616251973 3.5764212839612e-15
8049.3662094531 3.50889899377964e-15
8053.62625638649 3.44534145306594e-15
8057.88630331986 3.38649765070371e-15
8062.14635025324 3.3325145469093e-15
8066.40639718663 3.28040084482948e-15
8070.66644412 3.22794134154894e-15
8074.92649105338 3.17262924306029e-15
8079.18653798676 3.11414013574472e-15
8083.44658492014 3.0524473380644e-15
8087.70663185352 2.9867821676197e-15
8091.9666787869 2.91938799117141e-15
8096.22672572028 2.85415586632099e-15
8100.48677265366 2.79478563298204e-15
8104.74681958704 2.74420188416319e-15
8109.00686652042 2.7005394533146e-15
8113.2669134538 2.66289921496275e-15
8117.52696038718 2.63032825704198e-15
8121.78700732055 2.60052370872695e-15
8126.04705425394 2.57143151512055e-15
8130.30710118732 2.53968112036743e-15
8134.56714812069 2.50643634773712e-15
8138.82719505408 2.47535235615526e-15
8143.08724198745 2.44958519038331e-15
8147.34728892083 2.43171618332803e-15
8151.60733585421 2.42010717326944e-15
8155.86738278759 2.41411716802469e-15
8160.12742972097 2.41315747969545e-15
8164.38747665435 2.41514017206674e-15
8168.64752358773 2.41823417166482e-15
8172.90757052111 2.41936390185822e-15
8177.16761745449 2.41968153921344e-15
8181.42766438787 2.42250808815843e-15
8185.68771132125 2.43069275576951e-15
8189.94775825463 2.44639589957866e-15
8194.207805188 2.46761407490738e-15
8198.46785212139 2.49330119606581e-15
8202.72789905477 2.52252595032846e-15
8206.98794598814 2.5524645416074e-15
8211.24799292153 2.58066015083912e-15
8215.50803985491 2.60342479657129e-15
8219.76808678828 2.62179651768077e-15
8224.02813372166 2.63921977364755e-15
8228.28818065504 2.65873138934579e-15
8232.54822758842 2.68291163889106e-15
8236.8082745218 2.71090501900663e-15
8241.06832145518 2.742739693538e-15
8245.32836838856 2.77845504951721e-15
8249.58841532194 2.81676952609508e-15
8253.84846225531 2.85654026406751e-15
8258.1085091887 2.89610496127552e-15
8262.36855612208 2.93586722891848e-15
8266.62860305545 2.97731551564295e-15
8270.88864998884 3.02153254131375e-15
8275.14869692222 3.06984243018569e-15
8279.40874385559 3.12423549792657e-15
8283.66879078897 3.18637743482717e-15
8287.92883772235 3.25828608512609e-15
8292.18888465573 3.33805477765905e-15
8296.44893158911 3.42384650972171e-15
8300.70897852249 3.5132002270858e-15
8304.96902545587 3.60489175538431e-15
8309.22907238925 3.69819328155732e-15
8313.48911932262 3.79209789518878e-15
8317.74916625601 3.88543457322909e-15
8322.00921318939 3.97625810451491e-15
8326.26926012276 4.06305780578479e-15
8330.52930705615 4.14483206057862e-15
8334.78935398953 4.21936418367342e-15
8339.0494009229 4.28522014828949e-15
8343.30944785628 4.34002572107569e-15
8347.56949478966 4.38654604108832e-15
8351.82954172304 4.4298633060109e-15
8356.08958865642 4.47445916716737e-15
8360.3496355898 4.5245332139102e-15
8364.60968252318 4.58261172200458e-15
8368.86972945656 4.6512324021605e-15
8373.12977638993 4.7335161472721e-15
8377.38982332332 4.82398053658828e-15
8381.6498702567 4.91765687484044e-15
8385.90991719007 5.00792009383165e-15
8390.16996412346 5.09332854348567e-15
8394.43001105683 5.17465895301513e-15
8398.69005799021 5.25205743560344e-15
8402.95010492359 5.32587762750608e-15
8407.21015185697 5.39581925554323e-15
8411.47019879035 5.46208560762225e-15
8415.73024572373 5.52497780395588e-15
8419.99029265711 5.5849443484897e-15
8424.25033959049 5.6424172280268e-15
8428.51038652387 5.69794023771932e-15
8432.77043345726 5.75155996437936e-15
8437.03048039063 5.80308031987962e-15
8441.29052732401 5.85240813059593e-15
8445.55057425739 5.8992905571935e-15
8449.81062119077 5.94306013770992e-15
8454.07066812415 5.98323491039819e-15
8458.33071505752 6.01940109966359e-15
8462.59076199091 6.05170905385423e-15
8466.85080892429 6.08049208043488e-15
8471.11085585766 6.10509457590436e-15
8475.37090279105 6.12800512306169e-15
8479.63094972443 6.15251529193991e-15
8483.8909966578 6.18221014948828e-15
8488.15104359118 6.21843563105998e-15
8492.41109052457 6.25529892844096e-15
8496.67113745794 6.28871310766072e-15
8500.93118439132 6.31354006686122e-15
8505.1912313247 6.33091313612588e-15
8509.45127825808 6.34142269741894e-15
8513.71132519146 6.34619488104377e-15
8517.97137212483 6.3455519830368e-15
8522.23141905822 6.33979597064373e-15
8526.4914659916 6.32933341967925e-15
8530.75151292497 6.31532095363282e-15
8535.01155985836 6.30108063572358e-15
8539.27160679174 6.28921243358313e-15
8543.53165372511 6.28253484934345e-15
8547.79170065849 6.2803372223618e-15
8552.05174759188 6.28192498562143e-15
8556.31179452525 6.28708807495141e-15
8560.57184145863 6.29330233216895e-15
8564.83188839201 6.29747227536828e-15
8569.09193532539 6.29608991759836e-15
8573.35198225877 6.28754801384177e-15
8577.61202919215 6.27575900928189e-15
8581.87207612553 6.26323096847552e-15
8586.13212305891 6.25292173047449e-15
8590.39216999228 6.24538567834277e-15
8594.65221692567 6.24116406613365e-15
8598.91226385905 6.24190098479777e-15
8603.17231079242 6.24478767308201e-15
8607.4323577258 6.24576769020198e-15
8611.69240465918 6.24049321603943e-15
8615.95245159256 6.22652013702505e-15
8620.21249852594 6.20700746253562e-15
8624.47254545932 6.18375894923234e-15
8628.7325923927 6.15940336386699e-15
8632.99263932608 6.13304793371317e-15
8637.25268625945 6.10448386514939e-15
8641.51273319284 6.07315423401282e-15
8645.77278012622 6.04010343192743e-15
8650.03282705959 6.00676167402466e-15
8654.29287399298 5.97462354993993e-15
8658.55292092636 5.94455260976299e-15
8662.81296785973 5.91558323593394e-15
8667.07301479311 5.88711954077441e-15
8671.3330617265 5.8578541289303e-15
8675.59310865987 5.83085707131894e-15
8679.85315559325 5.80812058943226e-15
8684.11320252664 5.79295785264346e-15
8688.37324946001 5.78261600387396e-15
8692.63329639339 5.77263245004115e-15
8696.89334332678 5.75916166156449e-15
8701.15339026015 5.73886336401649e-15
8705.41343719353 5.71000283392117e-15
8709.67348412692 5.67072972780525e-15
8713.93353106029 5.61901243714474e-15
8718.19357799367 5.56107834816786e-15
8722.45362492704 5.50224386316805e-15
8726.71367186043 5.44856103255344e-15
8730.97371879381 5.4026704815371e-15
8735.23376572718 5.36570935185071e-15
8739.49381266057 5.33982487201557e-15
8743.75385959395 5.32383543107025e-15
8748.01390652732 5.30978442502472e-15
8752.2739534607 5.29128607248963e-15
8756.53400039409 5.26119226242311e-15
8760.79404732746 5.22005398975733e-15
8765.05409426084 5.1680144030604e-15
8769.31414119422 5.1051971691426e-15
8773.5741881276 5.03479136705035e-15
8777.83423506098 4.96110119470512e-15
8782.09428199436 4.88831777112992e-15
8786.35432892774 4.8207330122685e-15
8790.61437586112 4.76248086241993e-15
8794.87442279449 4.71731664215586e-15
8799.13446972788 4.68902785929993e-15
8803.39451666126 4.67220070276978e-15
8807.65456359463 4.66218623223439e-15
8811.91461052801 4.65349567419556e-15
8816.1746574614 4.64264941730597e-15
8820.43470439477 4.62694542646387e-15
8824.69475132815 4.60311627207524e-15
8828.95479826153 4.57019591306373e-15
8833.21484519491 4.53143356781501e-15
8837.47489212829 4.48939320506041e-15
8841.73493906167 4.4469547368206e-15
8845.99498599505 4.40831775244807e-15
8850.25503292843 4.37714016372553e-15
8854.5150798618 4.35824116460639e-15
8858.77512679519 4.35012870655407e-15
8863.03517372857 4.34954383030399e-15
8867.29522066194 4.35331058582043e-15
8871.55526759532 4.35800272483174e-15
8875.81531452871 4.36054721180529e-15
8880.07536146208 4.35762833626905e-15
8884.33540839546 4.34601509104572e-15
8888.59545532885 4.32522974955305e-15
8892.85550226222 4.29492036960145e-15
8897.1155491956 4.25540585909556e-15
8901.37559612898 4.2072914230762e-15
8905.63564306236 4.15178365997674e-15
8909.89568999574 4.08960890054943e-15
8914.15573692911 4.02367289131984e-15
8918.4157838625 3.96070573257037e-15
8922.67583079588 3.90634061691675e-15
8926.93587772925 3.8667083688312e-15
8931.19592466263 3.83700334688746e-15
8935.45597159602 3.8139327105031e-15
8939.71601852939 3.79280559121621e-15
8943.97606546277 3.77321033101443e-15
8948.23611239616 3.75557383450317e-15
8952.49615932953 3.73937517641988e-15
8956.75620626291 3.72542200267976e-15
8961.0162531963 3.71662302442368e-15
8965.27630012967 3.71529106511412e-15
8969.53634706305 3.72383847458487e-15
8973.79639399644 3.73998758124074e-15
8978.05644092981 3.76184357237875e-15
8982.31648786319 3.78718341002881e-15
8986.57653479656 3.81341009117464e-15
8990.83658172995 3.83772247785968e-15
8995.09662866333 3.85764426926263e-15
8999.35667559671 3.87036924522923e-15
9003.61672253009 3.87255755484846e-15
9007.87676946347 3.86169223971756e-15
9012.13681639684 3.83578192537752e-15
9016.39686333022 3.79852814580786e-15
9020.65691026361 3.75352316773787e-15
9024.91695719698 3.70281342276812e-15
9029.17700413036 3.6550500819054e-15
9033.43705106375 3.61891989154027e-15
9037.69709799712 3.60512087779655e-15
9041.9571449305 3.61520099338535e-15
9046.21719186388 3.63597744103207e-15
9050.47723879726 3.65786646645502e-15
9054.73728573064 3.66997099078776e-15
9058.99733266402 3.67329008939157e-15
9063.2573795974 3.66718764052308e-15
9067.51742653078 3.6508699743107e-15
9071.77747346415 3.62767694166545e-15
9076.03752039753 3.60204784226391e-15
9080.29756733092 3.57840207050836e-15
9084.55761426429 3.5610594944298e-15
9088.81766119767 3.55369030778869e-15
9093.07770813106 3.56001129115757e-15
9097.33775506443 3.58350840863088e-15
9101.59780199781 3.61594299424714e-15
9105.85784893119 3.65092376090285e-15
9110.11789586457 3.67975125671323e-15
9114.37794279795 3.70225099289114e-15
9118.63798973133 3.7195774753437e-15
9122.89803666471 3.73230372185973e-15
9127.15808359809 3.74175745658403e-15
9131.41813053147 3.7498339157361e-15
9135.67817746484 3.75866804585949e-15
9139.93822439823 3.77050490778089e-15
9144.1982713316 3.78397993142229e-15
9148.45831826498 3.79828165922021e-15
9152.71836519837 3.81252070658002e-15
9156.97841213174 3.82570943308525e-15
9161.23845906512 3.83694998381178e-15
9165.4985059985 3.84447460099872e-15
9169.75855293188 3.84860558068248e-15
9174.01859986526 3.85254978960137e-15
9178.27864679864 3.85871661297385e-15
9182.53869373202 3.86964418502638e-15
9186.7987406654 3.88038032763283e-15
9191.05878759877 3.88742086549041e-15
9195.31883453215 3.8865746795761e-15
9199.57888146554 3.87684100046273e-15
9203.83892839891 3.85793141343175e-15
9208.09897533229 3.82808959566703e-15
9212.35902226568 3.78912565657686e-15
9216.61906919905 3.74725131227992e-15
9220.87911613243 3.7078337870465e-15
9225.13916306582 3.67646688646025e-15
9229.39920999919 3.64243479670547e-15
9233.65925693257 3.5984797159736e-15
9237.91930386595 3.53429642967011e-15
9242.17935079933 3.45274430926671e-15
9246.43939773271 3.35821373828723e-15
9250.69944466609 3.25492675245728e-15
9254.95949159947 3.14649870015397e-15
9259.21953853285 3.03514541956731e-15
9263.47958546623 2.92425186611278e-15
9267.73963239961 2.8172701225669e-15
9271.99967933299 2.71266134182276e-15
9276.25972626637 2.610105980701e-15
9280.51977319974 2.50722260607041e-15
9284.77982013313 2.4100630565809e-15
9289.0398670665 2.32503746581904e-15
9293.29991399988 2.25900087142696e-15
9297.55996093327 2.21490666553351e-15
9301.82000786664 2.19076050906437e-15
9306.08005480002 2.18563405390935e-15
9310.3401017334 2.19789527933733e-15
9314.60014866678 2.22642356075909e-15
9318.86019560016 2.26948777458868e-15
9323.12024253354 2.32361275640176e-15
9327.38028946692 2.39013512418908e-15
9331.6403364003 2.4699438390288e-15
9335.90038333368 2.56473868428782e-15
9340.16043026705 2.67080203236064e-15
9344.42047720044 2.77826362007113e-15
9348.68052413382 2.87923333551563e-15
9352.94057106719 2.96583567810881e-15
9357.20061800058 3.03026333341757e-15
9361.46066493395 3.0660523812632e-15
9365.72071186733 3.06501518941929e-15
9369.98075880071 3.03357036180189e-15
9374.24080573409 2.98012660623665e-15
9378.50085266747 2.91405401294431e-15
9382.76089960085 2.84302161822933e-15
9387.02094653423 2.7720332692276e-15
9391.28099346761 2.70726362436638e-15
9395.54104040099 2.65412268307978e-15
9399.80108733436 2.61286159063665e-15
9404.06113426775 2.58387527614866e-15
9408.32118120113 2.5661369239255e-15
9412.5812281345 2.56011917835173e-15
9416.84127506789 2.56557174119145e-15
9421.10132200126 2.58222822058273e-15
9425.36136893464 2.60737726406142e-15
9429.62141586802 2.63593709746047e-15
9433.8814628014 2.66340087022577e-15
9438.14150973478 2.68537502245991e-15
9442.40155666816 2.69993128365848e-15
9446.66160360154 2.70515260650359e-15
9450.92165053492 2.69881785884931e-15
9455.1816974683 2.6830056595482e-15
9459.44174440167 2.66033418744023e-15
9463.70179133506 2.63422905552233e-15
9467.96183826844 2.6065200667188e-15
9472.22188520181 2.57731331190629e-15
9476.4819321352 2.5474670472186e-15
9480.74197906858 2.51780204758162e-15
9485.00202600195 2.48973285801727e-15
9489.26207293534 2.46447835893665e-15
9493.52211986872 2.44250505373545e-15
9497.78216680209 2.42674515871883e-15
9502.04221373547 2.41973574932207e-15
9506.30226066885 2.42446240492598e-15
9510.56230760223 2.44056619531918e-15
9514.82235453561 2.46450673454038e-15
9519.08240146899 2.49323428046298e-15
9523.34244840237 2.52330691470582e-15
9527.60249533575 2.55239254380688e-15
9531.86254226912 2.57790962310115e-15
9536.12258920251 2.59805270186157e-15
9540.38263613589 2.60964815939301e-15
9544.64268306926 2.61040858322141e-15
9548.90273000265 2.59722557418858e-15
9553.16277693602 2.57241089696581e-15
9557.4228238694 2.54302118303669e-15
9561.68287080278 2.51469153084106e-15
9565.94291773617 2.49307546178537e-15
9570.20296466954 2.48362829156641e-15
9574.46301160292 2.49088334051788e-15
9578.7230585363 2.52277222515787e-15
9582.98310546968 2.56737105092965e-15
9587.24315240306 2.61282474470345e-15
9591.50319933644 2.6431637708082e-15
9595.76324626982 2.65678046071003e-15
9600.0232932032 2.66434150031369e-15
9604.28334013657 2.67327473329191e-15
9608.54338706996 2.69092541760503e-15
9612.80343400334 2.71106955515663e-15
9617.06348093671 2.73082596337663e-15
9621.3235278701 2.74624725697258e-15
9625.58357480348 2.7567525831009e-15
9629.84362173685 2.7616833736451e-15
9634.10366867023 2.76075396674373e-15
9638.36371560361 2.75305994296734e-15
9642.62376253699 2.73745929014481e-15
9646.88380947037 2.71262682523016e-15
9651.14385640375 2.67812865559615e-15
9655.40390333713 2.6429808116916e-15
9659.66395027051 2.61364679017876e-15
9663.92399720388 2.60002120643099e-15
9668.18404413727 2.59444921194571e-15
9672.44409107065 2.58954489118111e-15
9676.70413800402 2.57643769159706e-15
9680.96418493741 2.55336027894912e-15
9685.22423187079 2.52438370534002e-15
9689.48427880416 2.49130960984858e-15
9693.74432573754 2.45688979076219e-15
9698.00437267093 2.42867829966271e-15
9702.2644196043 2.41277186794622e-15
9706.52446653768 2.41818504375388e-15
9710.78451347106 2.43699828078711e-15
9715.04456040444 2.46138414758033e-15
9719.30460733782 2.48124834074286e-15
9723.56465427119 2.49409571297034e-15
9727.82470120458 2.50310835528736e-15
9732.08474813796 2.50973935271494e-15
9736.34479507133 2.51553814027184e-15
9740.60484200472 2.51771861483631e-15
9744.8648889381 2.51506147248078e-15
9749.12493587147 2.50701847113012e-15
9753.38498280486 2.49196987203097e-15
9757.64502973824 2.46913746366302e-15
9761.90507667161 2.43531586159563e-15
9766.16512360499 2.39562093307197e-15
9770.42517053837 2.36039325631214e-15
9774.68521747175 2.33898809846032e-15
9778.94526440513 2.33870413066475e-15
9783.20531133851 2.35039043247978e-15
9787.46535827189 2.36846548029948e-15
9791.72540520527 2.38605560175687e-15
9795.98545213864 2.40029337856727e-15
9800.24549907203 2.40878403683054e-15
9804.50554600541 2.40648561292817e-15
9808.76559293878 2.39718730874968e-15
9813.02563987217 2.39016349979282e-15
9817.28568680555 2.39362341762411e-15
9821.54573373892 2.4142977978007e-15
9825.8057806723 2.44724695593241e-15
9830.06582760569 2.48971570560009e-15
9834.32587453906 2.5384884979777e-15
9838.58592147244 2.58762678507205e-15
9842.84596840583 2.63121912394426e-15
9847.1060153392 2.66301504671829e-15
9851.36606227258 2.6797602528108e-15
9855.62610920595 2.68076335157858e-15
9859.88615613934 2.66456829338532e-15
9864.14620307272 2.63209813238527e-15
9868.40625000609 2.59526956335513e-15
9872.66629693948 2.56364495299468e-15
9876.92634387286 2.55036622923881e-15
9881.18639080623 2.55024573880206e-15
9885.44643773962 2.55903942310222e-15
9889.706484673 2.5682479417883e-15
9893.96653160637 2.58116455895921e-15
9898.22657853975 2.60719494021952e-15
9902.48662547314 2.65413115340925e-15
9906.74667240651 2.72597373513828e-15
9911.00671933989 2.80380780441972e-15
9915.26676627328 2.87446454002259e-15
9919.52681320665 2.92187128001452e-15
9923.78686014003 2.94585353560837e-15
9928.04690707341 2.94659468943722e-15
9932.30695400679 2.92121165310685e-15
9936.56700094017 2.8769535463381e-15
9940.82704787354 2.82591769368366e-15
9945.08709480693 2.78231307283372e-15
9949.34714174031 2.75509705720549e-15
9953.60718867368 2.71898041936751e-15
9957.86723560709 2.6583080846304e-15
9962.12728254048 2.54880641806644e-15
9966.38732947386 2.41610981303311e-15
9970.64737640725 2.28243297912157e-15
9974.90742334054 2.17492120470895e-15
9979.16747027392 2.09998398810712e-15
9983.42751720731 2.0521113799942e-15
9987.6875641407 2.02962816095876e-15
9991.94761107408 2.0284543850521e-15
9996.20765800747 2.04136909639889e-15
10000.4677049409 2.06082036099964e-15
10004.7277518742 2.0767680855723e-15
10008.9877988076 2.09238017333962e-15
10013.247845741 2.11000396435667e-15
10017.5078926744 2.1326712012999e-15
10021.7679396078 2.16041513021251e-15
10026.0279865412 2.19151225080505e-15
10030.2880334746 2.22609660604145e-15
10034.5480804078 2.26278139122879e-15
10038.8081273412 2.29227529021043e-15
10043.0681742746 2.30782427402317e-15
10047.328221208 2.29914303334676e-15
10051.5882681414 2.27963226468147e-15
10055.8483150748 2.2605145193037e-15
10060.1083620082 2.25755117453773e-15
10064.3684089416 2.26988100963444e-15
10068.6284558749 2.2885782031539e-15
10072.8885028083 2.30697131184529e-15
10077.1485497417 2.31918446815351e-15
10081.4085966751 2.3266840978685e-15
10085.6686436085 2.32885779616939e-15
10089.9286905419 2.32445280132719e-15
10094.1887374752 2.31886280739179e-15
10098.4487844085 2.31671600238697e-15
10102.7088313419 2.3248204136263e-15
10106.9688782753 2.34180723586701e-15
10111.2289252087 2.36247568681297e-15
10115.4889721421 2.38243750052267e-15
10119.7490190755 2.39771733961643e-15
10124.0090660089 2.40805855311122e-15
10128.2691129422 2.41232463455007e-15
10132.5291598756 2.40995696570425e-15
10136.789206809 2.40048163163979e-15
10141.0492537424 2.38414702476847e-15
10145.3093006758 2.36064906026221e-15
10149.5693476092 2.33340403375554e-15
10153.8293945425 2.30741706293378e-15
10158.0894414759 2.28680536319529e-15
