3224.83012740373  1.035954E-16
3227.79291408915  1.784668E-16
3230.75570077458  1.269618E-16
3233.71848746  9.798122E-18
3236.68127414543  5.099713E-17
3239.64406083085  1.763270E-16
3242.60684751628  2.019628E-16
3245.5696342017  6.644653E-17
3248.53242088713  8.289456E-17
3251.49520757255  1.335216E-16
3254.45799425798  1.689030E-16
3257.4207809434  1.278078E-16
3260.38356762883  1.336854E-16
3263.34635431425  1.747923E-16
3266.30914099967  5.319817E-17
3269.2719276851  1.006713E-16
3272.23471437052  1.130524E-16
3275.19750105595  1.378544E-16
3278.16028774137  9.021944E-17
3281.1230744268  -1.023196E-17
3284.08586111222  8.758577E-17
3287.04864779765  1.033966E-16
3290.01143448307  1.021320E-17
3292.9742211685  1.027020E-16
3295.93700785392  1.288049E-16
3298.89979453935  9.547540E-17
3301.86258122477  1.824298E-17
3304.8253679102  9.110054E-17
3307.78815459562  5.903896E-17
3310.75094128104  4.803187E-17
3313.71372796647  5.461687E-17
3316.67651465189  9.215621E-17
3319.63930133732  3.191686E-17
3322.60208802274  1.318005E-16
3325.56487470817  9.322700E-17
3328.52766139359  1.316211E-16
3331.49044807902  1.884908E-16
3334.45323476444  6.432647E-17
3337.41602144987  1.010069E-16
3340.37880813529  1.510666E-16
3343.34159482072  1.029533E-16
3346.30438150614  1.725642E-16
3349.26716819156  1.055230E-16
3352.22995487699  9.488816E-17
3355.19274156241  1.602150E-16
3358.15552824784  6.547651E-17
3361.11831493326  9.238854E-17
3364.08110161869  1.360319E-16
3367.04388830411  1.755909E-16
3370.00667498954  1.471392E-16
3372.96946167496  1.149468E-16
3375.93224836039  1.295473E-16
3378.89503504581  8.556990E-17
3381.85782173124  1.044701E-16
3384.82060841666  9.772375E-17
3387.78339510209  8.790337E-17
3390.74618178751  1.076073E-16
3393.70896847293  1.448743E-16
3396.67175515836  1.369698E-16
3399.63454184378  1.060314E-16
3402.59732852921  1.260664E-16
3405.56011521463  1.476281E-16
3408.52290190006  2.238544E-16
3411.48568858548  8.909950E-17
3414.44847527091  3.658127E-17
3417.41126195633  1.022187E-16
3420.37404864176  1.250162E-16
3423.33683532718  1.845409E-16
3426.29962201261  1.879748E-16
3429.26240869803  1.521814E-16
3432.22519538345  1.050917E-16
3435.18798206888  1.576110E-16
3438.15076875431  1.383273E-16
3441.11355543973  1.210707E-16
3444.07634212515  1.140801E-16
3447.03912881058  1.274011E-16
3450.001915496  1.542229E-16
3452.96470218143  1.316335E-16
3455.92748886685  9.315341E-17
3458.89027555228  1.581839E-16
3461.8530622377  1.473670E-16
3464.81584892313  1.592232E-16
3467.77863560855  1.496659E-16
3470.74142229398  1.717076E-16
3473.7042089794  1.537726E-16
3476.66699566482  1.067611E-16
3479.62978235025  1.287655E-16
3482.59256903568  1.841416E-16
3485.5553557211  1.377923E-16
3488.51814240652  1.725902E-16
3491.48092909195  1.672921E-16
3494.44371577737  1.374037E-16
3497.4065024628  1.501110E-16
3500.36928914822  1.703719E-16
3503.33207583365  1.490992E-16
3506.29486251907  1.665099E-16
3509.2576492045  1.158130E-16
3512.22043588992  1.278006E-16
3515.18322257535  1.481708E-16
3518.14600926077  1.938048E-16
3521.10879594619  1.515977E-16
3524.07158263162  1.674255E-16
3527.03436931704  1.246149E-16
3529.99715600247  1.527524E-16
3532.95994268789  2.219073E-16
3535.92272937332  1.551618E-16
3538.88551605874  1.626665E-16
3541.84830274417  1.741425E-16
3544.81108942959  2.098085E-16
3547.77387611502  2.236705E-16
3550.73666280044  1.826861E-16
3553.69944948587  1.698395E-16
3556.66223617129  1.622838E-16
3559.62502285672  1.537013E-16
3562.58780954214  1.334936E-16
3565.55059622756  1.645740E-16
3568.51338291299  2.186046E-16
3571.47616959841  2.179273E-16
3574.43895628384  1.987019E-16
3577.40174296926  1.931839E-16
3580.36452965469  1.513156E-16
3583.32731634011  1.967511E-16
3586.29010302554  2.362061E-16
3589.25288971096  1.837748E-16
3592.21567639639  1.410525E-16
3595.17846308181  1.718599E-16
3598.14124976724  1.817778E-16
3601.10403645266  2.332615E-16
3604.06682313808  2.238770E-16
3607.02960982351  2.149076E-16
3609.99239650893  1.908490E-16
3612.95518319436  1.800901E-16
3615.91796987978  2.034599E-16
3618.88075656521  1.759765E-16
3621.84354325063  1.936048E-16
3624.80632993606  2.124064E-16
3627.76911662148  1.829962E-16
3630.73190330691  1.775568E-16
3633.69468999233  1.905425E-16
3636.65747667776  1.806863E-16
3639.62026336318  2.068117E-16
3642.5830500486  2.564390E-16
3645.54583673403  2.199061E-16
3648.50862341945  2.141219E-16
3651.47141010488  2.285479E-16
3654.4341967903  1.862546E-16
3657.39698347573  1.913908E-16
3660.35977016115  2.070017E-16
3663.32255684658  2.163636E-16
3666.285343532  1.938048E-16
3669.24813021743  2.169041E-16
3672.21091690285  2.065891E-16
3675.17370358828  2.191124E-16
3678.1364902737  1.972488E-16
3681.09927695913  1.877271E-16
3684.06206364455  2.077139E-16
3687.02485032998  2.134195E-16
3689.9876370154  2.318017E-16
3692.95042370082  2.146483E-16
3695.91321038625  1.730206E-16
3698.87599707167  1.892671E-16
3701.8387837571  1.827072E-16
3704.80157044252  1.695769E-16
3707.76435712795  1.996393E-16
3710.72714381337  1.528483E-16
3713.6899304988  1.594070E-16
3716.65271718422  1.605498E-16
3719.61550386965  1.476747E-16
3722.57829055507  1.346880E-16
3725.5410772405  1.453288E-16
3728.50386392592  1.276740E-16
3731.46665061135  1.208290E-16
3734.42943729677  1.228451E-16
3737.39222398219  1.386874E-16
3740.35501066762  1.900632E-16
3743.31779735304  1.913227E-16
3746.28058403847  1.535445E-16
3749.24337072389  1.589148E-16
3752.20615740932  1.661659E-16
3755.16894409474  1.524443E-16
3758.13173078017  1.685947E-16
3761.09451746559  2.154895E-16
3764.05730415102  1.485746E-16
3767.02009083644  1.535269E-16
3769.98287752186  1.738309E-16
3772.94566420729  1.844351E-16
3775.90845089271  1.995548E-16
3778.87123757814  2.064813E-16
3781.83402426356  2.097521E-16
3784.79681094899  1.743620E-16
3787.75959763441  1.914120E-16
3790.72238431984  2.144618E-16
3793.68517100526  2.076913E-16
3796.64795769069  2.433168E-16
3799.61074437611  2.226985E-16
3802.57353106154  2.218215E-16
3805.53631774696  2.338012E-16
3808.49910443239  2.227381E-16
3811.46189111781  2.553794E-16
3814.42467780324  1.937976E-16
3817.38746448866  1.978957E-16
3820.35025117408  2.145925E-16
3823.31303785951  2.241990E-16
3826.27582454493  2.285824E-16
3829.23861123036  2.171918E-16
3832.20139791578  2.413372E-16
3835.16418460121  2.439908E-16
3838.12697128663  2.211820E-16
3841.08975797206  2.123018E-16
3844.05254465748  2.454168E-16
3847.01533134291  2.582394E-16
3849.97811802833  2.583254E-16
3852.94090471376  2.402037E-16
3855.90369139918  2.703783E-16
3858.86647808461  2.274071E-16
3861.82926477003  2.450908E-16
3864.79205145545  2.403868E-16
3867.75483814088  2.618707E-16
3870.7176248263  2.645686E-16
3873.68041151173  2.520535E-16
3876.64319819715  2.770777E-16
3879.60598488258  2.917674E-16
3882.568771568  2.718275E-16
3885.53155825343  2.900912E-16
3888.49434493885  2.923768E-16
3891.45713162428  3.260896E-16
3894.4199183097  3.154236E-16
3897.38270499513  3.380244E-16
3900.34549168055  3.137881E-16
3903.30827836597  3.304086E-16
3906.2710650514  3.501910E-16
3909.23385173682  3.261968E-16
3912.19663842225  3.172396E-16
3915.15942510767  3.669725E-16
3918.1222117931  3.379655E-16
3921.08499847852  3.515771E-16
3924.04778516395  2.967479E-16
3927.01057184937  3.547804E-16
3929.9733585348  4.268068E-16
3932.93614522022  3.764377E-16
3935.89893190565  3.844860E-16
3938.86171859107  4.060432E-16
3941.8245052765  3.862345E-16
3944.78729196192  3.884105E-16
3947.75007864734  3.927866E-16
3950.71286533277  3.375765E-16
3953.67565201819  4.005856E-16
3956.63843870362  3.623381E-16
3959.60122538904  3.829380E-16
3962.56401207447  3.851456E-16
3965.52679875989  4.037370E-16
3968.48958544532  3.599473E-16
3971.45237213074  3.545065E-16
3974.41515881617  3.810007E-16
3977.37794550159  3.677103E-16
3980.34073218702  3.725902E-16
3983.30351887244  3.350543E-16
3986.26630555786  3.370049E-16
3989.22909224329  2.857175E-16
3992.19187892871  3.143615E-16
3995.15466561414  3.111593E-16
3998.11745229956  2.789759E-16
4001.08023898499  2.791554E-16
4004.04302567041  2.638067E-16
4007.00581235584  2.487745E-16
4009.96859904126  2.549819E-16
4012.93138572669  2.551771E-16
4015.89417241211  2.700455E-16
4018.85695909754  2.337516E-16
4021.81974578296  2.573453E-16
4024.78253246839  2.139323E-16
4027.74531915381  2.358817E-16
4030.70810583923  2.477092E-16
4033.67089252466  2.663001E-16
4036.63367921008  2.310783E-16
4039.59646589551  2.454994E-16
4042.55925258093  2.626233E-16
4045.52203926636  2.937325E-16
4048.48482595178  2.639538E-16
4051.44761263721  2.628734E-16
4054.41039932263  2.578779E-16
4057.37318600806  2.682419E-16
4060.33597269348  2.535776E-16
4063.2987593789  2.667474E-16
4066.26154606433  2.846826E-16
4069.22433274976  2.846929E-16
4072.18711943518  2.919383E-16
4075.1499061206  2.917420E-16
4078.11269280603  3.070938E-16
4081.07547949145  3.007894E-16
4084.03826617688  2.923412E-16
4087.0010528623  2.880566E-16
4089.96383954773  2.901850E-16
4092.92662623315  2.886623E-16
4095.88941291858  2.723951E-16
4098.852199604  3.085536E-16
4101.81498628943  2.559262E-16
4104.77777297485  2.886289E-16
4107.74055966028  3.211500E-16
4110.7033463457  2.924471E-16
4113.66613303112  2.893572E-16
4116.62891971655  3.076726E-16
4119.59170640197  3.071601E-16
4122.5544930874  2.808730E-16
4125.51727977282  2.988008E-16
4128.48006645825  2.862521E-16
4131.44285314367  2.947378E-16
4134.4056398291  2.998542E-16
4137.36842651452  3.196417E-16
4140.33121319995  2.916318E-16
4143.29399988537  3.157150E-16
4146.2567865708  3.020804E-16
4149.21957325622  3.144378E-16
4152.18235994165  2.961959E-16
4155.14514662707  2.707485E-16
4158.10793331249  3.059268E-16
4161.07071999792  3.063496E-16
4164.03350668334  2.883673E-16
4166.99629336877  2.966674E-16
4169.95908005419  3.080029E-16
4172.92186673962  3.130319E-16
4175.88465342504  3.110537E-16
4178.84744011047  3.176481E-16
4181.81022679589  3.043065E-16
4184.77301348132  3.160543E-16
4187.73580016674  3.240708E-16
4190.69858685216  3.234609E-16
4193.66137353759  3.225811E-16
4196.62416022302  2.944083E-16
4199.58694690844  3.220690E-16
4202.54973359386  3.035419E-16
4205.51252027929  3.003086E-16
4208.47530696471  3.444292E-16
4211.43809365014  3.276229E-16
4214.40088033556  3.061001E-16
4217.36366702099  2.874455E-16
4220.32645370641  3.132665E-16
4223.28924039184  3.372351E-16
4226.25202707726  2.904456E-16
4229.21481376269  2.573746E-16
4232.17760044811  3.324733E-16
4235.14038713354  3.432555E-16
4238.10317381896  3.068838E-16
4241.06596050438  3.280505E-16
4244.02874718981  3.054683E-16
4246.99153387523  2.912289E-16
4249.95432056066  2.886374E-16
4252.91710724608  3.061075E-16
4255.87989393151  3.099778E-16
4258.84268061693  3.196279E-16
4261.80546730236  3.488873E-16
4264.76825398778  3.132407E-16
4267.73104067321  3.152297E-16
4270.69382735863  2.900167E-16
4273.65661404406  3.186745E-16
4276.61940072948  3.150526E-16
4279.5821874149  3.277284E-16
4282.54497410033  3.249412E-16
4285.50776078575  3.252520E-16
4288.47054747118  3.201285E-16
4291.4333341566  3.213520E-16
4294.39612084203  3.313284E-16
4297.35890752745  3.342910E-16
4300.32169421288  3.371858E-16
4303.2844808983  3.532293E-16
4306.24726758373  3.291082E-16
4309.21005426915  3.032895E-16
4312.17284095458  3.113953E-16
4315.13562764  3.328845E-16
4318.09841432542  3.034230E-16
4321.06120101085  2.940012E-16
4324.02398769627  3.031655E-16
4326.9867743817  2.844466E-16
4329.94956106712  2.929661E-16
4332.91234775255  2.895760E-16
4335.87513443797  2.778225E-16
4338.8379211234  2.611158E-16
4341.80070780882  2.597710E-16
4344.76349449425  2.419051E-16
4347.72628117967  2.265917E-16
4350.6890678651  2.014596E-16
4353.65185455052  2.098311E-16
4356.61464123595  2.135217E-16
4359.57742792137  1.822940E-16
4362.5402146068  1.892210E-16
4365.50300129222  1.858744E-16
4368.46578797764  1.903203E-16
4371.42857466307  1.920345E-16
4374.39136134849  1.875482E-16
4377.35414803392  1.996088E-16
4380.31693471934  2.094000E-16
4383.27972140477  1.777875E-16
4386.24250809019  1.882698E-16
4389.20529477562  2.051245E-16
4392.16808146104  1.943074E-16
4395.13086814647  1.822405E-16
4398.09365483189  1.813791E-16
4401.05644151732  2.101483E-16
4404.01922820274  2.036474E-16
4406.98201488817  2.085207E-16
4409.94480157359  1.931464E-16
4412.90758825901  2.153783E-16
4415.87037494444  2.190824E-16
4418.83316162986  2.140064E-16
4421.79594831529  2.181484E-16
4424.75873500071  2.307955E-16
4427.72152168614  2.195618E-16
4430.68430837156  2.084853E-16
4433.64709505699  2.186735E-16
4436.60988174241  2.089213E-16
4439.57266842784  2.322980E-16
4442.53545511326  2.185784E-16
4445.49824179869  2.482871E-16
4448.46102848411  2.306600E-16
4451.42381516953  2.357218E-16
4454.38660185496  2.465778E-16
4457.34938854038  2.425699E-16
4460.31217522581  2.377253E-16
4463.27496191123  2.530917E-16
4466.23774859666  2.642081E-16
4469.20053528208  2.509516E-16
4472.16332196751  2.527258E-16
4475.12610865293  2.632124E-16
4478.08889533836  2.474237E-16
4481.05168202378  2.495064E-16
4484.01446870921  2.715257E-16
4486.97725539463  2.732014E-16
4489.94004208006  2.693193E-16
4492.90282876548  2.618423E-16
4495.86561545091  2.669555E-16
4498.82840213633  2.913518E-16
4501.79118882175  2.801573E-16
4504.75397550718  2.775020E-16
4507.7167621926  2.650426E-16
4510.67954887803  2.779998E-16
4513.64233556345  2.815567E-16
4516.60512224888  3.015546E-16
4519.5679089343  3.134655E-16
4522.53069561973  3.151337E-16
4525.49348230515  3.038447E-16
4528.45626899058  3.476167E-16
4531.419055676  3.133565E-16
4534.38184236142  3.662122E-16
4537.34462904685  3.707485E-16
4540.30741573227  3.546785E-16
4543.2702024177  3.600009E-16
4546.23298910312  3.809304E-16
4549.19577578855  4.049502E-16
4552.15856247397  4.052291E-16
4555.1213491594  3.941523E-16
4558.08413584482  4.203076E-16
4561.04692253025  4.142946E-16
4564.00970921567  4.532599E-16
4566.9724959011  4.236113E-16
4569.93528258652  4.400093E-16
4572.89806927195  4.602034E-16
4575.86085595737  4.751489E-16
4578.82364264279  4.900748E-16
4581.78642932822  4.774143E-16
4584.74921601364  5.033707E-16
4587.71200269907  4.952373E-16
4590.67478938449  5.122996E-16
4593.63757606992  5.049191E-16
4596.60036275534  5.095036E-16
4599.56314944077  5.101786E-16
4602.52593612619  5.118817E-16
4605.48872281162  5.246533E-16
4608.45150949704  5.531288E-16
4611.41429618247  5.235755E-16
4614.37708286789  5.152968E-16
4617.33986955332  5.211715E-16
4620.30265623874  5.242044E-16
4623.26544292417  5.291561E-16
4626.22822960959  5.140493E-16
4629.19101629501  5.142591E-16
4632.15380298044  5.181752E-16
4635.11658966586  4.481667E-16
4638.07937635129  5.157606E-16
4641.04216303671  5.227903E-16
4644.00494972214  5.110088E-16
4646.96773640756  4.896071E-16
4649.93052309299  4.849100E-16
4652.89330977841  4.820435E-16
4655.85609646384  4.836280E-16
4658.81888314926  4.506649E-16
4661.78166983468  4.268388E-16
4664.74445652011  4.486380E-16
4667.70724320553  4.299274E-16
4670.67002989096  4.162571E-16
4673.63281657638  4.120371E-16
4676.59560326181  4.008304E-16
4679.55838994723  3.911212E-16
4682.52117663266  3.783956E-16
4685.48396331808  3.880628E-16
4688.44675000351  3.759308E-16
4691.40953668893  3.917745E-16
4694.37232337436  3.581731E-16
4697.33511005978  3.390407E-16
4700.29789674521  3.649080E-16
4703.26068343063  3.474131E-16
4706.22347011605  3.428187E-16
4709.18625680148  3.312858E-16
4712.1490434869  3.331480E-16
4715.11183017233  3.178708E-16
4718.07461685775  3.354875E-16
4721.03740354318  3.108026E-16
4724.0001902286  3.219702E-16
4726.96297691403  3.023937E-16
4729.92576359945  3.031437E-16
4732.88855028488  3.194041E-16
4735.8513369703  3.008486E-16
4738.81412365573  3.018307E-16
4741.77691034115  3.017519E-16
4744.73969702658  2.914256E-16
4747.702483712  2.989665E-16
4750.66527039742  3.096099E-16
4753.62805708285  2.838758E-16
4756.59084376827  2.862605E-16
4759.5536304537  2.809567E-16
4762.51641713912  2.958388E-16
4765.47920382455  2.932958E-16
4768.44199050997  2.985129E-16
4771.4047771954  2.825120E-16
4774.36756388082  3.142243E-16
4777.33035056625  3.173283E-16
4780.29313725167  2.824942E-16
4783.2559239371  3.061252E-16
4786.21871062252  3.056952E-16
4789.18149730794  2.912518E-16
4792.14428399337  2.865404E-16
4795.10707067879  2.854812E-16
4798.06985736422  3.072961E-16
4801.03264404964  3.175321E-16
4803.99543073507  2.978474E-16
4806.95821742049  3.179764E-16
4809.92100410592  3.088827E-16
4812.88379079134  3.111773E-16
4815.84657747677  3.049371E-16
4818.80936416219  3.021695E-16
4821.77215084762  2.808704E-16
4824.73493753304  2.976908E-16
4827.69772421847  3.012346E-16
4830.66051090389  3.255162E-16
4833.62329758931  2.947103E-16
4836.58608427474  2.956775E-16
4839.54887096016  3.053262E-16
4842.51165764559  2.816340E-16
4845.47444433101  2.992224E-16
4848.43723101644  3.189424E-16
4851.40001770186  3.252330E-16
4854.36280438729  3.451541E-16
4857.32559107271  3.374248E-16
4860.28837775814  3.371464E-16
4863.25116444356  3.374382E-16
4866.21395112899  3.416240E-16
4869.17673781441  3.182733E-16
4872.13952449983  3.358761E-16
4875.10231118526  3.317253E-16
4878.06509787068  3.165100E-16
4881.02788455611  3.603797E-16
4883.99067124153  3.724286E-16
4886.95345792696  3.554220E-16
4889.91624461238  3.578732E-16
4892.87903129781  3.613579E-16
4895.84181798323  3.830249E-16
4898.80460466866  4.088759E-16
4901.76739135408  3.989825E-16
4904.73017803951  3.928424E-16
4907.69296472493  3.908962E-16
4910.65575141036  4.037291E-16
4913.61853809578  4.238050E-16
4916.5813247812  4.115361E-16
4919.54411146663  3.916636E-16
4922.50689815205  4.223966E-16
4925.46968483748  3.909604E-16
4928.4324715229  4.107743E-16
4931.39525820833  4.037076E-16
4934.35804489375  3.800946E-16
4937.32083157918  3.990030E-16
4940.2836182646  3.974303E-16
4943.24640495003  3.917670E-16
4946.20919163545  3.940224E-16
4949.17197832088  3.709500E-16
4952.1347650063  3.697779E-16
4955.09755169173  3.787850E-16
4958.06033837715  3.846233E-16
4961.02312506257  3.741305E-16
4963.985911748  3.478951E-16
4966.94869843342  3.434510E-16
4969.91148511885  3.722488E-16
4972.87427180427  3.538363E-16
4975.8370584897  3.472945E-16
4978.79984517512  3.276815E-16
4981.76263186055  3.290778E-16
4984.72541854597  3.243278E-16
4987.6882052314  2.905632E-16
4990.65099191682  2.951679E-16
4993.61377860225  2.901164E-16
4996.57656528767  2.924167E-16
4999.5393519731  2.915780E-16
5002.50213865852  2.763352E-16
5005.46492534394  2.997785E-16
5008.42771202937  3.020734E-16
5011.39049871479  3.002259E-16
5014.35328540022  2.824020E-16
5017.31607208564  2.967643E-16
5020.27885877107  3.262584E-16
5023.24164545649  3.151489E-16
5026.20443214192  3.049466E-16
5029.16721882734  2.986120E-16
5032.13000551277  3.286689E-16
5035.09279219819  3.200397E-16
5038.05557888362  3.053541E-16
5041.01836556904  2.998138E-16
5043.98115225447  3.040798E-16
5046.94393893989  3.070760E-16
5049.90672562531  3.127009E-16
5052.86951231074  3.064181E-16
5055.83229899616  2.931197E-16
5058.79508568159  2.945617E-16
5061.75787236701  2.571055E-16
5064.72065905244  2.618196E-16
5067.68344573786  2.936119E-16
5070.64623242329  2.736536E-16
5073.60901910871  2.972449E-16
5076.57180579414  2.721864E-16
5079.53459247956  2.817491E-16
5082.49737916499  2.884341E-16
5085.46016585041  2.729188E-16
5088.42295253583  2.705606E-16
5091.38573922126  2.657498E-16
5094.34852590668  2.680362E-16
5097.31131259211  2.815426E-16
5100.27409927753  2.365762E-16
5103.23688596296  2.667223E-16
5106.19967264838  2.861060E-16
5109.16245933381  2.820712E-16
5112.12524601923  2.689108E-16
5115.08803270466  2.538032E-16
5118.05081939008  2.686513E-16
5121.01360607551  2.911944E-16
5123.97639276093  2.544434E-16
5126.93917944636  2.706827E-16
5129.90196613178  2.743674E-16
5132.8647528172  2.778191E-16
5135.82753950263  2.832564E-16
5138.79032618805  2.860190E-16
5141.75311287348  2.950649E-16
5144.7158995589  2.893072E-16
5147.67868624433  2.879087E-16
5150.64147292975  2.873485E-16
5153.60425961518  3.033035E-16
5156.5670463006  2.987810E-16
5159.52983298603  2.972379E-16
5162.49261967145  3.153078E-16
5165.45540635688  2.938958E-16
5168.4181930423  3.091983E-16
5171.38097972773  3.318357E-16
5174.34376641315  3.040410E-16
5177.30655309858  3.066425E-16
5180.269339784  3.275710E-16
5183.23212646942  3.223195E-16
5186.19491315485  3.150755E-16
5189.15769984027  3.528677E-16
5192.1204865257  3.360442E-16
5195.08327321112  3.405223E-16
5198.04605989655  3.176743E-16
5201.00884658197  3.082326E-16
5203.9716332674  3.178290E-16
5206.93441995282  3.418315E-16
5209.89720663825  3.588248E-16
5212.85999332367  3.585633E-16
5215.8227800091  3.626853E-16
5218.78556669452  3.692982E-16
5221.74835337994  3.689900E-16
5224.71114006537  3.598701E-16
5227.67392675079  3.582611E-16
5230.63671343622  3.696297E-16
5233.59950012164  3.711266E-16
5236.56228680707  3.659435E-16
5239.52507349249  3.632377E-16
5242.48786017792  3.638341E-16
5245.45064686334  3.693890E-16
5248.41343354876  3.788472E-16
5251.37622023419  3.875284E-16
5254.33900691962  3.931202E-16
5257.30179360504  3.953673E-16
5260.26458029047  3.956083E-16
5263.22736697589  3.953587E-16
5266.19015366131  3.963383E-16
5269.15294034674  4.000308E-16
5272.11572703216  4.049287E-16
5275.07851371759  4.109649E-16
5278.04130040301  4.197698E-16
5281.00408708844  4.183348E-16
5283.96687377386  4.099099E-16
5286.92966045929  4.169987E-16
5289.89244714471  4.177720E-16
5292.85523383013  4.102179E-16
5295.81802051556  4.235889E-16
5298.78080720099  4.424819E-16
5301.74359388641  4.518273E-16
5304.70638057184  4.525533E-16
5307.66916725726  4.519264E-16
5310.63195394268  4.512619E-16
5313.59474062811  4.450098E-16
5316.55752731353  4.377963E-16
5319.52031399896  4.360119E-16
5322.48310068438  4.419360E-16
5325.44588736981  4.439266E-16
5328.40867405523  4.335989E-16
5331.37146074066  4.134073E-16
5334.33424742608  4.015745E-16
5337.29703411151  4.064827E-16
5340.25982079693  4.205490E-16
5343.22260748236  4.253061E-16
5346.18539416778  4.183138E-16
5349.1481808532  4.115387E-16
5352.11096753863  4.061828E-16
5355.07375422405  4.035087E-16
5358.03654090948  4.051662E-16
5360.9993275949  4.094538E-16
5363.96211428033  4.160623E-16
5366.92490096575  4.248625E-16
5369.88768765118  4.307038E-16
5372.8504743366  4.331573E-16
5375.81326102203  4.352967E-16
5378.77604770745  4.373363E-16
5381.73883439288  4.389860E-16
5384.7016210783  4.389906E-16
5387.66440776372  4.333291E-16
5390.62719444915  4.260846E-16
5393.58998113457  4.243936E-16
5396.55276782  4.267734E-16
5399.51555450542  4.333375E-16
5402.47834119085  4.426056E-16
5405.44112787627  4.448187E-16
5408.4039145617  4.369135E-16
5411.36670124712  4.259106E-16
5414.32948793255  4.308778E-16
5417.29227461797  4.432140E-16
5420.2550613034  4.464946E-16
5423.21784798882  4.497814E-16
5426.18063467425  4.543248E-16
5429.14342135967  4.576544E-16
5432.1062080451  4.622639E-16
5435.06899473052  4.648650E-16
5438.03178141594  4.648797E-16
5440.99456810137  4.744189E-16
5443.95735478679  4.854505E-16
5446.92014147222  4.857208E-16
5449.88292815764  4.781501E-16
5452.84571484307  4.727272E-16
5455.80850152849  4.752265E-16
5458.77128821392  4.771675E-16
5461.73407489934  4.710848E-16
5464.69686158477  4.592657E-16
5467.65964827019  4.587822E-16
5470.62243495561  4.594066E-16
5473.58522164104  4.510264E-16
5476.54800832646  4.469236E-16
5479.51079501189  4.510218E-16
5482.47358169731  4.573212E-16
5485.43636838274  4.525717E-16
5488.39915506816  4.468086E-16
5491.36194175359  4.505061E-16
5494.32472843901  4.575971E-16
5497.28751512444  4.579437E-16
5500.25030180986  4.482175E-16
5503.21308849529  4.380304E-16
5506.17587518071  4.366859E-16
5509.13866186613  4.452620E-16
5512.10144855156  4.536719E-16
5515.06423523698  4.553507E-16
5518.02702192241  4.501192E-16
5520.98980860784  4.443095E-16
5523.95259529326  4.444299E-16
5526.91538197868  4.444409E-16
5529.87816866411  4.266294E-16
5532.84095534953  4.110048E-16
5535.80374203496  4.107778E-16
5538.76652872038  4.147866E-16
5541.72931540581  4.230402E-16
5544.69210209123  4.328315E-16
5547.65488877665  4.356439E-16
5550.61767546208  4.258725E-16
5553.5804621475  4.113557E-16
5556.54324883293  4.094731E-16
5559.50603551836  4.106864E-16
5562.46882220378  4.051147E-16
5565.4316088892  3.937004E-16
5568.39439557463  3.891598E-16
5571.35718226005  3.943599E-16
5574.31996894548  3.978600E-16
5577.2827556309  3.875217E-16
5580.24554231633  3.678308E-16
5583.20832900175  3.569476E-16
5586.17111568718  3.577905E-16
5589.1339023726  3.608783E-16
5592.09668905802  3.534566E-16
5595.05947574345  3.441191E-16
5598.02226242887  3.406790E-16
5600.9850491143  3.434431E-16
5603.94783579972  3.454879E-16
5606.91062248515  3.421779E-16
5609.87340917057  3.338912E-16
5612.836195856  3.240816E-16
5615.79898254142  3.196955E-16
5618.76176922685  3.241336E-16
5621.72455591227  3.205796E-16
5624.6873425977  3.099114E-16
5627.65012928312  3.052815E-16
5630.61291596855  3.015016E-16
5633.57570265397  3.000188E-16
5636.53848933939  3.042504E-16
5639.50127602482  3.021585E-16
5642.46406271024  2.871297E-16
5645.42684939567  2.653309E-16
5648.38963608109  2.632984E-16
5651.35242276652  2.753424E-16
5654.31520945194  2.799268E-16
5657.27799613737  2.826471E-16
5660.24078282279  2.862234E-16
5663.20356950822  2.886639E-16
5666.16635619364  2.855127E-16
5669.12914287907  2.807103E-16
5672.09192956449  2.792271E-16
5675.05471624992  2.747620E-16
5678.01750293534  2.621349E-16
5680.98028962077  2.444522E-16
5683.94307630619  2.401844E-16
5686.90586299161  2.466833E-16
5689.86864967704  2.522152E-16
5692.83143636246  2.560909E-16
5695.79422304789  2.571891E-16
5698.75700973331  2.543960E-16
5701.71979641874  2.473939E-16
5704.68258310416  2.402720E-16
5707.64536978959  2.372493E-16
5710.60815647501  2.377945E-16
5713.57094316044  2.430627E-16
5716.53372984586  2.501766E-16
5719.49651653129  2.476363E-16
5722.45930321671  2.359323E-16
5725.42208990213  2.222937E-16
5728.38487658756  2.137342E-16
5731.34766327298  2.174180E-16
5734.31044995841  2.315831E-16
5737.27323664383  2.406929E-16
5740.23602332926  2.409697E-16
5743.19881001468  2.378144E-16
5746.16159670011  2.409614E-16
5749.12438338553  2.484476E-16
5752.08717007096  2.549802E-16
5755.04995675638  2.591480E-16
5758.01274344181  2.651417E-16
5760.97553012723  2.741123E-16
5763.93831681265  2.795770E-16
5766.90110349808  2.799265E-16
5769.8638901835  2.808456E-16
5772.82667686893  2.933917E-16
5775.78946355435  3.093847E-16
5778.75225023978  3.205013E-16
5781.7150369252  3.282973E-16
5784.67782361063  3.270085E-16
5787.64061029605  3.167015E-16
5790.60339698148  3.076753E-16
5793.5661836669  3.070323E-16
5796.52897035233  3.165710E-16
5799.49175703775  3.317078E-16
5802.45454372318  3.403692E-16
5805.4173304086  3.396474E-16
5808.38011709403  3.397004E-16
5811.34290377945  3.432387E-16
5814.30569046487  3.500124E-16
5817.2684771503  3.587327E-16
5820.23126383572  3.681983E-16
5823.19405052115  3.788888E-16
5826.15683720657  3.922349E-16
5829.119623892  4.054776E-16
5832.08241057742  4.152189E-16
5835.04519726285  4.195823E-16
5838.00798394827  4.204324E-16
5840.9707706337  4.204304E-16
5843.93355731912  4.210368E-16
5846.89634400454  4.196938E-16
5849.85913068997  4.165887E-16
5852.82191737539  4.147798E-16
5855.78470406082  4.139087E-16
5858.74749074624  4.133674E-16
5861.71027743167  4.130938E-16
5864.67306411709  4.136291E-16
5867.63585080252  4.145116E-16
5870.59863748794  4.149633E-16
5873.56142417337  4.176935E-16
5876.52421085879  4.180930E-16
5879.48699754422  4.097426E-16
5882.44978422964  4.027034E-16
5885.41257091507  4.023092E-16
5888.37535760049  4.016505E-16
5891.33814428592  3.694251E-16
5894.30093097134  3.406443E-16
5897.26371765677  3.669745E-16
5900.22650434219  3.830836E-16
5903.18929102761  3.780537E-16
5906.15207771304  3.818852E-16
5909.11486439846  3.863901E-16
5912.07765108389  3.855403E-16
5915.04043776931  3.794418E-16
5918.00322445474  3.734977E-16
5920.96601114016  3.695840E-16
5923.92879782559  3.667643E-16
5926.89158451101  3.652194E-16
5929.85437119644  3.609083E-16
5932.81715788186  3.492373E-16
5935.77994456729  3.302445E-16
5938.74273125271  3.155147E-16
5941.70551793813  3.155488E-16
5944.66830462356  3.226744E-16
5947.63109130898  3.270327E-16
5950.59387799441  3.172883E-16
5953.55666467983  2.796829E-16
5956.51945136526  2.382637E-16
5959.48223805068  2.274345E-16
5962.44502473611  2.566395E-16
5965.40781142153  2.933876E-16
5968.37059810696  3.031931E-16
5971.33338479238  2.932698E-16
5974.29617147781  2.811855E-16
5977.25895816323  2.795895E-16
5980.22174484865  2.827753E-16
5983.18453153408  2.877193E-16
5986.1473182195  2.897398E-16
5989.11010490493  2.791796E-16
5992.07289159035  2.672593E-16
5995.03567827578  2.647532E-16
5997.9984649612  2.641156E-16
6000.96125164663  2.639043E-16
6003.92403833205  2.644856E-16
6006.88682501748  2.646193E-16
6009.8496117029  2.653632E-16
6012.81239838833  2.660251E-16
6015.77518507375  2.623001E-16
6018.73797175918  2.593208E-16
6021.7007584446  2.593303E-16
6024.66354513002  2.552823E-16
6027.62633181545  2.532054E-16
6030.58911850087  2.561032E-16
6033.5519051863  2.561643E-16
6036.51469187172  2.564694E-16
6039.47747855715  2.575473E-16
6042.44026524257  2.523401E-16
6045.403051928  2.451462E-16
6048.36583861342  2.414485E-16
6051.32862529885  2.423293E-16
6054.29141198427  2.469324E-16
6057.2541986697  2.504695E-16
6060.21698535512  2.462002E-16
6063.17977204054  2.392481E-16
6066.14255872597  2.326318E-16
6069.10534541139  2.231459E-16
6072.06813209682  2.150589E-16
6075.03091878224  2.110078E-16
6077.99370546767  2.090883E-16
6080.95649215309  2.065686E-16
6083.91927883852  2.024135E-16
6086.88206552394  1.980560E-16
6089.84485220937  1.963768E-16
6092.80763889479  1.953563E-16
6095.77042558021  1.892248E-16
6098.73321226564  1.801649E-16
6101.69599895107  1.744500E-16
6104.65878563649  1.770498E-16
6107.62157232191  1.786537E-16
6110.58435900734  1.740521E-16
6113.54714569276  1.663469E-16
6116.50993237819  1.626621E-16
6119.47271906361  1.592061E-16
6122.43550574904  1.468884E-16
6125.39829243446  1.400827E-16
6128.36107911989  1.416423E-16
6131.32386580531  1.425640E-16
6134.28665249074  1.440390E-16
6137.24943917616  1.456024E-16
6140.21222586158  1.447502E-16
6143.17501254701  1.408984E-16
6146.13779923243  1.356657E-16
6149.10058591786  1.323912E-16
6152.06337260329  1.358392E-16
6155.02615928871  1.409370E-16
6157.98894597413  1.396421E-16
6160.95173265956  1.383720E-16
6163.91451934498  1.408371E-16
6166.87730603041  1.473185E-16
6169.84009271583  1.592592E-16
6172.80287940126  1.718733E-16
6175.76566608668  1.786173E-16
6178.72845277211  1.796456E-16
6181.69123945753  1.802029E-16
6184.65402614296  1.866487E-16
6187.61681282838  2.013719E-16
6190.57959951381  2.150626E-16
6193.54238619923  2.181445E-16
6196.50517288465  2.177930E-16
6199.46795957008  2.197322E-16
6202.4307462555  2.249913E-16
6205.39353294093  2.287056E-16
6208.35631962635  2.285620E-16
6211.31910631178  2.268020E-16
6214.2818929972  2.309936E-16
6217.24467968263  2.380452E-16
6220.20746636805  2.420732E-16
6223.17025305348  2.450990E-16
6226.1330397389  2.446522E-16
6229.09582642433  2.395096E-16
6232.05861310975  2.357355E-16
6235.02139979517  2.367767E-16
6237.9841864806  2.422923E-16
6240.94697316602  2.481526E-16
6243.90975985145  2.504386E-16
6246.87254653687  2.483254E-16
6249.8353332223  2.457709E-16
6252.79811990772  2.462266E-16
6255.76090659315  2.494987E-16
6258.72369327857  2.502812E-16
6261.686479964  2.497872E-16
6264.64926664942  2.502491E-16
6267.61205333485  2.505662E-16
6270.57484002027  2.540219E-16
6273.53762670569  2.612937E-16
6276.50041339112  2.665057E-16
6279.46320007655  2.672773E-16
6282.42598676197  2.649022E-16
6285.38877344739  2.635020E-16
6288.35156013282  2.643890E-16
6291.31434681824  2.659463E-16
6294.27713350367  2.650201E-16
6297.23992018909  2.688802E-16
6300.20270687452  2.787825E-16
6303.16549355994  2.838094E-16
6306.12828024537  2.844861E-16
6309.09106693079  2.853011E-16
6312.05385361622  2.899605E-16
6315.01664030164  2.997165E-16
6317.97942698707  3.105584E-16
6320.94221367249  3.147379E-16
6323.90500035791  3.129786E-16
6326.86778704334  3.104589E-16
6329.83057372876  3.128872E-16
6332.79336041419  3.181340E-16
6335.75614709961  3.247833E-16
6338.71893378504  3.340570E-16
6341.68172047046  3.405917E-16
6344.64450715589  3.419130E-16
6347.60729384131  3.409558E-16
6350.57008052674  3.418446E-16
6353.53286721216  3.444393E-16
6356.49565389758  3.446359E-16
6359.45844058301  3.441120E-16
6362.42122726843  3.411322E-16
6365.38401395386  3.321247E-16
6368.34680063928  3.268306E-16
6371.30958732471  3.284736E-16
6374.27237401013  3.325657E-16
6377.23516069556  3.421920E-16
6380.19794738098  3.576480E-16
6383.16073406641  3.743263E-16
6386.12352075183  3.829061E-16
6389.08630743726  3.839734E-16
6392.04909412268  3.854922E-16
6395.01188080811  3.868057E-16
6397.97466749353  3.865263E-16
6400.93745417896  3.843339E-16
6403.90024086438  3.810928E-16
6406.8630275498  3.802254E-16
6409.82581423523  3.847096E-16
6412.78860092065  3.909021E-16
6415.75138760608  3.943487E-16
6418.7141742915  3.925904E-16
6421.67696097693  3.874282E-16
6424.63974766235  3.846533E-16
6427.60253434778  3.885954E-16
6430.5653210332  3.932267E-16
6433.52810771863  3.946658E-16
6436.49089440405  3.929457E-16
6439.45368108948  3.915689E-16
6442.4164677749  3.888421E-16
6445.37925446033  3.830546E-16
6448.34204114575  3.824625E-16
6451.30482783117  3.865933E-16
6454.2676145166  3.889814E-16
6457.23040120202  3.840453E-16
6460.19318788745  3.791111E-16
6463.15597457287  3.829804E-16
6466.1187612583  3.892345E-16
6469.08154794372  3.942491E-16
6472.04433462915  3.970733E-16
6475.00712131457  3.975360E-16
6477.969908  3.937952E-16
6480.93269468542  3.884300E-16
6483.89548137084  3.947469E-16
6486.85826805627  4.049756E-16
6489.82105474169  4.067677E-16
6492.78384142712  4.026760E-16
6495.74662811254  4.000090E-16
6498.70941479797  4.018710E-16
6501.67220148339  3.995761E-16
6504.63498816882  3.963857E-16
6507.59777485424  3.963195E-16
6510.56056153967  3.938342E-16
6513.52334822509  3.908599E-16
6516.48613491052  3.905136E-16
6519.44892159594  3.915593E-16
6522.41170828137  3.945657E-16
6525.37449496679  3.961994E-16
6528.33728165221  3.869766E-16
6531.30006833764  3.747733E-16
6534.26285502306  3.697988E-16
6537.22564170849  3.729278E-16
6540.18842839391  3.778932E-16
6543.15121507934  3.796567E-16
6546.11400176476  3.796592E-16
6549.07678845019  3.741307E-16
6552.03957513561  3.634931E-16
6555.00236182104  3.559672E-16
6557.96514850646  3.538369E-16
6560.92793519189  3.535528E-16
6563.89072187731  3.481040E-16
6566.85350856274  3.405632E-16
6569.81629524816  3.350484E-16
6572.77908193358  3.321445E-16
6575.74186861901  3.347290E-16
6578.70465530443  3.403404E-16
6581.66744198986  3.405402E-16
6584.63022867528  3.342486E-16
6587.59301536071  3.265235E-16
6590.55580204613  3.247667E-16
6593.51858873156  3.234801E-16
6596.48137541698  3.214677E-16
6599.44416210241  3.244476E-16
6602.40694878783  3.227281E-16
6605.36973547326  3.123098E-16
6608.33252215868  3.000365E-16
6611.2953088441  2.917642E-16
6614.25809552953  2.897086E-16
6617.22088221495  2.912506E-16
6620.18366890038  2.890266E-16
6623.1464555858  2.831941E-16
6626.10924227123  2.813027E-16
6629.07202895665  2.854445E-16
6632.03481564208  2.890080E-16
6634.9976023275  2.822224E-16
6637.96038901293  2.705890E-16
6640.92317569835  2.622457E-16
6643.88596238378  2.615382E-16
6646.8487490692  2.626069E-16
6649.81153575463  2.593312E-16
6652.77432244005  2.510009E-16
6655.73710912547  2.499736E-16
6658.6998958109  2.542924E-16
6661.66268249632  2.507541E-16
6664.62546918175  2.356302E-16
6667.58825586717  2.169540E-16
6670.5510425526  2.062455E-16
6673.51382923802  1.994652E-16
6676.47661592345  1.966928E-16
6679.43940260887  2.009444E-16
6682.4021892943  2.097030E-16
6685.36497597972  2.147729E-16
6688.32776266515  2.097129E-16
6691.29054935057  2.023259E-16
6694.253336036  1.996986E-16
6697.21612272142  2.036911E-16
6700.17890940684  2.079077E-16
6703.14169609227  2.110194E-16
6706.10448277769  2.133336E-16
6709.06726946312  2.078688E-16
6712.03005614854  2.013065E-16
6714.99284283397  2.037458E-16
6717.95562951939  2.117072E-16
6720.91841620482  2.148082E-16
6723.88120289024  2.070773E-16
6726.84398957567  2.002866E-16
6729.80677626109  1.963617E-16
6732.76956294652  1.921189E-16
6735.73234963194  1.881586E-16
6738.69513631737  1.886892E-16
6741.65792300279  1.943332E-16
6744.62070968821  1.946315E-16
6747.58349637364  1.905312E-16
6750.54628305906  1.879534E-16
6753.50906974449  1.891326E-16
6756.47185642991  1.908487E-16
6759.43464311534  1.901149E-16
6762.39742980076  1.897633E-16
6765.36021648619  1.900880E-16
6768.32300317161  1.898477E-16
6771.28578985704  1.876747E-16
6774.24857654246  1.851973E-16
6777.21136322789  1.845669E-16
6780.17414991331  1.861439E-16
6783.13693659874  1.888765E-16
6786.09972328416  1.917208E-16
6789.06250996958  1.945825E-16
6792.02529665501  1.918169E-16
6794.98808334043  1.820337E-16
6797.95087002586  1.735628E-16
6800.91365671128  1.708604E-16
6803.87644339671  1.721238E-16
6806.83923008213  1.699165E-16
6809.80201676756  1.693717E-16
6812.76480345298  1.732458E-16
6815.72759013841  1.745076E-16
6818.69037682383  1.712855E-16
6821.65316350925  1.680370E-16
6824.61595019468  1.731440E-16
6827.5787368801  1.784003E-16
6830.54152356553  1.775118E-16
6833.50431025095  1.744541E-16
6836.46709693638  1.709411E-16
6839.4298836218  1.685889E-16
6842.39267030723  1.690443E-16
6845.35545699265  1.716613E-16
6848.31824367808  1.758435E-16
6851.2810303635  1.812219E-16
6854.24381704893  1.821487E-16
6857.20660373435  1.771679E-16
6860.16939041978  1.714604E-16
6863.1321771052  1.706912E-16
6866.09496379062  1.757333E-16
6869.05775047605  1.819133E-16
6872.02053716147  1.841177E-16
6874.9833238469  1.835147E-16
6877.94611053232  1.861997E-16
6880.90889721775  1.898813E-16
6883.87168390317  1.903940E-16
6886.8344705886  1.857972E-16
6889.79725727402  1.830683E-16
6892.76004395945  1.836479E-16
6895.72283064487  1.827792E-16
6898.6856173303  1.805709E-16
6901.64840401572  1.800623E-16
6904.61119070115  1.831991E-16
6907.57397738657  1.794354E-16
6910.536764072  1.726651E-16
6913.49955075742  1.756533E-16
6916.46233744284  1.799514E-16
6919.42512412827  1.801055E-16
6922.38791081369  1.776911E-16
6925.35069749912  1.785818E-16
6928.31348418454  1.823417E-16
6931.27627086997  1.838296E-16
6934.23905755539  1.819650E-16
6937.20184424082  1.764024E-16
6940.16463092624  1.686697E-16
6943.12741761167  1.651369E-16
6946.09020429709  1.667161E-16
6949.05299098251  1.692607E-16
6952.01577766794  1.676965E-16
6954.97856435336  1.608058E-16
6957.94135103879  1.510547E-16
6960.90413772421  1.424039E-16
6963.86692440964  1.367578E-16
6966.82971109506  1.336540E-16
6969.79249778049  1.312233E-16
6972.75528446591  1.266406E-16
6975.71807115134  1.196328E-16
6978.68085783676  1.168148E-16
6981.64364452219  1.179100E-16
6984.60643120761  1.187405E-16
6987.56921789304  1.171620E-16
6990.53200457846  1.170528E-16
6993.49479126389  1.231756E-16
6996.45757794931  1.345219E-16
6999.42036463473  1.452379E-16
7002.38315132016  1.505564E-16
7005.34593800558  1.530107E-16
7008.30872469101  1.556548E-16
7011.27151137643  1.573988E-16
7014.23429806186  1.495643E-16
7017.19708474728  1.392009E-16
7020.15987143271  1.362634E-16
7023.12265811813  1.400613E-16
7026.08544480355  1.414825E-16
7029.04823148898  1.358756E-16
7032.01101817441  1.332376E-16
7034.97380485983  1.348417E-16
7037.93659154526  1.362905E-16
7040.89937823068  1.318090E-16
7043.8621649161  1.247896E-16
7046.82495160153  1.206516E-16
7049.78773828695  1.206606E-16
7052.75052497238  1.241090E-16
7055.7133116578  1.291705E-16
7058.67609834323  1.338340E-16
7061.63888502865  1.333856E-16
7064.60167171408  1.273507E-16
7067.5644583995  1.225914E-16
7070.52724508493  1.229933E-16
7073.49003177035  1.280852E-16
7076.45281845578  1.332900E-16
7079.4156051412  1.368027E-16
7082.37839182662  1.383766E-16
7085.34117851205  1.384299E-16
7088.30396519747  1.382169E-16
7091.2667518829  1.357704E-16
7094.22953856832  1.263947E-16
7097.19232525375  1.158672E-16
7100.15511193917  1.146880E-16
7103.1178986246  1.308419E-16
7106.08068531002  1.498506E-16
7109.04347199545  1.593519E-16
7112.00625868087  1.598452E-16
7114.96904536629  1.569294E-16
7117.93183205172  1.574914E-16
7120.89461873714  1.644313E-16
7123.85740542257  1.637026E-16
7126.820192108  1.527185E-16
7129.78297879342  1.451210E-16
7132.74576547884  1.464051E-16
7135.70855216427  1.536210E-16
7138.67133884969  1.589612E-16
7141.63412553512  1.639895E-16
7144.59691222054  1.717180E-16
7147.55969890597  1.821903E-16
7150.52248559139  1.860099E-16
7153.48527227682  1.813678E-16
7156.44805896224  1.747837E-16
7159.41084564767  1.672113E-16
7162.37363233309  1.616719E-16
7165.33641901851  1.620937E-16
7168.29920570394  1.667110E-16
7171.26199238936  1.704490E-16
7174.22477907479  1.697816E-16
7177.18756576021  1.737985E-16
7180.15035244564  1.791094E-16
7183.11313913106  1.759346E-16
7186.07592581649  1.748075E-16
7189.03871250191  1.788658E-16
7192.00149918734  1.829741E-16
7194.96428587276  1.829994E-16
7197.92707255819  1.811526E-16
7200.88985924361  1.829979E-16
7203.85264592904  1.900948E-16
7206.81543261446  1.943873E-16
7209.77821929988  1.874787E-16
7212.74100598531  1.781075E-16
7215.70379267073  1.717541E-16
7218.66657935616  1.689706E-16
7221.62936604158  1.678081E-16
7224.59215272701  1.693833E-16
7227.55493941243  1.747664E-16
7230.51772609786  1.791750E-16
7233.48051278328  1.786726E-16
7236.44329946871  1.730204E-16
7239.40608615413  1.679140E-16
7242.36887283955  1.675462E-16
7245.33165952498  1.707177E-16
7248.2944462104  1.675369E-16
7251.25723289583  1.626809E-16
7254.22001958126  1.652714E-16
7257.18280626668  1.743985E-16
7260.1455929521  1.790666E-16
7263.10837963753  1.727648E-16
7266.07116632295  1.687452E-16
7269.03395300838  1.676392E-16
7271.9967396938  1.652725E-16
7274.95952637923  1.627753E-16
7277.92231306465  1.659894E-16
7280.88509975007  1.759985E-16
7283.8478864355  1.812487E-16
7286.81067312092  1.830495E-16
7289.77345980635  1.853859E-16
7292.73624649178  1.851935E-16
7295.6990331772  1.815003E-16
7298.66181986262  1.749636E-16
7301.62460654805  1.673326E-16
7304.58739323347  1.621988E-16
7307.5501799189  1.608458E-16
7310.51296660432  1.599923E-16
7313.47575328975  1.623029E-16
7316.43853997517  1.703640E-16
7319.4013266606  1.822536E-16
7322.36411334602  1.908652E-16
7325.32690003145  1.925166E-16
7328.28968671687  1.916731E-16
7331.25247340229  1.925120E-16
7334.21526008772  1.942088E-16
7337.17804677314  1.902225E-16
7340.14083345857  1.848974E-16
7343.10362014399  1.820947E-16
7346.06640682942  1.797948E-16
7349.02919351484  1.790125E-16
7351.99198020027  1.805068E-16
7354.95476688569  1.832235E-16
7357.91755357112  1.832023E-16
7360.88034025654  1.804408E-16
7363.84312694197  1.792887E-16
7366.80591362739  1.732224E-16
7369.76870031282  1.549476E-16
7372.73148699824  1.230786E-16
7375.69427368366  9.052107E-17
7378.65706036909  6.739093E-17
7381.61984705451  5.495420E-17
7384.58263373994  5.455142E-17
7387.54542042536  6.483851E-17
7390.50820711079  8.152230E-17
7393.47099379621  9.933688E-17
7396.43378048164  1.092067E-16
7399.39656716706  1.029712E-16
7402.35935385249  9.061290E-17
7405.32214053791  8.346000E-17
7408.28492722333  8.654322E-17
7411.24771390876  9.464486E-17
7414.21050059419  1.018779E-16
7417.17328727961  1.061514E-16
7420.13607396503  1.119027E-16
7423.09886065046  1.202587E-16
7426.06164733588  1.282800E-16
7429.02443402131  1.349262E-16
7431.98722070673  1.394400E-16
7434.95000739216  1.416989E-16
7437.91279407758  1.437526E-16
7440.87558076301  1.448834E-16
7443.83836744843  1.432238E-16
7446.80115413386  1.417059E-16
7449.76394081928  1.427574E-16
7452.72672750471  1.457409E-16
7455.68951419013  1.435537E-16
7458.65230087555  1.378588E-16
7461.61508756098  1.369359E-16
7464.5778742464  1.467590E-16
7467.54066093183  1.615682E-16
7470.50344761725  1.696947E-16
7473.46623430268  1.664499E-16
7476.4290209881  1.550945E-16
7479.39180767353  1.421343E-16
7482.35459435895  1.290328E-16
7485.31738104438  1.170135E-16
7488.2801677298  1.083456E-16
7491.24295441523  1.076670E-16
7494.20574110065  1.133591E-16
7497.16852778608  1.192804E-16
7500.1313144715  1.182265E-16
7503.09410115692  1.178270E-16
7506.05688784235  1.210820E-16
7509.01967452777  9.862915E-17
7511.9824612132  8.847969E-17
7514.94524789862  1.233306E-16
7517.90803458405  1.383531E-16
7520.87082126947  1.341663E-16
7523.8336079549  1.326191E-16
7526.79639464032  1.156184E-16
7529.75918132575  1.020135E-16
7532.72196801117  1.092242E-16
7535.6847546966  1.132537E-16
7538.64754138202  1.164684E-16
7541.61032806744  1.253993E-16
7544.57311475287  1.281166E-16
7547.53590143829  1.264518E-16
7550.49868812372  1.258925E-16
7553.46147480914  1.259326E-16
7556.42426149457  1.246519E-16
7559.38704817999  1.212679E-16
7562.34983486542  1.181092E-16
7565.31262155084  1.129724E-16
7568.27540823627  1.087639E-16
7571.23819492169  1.179051E-16
7574.20098160712  1.267550E-16
7577.16376829254  1.250300E-16
7580.12655497796  1.243935E-16
7583.08934166339  1.310148E-16
7586.05212834881  1.421353E-16
7589.01491503424  1.464871E-16
7591.97770171966  1.475421E-16
7594.94048840509  1.476525E-16
7597.90327509051  1.407759E-16
7600.86606177594  1.339081E-16
7603.82884846136  1.314424E-16
7606.79163514679  1.284647E-16
7609.75442183221  1.247988E-16
7612.71720851764  1.212664E-16
7615.67999520306  1.177952E-16
7618.64278188849  1.103114E-16
7621.60556857391  1.018980E-16
7624.56835525934  1.038909E-16
7627.53114194476  1.165417E-16
7630.49392863019  1.314707E-16
7633.45671531561  1.378336E-16
7636.41950200103  1.456615E-16
7639.38228868646  1.573731E-16
7642.34507537188  1.611698E-16
7645.30786205731  1.511996E-16
7648.27064874273  1.361763E-16
7651.23343542816  1.337950E-16
7654.19622211358  1.372727E-16
7657.15900879901  1.388613E-16
7660.12179548443  1.374407E-16
7663.08458216986  1.348077E-16
7666.04736885528  1.336805E-16
7669.0101555407  1.361954E-16
7671.97294222613  1.440828E-16
7674.93572891155  1.526497E-16
7677.89851559698  1.546410E-16
7680.8613022824  1.551499E-16
7683.82408896783  1.591281E-16
7686.78687565325  1.674039E-16
7689.74966233868  1.764250E-16
7692.7124490241  1.791322E-16
7695.67523570953  1.706074E-16
7698.63802239495  1.597215E-16
7701.60080908038  1.516823E-16
7704.5635957658  1.467783E-16
7707.52638245123  1.476426E-16
7710.48916913665  1.513714E-16
7713.45195582208  1.528450E-16
7716.4147425075  1.540032E-16
7719.37752919292  1.548918E-16
7722.34031587835  1.536622E-16
7725.30310256377  1.487909E-16
7728.2658892492  1.460215E-16
7731.22867593462  1.502823E-16
7734.19146262005  1.494309E-16
7737.15424930547  1.459700E-16
7740.1170359909  1.474994E-16
7743.07982267632  1.439230E-16
7746.04260936175  1.363828E-16
7749.00539604717  1.339201E-16
7751.9681827326  1.437201E-16
7754.93096941802  1.574092E-16
7757.89375610345  1.623549E-16
7760.85654278887  1.593045E-16
7763.81932947429  1.560596E-16
7766.78211615972  1.574539E-16
7769.74490284514  1.537243E-16
7772.70768953057  1.455944E-16
7775.67047621599  1.403429E-16
7778.63326290142  1.439851E-16
7781.59604958684  1.543677E-16
7784.55883627227  1.641705E-16
7787.52162295769  1.659513E-16
7790.48440964312  1.599670E-16
7793.44719632854  1.519304E-16
7796.40998301396  1.489257E-16
7799.37276969939  1.529029E-16
7802.33555638481  1.598391E-16
7805.29834307024  1.609190E-16
7808.26112975566  1.572155E-16
7811.22391644109  1.544702E-16
7814.18670312651  1.568911E-16
7817.14948981194  1.598444E-16
7820.11227649736  1.579813E-16
7823.07506318279  1.522992E-16
7826.03784986821  1.471170E-16
7829.00063655364  1.455109E-16
7831.96342323906  1.461274E-16
7834.92620992449  1.486221E-16
7837.88899660991  1.539829E-16
7840.85178329533  1.639512E-16
7843.81456998076  1.727035E-16
7846.77735666618  1.757395E-16
7849.74014335161  1.752106E-16
7852.70293003703  1.759189E-16
7855.66571672246  1.765849E-16
7858.62850340788  1.677472E-16
7861.59129009331  1.538875E-16
7864.55407677873  1.435961E-16
7867.51686346416  1.424048E-16
7870.47965014958  1.462223E-16
7873.442436835  1.492289E-16
7876.40522352043  1.489975E-16
7879.36801020585  1.484518E-16
7882.33079689128  1.491472E-16
7885.29358357671  1.487750E-16
7888.25637026213  1.465969E-16
7891.21915694756  1.432821E-16
7894.18194363298  1.400508E-16
7897.1447303184  1.330915E-16
7900.10751700383  1.248695E-16
7903.07030368925  1.240453E-16
7906.03309037468  1.266715E-16
7908.9958770601  1.278954E-16
7911.95866374553  1.272015E-16
7914.92145043095  1.331364E-16
7917.88423711638  1.422154E-16
7920.8470238018  1.401538E-16
7923.80981048723  1.306246E-16
7926.77259717265  1.212158E-16
7929.73538385807  1.175395E-16
7932.6981705435  1.200583E-16
7935.66095722892  1.231393E-16
7938.62374391435  1.198062E-16
7941.58653059977  1.143135E-16
7944.5493172852  1.107860E-16
7947.51210397062  1.106609E-16
7950.47489065605  1.164610E-16
7953.43767734147  1.178108E-16
7956.4004640269  1.044816E-16
7959.36325071232  1.057939E-16
7962.32603739774  1.244788E-16
7965.28882408317  1.400210E-16
7968.25161076859  1.487718E-16
7971.21439745402  1.487213E-16
7974.17718413944  1.403080E-16
7977.13997082487  1.314394E-16
7980.10275751029  1.267642E-16
7983.06554419572  1.234370E-16
7986.02833088114  1.060899E-16
7988.99111756657  8.537636E-17
7991.95390425199  8.279721E-17
7994.91669093742  9.449652E-17
7997.87947762284  1.092038E-16
8000.84226430826  1.175723E-16
8003.80505099369  1.232920E-16
8006.76783767912  1.266658E-16
8009.73062436454  1.264177E-16
8012.69341104996  1.256458E-16
8015.65619773539  1.230085E-16
8018.61898442081  1.168647E-16
8021.58177110624  1.118859E-16
8024.54455779166  1.102002E-16
8027.50734447709  1.106677E-16
8030.47013116251  1.093398E-16
8033.43291784794  1.064937E-16
8036.39570453336  1.042791E-16
8039.35849121879  1.027897E-16
8042.32127790421  1.051013E-16
8045.28406458963  1.103127E-16
8048.24685127506  1.069389E-16
8051.20963796049  9.442643E-17
8054.17242464591  7.954596E-17
8057.13521133133  7.018506E-17
8060.09799801676  7.460472E-17
8063.06078470218  9.187581E-17
8066.02357138761  1.056728E-16
8068.98635807303  1.062855E-16
8071.94914475846  9.628993E-17
8074.91193144388  9.178476E-17
8077.87471812931  9.545595E-17
8080.83750481473  1.028717E-16
8083.80029150016  1.095274E-16
8086.76307818558  1.109939E-16
8089.725864871  1.111609E-16
8092.68865155643  1.242102E-16
8095.65143824185  1.395108E-16
8098.61422492728  1.386227E-16
8101.5770116127  1.113020E-16
8104.53979829813  7.952144E-17
8107.50258498355  6.489710E-17
8110.46537166898  6.713176E-17
8113.4281583544  7.880476E-17
8116.39094503983  8.943469E-17
8119.35373172525  9.100726E-17
8122.31651841068  8.935655E-17
8125.2793050961  8.929673E-17
8128.24209178153  8.762050E-17
8131.20487846695  8.658810E-17
8134.16766515237  8.686050E-17
8137.1304518378  8.560821E-17
8140.09323852322  8.630420E-17
8143.05602520865  8.732485E-17
8146.01881189407  8.052535E-17
8148.9815985795  6.927904E-17
8151.94438526492  6.146941E-17
8154.90717195035  6.393477E-17
8157.86995863577  7.476967E-17
8160.8327453212  8.430031E-17
8163.79553200662  8.159229E-17
8166.75831869205  7.590363E-17
8169.72110537747  7.585276E-17
8172.6838920629  8.125488E-17
8175.64667874832  8.370912E-17
8178.60946543375  8.043410E-17
8181.57225211917  7.688811E-17
8184.53503880459  7.843695E-17
8187.49782549002  8.246853E-17
8190.46061217544  8.021243E-17
8193.42339886087  6.900824E-17
8196.38618554629  5.718345E-17
8199.34897223172  5.782098E-17
8202.31175891714  6.954387E-17
8205.27454560257  8.131219E-17
8208.23733228799  8.150456E-17
8211.20011897341  7.598126E-17
8214.16290565884  7.434363E-17
8217.12569234427  8.140703E-17
8220.08847902969  8.645349E-17
8223.05126571511  8.230776E-17
8226.01405240054  7.042836E-17
8228.97683908596  6.144302E-17
8231.93962577139  6.007256E-17
8234.90241245681  6.398182E-17
8237.86519914224  6.919180E-17
8240.82798582766  7.162988E-17
8243.79077251309  6.941567E-17
8246.75355919851  6.500922E-17
8249.71634588394  6.376403E-17
8252.67913256936  6.797464E-17
8255.64191925479  6.779259E-17
8258.60470594021  6.119620E-17
8261.56749262563  5.328470E-17
8264.53027931106  5.011170E-17
8267.49306599648  5.218829E-17
8270.45585268191  5.684580E-17
8273.41863936733  6.383719E-17
8276.38142605276  6.882427E-17
8279.34421273818  6.848793E-17
8282.30699942361  6.812469E-17
8285.26978610903  6.445849E-17
8288.23257279446  5.591001E-17
8291.19535947988  5.662173E-17
8294.15814616531  6.763931E-17
8297.12093285073  7.885167E-17
8300.08371953615  7.530410E-17
8303.04650622158  6.433732E-17
8306.009292907  6.071668E-17
8308.97207959243  6.749437E-17
8311.93486627786  7.574585E-17
8314.89765296328  7.563444E-17
8317.8604396487  6.807575E-17
8320.82322633413  5.999718E-17
8323.78601301955  5.850257E-17
8326.74879970498  6.514355E-17
8329.7115863904  7.201505E-17
8332.67437307583  7.292937E-17
8335.63715976125  7.255155E-17
8338.59994644667  7.502001E-17
8341.5627331321  7.952010E-17
8344.52551981753  7.849399E-17
8347.48830650295  7.583442E-17
8350.45109318837  7.823313E-17
8353.4138798738  8.762755E-17
8356.37666655922  9.762190E-17
8359.33945324465  1.015558E-16
8362.30223993007  9.861109E-17
8365.2650266155  9.003064E-17
8368.22781330092  8.194620E-17
8371.19059998635  8.399077E-17
8374.15338667177  8.876598E-17
8377.1161733572  8.756284E-17
8380.07896004262  8.037057E-17
8383.04174672805  7.563928E-17
8386.00453341347  7.860010E-17
8388.96732009889  8.526856E-17
8391.93010678432  8.778878E-17
8394.89289346974  8.550945E-17
8397.85568015517  8.768679E-17
8400.81846684059  9.767788E-17
8403.78125352602  1.089702E-16
8406.74404021144  1.086620E-16
8409.70682689687  1.021170E-16
8412.66961358229  9.895474E-17
8415.63240026772  1.046015E-16
8418.59518695314  1.125214E-16
8421.55797363857  1.184364E-16
8424.52076032399  1.241538E-16
8427.48354700941  1.259391E-16
8430.44633369484  1.255454E-16
8433.40912038026  1.300864E-16
8436.37190706569  1.389411E-16
8439.33469375111  1.468979E-16
8442.29748043654  1.482950E-16
8445.26026712196  1.466910E-16
8448.22305380739  1.458703E-16
8451.18584049281  1.473085E-16
8454.14862717824  1.522660E-16
8457.11141386366  1.596756E-16
8460.07420054909  1.669588E-16
8463.03698723451  1.736764E-16
8465.99977391994  1.780474E-16
8468.96256060536  1.780623E-16
8471.92534729078  1.756826E-16
8474.88813397621  1.761218E-16
8477.85092066163  1.835105E-16
8480.81370734706  1.919556E-16
8483.77649403248  1.967949E-16
8486.73928071791  1.980110E-16
8489.70206740333  2.020785E-16
8492.66485408876  2.085308E-16
8495.62764077418  2.129452E-16
8498.59042745961  2.187788E-16
8501.55321414503  2.257134E-16
8504.51600083046  2.279789E-16
8507.47878751588  2.130727E-16
8510.44157420131  1.944545E-16
8513.40436088673  1.938853E-16
8516.36714757215  2.034521E-16
8519.32993425758  2.135121E-16
8522.292720943  2.166085E-16
8525.25550762843  2.066618E-16
8528.21829431385  1.965081E-16
8531.18108099928  1.999064E-16
8534.1438676847  2.032747E-16
8537.10665437013  2.027993E-16
8540.06944105555  2.034774E-16
8543.03222774098  2.125951E-16
8545.9950144264  2.197932E-16
8548.95780111183  2.149491E-16
8551.92058779725  2.121892E-16
8554.88337448267  2.176982E-16
8557.8461611681  2.284277E-16
8560.80894785352  2.343370E-16
8563.77173453895  2.360007E-16
8566.73452122437  2.341987E-16
8569.6973079098  2.176292E-16
8572.66009459523  2.042468E-16
8575.62288128065  2.101346E-16
8578.58566796607  2.183701E-16
8581.5484546515  2.205355E-16
8584.51124133692  2.170688E-16
8587.47402802235  2.148724E-16
8590.43681470777  2.148903E-16
8593.3996013932  2.120198E-16
8596.36238807862  1.975848E-16
8599.32517476404  1.818527E-16
8602.28796144947  1.776260E-16
8605.25074813489  1.862365E-16
8608.21353482032  1.969522E-16
8611.17632150574  2.088961E-16
8614.13910819117  2.418410E-16
8617.10189487659  2.734731E-16
8620.06468156202  2.781033E-16
8623.02746824744  2.550232E-16
8625.99025493287  2.305531E-16
8628.95304161829  2.224326E-16
8631.91582830372  2.197326E-16
8634.87861498914  2.180074E-16
8637.84140167457  2.183476E-16
8640.80418835999  2.248163E-16
8643.76697504541  2.220811E-16
8646.72976173084  2.054924E-16
8649.69254841626  1.927286E-16
8652.65533510169  1.965546E-16
8655.61812178711  2.129358E-16
8658.58090847254  2.214047E-16
8661.54369515796  2.186612E-16
8664.50648184339  2.119516E-16
8667.46926852881  2.120217E-16
8670.43205521424  2.152266E-16
8673.39484189966  2.180230E-16
8676.35762858509  2.214374E-16
8679.32041527051  2.203071E-16
8682.28320195594  2.135260E-16
8685.24598864136  2.057500E-16
8688.20877532678  1.975134E-16
8691.17156201221  1.931008E-16
8694.13434869763  1.979940E-16
8697.09713538306  1.990703E-16
8700.05992206848  1.932750E-16
8703.02270875391  1.906228E-16
8705.98549543933  1.922395E-16
8708.94828212476  1.928338E-16
8711.91106881018  1.855722E-16
8714.87385549561  1.754041E-16
8717.83664218103  1.659831E-16
8720.79942886646  1.588066E-16
8723.76221555188  1.627159E-16
8726.72500223731  1.767537E-16
8729.68778892273  1.897267E-16
8732.65057560815  1.886756E-16
8735.61336229358  1.754988E-16
8738.576148979  1.634678E-16
8741.53893566443  1.590158E-16
8744.50172234985  1.650772E-16
8747.46450903528  1.795528E-16
8750.4272957207  1.925320E-16
8753.39008240612  1.954157E-16
8756.35286909155  1.883939E-16
8759.31565577698  1.909256E-16
8762.2784424624  2.047507E-16
8765.24122914783  2.185817E-16
8768.20401583325  2.295128E-16
8771.16680251867  2.376001E-16
8774.1295892041  2.432651E-16
8777.09237588952  2.428216E-16
8780.05516257495  2.391105E-16
8783.01794926037  2.358796E-16
8785.9807359458  2.268483E-16
8788.94352263122  2.141793E-16
8791.90630931665  2.048596E-16
8794.86909600207  2.022551E-16
8797.8318826875  2.044910E-16
8800.79466937292  2.058014E-16
8803.75745605835  1.992186E-16
8806.72024274377  1.870603E-16
8809.6830294292  1.775923E-16
8812.64581611462  1.791959E-16
8815.60860280004  1.834922E-16
8818.57138948547  1.816897E-16
8821.53417617089  1.843586E-16
8824.49696285632  1.922709E-16
8827.45974954174  1.979224E-16
8830.42253622717  1.901208E-16
8833.38532291259  1.788965E-16
8836.34810959802  1.766430E-16
8839.31089628344  1.781793E-16
8842.27368296887  1.825242E-16
8845.23646965429  1.893836E-16
8848.19925633972  1.956964E-16
8851.16204302514  1.940034E-16
8854.12482971057  1.814121E-16
8857.08761639599  1.662834E-16
8860.05040308141  1.551177E-16
8863.01318976684  1.546367E-16
8865.97597645226  1.716672E-16
8868.93876313769  1.828001E-16
8871.90154982311  1.720541E-16
8874.86433650854  1.559757E-16
8877.82712319396  1.505871E-16
8880.78990987939  1.583042E-16
8883.75269656481  1.627239E-16
8886.71548325023  1.622581E-16
8889.67826993566  1.590192E-16
8892.64105662108  1.521954E-16
8895.60384330651  1.436729E-16
8898.56662999194  1.370242E-16
8901.52941667736  1.361180E-16
8904.49220336278  1.398779E-16
8907.45499004821  1.466668E-16
8910.41777673363  1.560061E-16
8913.38056341906  1.622160E-16
8916.34335010448  1.624088E-16
8919.30613678991  1.596929E-16
8922.26892347533  1.588428E-16
8925.23171016076  1.619371E-16
8928.19449684618  1.667491E-16
8931.15728353161  1.713074E-16
8934.12007021703  1.707350E-16
8937.08285690246  1.602608E-16
8940.04564358788  1.538473E-16
8943.0084302733  1.579736E-16
8945.97121695873  1.640395E-16
8948.93400364415  1.595625E-16
8951.89679032958  1.450314E-16
8954.859577015  1.340863E-16
8957.82236370043  1.307605E-16
8960.78515038585  1.307119E-16
8963.74793707128  1.263581E-16
8966.7107237567  1.234236E-16
8969.67351044213  1.250750E-16
8972.63629712755  1.285006E-16
8975.59908381298  1.288697E-16
8978.5618704984  1.277675E-16
8981.52465718382  1.306459E-16
8984.48744386925  1.326202E-16
8987.45023055468  1.310609E-16
8990.4130172401  1.269170E-16
8993.37580392552  1.198612E-16
8996.33859061095  1.104787E-16
8999.30137729637  1.006921E-16
9002.2641639818  9.429490E-17
9005.22695066722  9.137347E-17
9008.18973735265  8.886568E-17
9011.15252403807  8.375012E-17
9014.11531072349  7.978520E-17
9017.07809740892  8.119308E-17
9020.04088409435  7.748225E-17
9023.00367077977  6.739055E-17
9025.9664574652  5.745855E-17
9028.92924415062  5.199484E-17
9031.89203083604  5.012447E-17
9034.85481752147  4.989594E-17
9037.81760420689  5.701009E-17
9040.78039089232  6.643046E-17
9043.74317757774  6.821273E-17
9046.70596426317  5.964825E-17
9049.66875094859  4.864184E-17
9052.63153763402  4.379271E-17
9055.59432431944  3.966295E-17
9058.55711100487  3.514477E-17
9061.51989769029  3.219032E-17
9064.48268437572  3.160764E-17
9067.44547106114  3.220921E-17
9070.40825774656  3.299428E-17
9073.37104443199  3.613762E-17
9076.33383111741  3.786264E-17
9079.29661780284  3.523115E-17
9082.25940448826  3.400004E-17
9085.22219117369  3.724581E-17
9088.18497785911  4.115442E-17
9091.14776454454  3.279672E-17
9094.11055122996  2.207493E-17
9097.07333791539  2.497447E-17
9100.03612460081  4.441051E-17
9102.99891128624  7.326280E-17
9105.96169797166  9.763715E-17
9108.92448465708  1.024095E-16
9111.88727134251  9.383720E-17
9114.85005802794  8.394830E-17
9117.81284471336  7.588579E-17
9120.77563139878  6.680379E-17
9123.73841808421  6.047590E-17
9126.70120476963  7.370651E-17
9129.66399145506  8.704222E-17
9132.62677814048  8.129388E-17
9135.58956482591  6.386523E-17
9138.55235151133  5.080252E-17
9141.51513819676  5.121094E-17
9144.47792488218  5.739841E-17
9147.4407115676  5.410309E-17
9150.40349825303  3.988647E-17
9153.36628493845  3.505315E-17
9156.32907162388  3.882337E-17
9159.2918583093  4.444627E-17
9162.25464499473  4.843600E-17
9165.21743168015  4.944880E-17
9168.18021836558  4.911060E-17
9171.143005051  5.055092E-17
9174.10579173643  4.668927E-17
9177.06857842185  4.023563E-17
9180.03136510728  4.736830E-17
9182.9941517927  6.874130E-17
9185.95693847812  8.728667E-17
9188.91972516355  7.921721E-17
9191.88251184898  7.181750E-17
9194.8452985344  7.660430E-17
9197.80808521982  7.306394E-17
9200.77087190525  6.642953E-17
9203.73365859067  6.625212E-17
9206.6964452761  7.542811E-17
9209.65923196152  7.427813E-17
9212.62201864695  6.050635E-17
9215.58480533237  5.409882E-17
9218.5475920178  6.360695E-17
9221.51037870322  7.937938E-17
