3502.58865807525 -2.41264603061399e-16
3506.84375876871 6.57091579244477e-16
3511.09885946218 9.35004200969356e-16
3515.35396015566 2.29135038317158e-16
3519.60906084913 9.13749285586548e-16
3523.86416154261 1.59135457344543e-15
3528.11926223607 3.98063504139073e-16
3532.37436292955 3.90865835052335e-17
3536.62946362302 9.47649873476271e-16
3540.8845643165 4.14484746599035e-16
3545.13966500997 4.89055383223156e-16
3549.39476570345 9.3637025335504e-16
3553.64986639691 2.61714122460266e-16
3557.90496709039 4.75458863293389e-16
3562.16006778386 9.20284224183954e-17
3566.41516847733 1.09933918064853e-15
3570.67026917081 6.0702642634759e-16
3574.92536986427 4.57473602620463e-18
3579.18047055775 3.35644296297144e-16
3583.43557125122 1.90402405396036e-16
3587.6906719447 4.45785658024735e-16
3591.94577263817 3.84347287865947e-16
3596.20087333164 2.23096275738386e-16
3600.45597402511 6.59656818525236e-16
3604.71107471859 4.42908207693574e-16
3608.96617541206 1.45149114323604e-16
3613.22127610554 3.04036024408153e-17
3617.476376799 6.74029591211602e-16
3621.73147749247 4.9681118746513e-16
3625.98657818595 4.88339693322285e-16
3630.24167887942 5.28192540551041e-16
3634.4967795729 2.7822557392911e-16
3638.75188026636 1.59918669006199e-16
3643.00698095984 -7.39889036603695e-17
3647.26208165331 3.1945379090597e-16
3651.51718234679 5.8046050850638e-16
3655.77228304026 5.64182335205165e-16
3660.02738373373 4.91352324817872e-16
3664.2824844272 2.93132295009602e-16
3668.53758512067 2.93661134736264e-16
3672.79268581415 4.05016215267932e-16
3677.04778650762 7.83632160575402e-16
3681.3028872011 8.56753338538313e-16
3685.55798789456 6.26439733284389e-16
3689.81308858804 5.55883741662678e-16
3694.06818928151 7.68953450176399e-16
3698.32328997499 8.80207627908225e-16
3702.57839066846 8.71229925700277e-16
3706.83349136193 9.56836369305717e-16
3711.0885920554 8.7349388594961e-16
3715.34369274888 1.20828339365408e-15
3719.59879344235 1.19384179954075e-15
3723.85389413582 1.09760625711757e-15
3728.10899482929 1.1301850500931e-15
3732.36409552276 1.33592596484938e-15
3736.61919621624 1.4237026127448e-15
3740.87429690971 1.40146725672555e-15
3745.12939760319 1.39483445935296e-15
3749.38449829665 1.56277007021179e-15
3753.63959899013 1.60368843194863e-15
3757.8946996836 1.77353113748821e-15
3762.14980037708 1.91608890009348e-15
3766.40490107055 1.8414568271109e-15
3770.66000176402 1.96252303450372e-15
3774.91510245749 1.87532183961684e-15
3779.17020315096 1.96800884338661e-15
3783.42530384444 2.04970792400637e-15
3787.68040453791 2.26446211635438e-15
3791.93550523139 2.16884988430126e-15
3796.19060592485 2.27682583276898e-15
3800.44570661833 2.31105782229932e-15
3804.7008073118 2.17815792935864e-15
3808.95590800528 2.44489707477849e-15
3813.21100869875 2.36951982456057e-15
3817.46610939222 2.35060896698017e-15
3821.72121008569 2.32334975267163e-15
3825.97631077916 2.22661160207338e-15
3830.23141147264 2.3314929156683e-15
3834.48651216611 2.37760390700917e-15
3838.74161285958 2.27584772147314e-15
3842.99671355305 2.2800805568688e-15
3847.25181424653 2.22713570370949e-15
3851.50691494 2.17365023177159e-15
3855.76201563348 2.25816654397392e-15
3860.01711632694 2.23075698131724e-15
3864.27221702042 2.19921834480094e-15
3868.52731771389 2.07283446456525e-15
3872.78241840737 2.1804453418327e-15
3877.03751910084 2.13293018162353e-15
3881.2926197943 2.05497244553179e-15
3885.54772048778 2.11405976986636e-15
3889.80282118125 1.9922996307315e-15
3894.05792187473 2.1067162059719e-15
3898.3130225682 2.07671048733189e-15
3902.56812326167 2.06068547100278e-15
3906.82322395514 2.06214850866093e-15
3911.07832464862 1.96626967298766e-15
3915.33342534209 2.04954868181229e-15
3919.58852603557 2.12253136988832e-15
3923.84362672904 2.048754376666e-15
3928.09872742251 2.09922059966341e-15
3932.35382811598 1.98677485833303e-15
3936.60892880945 1.98364083642819e-15
3940.86402950293 2.13659529318629e-15
3945.1191301964 2.1101928527039e-15
3949.37423088987 2.03073713884495e-15
3953.62933158334 1.98700101612995e-15
3957.88443227682 2.00410282309325e-15
3962.13953297029 2.01420644384634e-15
3966.39463366377 1.94814761483939e-15
3970.64973435723 1.93174757467289e-15
3974.90483505071 2.10797913209626e-15
3979.15993574418 2.17319961024365e-15
3983.41503643766 2.16306295520562e-15
3987.67013713113 2.1978105760426e-15
3991.92523782459 2.33485775405127e-15
3996.18033851807 2.26078472281388e-15
4000.43543921154 2.23779709565834e-15
4004.69053990502 2.23419678211604e-15
4008.94564059849 2.33199118279952e-15
4013.20074129196 2.4024719473076e-15
4017.45584198543 2.41602595677133e-15
4021.71094267891 2.40451880242464e-15
4025.96604337238 2.38997355265439e-15
4030.22114406586 2.42942559448042e-15
4034.47624475932 2.43740782121711e-15
4038.73134545279 2.41454873131132e-15
4042.98644614627 2.40977866526886e-15
4047.24154683974 2.44198539902231e-15
4051.49664753322 2.4426238501063e-15
4055.75174822669 2.39591591229586e-15
4060.00684892016 2.37739596042061e-15
4064.26194961363 2.34282854584317e-15
4068.51705030711 2.29683550384021e-15
4072.77215100058 2.30957276178454e-15
4077.02725169406 2.38160042021255e-15
4081.28235238752 2.31412259926072e-15
4085.537453081 2.29574029023941e-15
4089.79255377447 2.21934511817712e-15
4094.04765446795 2.24989357317808e-15
4098.30275516142 2.31445315386838e-15
4102.55785585488 2.28114993596471e-15
4106.81295654836 2.28138075244284e-15
4111.06805724183 2.31401417904347e-15
4115.32315793531 2.25429348582259e-15
4119.57825862878 2.43217485166897e-15
4123.83335932225 2.32329236618946e-15
4128.08846001572 2.28534423136128e-15
4132.3435607092 2.29025236377414e-15
4136.59866140267 2.25904724648082e-15
4140.85376209615 2.19737689517361e-15
4145.10886278962 2.13329292348319e-15
4149.36396348308 2.10376260208482e-15
4153.61906417656 2.03012388699114e-15
4157.87416487003 2.01920499702632e-15
4162.12926556351 1.97595570649775e-15
4166.38436625698 1.93334952573439e-15
4170.63946695045 1.91596015108549e-15
4174.89456764392 1.84327498333218e-15
4179.1496683374 1.73594013292642e-15
4183.40476903087 1.70562016506298e-15
4187.65986972435 1.6713591646542e-15
4191.91497041781 1.7045711147578e-15
4196.17007111128 1.69060724722672e-15
4200.42517180476 1.63316147274394e-15
4204.68027249823 1.53774437590604e-15
4208.93537319171 1.51817685603329e-15
4213.19047388517 1.46897186509434e-15
4217.44557457865 1.443847279692e-15
4221.70067527212 1.4108861572199e-15
4225.9557759656 1.37573450166708e-15
4230.21087665907 1.32813241470169e-15
4234.46597735254 1.27833958289735e-15
4238.72107804601 1.30407636136232e-15
4242.97617873949 1.33526369096374e-15
4247.23127943296 1.33609452440588e-15
4251.48638012644 1.30242030607131e-15
4255.7414808199 1.33638622137709e-15
4259.99658151337 1.25015180872038e-15
4264.25168220685 1.24400309067715e-15
4268.50678290032 1.24947513527465e-15
4272.7618835938 1.26775114166108e-15
4277.01698428726 1.31966176759179e-15
4281.27208498074 1.30980685688785e-15
4285.52718567421 1.35939640078485e-15
4289.78228636769 1.37342760743523e-15
4294.03738706116 1.40232191296933e-15
4298.29248775464 1.41353366457566e-15
4302.5475884481 1.48606393117874e-15
4306.80268914157 1.5444005725638e-15
4311.05778983505 1.47702651314801e-15
4315.31289052852 1.5115153654196e-15
4319.56799122199 1.52246527796612e-15
4323.82309191546 1.58349516648609e-15
4328.07819260894 1.63272440374315e-15
4332.33329330241 1.68602098733382e-15
4336.58839399589 1.71918804469122e-15
4340.84349468936 1.77722017773174e-15
4345.09859538283 1.82766120149897e-15
4349.3536960763 1.83453614441536e-15
4353.60879676978 1.87955425149603e-15
4357.86389746325 1.96248978846054e-15
4362.11899815672 2.03465974842369e-15
4366.37409885019 2.05397146434637e-15
4370.62919954366 2.16387801265912e-15
4374.88430023714 2.24035661746671e-15
4379.13940093061 2.25558330524303e-15
4383.39450162409 2.28241667373733e-15
4387.64960231755 2.3783950357819e-15
4391.90470301103 2.40427612748526e-15
4396.1598037045 2.41129845413447e-15
4400.41490439798 2.50841522846015e-15
4404.67000509145 2.56235598060719e-15
4408.92510578493 2.548187236982e-15
4413.18020647839 2.58116328840979e-15
4417.43530717186 2.65340037573401e-15
4421.69040786534 2.70786035907772e-15
4425.94550855881 2.74330487627205e-15
4430.20060925229 2.75640191146074e-15
4434.45570994575 2.78401920894772e-15
4438.71081063923 2.79534573351841e-15
4442.9659113327 2.82516891655829e-15
4447.22101202618 2.88671623632991e-15
4451.47611271965 2.83924618062518e-15
4455.73121341312 2.84525693817713e-15
4459.98631410659 2.83001945073074e-15
4464.24141480007 2.79783452807568e-15
4468.49651549354 2.86257071513548e-15
4472.75161618701 2.89309524145569e-15
4477.00671688048 2.85946316301024e-15
4481.26181757395 2.85541011035763e-15
4485.51691826743 2.89600374083832e-15
4489.7720189609 2.83005269677392e-15
4494.02711965438 2.83146448893875e-15
4498.28222034784 2.79667472821265e-15
4502.53732104132 2.75641482871318e-15
4506.79242173479 2.74112355467464e-15
4511.04752242827 2.72689657753432e-15
4515.30262312174 2.70961562310267e-15
4519.55772381521 2.72355969123861e-15
4523.81282450868 2.60177943507125e-15
4528.06792520215 2.54305845248637e-15
4532.32302589563 2.55016738825444e-15
4536.5781265891 2.52478477544055e-15
4540.83322728257 2.39658358601653e-15
4545.08832797604 2.39855166706947e-15
4549.34342866952 2.34170410960569e-15
4553.59852936299 2.25799311397796e-15
4557.85363005647 2.23900200002581e-15
4562.10873074994 2.15209154919808e-15
4566.36383144341 2.07763841192561e-15
4570.61893213688 2.06384956257725e-15
4574.87403283035 1.99062123494651e-15
4579.12913352383 1.95772056945103e-15
4583.3842342173 1.90230809755812e-15
4587.63933491077 1.86223581585647e-15
4591.89443560424 1.83535649582478e-15
4596.14953629772 1.76027538950104e-15
4600.40463699119 1.7371295789426e-15
4604.65973768467 1.68376173870525e-15
4608.91483837813 1.61824712836692e-15
4613.16993907161 1.60803466388011e-15
4617.42503976508 1.62101936132417e-15
4621.68014045856 1.59209795073576e-15
4625.93524115203 1.56285974982508e-15
4630.19034184549 1.56003923598984e-15
4634.44544253897 1.48530880130627e-15
4638.70054323244 1.49844395297758e-15
4642.95564392592 1.4678402290768e-15
4647.21074461939 1.36924379407139e-15
4651.46584531286 1.34730839359458e-15
4655.72094600633 1.32403944562144e-15
4659.97604669981 1.35831833960123e-15
4664.23114739328 1.33843021775794e-15
4668.48624808676 1.30455493497751e-15
4672.74134878023 1.32087916569524e-15
4676.9964494737 1.29286397448127e-15
4681.25155016717 1.30586762428752e-15
4685.50665086064 1.27606328773072e-15
4689.76175155412 1.21280432613093e-15
4694.01685224759 1.1831557377573e-15
4698.27195294106 1.23943938303646e-15
4702.52705363453 1.2072837888972e-15
4706.78215432801 1.17677789730183e-15
4711.03725502148 1.17871929681694e-15
4715.29235571496 1.18171006427458e-15
4719.54745640842 1.16339096508695e-15
4723.8025571019 1.17509600750594e-15
4728.05765779537 1.1342587491738e-15
4732.31275848884 1.13702759399926e-15
4736.56785918232 1.16420739896899e-15
4740.82295987578 1.15656663238916e-15
4745.07806056926 1.16731569224806e-15
4749.33316126273 1.16044477273817e-15
4753.58826195621 1.22784858418623e-15
4757.84336264968 1.21560387590072e-15
4762.09846334315 1.24776169350147e-15
4766.35356403662 1.25882034390258e-15
4770.6086647301 1.26088668077741e-15
4774.86376542357 1.25163496341103e-15
4779.11886611705 1.24308194234701e-15
4783.37396681052 1.29691459191416e-15
4787.62906750398 1.26664025795075e-15
4791.88416819746 1.20147028414284e-15
4796.13926889093 1.21624698566592e-15
4800.39436958441 1.28118614299571e-15
4804.64947027787 1.24914945110643e-15
4808.90457097135 1.24114996607344e-15
4813.15967166482 1.21768905925863e-15
4817.4147723583 1.20622743293285e-15
4821.66987305177 1.19332966224501e-15
4825.92497374525 1.17523026222808e-15
4830.18007443871 1.23272474110534e-15
4834.43517513219 1.20414172017936e-15
4838.69027582566 1.20138547496899e-15
4842.94537651913 1.21852952770054e-15
4847.20047721261 1.19219050881007e-15
4851.45557790607 1.21162663269689e-15
4855.71067859955 1.19608611921361e-15
4859.96577929302 1.22987013419397e-15
4864.2208799865 1.23115105976846e-15
4868.47598067997 1.27639574816252e-15
4872.73108137344 1.29565823029515e-15
4876.98618206691 1.30091788138112e-15
4881.24128276039 1.34421026471088e-15
4885.49638345386 1.35436544859463e-15
4889.75148414734 1.38503608809824e-15
4894.0065848408 1.40692310181793e-15
4898.26168553427 1.45511514723108e-15
4902.51678622775 1.45177275522122e-15
4906.77188692122 1.45941733344931e-15
4911.0269876147 1.47722461297855e-15
4915.28208830816 1.5082342774193e-15
4919.53718900164 1.55217262925045e-15
4923.79228969511 1.56494609785329e-15
4928.04739038859 1.56473561016589e-15
4932.30249108206 1.5614920033735e-15
4936.55759177554 1.57796308842845e-15
4940.812692469 1.55728468484537e-15
4945.06779316247 1.57915814603791e-15
4949.32289385595 1.61892951928505e-15
4953.57799454942 1.66798882055707e-15
4957.8330952429 1.71881344437029e-15
4962.08819593636 1.68878167946715e-15
4966.34329662984 1.74818971165137e-15
4970.59839732331 1.77552685299106e-15
4974.85349801679 1.76807211602227e-15
4979.10859871026 1.80310486932512e-15
4983.36369940373 1.81160272736845e-15
4987.6188000972 1.85916553318091e-15
4991.87390079068 1.91927543804105e-15
4996.12900148415 1.95592062443811e-15
5000.38410217763 1.9782465071036e-15
5004.6392028711 2.03624031190326e-15
5008.89430356456 2.08686281247944e-15
5013.14940425804 2.14085650418569e-15
5017.40450495151 2.14638445295771e-15
5021.65960564499 2.12443168830549e-15
5025.91470633845 2.18595317357222e-15
5030.16980703193 2.20697314319129e-15
5034.4249077254 2.20365679744455e-15
5038.68000841888 2.26404156449607e-15
5042.93510911235 2.26659071015083e-15
5047.19020980583 2.26794956275647e-15
5051.44531049929 2.28017330697653e-15
5055.70041119276 2.30051670902897e-15
5059.95551188624 2.31991821044407e-15
5064.21061257971 2.34391528911449e-15
5068.46571327319 2.37172782769583e-15
5072.72081396665 2.41792902804557e-15
5076.97591466013 2.41377433143929e-15
5081.2310153536 2.42747339529524e-15
5085.48611604708 2.47120591812021e-15
5089.74121674055 2.50561239643768e-15
5093.99631743402 2.49498276822435e-15
5098.25141812749 2.49772948431406e-15
5102.50651882096 2.51783698769069e-15
5106.76161951444 2.46204123338916e-15
5111.01672020791 2.42985165205289e-15
5115.27182090138 2.42862599537821e-15
5119.52692159485 2.38549084253929e-15
5123.78202228833 2.33352494770876e-15
5128.0371229818 2.33957911569926e-15
5132.29222367528 2.31079672439332e-15
5136.54732436874 2.26454364327556e-15
5140.80242506222 2.27076764137198e-15
5145.05752575569 2.22232074492082e-15
5149.31262644917 2.20732381483145e-15
5153.56772714264 2.25211110543399e-15
5157.82282783611 2.20093718640915e-15
5162.07792852958 2.17918199219187e-15
5166.33302922305 2.24076933427026e-15
5170.58812991653 2.19289736143205e-15
5174.84323061 2.2010760998125e-15
5179.09833130347 2.19454611106388e-15
5183.35343199694 2.198538812619e-15
5187.60853269042 2.15931250507342e-15
5191.86363338389 2.08268926939008e-15
5196.11873407737 2.086456448423e-15
5200.37383477084 2.13246854866727e-15
5204.62893546431 2.08296222575734e-15
5208.88403615778 2.08049397174904e-15
5213.13913685125 2.08566913129852e-15
5217.39423754473 2.09700179685808e-15
5221.6493382382 2.08810795091191e-15
5225.90443893167 2.08171454622603e-15
5230.15953962514 2.09200599653517e-15
5234.41464031862 2.1460875679097e-15
5238.66974101209 2.15427011793841e-15
5242.92484170557 2.17023118328e-15
5247.17994239903 2.12844027172837e-15
5251.43504309251 2.11106296729897e-15
5255.69014378598 2.09368248649602e-15
5259.94524447945 2.08627518337228e-15
5264.20034517293 2.09156172775434e-15
5268.4554458664 2.04370923667391e-15
5272.71054655987 2.07244948809073e-15
5276.96564725334 2.0877604556453e-15
5281.22074794682 2.0332735790055e-15
5285.47584864029 2.00400880243611e-15
5289.73094933376 1.99919659650452e-15
5293.98605002723 1.9559136364163e-15
5298.24115072071 1.92158381458055e-15
5302.49625141418 1.91844555751098e-15
5306.75135210766 1.88693593187312e-15
5311.00645280113 1.85248265498531e-15
5315.2615534946 1.82073098968277e-15
5319.51665418807 1.77999336360105e-15
5323.77175488154 1.79599741586471e-15
5328.02685557502 1.81169717154207e-15
5332.28195626849 1.77660311422966e-15
5336.53705696196 1.74733325546258e-15
5340.79215765543 1.70176955328476e-15
5345.04725834891 1.69850318248191e-15
5349.30235904238 1.72668238045029e-15
5353.55745973586 1.72684490489704e-15
5357.81256042932 1.69141309319692e-15
5362.0676611228 1.73834898874929e-15
5366.32276181627 1.75252027347333e-15
5370.57786250975 1.74521069677588e-15
5374.83296320322 1.73630033368724e-15
5379.08806389668 1.76762604729643e-15
5383.34316459016 1.79277445550041e-15
5387.59826528363 1.81697778669349e-15
5391.85336597711 1.86760028726967e-15
5396.10846667058 1.89967509564158e-15
5400.36356736405 1.95380092448761e-15
5404.61866805752 1.99417136178669e-15
5408.873768751 2.01877661011325e-15
5413.12886944447 2.03699247716042e-15
5417.38397013795 2.06837462433972e-15
5421.63907083142 2.1012015979688e-15
5425.89417152488 2.12458987170839e-15
5430.14927221836 2.15540577736244e-15
5434.40437291183 2.18505976557111e-15
5438.65947360531 2.15052602055331e-15
5442.91457429877 2.15196830590425e-15
5447.16967499225 2.19553078686506e-15
5451.42477568572 2.17285529135059e-15
5455.6798763792 2.15576491933208e-15
5459.93497707267 2.15938153825862e-15
5464.19007776615 2.1720362104906e-15
5468.44517845961 2.17756055937259e-15
5472.70027915309 2.18647240476889e-15
5476.95537984656 2.2006032436697e-15
5481.21048054003 2.17976983305727e-15
5485.46558123351 2.2128214821756e-15
5489.72068192697 2.23078281582213e-15
5493.97578262045 2.28242069714383e-15
5498.23088331392 2.28672722440591e-15
5502.4859840074 2.27602221026027e-15
5506.74108470087 2.27803687812532e-15
5510.99618539434 2.28762719691237e-15
5515.25128608781 2.30749604875611e-15
5519.50638678129 2.30545067594673e-15
5523.76148747476 2.27468389820361e-15
5528.01658816824 2.29122348704817e-15
5532.27168886171 2.30508475771351e-15
5536.52678955517 2.2676213374894e-15
5540.78189024865 2.24029351351214e-15
5545.03699094212 2.26806094758903e-15
5549.2920916356 2.24106219591177e-15
5553.54719232907 2.20276423647638e-15
5557.80229302254 2.19748319780849e-15
5562.05739371601 2.15041611802841e-15
5566.31249440949 2.07099026208084e-15
5570.56759510296 2.06430907795114e-15
5574.82269579644 1.9905452137395e-15
5579.0777964899 1.90848085016124e-15
5583.33289718337 1.8824669860434e-15
5587.58799787685 1.85353805803759e-15
5591.84309857032 1.83863430157241e-15
5596.0981992638 1.8256003703383e-15
5600.35329995726 1.78998792886218e-15
5604.60840065074 1.74957016359716e-15
5608.86350134421 1.74075265649536e-15
5613.11860203769 1.73181116494591e-15
5617.37370273116 1.723617709368e-15
5621.62880342463 1.71951415237591e-15
5625.8839041181 1.73141062424098e-15
5630.13900481158 1.68194072374777e-15
5634.39410550505 1.66254748090391e-15
5638.64920619852 1.69078660645331e-15
5642.90430689199 1.6807628185555e-15
5647.15940758546 1.71188524425734e-15
5651.41450827894 1.71119914757007e-15
5655.66960897241 1.71722928100069e-15
5659.92470966589 1.69218505784922e-15
5664.17981035935 1.75233614968642e-15
5668.43491105283 1.73307631453175e-15
5672.6900117463 1.73443156724736e-15
5676.94511243978 1.7485534064231e-15
5681.20021313325 1.77439839334708e-15
5685.45531382673 1.7608624892126e-15
5689.71041452019 1.76199486638396e-15
5693.96551521366 1.78908859163043e-15
5698.22061590714 1.77967932613586e-15
5702.47571660061 1.82692957679078e-15
5706.73081729409 1.86135151345954e-15
5710.98591798755 1.8719140143118e-15
5715.24101868103 1.91277213083027e-15
5719.4961193745 1.87414848722665e-15
5723.75122006798 1.88245046890093e-15
5728.00632076145 1.90166625834234e-15
5732.26142145492 1.91613654569676e-15
5736.51652214839 1.90087237671253e-15
5740.77162284187 1.93804717045986e-15
5745.02672353534 1.97938894279121e-15
5749.28182422881 1.94749688177767e-15
5753.53692492228 1.96512109631119e-15
5757.79202561575 2.02718701200477e-15
5762.04712630923 2.05314518370633e-15
5766.3022270027 2.06008555991789e-15
5770.55732769618 2.0883103917863e-15
5774.81242838964 2.11468572721438e-15
5779.06752908312 2.08737590268724e-15
5783.32262977659 2.15856817487102e-15
5787.57773047007 2.2282781393971e-15
5791.83283116354 2.18683959355153e-15
5796.08793185701 2.17471135229626e-15
5800.34303255048 2.24950520857177e-15
5804.59813324395 2.30518724870013e-15
5808.85323393743 2.29703138020926e-15
5813.1083346309 2.28116242970069e-15
5817.36343532438 2.2814288215626e-15
5821.61853601784 2.26678362190457e-15
5825.87363671132 2.26349798110217e-15
5830.12873740479 2.28936573203661e-15
5834.38383809827 2.24615392271595e-15
5838.63893879174 2.19915121743987e-15
5842.89403948521 2.22739150765956e-15
5847.14914017868 2.19604048894107e-15
5851.40424087215 2.15780330411965e-15
5855.65934156563 2.13142415704331e-15
5859.9144422591 2.08213679215024e-15
5864.16954295257 2.00773701795345e-15
5868.42464364604 1.91630510525326e-15
5872.67974433952 1.85520459536131e-15
5876.93484503299 1.80535162421771e-15
5881.18994572647 1.7048172837081e-15
5885.44504641993 1.56151074397746e-15
5889.70014711341 1.41155838374266e-15
5893.95524780688 1.29524424294218e-15
5898.21034850036 1.26699749409626e-15
5902.46544919383 1.29218243059609e-15
5906.7205498873 1.29724514652183e-15
5910.97565058077 1.27622570629836e-15
5915.23075127424 1.23647656766608e-15
5919.48585196772 1.20595373541177e-15
5923.74095266119 1.19004010391523e-15
5927.99605335466 1.13863738011551e-15
5932.25115404813 1.11308409016274e-15
5936.50625474161 1.09586422798242e-15
5940.76135543508 1.05740893217707e-15
5945.01645612856 1.04518296449552e-15
5949.27155682203 1.02650874674476e-15
5953.52665751549 1.00458806346542e-15
5957.78175820897 9.67323272467436e-16
5962.03685890244 9.7059133733618e-16
5966.29195959592 9.69438419615848e-16
5970.54706028939 9.64830454503666e-16
5974.80216098286 9.53278830927249e-16
5979.05726167633 9.16338135910713e-16
5983.31236236981 9.04307621081742e-16
5987.56746306328 8.99196094882417e-16
5991.82256375676 8.86064543101134e-16
5996.07766445022 9.09251646515747e-16
6000.3327651437 9.14064064205572e-16
6004.58786583717 8.79657480008984e-16
6008.84296653064 9.05216805071501e-16
6013.09806722412 9.42860537434258e-16
6017.35316791758 9.12025679418004e-16
6021.60826861106 9.11778239918288e-16
6025.86336930453 9.46071427579062e-16
6030.11846999801 9.42882030895294e-16
6034.37357069148 9.73336676997349e-16
6038.62867138495 9.6328377234198e-16
6042.88377207842 1.00287282174723e-15
6047.1388727719 1.00673560962406e-15
6051.39397346537 1.04557736421159e-15
6055.64907415885 1.11060853049528e-15
6059.90417485232 1.1248631420855e-15
6064.15927554579 1.1515584442094e-15
6068.41437623926 1.18800648368799e-15
6072.66947693273 1.23873983970114e-15
6076.92457762621 1.26737442375779e-15
6081.17967831968 1.29397506994983e-15
6085.43477901315 1.34697985069017e-15
6089.68987970662 1.39816658108834e-15
6093.9449804001 1.43222249364476e-15
6098.20008109357 1.43696894864382e-15
6102.45518178705 1.50574167121376e-15
6106.71028248051 1.54489725150825e-15
6110.96538317399 1.59642279508532e-15
6115.22048386746 1.60341124041664e-15
6119.47558456093 1.66586276785947e-15
6123.73068525441 1.71256551759311e-15
6127.98578594787 1.76566707184766e-15
6132.24088664135 1.79229270551166e-15
6136.49598733482 1.83002696452065e-15
6140.7510880283 1.86553606797721e-15
6145.00618872177 1.86577895467483e-15
6149.26128941524 1.86759478155551e-15
6153.51639010871 1.9092370388249e-15
6157.77149080219 1.97676695230299e-15
6162.02659149566 2.03880364535989e-15
6166.28169218913 2.03987853016996e-15
6170.53679288261 2.03071913939482e-15
6174.79189357607 2.06374495400827e-15
6179.04699426955 2.06247186348854e-15
6183.30209496302 2.0670204304153e-15
6187.5571956565 2.08023117977715e-15
6191.81229634996 2.12320094943313e-15
6196.06739704344 2.19693347342572e-15
6200.32249773691 2.17535530909441e-15
6204.57759843039 2.19235420155462e-15
6208.83269912386 2.22058453913719e-15
6213.08779981734 2.20254337263538e-15
6217.3429005108 2.20707796351851e-15
6221.59800120428 2.21786810447534e-15
6225.85310189775 2.23563483230224e-15
6230.10820259122 2.21536194574266e-15
6234.3633032847 2.22055108133577e-15
6238.61840397816 2.2144257625777e-15
6242.87350467164 2.18302307484943e-15
6247.12860536511 2.17399433890641e-15
6251.38370605859 2.14007935145659e-15
6255.63880675206 2.10219008541825e-15
6259.89390744553 2.12414390886166e-15
6264.149008139 2.16846956650795e-15
6268.40410883248 2.18402871471606e-15
6272.65920952595 2.18622253004945e-15
6276.91431021943 2.1690813360541e-15
6281.16941091289 2.17367140759527e-15
6285.42451160636 2.16512272757511e-15
6289.67961229984 2.18516797403012e-15
6293.93471299331 2.20837519447723e-15
6298.18981368679 2.1652055250457e-15
6302.44491438025 2.15753860632363e-15
6306.70001507373 2.16046298757403e-15
6310.9551157672 2.14608799142617e-15
6315.21021646068 2.1704262126161e-15
6319.46531715415 2.1285819379888e-15
6323.72041784762 2.09111555314937e-15
6327.97551854109 2.11827269998776e-15
6332.23061923456 2.11085459719395e-15
6336.48571992804 2.13050216168022e-15
6340.74082062151 2.13010553850267e-15
6344.99592131499 2.1271180532977e-15
6349.25102200845 2.11421583568689e-15
6353.50612270193 2.11516070093955e-15
6357.7612233954 2.08665804226444e-15
6362.01632408888 2.04650952759754e-15
6366.27142478235 2.07386339783793e-15
6370.52652547582 2.06228699854781e-15
6374.78162616929 2.07107369482615e-15
6379.03672686277 2.03199731211223e-15
6383.29182755624 2.01593163820166e-15
6387.54692824971 2.01984111876971e-15
6391.80202894319 2.00542800613923e-15
6396.05712963665 1.97221118559618e-15
6400.31223033013 1.98671175437846e-15
6404.5673310236 2.01074144381736e-15
6408.82243171708 1.96423742918896e-15
6413.07753241054 1.9555754585121e-15
6417.33263310402 1.96496926565539e-15
6421.58773379749 1.96066125608566e-15
6425.84283449097 1.92767419322955e-15
6430.09793518444 1.90904942102708e-15
6434.35303587792 1.92851402639675e-15
6438.60813657138 1.922564255217e-15
6442.86323726485 1.88751530240904e-15
6447.11833795833 1.8510215231513e-15
6451.3734386518 1.8351978889054e-15
6455.62853934528 1.84016171373455e-15
6459.88364003874 1.87040566039097e-15
6464.13874073222 1.85439673768787e-15
6468.39384142569 1.83100189944294e-15
6472.64894211917 1.84911929891e-15
6476.90404281264 1.83499565978924e-15
6481.15914350611 1.80968080961113e-15
6485.41424419958 1.82848388224899e-15
6489.66934489305 1.81120186902616e-15
6493.92444558653 1.75985991984041e-15
6498.17954628 1.7604534781782e-15
6502.43464697347 1.76904789797751e-15
6506.68974766694 1.76746924032207e-15
6510.94484836042 1.76827328634725e-15
6515.19994905389 1.74668982806002e-15
6519.45504974737 1.7397307112445e-15
6523.71015044083 1.6931472872773e-15
6527.96525113431 1.68387640579049e-15
6532.22035182778 1.68269161845551e-15
6536.47545252126 1.69741463926557e-15
6540.73055321473 1.68146236189081e-15
6544.98565390819 1.658190131665e-15
6549.24075460167 1.67355499169084e-15
6553.49585529514 1.6745648667222e-15
6557.75095598862 1.66254673975008e-15
6562.00605668209 1.63411682002932e-15
6566.26115737556 1.63429575573943e-15
6570.51625806903 1.61540109766415e-15
6574.77135876251 1.62101523203855e-15
6579.02645945598 1.61525678442576e-15
6583.28156014946 1.58867403180472e-15
6587.53666084293 1.57027509976182e-15
6591.7917615364 1.54487480513515e-15
6596.04686222987 1.53784654925531e-15
6600.30196292334 1.51617150553066e-15
6604.55706361682 1.51765889538604e-15
6608.81216431029 1.53806667194247e-15
6613.06726500376 1.52294078108688e-15
6617.32236569723 1.47744928846781e-15
6621.57746639071 1.46887255048127e-15
6625.83256708418 1.48902812297766e-15
6630.08766777766 1.46605457774487e-15
6634.34276847112 1.46478656942283e-15
6638.5978691646 1.48921521137988e-15
6642.85296985807 1.45791776749531e-15
6647.10807055154 1.44228302159665e-15
6651.36317124502 1.42969441793456e-15
6655.61827193849 1.40647840952062e-15
6659.87337263196 1.39005793468427e-15
6664.12847332543 1.41110998567621e-15
6668.38357401891 1.41526679986486e-15
6672.63867471238 1.41115667836743e-15
6676.89377540586 1.37257093948821e-15
6681.14887609932 1.3449547007924e-15
6685.4039767928 1.35402176497628e-15
6689.65907748627 1.36920864220408e-15
6693.91417817975 1.34525560924691e-15
6698.16927887322 1.29022758443294e-15
6702.42437956668 1.32353599041342e-15
6706.67948026016 1.34588580175967e-15
6710.93458095363 1.31711336309086e-15
6715.18968164711 1.34268168787844e-15
6719.44478234058 1.32830933870855e-15
6723.69988303405 1.28854580051617e-15
6727.95498372752 1.28520203207777e-15
6732.210084421 1.28617315535179e-15
6736.46518511447 1.29099817265671e-15
6740.72028580795 1.29871930148741e-15
6744.97538650141 1.30033702853754e-15
6749.23048719489 1.29120834270675e-15
6753.48558788836 1.28336428821958e-15
6757.74068858183 1.28057596163634e-15
6761.99578927531 1.26496885018758e-15
6766.25088996877 1.25562851199909e-15
6770.50599066225 1.26975829210871e-15
6774.76109135572 1.27770822571429e-15
6779.0161920492 1.30219277184586e-15
6783.27129274267 1.29122020116801e-15
6787.52639343614 1.25916953323509e-15
6791.78149412961 1.27967270687721e-15
6796.03659482309 1.29301506398324e-15
6800.29169551656 1.27612522701499e-15
6804.54679621004 1.25129784429802e-15
6808.80189690351 1.27116351976821e-15
6813.05699759697 1.27063634763766e-15
6817.31209829045 1.2524993605337e-15
6821.56719898392 1.25974318629862e-15
6825.8222996774 1.25785027941974e-15
6830.07740037087 1.23351491696601e-15
6834.33250106434 1.20516017141931e-15
6838.58760175781 1.1525834599547e-15
6842.84270245129 1.09170000225548e-15
6847.09780314476 1.09982177767023e-15
6851.35290383824 1.23307911851464e-15
6855.6080045317 1.22955292035522e-15
6859.86310522517 1.1711089175441e-15
6864.11820591865 1.12757947086823e-15
6868.37330661212 1.16507772532229e-15
6872.6284073056 1.20222954330093e-15
6876.88350799906 1.22679709866133e-15
6881.13860869254 1.21479273597461e-15
6885.39370938601 1.19348075174698e-15
6889.64881007949 1.20149950677952e-15
6893.90391077296 1.21483318179784e-15
6898.15901146643 1.21102746276583e-15
6902.4141121599 1.18117516296839e-15
6906.66921285338 1.19263213061295e-15
6910.92431354685 1.20125524365335e-15
6915.17941424032 1.19682134381183e-15
6919.4345149338 1.19201506711087e-15
6923.68961562726 1.2318231804121e-15
6927.94471632074 1.20679134511749e-15
6932.19981701421 1.19478370017809e-15
6936.45491770769 1.20020026411755e-15
6940.71001840116 1.20480780571326e-15
6944.96511909463 1.19977590061097e-15
6949.2202197881 1.17831272100226e-15
6953.47532048158 1.16950559005406e-15
6957.73042117505 1.18858564246568e-15
6961.98552186853 1.20012286648199e-15
6966.24062256199 1.20522592235184e-15
6970.49572325546 1.21273359887983e-15
6974.75082394894 1.19657316315829e-15
6979.00592464241 1.20035611817984e-15
6983.26102533589 1.19217102705229e-15
6987.51612602935 1.19550812510623e-15
6991.77122672283 1.16817458365657e-15
6996.0263274163 1.1715409043472e-15
7000.28142810978 1.20161470326034e-15
7004.53652880325 1.18425031608339e-15
7008.79162949672 1.18952997832275e-15
7013.04673019019 1.18875759015397e-15
7017.30183088367 1.19674733430806e-15
7021.55693157714 1.2123146352083e-15
7025.81203227061 1.21127903155116e-15
7030.06713296408 1.20883947078395e-15
7034.32223365755 1.18230108151352e-15
7038.57733435103 1.19701076155466e-15
7042.8324350445 1.20044537427666e-15
7047.08753573798 1.16791623860766e-15
7051.34263643144 1.17137160363687e-15
7055.59773712492 1.17339474183138e-15
7059.85283781839 1.19930463265494e-15
7064.10793851187 1.17854078462331e-15
7068.36303920534 1.19478475896928e-15
7072.61813989881 1.20917404879811e-15
7076.87324059228 1.17708325267932e-15
7081.12834128575 1.15738814846888e-15
7085.38344197923 1.18160704389237e-15
7089.6385426727 1.19870366277887e-15
7093.89364336618 1.16862785216247e-15
7098.14874405964 1.14573329275202e-15
7102.40384475312 1.1664421895212e-15
7106.65894544659 1.17313237337597e-15
7110.91404614007 1.17081404419934e-15
7115.16914683354 1.17055347568894e-15
7119.42424752701 1.1603868568604e-15
7123.67934822048 1.1253192693276e-15
7127.93444891395 1.15577624477026e-15
7132.18954960743 1.10608452752399e-15
7136.4446503009 1.07705575550952e-15
7140.69975099437 1.08645771534492e-15
7144.95485168784 1.08279683894689e-15
7149.20995238132 1.06743833166816e-15
7153.46505307479 1.04888058094764e-15
7157.72015376827 1.04594815288425e-15
7161.97525446173 1.03554902351169e-15
7166.23035515521 1.03549936620516e-15
7170.48545584868 1.06988445694071e-15
7174.74055654216 1.043495145469e-15
7178.99565723563 1.01761998299628e-15
7183.25075792911 1.00991187729715e-15
7187.50585862257 1.01017773976346e-15
7191.76095931604 9.91807395082532e-16
7196.01606000952 9.64094488751621e-16
7200.27116070299 9.39062971094362e-16
7204.52626139647 9.39483417073555e-16
7208.78136208993 9.46034687524975e-16
7213.03646278341 9.31305313967815e-16
7217.29156347688 9.09827734798998e-16
7221.54666417036 9.14098157281699e-16
7225.80176486383 8.93435000291667e-16
7230.05686555729 8.5624316000627e-16
7234.31196625077 8.95063421132763e-16
7238.56706694424 8.76024502758651e-16
7242.82216763772 8.37385030226837e-16
7247.07726833119 8.3819098207615e-16
7251.33236902466 8.40779250065163e-16
7255.58746971813 8.31231812321067e-16
7259.84257041161 8.25777343657223e-16
7264.09767110508 8.27016817556852e-16
7268.35277179856 8.44926693951834e-16
7272.60787249202 8.17398176105629e-16
7276.8629731855 7.94427066092566e-16
7281.11807387897 7.97304013497915e-16
7285.37317457245 7.93428520126871e-16
7289.62827526592 8.26840952341179e-16
7293.88337595939 8.45692147038356e-16
7298.13847665286 8.36413642255014e-16
7302.39357734633 8.15011025502029e-16
7306.64867803981 8.05028795158196e-16
7310.90377873328 8.19310458863174e-16
7315.15887942675 8.16071563691551e-16
7319.41398012022 8.35823736746811e-16
7323.6690808137 8.41884204544856e-16
7327.92418150717 8.08588080542118e-16
7332.17928220065 8.13651696440364e-16
7336.43438289412 8.15175985168507e-16
7340.68948358759 7.8803366140669e-16
7344.94458428106 7.86691961218239e-16
7349.19968497453 7.99469612046248e-16
7353.45478566801 7.98529881930829e-16
7357.70988636148 7.89045389322626e-16
7361.96498705495 7.82770251612011e-16
7366.22008774842 7.90414459263185e-16
7370.4751884419 7.66462379218083e-16
7374.73028913537 7.72983738818553e-16
7378.98538982885 7.70735395739185e-16
7383.24049052231 7.72954675000551e-16
7387.49559121578 7.80003630248042e-16
7391.75069190926 7.96030552401277e-16
7396.00579260273 7.71394069734794e-16
7400.26089329621 7.82278337227893e-16
7404.51599398967 7.94940103360806e-16
7408.77109468315 7.6420106594671e-16
7413.02619537662 7.38321721248809e-16
7417.2812960701 7.5381326563982e-16
7421.53639676357 8.02638574060163e-16
7425.79149745704 7.85965101070377e-16
7430.04659815051 7.77712035548804e-16
7434.30169884399 7.42847524165107e-16
7438.55679953746 7.81081162036068e-16
7442.81190023094 7.65785017558076e-16
7447.0670009244 7.71466491051784e-16
7451.32210161787 7.72730052450851e-16
7455.57720231135 7.88421708375651e-16
7459.83230300482 7.9756553492038e-16
7464.0874036983 7.64008101253414e-16
7468.34250439177 7.68935609544947e-16
7472.59760508524 8.10182831823561e-16
7476.85270577871 8.04806237251305e-16
7481.10780647219 7.8389341730007e-16
7485.36290716566 7.92984145466918e-16
7489.61800785914 8.01122014507664e-16
7493.8731085526 7.94433736477025e-16
7498.12820924608 8.18522347645313e-16
7502.38330993955 7.75831781224577e-16
7506.63841063302 7.45645273989888e-16
7510.8935113265 7.85682827340704e-16
7515.14861201997 8.01351031040777e-16
7519.40371271344 8.04969661670566e-16
7523.65881340691 8.12963111593805e-16
7527.91391410039 7.96094238690999e-16
7532.16901479386 8.14139640357541e-16
7536.42411548733 8.46850041077253e-16
7540.6792161808 8.15714115787809e-16
7544.93431687428 7.71236733364841e-16
7549.18941756775 7.66843967560821e-16
7553.44451826122 7.43387878245896e-16
7557.6996189547 7.03247886848021e-16
7561.95471964816 6.46865615170072e-16
7566.20982034164 5.4652323350213e-16
7570.46492103511 4.57532681514172e-16
7574.72002172859 4.06009784915061e-16
7578.97512242206 4.45702807614582e-16
7583.23022311553 5.66372497708969e-16
7587.485323809 7.35559123291339e-16
7591.74042450248 6.80930103935087e-16
7595.99552519595 5.92495152620969e-16
7600.25062588943 5.9323540647731e-16
7604.50572658289 5.79058616039115e-16
7608.76082727637 6.03434265497403e-16
7613.01592796984 6.53459449027091e-16
7617.27102866331 6.33191856423427e-16
7621.52612935679 6.40724149846445e-16
7625.78123005025 6.74266760436834e-16
7630.03633074373 6.48568204333612e-16
7634.2914314372 6.76576513404878e-16
7638.54653213068 6.67096626538326e-16
7642.80163282415 6.57945229636631e-16
7647.05673351762 6.92998152911534e-16
7651.31183421109 6.7017728536749e-16
7655.56693490457 6.531770694183e-16
7659.82203559804 6.44331980806156e-16
7664.07713629151 5.98920956317077e-16
7668.33223698498 5.77392502231866e-16
7672.58733767845 5.89118720474536e-16
7676.84243837193 5.94344225544825e-16
7681.0975390654 5.9473867820045e-16
7685.35263975888 5.82246795113021e-16
7689.60774045234 5.79120925900297e-16
7693.86284114582 6.03987219193283e-16
