3428.12853991534 1.10287702551098e-15
3431.25308931174 5.28904418803649e-16
3434.37763870814 5.3717283679739e-16
3437.50218810454 8.09198473659733e-16
3440.62673750094 6.7125918466915e-17
3443.75128689734 -4.83635695849708e-16
3446.87583629374 9.3296634557738e-16
3450.00038569014 1.02443266899104e-15
3453.12493508653 4.63257936023342e-16
3456.24948448293 -4.7840546592376e-17
3459.37403387933 7.36831260898996e-16
3462.49858327573 1.21117939930074e-15
3465.62313267213 8.42472617819234e-18
3468.74768206853 3.8824877456056e-16
3471.87223146493 5.40668912347623e-16
3474.99678086133 9.55128327367579e-16
3478.12133025773 1.38397793218888e-15
3481.24587965413 1.59088076439056e-15
3484.37042905053 2.74560435896561e-15
3487.49497844693 2.60676252989995e-15
3490.61952784333 3.40546128902464e-16
3493.74407723973 9.84226344325487e-16
3496.86862663613 2.70569068418333e-15
3499.99317603253 2.42526687446764e-15
3503.11772542892 1.51845849448825e-15
3506.24227482532 1.43273854846788e-15
3509.36682422172 1.63939478820278e-15
3512.49137361812 1.85335785177806e-15
3515.61592301452 1.69208860197235e-15
3518.74047241092 1.29383001555762e-15
3521.86502180732 1.37222831466104e-15
3524.98957120372 1.50095212341351e-15
3528.11412060012 2.19086405884217e-15
3531.23866999652 2.09046820821943e-15
3534.36321939292 2.18973115227521e-15
3537.48776878932 1.73959645652236e-15
3540.61231818572 1.6703076791293e-15
3543.73686758212 1.9003717802407e-15
3546.86141697852 1.95804561834453e-15
3549.98596637492 2.51106813565095e-15
3553.11051577131 2.55430577947649e-15
3556.23506516771 2.08034256460972e-15
3559.35961456411 1.94218746750604e-15
3562.48416396051 1.95538889950547e-15
3565.60871335691 1.91280135346695e-15
3568.73326275331 1.81325931205504e-15
3571.85781214971 1.99121055811957e-15
3574.98236154611 2.10483303997192e-15
3578.10691094251 2.26524541007236e-15
3581.23146033891 1.93739474333224e-15
3584.35600973531 2.06202780646595e-15
3587.48055913171 1.91289113895936e-15
3590.60510852811 1.90221195931861e-15
3593.72965792451 1.72571940986838e-15
3596.85420732091 1.48502398647775e-15
3599.97875671731 1.65431516768955e-15
3603.1033061137 1.70561000066761e-15
3606.2278555101 1.39572003229931e-15
3609.3524049065 1.33146675989856e-15
3612.4769543029 1.66272991062493e-15
3615.6015036993 1.68290178850555e-15
3618.7260530957 1.52109382574539e-15
3621.8506024921 1.57205810411579e-15
3624.9751518885 1.65420706510966e-15
3628.0997012849 1.55315116406277e-15
3631.2242506813 1.44312306652209e-15
3634.3488000777 1.40730564307274e-15
3637.4733494741 1.31352903729544e-15
3640.5978988705 1.35700268567591e-15
3643.7224482669 1.2225834273861e-15
3646.8469976633 1.02995130040064e-15
3649.9715470597 9.66261834305408e-16
3653.09609645609 1.00850199095644e-15
3656.22064585249 1.04508142642097e-15
3659.34519524889 1.10228071431611e-15
3662.46974464529 1.06399048405636e-15
3665.59429404169 1.08733661790682e-15
3668.71884343809 1.00319776476162e-15
3671.84339283449 8.42772953864762e-16
3674.96794223089 7.88137687640525e-16
3678.09249162729 8.00107533734649e-16
3681.21704102369 9.21512766064608e-16
3684.34159042009 8.13481919273998e-16
3687.46613981649 7.44948165874298e-16
3690.59068921289 8.23704442277055e-16
3693.71523860929 8.46653370614812e-16
3696.83978800569 8.96025862319081e-16
3699.96433740209 9.22349422858258e-16
3703.08888679848 9.86186166807197e-16
3706.21343619488 8.46959361267008e-16
3709.33798559128 8.87086329533318e-16
3712.46253498768 9.42379528599336e-16
3715.58708438408 1.07479883622156e-15
3718.71163378048 1.00663047165948e-15
3721.83618317688 9.48387850931566e-16
3724.96073257328 1.18205893596973e-15
3728.08528196968 1.2853656153157e-15
3731.20983136608 1.23455105001873e-15
3734.33438076248 1.22036324815223e-15
3737.45893015888 1.38880146718614e-15
3740.58347955528 1.26615162581931e-15
3743.70802895168 1.31574392257339e-15
3746.83257834808 1.46169002872591e-15
3749.95712774447 1.60715618483469e-15
3753.08167714087 1.5058298685194e-15
3756.20622653727 1.51637976975657e-15
3759.33077593367 1.85113650787389e-15
3762.45532533007 1.95603687971012e-15
3765.57987472647 2.04360589865435e-15
3768.70442412287 2.29346431271013e-15
3771.82897351927 2.27356772053737e-15
3774.95352291567 2.24801231300223e-15
3778.07807231207 2.36493885862358e-15
3781.20262170847 2.59859543822252e-15
3784.32717110487 2.48111048613069e-15
3787.45172050127 2.47878982761345e-15
3790.57626989767 2.61863814357869e-15
3793.70081929407 2.78492744002542e-15
3796.82536869047 2.83861598811242e-15
3799.94991808686 2.8823950977495e-15
3803.07446748326 2.94741652315429e-15
3806.19901687966 3.0900056259786e-15
3809.32356627606 3.07145708674139e-15
3812.44811567246 2.98061746182958e-15
3815.57266506886 3.16155111090139e-15
3818.69721446526 3.25471308839633e-15
3821.82176386166 3.38379032164605e-15
3824.94631325806 3.48201649737439e-15
3828.07086265446 3.53600785974004e-15
3831.19541205086 3.60377578947631e-15
3834.31996144726 3.6433576391015e-15
3837.44451084366 3.56976572257815e-15
3840.56906024006 3.73960980454627e-15
3843.69360963646 3.92917027242762e-15
3846.81815903286 4.10300769122557e-15
3849.94270842925 4.10422572460372e-15
3853.06725782565 4.10948834030501e-15
3856.19180722205 4.40840372629221e-15
3859.31635661845 4.74388425406296e-15
3862.44090601485 4.75987920072244e-15
3865.56545541125 4.52791118130385e-15
3868.69000480765 4.34962302788455e-15
3871.81455420405 4.50259590760926e-15
3874.93910360045 4.64064745493513e-15
3878.06365299685 4.54098513484472e-15
3881.18820239325 4.48202401841929e-15
3884.31275178965 4.47252284984994e-15
3887.43730118605 4.65162542544802e-15
3890.56185058245 4.6707501588476e-15
3893.68639997885 4.46943414420778e-15
3896.81094937525 4.63538102758558e-15
3899.93549877164 4.72276518158907e-15
3903.06004816804 4.57514427954159e-15
3906.18459756444 4.54827088874053e-15
3909.30914696084 4.59804889746829e-15
3912.43369635724 4.5222737535234e-15
3915.55824575364 4.47146151756703e-15
3918.68279515004 4.57606669842115e-15
3921.80734454644 4.60335174723458e-15
3924.93189394284 4.56571722635512e-15
3928.05644333924 4.55483031188406e-15
3931.18099273564 4.52110484805619e-15
3934.30554213204 4.55353731609008e-15
3937.43009152844 4.44533775092429e-15
3940.55464092484 4.40838043288616e-15
3943.67919032124 4.37995951289047e-15
3946.80373971764 4.30602708912232e-15
3949.92828911403 4.38958561881954e-15
3953.05283851043 4.31556595065783e-15
3956.17738790683 4.22128059571658e-15
3959.30193730323 4.13998406750501e-15
3962.42648669963 4.03046228390855e-15
3965.55103609603 3.99894842310596e-15
3968.67558549243 4.03219827793395e-15
3971.80013488883 4.04067114850534e-15
3974.92468428523 3.94295996880892e-15
3978.04923368163 3.87460568051492e-15
3981.17378307803 3.95873087525385e-15
3984.29833247443 4.02649859323188e-15
3987.42288187083 3.98208992635676e-15
3990.54743126723 3.95748404275549e-15
3993.67198066363 3.96695090649048e-15
3996.79653006003 4.01804774551712e-15
3999.92107945642 4.15469321815055e-15
4003.04562885282 4.21537296442596e-15
4006.17017824922 4.21755068613335e-15
4009.29472764562 4.19341363526839e-15
4012.41927704202 4.16569998778365e-15
4015.54382643842 4.17442823878863e-15
4018.66837583482 4.31323195137167e-15
4021.79292523122 4.42909801174306e-15
4024.91747462762 4.50372203791263e-15
4028.04202402402 4.52081008059054e-15
4031.16657342042 4.57954334515316e-15
4034.29112281682 4.6232129757818e-15
4037.41567221322 4.73057143723097e-15
4040.54022160962 4.75716022496175e-15
4043.66477100602 4.70338083259116e-15
4046.78932040241 4.73741503992831e-15
4049.91386979881 4.83840804877886e-15
4053.03841919521 4.83435541964272e-15
4056.16296859161 4.86610136747286e-15
4059.28751798801 4.94088421232005e-15
4062.41206738441 4.83968918611158e-15
4065.53661678081 4.88809542498127e-15
4068.66116617721 4.85595518331418e-15
4071.78571557361 4.76901148644326e-15
4074.91026497001 4.73379905627648e-15
4078.03481436641 4.77655007967382e-15
4081.15936376281 4.79401293443089e-15
4084.28391315921 4.73013817987845e-15
4087.40846255561 4.63816183675142e-15
4090.53301195201 4.53627986682272e-15
4093.65756134841 4.47321487576785e-15
4096.78211074481 4.5353392367348e-15
4099.9066601412 4.55772335291541e-15
4103.0312095376 4.41935628581669e-15
4106.155758934 4.36185630122527e-15
4109.2803083304 4.3483584076943e-15
4112.4048577268 4.20190387001519e-15
4115.5294071232 4.11911529326703e-15
4118.6539565196 4.19722782462988e-15
4121.778505916 4.20241081923413e-15
4124.9030553124 4.07572094834625e-15
4128.0276047088 4.05144667814383e-15
4131.1521541052 4.0140671141815e-15
4134.2767035016 4.06720022041334e-15
4137.401252898 4.17663221851739e-15
4140.5258022944 4.14182763471471e-15
4143.6503516908 3.96028094554733e-15
4146.77490108719 3.89219855482939e-15
4149.89945048359 3.92014344230873e-15
4153.02399987999 3.9233092279491e-15
4156.14854927639 3.82986158859269e-15
4159.27309867279 3.74680111426846e-15
4162.39764806919 3.6843315873755e-15
4165.52219746559 3.60220073171089e-15
4168.64674686199 3.63443499403512e-15
4171.77129625839 3.59862794673937e-15
4174.89584565479 3.47284016594031e-15
4178.02039505119 3.36901700825475e-15
4181.14494444759 3.29339348320741e-15
4184.26949384399 3.37620831797694e-15
4187.39404324039 3.43599359746004e-15
4190.51859263679 3.2644726020146e-15
4193.64314203319 3.10585615352057e-15
4196.76769142958 3.16214805737096e-15
4199.89224082598 3.16216796264522e-15
4203.01679022238 3.10844320389973e-15
4206.14133961878 3.08784145679837e-15
4209.26588901518 3.05461891878293e-15
4212.39043841158 3.04579452953843e-15
4215.51498780798 3.02743276106609e-15
4218.63953720438 2.96281600565185e-15
4221.76408660078 2.96890596078437e-15
4224.88863599718 2.88037026548909e-15
4228.01318539358 2.78053705650156e-15
4231.13773478998 2.79577623801385e-15
4234.26228418638 2.89801565584629e-15
4237.38683358278 2.89933639196929e-15
4240.51138297918 2.80613354513464e-15
4243.63593237558 2.77793221843052e-15
4246.76048177197 2.80044847175091e-15
4249.88503116837 2.74810607077533e-15
4253.00958056477 2.70069573089337e-15
4256.13412996117 2.73512169096863e-15
4259.25867935757 2.70869849817903e-15
4262.38322875397 2.64673909687856e-15
4265.50777815037 2.65580171413947e-15
4268.63232754677 2.60657681792626e-15
4271.75687694317 2.5518398548088e-15
4274.88142633957 2.53116356880808e-15
4278.00597573597 2.55399280080248e-15
4281.13052513237 2.54960072321273e-15
4284.25507452877 2.5905198261034e-15
4287.37962392517 2.60650609067517e-15
4290.50417332157 2.54503140397877e-15
4293.62872271797 2.42237362167805e-15
4296.75327211436 2.45138492363799e-15
4299.87782151076 2.54766228831294e-15
4303.00237090716 2.53559736277048e-15
4306.12692030356 2.45252291240262e-15
4309.25146969996 2.45742448031015e-15
4312.37601909636 2.58918384338734e-15
4315.50056849276 2.67101823752042e-15
4318.62511788916 2.68869708567904e-15
4321.74966728556 2.67835544866778e-15
4324.87421668196 2.64166600479922e-15
4327.99876607836 2.69737599701485e-15
4331.12331547476 2.99913847249601e-15
4334.24786487116 3.13101917304289e-15
4337.37241426756 2.96588035909678e-15
4340.49696366396 2.7398843454728e-15
4343.62151306036 2.69180484956252e-15
4346.74606245675 2.75819846834186e-15
4349.87061185315 2.74296013386252e-15
4352.99516124955 2.74260840343117e-15
4356.11971064595 2.71580679867239e-15
4359.24426004235 2.61670457911835e-15
4362.36880943875 2.55518309385161e-15
4365.49335883515 2.56141640931045e-15
4368.61790823155 2.51799241823651e-15
4371.74245762795 2.56153880557133e-15
4374.86700702435 2.53600647968401e-15
4377.99155642075 2.47176686568953e-15
4381.11610581715 2.5203283233468e-15
4384.24065521355 2.50544828380415e-15
4387.36520460995 2.41664958477875e-15
4390.48975400635 2.38308738655145e-15
4393.61430340275 2.42170997136388e-15
4396.73885279914 2.44059457092292e-15
4399.86340219554 2.48374687617902e-15
4402.98795159194 2.53818970710556e-15
4406.11250098834 2.51113145136375e-15
4409.23705038474 2.55405018728466e-15
4412.36159978114 2.64160904183352e-15
4415.48614917754 2.65023077844538e-15
4418.61069857394 2.63758118841109e-15
4421.73524797034 2.633134265438e-15
4424.85979736674 2.68103016695697e-15
4427.98434676314 2.73423103582459e-15
4431.10889615954 2.73289865299856e-15
4434.23344555594 2.75552671466798e-15
4437.35799495234 2.81893496582473e-15
4440.48254434874 2.86524691573233e-15
4443.60709374513 2.9610808586594e-15
4446.73164314153 2.99743593627202e-15
4449.85619253793 2.92954412796722e-15
4452.98074193433 2.85693985186037e-15
4456.10529133073 2.82891746086636e-15
4459.22984072713 2.75240836287267e-15
4462.35439012353 2.6825046395599e-15
4465.47893951993 2.76923382533693e-15
4468.60348891633 2.87902348310295e-15
4471.72803831273 2.86348042852083e-15
4474.85258770913 2.77765608568971e-15
4477.97713710553 2.78234038964627e-15
4481.10168650193 2.85780043733478e-15
4484.22623589833 2.83683192496727e-15
4487.35078529473 2.80921610978794e-15
4490.47533469113 2.87084982692018e-15
4493.59988408753 2.8283804419778e-15
4496.72443348392 2.82874297207923e-15
4499.84898288032 2.81575181600895e-15
4502.97353227672 2.82075375732072e-15
4506.09808167312 2.83658035618193e-15
4509.22263106952 2.82863793999377e-15
4512.34718046592 2.80229881522418e-15
4515.47172986232 2.82176956158272e-15
4518.59627925872 2.82510009513132e-15
4521.72082865512 2.80356576475504e-15
4524.84537805152 2.76566887542017e-15
4527.96992744792 2.73154975303006e-15
4531.09447684432 2.70086026704338e-15
4534.21902624072 2.62508618188966e-15
4537.34357563712 2.62513319221824e-15
4540.46812503352 2.75888075338088e-15
4543.59267442991 2.79176405470094e-15
4546.71722382631 2.73786798354186e-15
4549.84177322271 2.72992112043072e-15
4552.96632261911 2.65921144526865e-15
4556.09087201551 2.66363888648394e-15
4559.21542141191 2.71004782166401e-15
4562.33997080831 2.70270828117605e-15
4565.46452020471 2.76477292632021e-15
4568.58906960111 2.71159005690272e-15
4571.71361899751 2.70694386942879e-15
4574.83816839391 2.70445126322326e-15
4577.96271779031 2.73050006745017e-15
4581.08726718671 2.78318276391231e-15
4584.21181658311 2.79863688003497e-15
4587.33636597951 2.83072079401106e-15
4590.46091537591 2.83075975752664e-15
4593.5854647723 2.78474681024942e-15
4596.7100141687 2.73053797217456e-15
4599.8345635651 2.73213759389545e-15
4602.9591129615 2.73104449787702e-15
4606.0836623579 2.61624696956859e-15
4609.2082117543 2.50272867276875e-15
4612.3327611507 2.49812928386516e-15
4615.4573105471 2.48886507276281e-15
4618.5818599435 2.49200481214004e-15
4621.7064093399 2.39476648858643e-15
4624.8309587363 2.36457230511566e-15
4627.9555081327 2.43089943180864e-15
4631.0800575291 2.41805608298766e-15
4634.2046069255 2.39252672171565e-15
4637.3291563219 2.43371348701766e-15
4640.4537057183 2.38588132472797e-15
4643.57825511469 2.29347363007255e-15
4646.70280451109 2.27230924133598e-15
4649.82735390749 2.27466949864351e-15
4652.95190330389 2.32206141555886e-15
4656.07645270029 2.33496215086202e-15
4659.20100209669 2.29586713342326e-15
4662.32555149309 2.30748694315193e-15
4665.45010088949 2.40323597102603e-15
4668.57465028589 2.4196830215211e-15
4671.69919968229 2.37638968527928e-15
4674.82374907869 2.34338483473128e-15
4677.94829847509 2.33087309930915e-15
4681.07284787149 2.31187669140107e-15
4684.19739726789 2.28650445474078e-15
4687.32194666429 2.31789295466718e-15
4690.44649606069 2.32274264180669e-15
4693.57104545708 2.31444553057186e-15
4696.69559485348 2.29661019307624e-15
4699.82014424988 2.28063324586689e-15
4702.94469364628 2.22674225690549e-15
4706.06924304268 2.19355423548265e-15
4709.19379243908 2.23820303619832e-15
4712.31834183548 2.22403789246314e-15
4715.44289123188 2.13976954915613e-15
4718.56744062828 2.12718983933998e-15
4721.69199002468 2.11563567466472e-15
4724.81653942108 2.096762086534e-15
4727.94108881748 2.06620643175299e-15
4731.06563821388 2.05517340409853e-15
4734.19018761028 2.06147490570963e-15
4737.31473700668 2.03874985876774e-15
4740.43928640308 2.01302737398376e-15
4743.56383579947 2.00443126011855e-15
4746.68838519587 2.02392974680611e-15
4749.81293459227 2.08991340163898e-15
4752.93748398867 2.1541676269518e-15
4756.06203338507 2.17959280317129e-15
4759.18658278147 2.22196710866534e-15
4762.31113217787 2.24711657566051e-15
4765.43568157427 2.23221853666773e-15
4768.56023097067 2.22525296122598e-15
4771.68478036707 2.23316234312921e-15
4774.80932976347 2.2949815604769e-15
4777.93387915987 2.30493440936538e-15
4781.05842855627 2.24286849367179e-15
4784.18297795267 2.18608912236026e-15
4787.30752734907 2.16061015954861e-15
4790.43207674546 2.19823811592273e-15
4793.55662614186 2.16537535515163e-15
4796.68117553826 2.056125257373e-15
4799.80572493466 2.0332183101057e-15
4802.93027433106 2.02964552513418e-15
4806.05482372746 1.94935781316278e-15
4809.17937312386 1.86971702260486e-15
4812.30392252026 1.8482938653029e-15
4815.42847191666 1.9027163674387e-15
4818.55302131306 1.86033380337341e-15
4821.67757070946 1.77846616319715e-15
4824.80212010586 1.76873195468819e-15
4827.92666950226 1.79550846609591e-15
4831.05121889866 1.74939705123857e-15
4834.17576829506 1.6521210347188e-15
4837.30031769146 1.60145438255025e-15
4840.42486708786 1.64453754874204e-15
4843.54941648425 1.64896181358378e-15
4846.67396588065 1.5779651001317e-15
4849.79851527705 1.55504025929338e-15
4852.92306467345 1.59151540382629e-15
4856.04761406985 1.59001350853169e-15
4859.17216346625 1.59373399487338e-15
4862.29671286265 1.6078890800923e-15
4865.42126225905 1.61518235140552e-15
4868.54581165545 1.64106577244948e-15
4871.67036105185 1.65484149278715e-15
4874.79491044825 1.64503973340064e-15
4877.91945984465 1.64406553963218e-15
4881.04400924105 1.63586636658188e-15
4884.16855863745 1.61817449529169e-15
4887.29310803385 1.63466294452206e-15
4890.41765743024 1.65998986491968e-15
4893.54220682664 1.69173845972778e-15
4896.66675622304 1.73392048874281e-15
4899.79130561944 1.7522336586998e-15
4902.91585501584 1.75907842606745e-15
4906.04040441224 1.74326050929395e-15
4909.16495380864 1.70103623451067e-15
4912.28950320504 1.75903173337623e-15
4915.41405260144 1.80877427259933e-15
4918.53860199784 1.73240842905284e-15
4921.66315139424 1.69032476173882e-15
4924.78770079064 1.69850879407519e-15
4927.91225018704 1.6938110434706e-15
4931.03679958344 1.69239575729485e-15
4934.16134897984 1.73790503760581e-15
4937.28589837624 1.74923855019831e-15
4940.41044777264 1.71757021176196e-15
4943.53499716903 1.72172130847822e-15
4946.65954656543 1.75549473554673e-15
4949.78409596183 1.74230611492063e-15
4952.90864535823 1.76636926216094e-15
4956.03319475463 1.76484195587792e-15
4959.15774415103 1.77258722514761e-15
4962.28229354743 1.80925199918158e-15
4965.40684294383 1.81344057710575e-15
4968.53139234023 1.80456261302735e-15
4971.65594173663 1.81506688036448e-15
4974.78049113303 1.83249987721016e-15
4977.90504052943 1.8283608507134e-15
4981.02958992583 1.79386882206826e-15
4984.15413932223 1.787003831789e-15
4987.27868871862 1.81793091051739e-15
4990.40323811502 1.83972443297553e-15
4993.52778751142 1.84901214924217e-15
4996.65233690782 1.80333272118793e-15
4999.77688630422 1.76437058204277e-15
5002.90143570062 1.78760162529152e-15
5006.02598509702 1.7933783899918e-15
5009.15053449342 1.79694672804034e-15
5012.27508388982 1.83148110833285e-15
5015.39963328622 1.86709016167718e-15
5018.52418268262 1.90019559738767e-15
5021.64873207902 1.91331317312532e-15
5024.77328147542 1.93119149754302e-15
5027.89783087182 1.97063506903958e-15
5031.02238026822 1.97263766668512e-15
5034.14692966462 1.97935484971508e-15
5037.27147906102 2.01905655450231e-15
5040.39602845742 2.01659084159286e-15
5043.52057785381 2.04199992418636e-15
5046.64512725021 2.05575828034861e-15
5049.76967664661 2.0707484341744e-15
5052.89422604301 2.12942113588129e-15
5056.01877543941 2.10936614854738e-15
5059.14332483581 2.07668422931052e-15
5062.26787423221 2.0977128810173e-15
5065.39242362861 2.16102097052803e-15
5068.51697302501 2.22917811190356e-15
5071.64152242141 2.19313198955844e-15
5074.76607181781 2.14959301376191e-15
5077.89062121421 2.18463137865803e-15
5081.01517061061 2.22092250528314e-15
5084.13972000701 2.20660404858452e-15
5087.26426940341 2.13328445315371e-15
5090.3888187998 2.09313720903623e-15
5093.5133681962 2.09845064671435e-15
5096.6379175926 2.04465664302542e-15
5099.762466989 2.06125277131921e-15
5102.8870163854 2.0981270801285e-15
5106.0115657818 2.11181767365497e-15
5109.1361151782 2.10530123743351e-15
5112.2606645746 2.06818255961893e-15
5115.385213971 2.00962992483232e-15
5118.5097633674 1.96379972491347e-15
5121.6343127638 1.94803178308386e-15
5124.7588621602 2.00922694890767e-15
5127.8834115566 2.05331501381225e-15
5131.007960953 2.02290631924759e-15
5134.1325103494 2.00199053468104e-15
5137.2570597458 2.0481417600869e-15
5140.38160914219 2.05945134399864e-15
5143.50615853859 2.04065293004198e-15
5146.63070793499 2.03632501519799e-15
5149.75525733139 2.06571261154474e-15
5152.87980672779 2.11864962964929e-15
5156.00435612419 2.13136274715463e-15
5159.12890552059 2.12748058339913e-15
5162.25345491699 2.12283079603518e-15
5165.37800431339 2.10684664904578e-15
5168.50255370979 2.11393080910014e-15
5171.62710310619 2.09821008935733e-15
5174.75165250259 2.08404303979803e-15
5177.87620189899 2.15529862769462e-15
5181.00075129539 2.19616817915787e-15
5184.12530069179 2.15425360079594e-15
5187.24985008818 2.07076558659158e-15
5190.37439948458 2.02794807110788e-15
5193.49894888098 2.02798597583227e-15
5196.62349827738 2.02408814196724e-15
5199.74804767378 1.97026046871865e-15
5202.87259707018 1.90497963947376e-15
5205.99714646658 1.87199723529886e-15
5209.12169586298 1.81648904868292e-15
5212.24624525938 1.81540336420278e-15
5215.37079465578 1.75335777729993e-15
5218.49534405218 1.71685785705332e-15
5221.61989344858 1.72228553830021e-15
5224.74444284498 1.67506631022698e-15
5227.86899224138 1.64381121798977e-15
5230.99354163778 1.62858802422436e-15
5234.11809103418 1.63108804196818e-15
5237.24264043058 1.63431163760719e-15
5240.36718982697 1.59546924774495e-15
5243.49173922337 1.58693814365844e-15
5246.61628861977 1.58891755377706e-15
5249.74083801617 1.57927556598022e-15
5252.86538741257 1.58698536574525e-15
5255.98993680897 1.60784884602731e-15
5259.11448620537 1.63362967020553e-15
5262.23903560177 1.63154342805645e-15
5265.36358499817 1.62034967590024e-15
5268.48813439457 1.57991009953684e-15
5271.61268379097 1.54556799572336e-15
5274.73723318737 1.54956228546525e-15
5277.86178258377 1.56184945127724e-15
5280.98633198017 1.5709779253498e-15
5284.11088137657 1.56856472848308e-15
5287.23543077296 1.54991613347897e-15
5290.35998016936 1.56525314729667e-15
5293.48452956576 1.61365525688074e-15
5296.60907896216 1.63141330261992e-15
5299.73362835856 1.66606531461298e-15
5302.85817775496 1.70423579558981e-15
5305.98272715136 1.65201388505098e-15
5309.10727654776 1.63027139632791e-15
5312.23182594416 1.6668454319574e-15
5315.35637534056 1.66146200818201e-15
5318.48092473696 1.61649112318814e-15
5321.60547413336 1.60455505253279e-15
5324.73002352976 1.62303921726601e-15
5327.85457292616 1.63575169949664e-15
5330.97912232256 1.63841614751135e-15
5334.10367171896 1.65054332997542e-15
5337.22822111535 1.6826926772467e-15
5340.35277051175 1.65098177540475e-15
5343.47731990815 1.60730081571044e-15
5346.60186930455 1.63363612883176e-15
5349.72641870095 1.62080283852702e-15
5352.85096809735 1.57926286048602e-15
5355.97551749375 1.56063184141557e-15
5359.10006689015 1.55785420862328e-15
5362.22461628655 1.54482715953187e-15
5365.34916568295 1.53739465717795e-15
5368.47371507935 1.55260959237212e-15
5371.59826447575 1.58707557475413e-15
5374.72281387215 1.55673241936376e-15
5377.84736326855 1.49318589007838e-15
5380.97191266495 1.50447218058407e-15
5384.09646206134 1.53048975047105e-15
5387.22101145774 1.53251595916e-15
5390.34556085414 1.54485818211356e-15
5393.47011025054 1.51232036435685e-15
5396.59465964694 1.39103890471631e-15
5399.71920904334 1.37555238958342e-15
5402.84375843974 1.46600830857013e-15
5405.96830783614 1.44894768858389e-15
5409.09285723254 1.38216941096737e-15
5412.21740662894 1.33959128817039e-15
5415.34195602534 1.3055183290759e-15
5418.46650542174 1.376075114791e-15
5421.59105481814 1.49747537080239e-15
5424.71560421454 1.46162925411194e-15
5427.84015361094 1.45998399849102e-15
5430.96470300734 1.51363083020537e-15
5434.08925240374 1.42069056358437e-15
5437.21380180014 1.36286955350595e-15
5440.33835119653 1.40001851274839e-15
5443.46290059293 1.43672997947357e-15
5446.58744998933 1.4384989019048e-15
5449.71199938573 1.48724225988749e-15
5452.83654878213 1.51222189677673e-15
5455.96109817853 1.46066416594767e-15
5459.08564757493 1.44035464521311e-15
5462.21019697133 1.44793124904718e-15
5465.33474636773 1.46655877410673e-15
5468.45929576413 1.54143066329249e-15
5471.58384516053 1.54049119787487e-15
5474.70839455693 1.50997196551059e-15
5477.83294395333 1.52089551415662e-15
5480.95749334973 1.55969025841557e-15
5484.08204274613 1.56062877092113e-15
5487.20659214252 1.53960594256587e-15
5490.33114153892 1.55959814358256e-15
5493.45569093532 1.57681112362019e-15
5496.58024033172 1.58125381142854e-15
5499.70478972812 1.6110993349624e-15
5502.82933912452 1.59526892445292e-15
5505.95388852092 1.5783361005626e-15
5509.07843791732 1.56532673328396e-15
5512.20298731372 1.56954315741627e-15
5515.32753671012 1.54532542666309e-15
5518.45208610652 1.52816453915172e-15
5521.57663550292 1.52332840453937e-15
5524.70118489932 1.5434347432457e-15
5527.82573429572 1.56535733234918e-15
5530.95028369212 1.56178899430063e-15
5534.07483308851 1.56424782506739e-15
5537.19938248491 1.63643070228298e-15
5540.32393188131 1.79245766517813e-15
5543.44848127771 1.84614684853985e-15
5546.57303067411 1.8240282771882e-15
5549.69758007051 1.78373619043673e-15
5552.82212946691 1.68057911828506e-15
5555.94667886331 1.64152909947163e-15
5559.07122825971 1.63640412662426e-15
5562.19577765611 1.63701907254397e-15
5565.32032705251 1.65284524788871e-15
5568.44487644891 1.64837841964136e-15
5571.56942584531 1.63015302347353e-15
5574.69397524171 1.62571700604964e-15
5577.81852463811 1.64901856479125e-15
5580.94307403451 1.66153982933404e-15
5584.0676234309 1.6281476729709e-15
5587.1921728273 1.62680110234301e-15
5590.3167222237 1.6426592531815e-15
5593.4412716201 1.63434138963946e-15
5596.5658210165 1.62866701004669e-15
5599.6903704129 1.62098780934688e-15
5602.8149198093 1.61821642342258e-15
5605.9394692057 1.64022795098553e-15
5609.0640186021 1.65666600175553e-15
5612.1885679985 1.66305665358433e-15
5615.3131173949 1.65502148728844e-15
5618.4376667913 1.65362843572756e-15
5621.5622161877 1.6738567471783e-15
5624.6867655841 1.67064606879173e-15
5627.8113149805 1.65648823071573e-15
5630.9358643769 1.6484718050238e-15
5634.0604137733 1.65449293872935e-15
5637.18496316969 1.65129676578201e-15
5640.30951256609 1.6381771783411e-15
5643.43406196249 1.64327959893625e-15
5646.55861135889 1.63317100186459e-15
5649.68316075529 1.60970660103887e-15
5652.80771015169 1.60682912423793e-15
5655.93225954809 1.62327723352419e-15
5659.05680894449 1.62332837313838e-15
5662.18135834089 1.57861255094076e-15
5665.30590773729 1.57558313760491e-15
5668.43045713369 1.59282766961982e-15
5671.55500653009 1.60036308647683e-15
5674.67955592649 1.594009068823e-15
5677.80410532289 1.57285526799827e-15
5680.92865471929 1.57382533248112e-15
5684.05320411568 1.56937480961801e-15
5687.17775351208 1.57537053233515e-15
5690.30230290848 1.56744908021242e-15
5693.42685230488 1.54105976874072e-15
5696.55140170128 1.51938991309287e-15
5699.67595109768 1.51075716505269e-15
5702.80050049408 1.50836196763609e-15
5705.92504989048 1.50992919034675e-15
5709.04959928688 1.50935278442614e-15
5712.17414868328 1.49822891248809e-15
5715.29869807968 1.4689607477869e-15
5718.42324747608 1.44465852549723e-15
5721.54779687248 1.43470165320226e-15
5724.67234626888 1.44049133515498e-15
5727.79689566528 1.45583173710446e-15
5730.92144506168 1.45874224819035e-15
5734.04599445807 1.43569098768465e-15
5737.17054385447 1.43350352509836e-15
5740.29509325087 1.41135848396711e-15
5743.41964264727 1.37985944624109e-15
5746.54419204367 1.39985387071927e-15
5749.66874144007 1.40878943303809e-15
5752.79329083647 1.39018393083517e-15
5755.91784023287 1.3952379646732e-15
5759.04238962927 1.39419187898334e-15
5762.16693902567 1.39636398909746e-15
5765.29148842207 1.42144378763271e-15
5768.41603781847 1.41005447674481e-15
5771.54058721487 1.38963653579301e-15
5774.66513661127 1.3974657672036e-15
5777.78968600767 1.42628108691536e-15
5780.91423540407 1.43824690960299e-15
5784.03878480046 1.44104518882336e-15
5787.16333419686 1.44959926867856e-15
5790.28788359326 1.45576651556752e-15
5793.41243298966 1.46569501225876e-15
5796.53698238606 1.45783518178295e-15
5799.66153178246 1.43676142557174e-15
5802.78608117886 1.4224986612894e-15
5805.91063057526 1.4382250985046e-15
5809.03517997166 1.43827644987702e-15
5812.15972936806 1.41333990578898e-15
5815.28427876446 1.43485390737452e-15
5818.40882816086 1.44976761647683e-15
5821.53337755726 1.44767586861359e-15
5824.65792695366 1.47154599822104e-15
5827.78247635006 1.49376737819667e-15
5830.90702574646 1.48635795749056e-15
5834.03157514286 1.48055525240627e-15
5837.15612453925 1.49516371201021e-15
5840.28067393565 1.47860231206726e-15
5843.40522333205 1.45443625032386e-15
5846.52977272845 1.44934198242084e-15
5849.65432212485 1.44107430558092e-15
5852.77887152125 1.4412617116205e-15
5855.90342091765 1.4575622254157e-15
5859.02797031405 1.46604960142631e-15
5862.15251971045 1.47003044452017e-15
5865.27706910685 1.46014684057513e-15
5868.40161850325 1.44652792721182e-15
5871.52616789965 1.45388800824875e-15
5874.65071729605 1.45652990401124e-15
5877.77526669245 1.44120665447893e-15
5880.89981608885 1.41844476160384e-15
5884.02436548524 1.41416523351696e-15
5887.14891488164 1.42652122075591e-15
5890.27346427804 1.43494242231751e-15
5893.39801367444 1.42977276848218e-15
5896.52256307084 1.41943917828392e-15
5899.64711246724 1.41202647532514e-15
5902.77166186364 1.42187778613906e-15
5905.89621126004 1.42491376398026e-15
5909.02076065644 1.41086244029738e-15
5912.14531005284 1.40428131193456e-15
5915.26985944924 1.40897334506676e-15
5918.39440884564 1.40429306451671e-15
5921.51895824204 1.39386873591397e-15
5924.64350763844 1.35723741968142e-15
5927.76805703484 1.33988362041631e-15
5930.89260643123 1.3423869204128e-15
5934.01715582763 1.33214883317934e-15
5937.14170522403 1.32197977913107e-15
5940.26625462043 1.3141759587089e-15
5943.39080401683 1.31081228499624e-15
5946.51535341323 1.29837170034168e-15
5949.63990280963 1.27536628549425e-15
5952.76445220603 1.27070114565813e-15
5955.88900160243 1.26006527057681e-15
5959.01355099883 1.25415869807737e-15
5962.13810039523 1.25066246370846e-15
5965.26264979163 1.22199262190539e-15
5968.38719918803 1.20664396138467e-15
5971.51174858443 1.20066835570002e-15
5974.63629798083 1.2010829783277e-15
5977.76084737723 1.19109900097842e-15
5980.88539677362 1.16900351127458e-15
5984.00994617002 1.16436685292131e-15
5987.13449556642 1.15803168175056e-15
5990.25904496282 1.13265055124432e-15
5993.38359435922 1.13716608388613e-15
5996.50814375562 1.13447929537744e-15
5999.63269315202 1.09766978458861e-15
6002.75724254842 1.09045422854831e-15
6005.88179194482 1.09199042867727e-15
6009.00634134122 1.08515084938643e-15
6012.13089073762 1.06889353427154e-15
6015.25544013402 1.04463514593689e-15
6018.37998953042 1.02761433649917e-15
6021.50453892682 1.02981312815112e-15
6024.62908832322 1.01888237972504e-15
6027.75363771962 9.9910776029668e-16
6030.87818711602 9.96991236719728e-16
6034.00273651241 9.95895387844218e-16
6037.12728590881 9.80703004902265e-16
6040.25183530521 9.71078381280851e-16
6043.37638470161 9.75516622166227e-16
6046.50093409801 9.49402278765021e-16
6049.62548349441 9.16454920578316e-16
6052.75003289081 9.14066075908822e-16
6055.87458228721 9.27590545098513e-16
6058.99913168361 9.38037425953474e-16
6062.12368108001 9.43264783908335e-16
6065.24823047641 9.98520978222469e-16
6068.37277987281 1.04375550222116e-15
6071.49732926921 1.00498934532418e-15
6074.62187866561 1.00034760477322e-15
6077.74642806201 9.98439768938651e-16
6080.8709774584 9.48288324560263e-16
6083.9955268548 8.81783215069237e-16
6087.1200762512 8.19115694224864e-16
6090.2446256476 8.16339914317153e-16
6093.369175044 8.20688105012323e-16
6096.4937244404 7.8954090359677e-16
6099.6182738368 7.86530654381347e-16
6102.7428232332 8.09533686948609e-16
6105.8673726296 8.11503620886127e-16
6108.991922026 8.12993128323873e-16
6112.1164714224 8.18357176220598e-16
6115.2410208188 8.05117310101184e-16
6118.3655702152 8.05231394851268e-16
6121.4901196116 8.0560138943054e-16
6124.614669008 7.94916227619605e-16
6127.73921840439 8.20535003807107e-16
6130.86376780079 8.30316010886408e-16
6133.98831719719 8.29872483259402e-16
6137.11286659359 8.58465562701628e-16
6140.23741598999 8.86098742056379e-16
6143.36196538639 8.98123010017364e-16
6146.48651478279 9.1776644521802e-16
6149.61106417919 9.38568197974047e-16
6152.73561357559 9.49931462598818e-16
6155.86016297199 9.68549352658586e-16
6158.98471236839 9.97074669465033e-16
6162.10926176479 1.02275924952462e-15
6165.23381116119 1.02645421899878e-15
6168.35836055759 1.03681533776784e-15
6171.48290995399 1.04118708656685e-15
6174.60745935039 1.04512451922216e-15
6177.73200874679 1.05973308470522e-15
6180.85655814318 1.09018476619196e-15
6183.98110753958 1.1048386479377e-15
6187.10565693598 1.10408701207613e-15
6190.23020633238 1.11371269448873e-15
6193.35475572878 1.14398702845213e-15
6196.47930512518 1.16186270589187e-15
6199.60385452158 1.16551352377365e-15
6202.72840391798 1.18261871886874e-15
6205.85295331438 1.19834981476515e-15
6208.97750271078 1.19515692407048e-15
6212.10205210718 1.20930470363023e-15
6215.22660150358 1.24282052680366e-15
6218.35115089998 1.25767388480847e-15
6221.47570029638 1.26319431616309e-15
6224.60024969278 1.27629526887915e-15
6227.72479908918 1.27352631817458e-15
6230.84934848557 1.27324478559873e-15
6233.97389788197 1.2839384706787e-15
6237.09844727837 1.27050114000346e-15
6240.22299667477 1.24847934216603e-15
6243.34754607117 1.26526880573003e-15
6246.47209546757 1.29404484428886e-15
6249.59664486397 1.29850150814084e-15
6252.72119426037 1.29717187817189e-15
6255.84574365677 1.33354781397084e-15
6258.97029305317 1.35424548755348e-15
6262.09484244957 1.35614390014651e-15
6265.21939184597 1.34326952874384e-15
6268.34394124237 1.3360428553961e-15
6271.46849063877 1.34035933529531e-15
6274.59304003517 1.3425209633767e-15
6277.71758943157 1.35483650479242e-15
6280.84213882796 1.35233204012563e-15
6283.96668822436 1.33557444617627e-15
6287.09123762076 1.32294709075684e-15
6290.21578701716 1.32102030256007e-15
6293.34033641356 1.32271976828962e-15
6296.46488580996 1.32312009723632e-15
6299.58943520636 1.32294264383387e-15
6302.71398460276 1.31518233972936e-15
6305.83853399916 1.2991765933998e-15
6308.96308339556 1.27862143311055e-15
6312.08763279196 1.26857106955402e-15
6315.21218218836 1.27962696709806e-15
6318.33673158476 1.30968657820934e-15
6321.46128098116 1.31551183554584e-15
6324.58583037756 1.30212839734187e-15
6327.71037977395 1.31169171695372e-15
6330.83492917035 1.32951053730688e-15
6333.95947856675 1.3247956342851e-15
6337.08402796315 1.32318510701502e-15
6340.20857735955 1.3296337806007e-15
6343.33312675595 1.32888373292591e-15
6346.45767615235 1.33202029592959e-15
6349.58222554875 1.33503636849653e-15
6352.70677494515 1.33521572772311e-15
6355.83132434155 1.33129121232024e-15
6358.95587373795 1.33948339734873e-15
6362.08042313435 1.35770254664858e-15
6365.20497253075 1.35370476289577e-15
6368.32952192715 1.33674515158849e-15
6371.45407132355 1.33981501074758e-15
6374.57862071995 1.34259359645193e-15
6377.70317011635 1.32745330603623e-15
6380.82771951274 1.31524396137627e-15
6383.95226890914 1.31913523073596e-15
6387.07681830554 1.31594043421715e-15
6390.20136770194 1.31415001832489e-15
6393.32591709834 1.31861134085808e-15
6396.45046649474 1.31411476057846e-15
6399.57501589114 1.29556526842919e-15
6402.69956528754 1.2956481717789e-15
6405.82411468394 1.30552531709771e-15
6408.94866408034 1.30247218683933e-15
6412.07321347674 1.28437003396533e-15
6415.19776287314 1.2733998985072e-15
6418.32231226954 1.28049782284695e-15
6421.44686166594 1.28820995195258e-15
6424.57141106234 1.29516070431775e-15
6427.69596045874 1.28560458448595e-15
6430.82050985513 1.25766975552286e-15
6433.94505925153 1.25155195418219e-15
6437.06960864793 1.25051455058004e-15
6440.19415804433 1.25533586211582e-15
6443.31870744073 1.2642792594894e-15
6446.44325683713 1.25888238906597e-15
6449.56780623353 1.25797458150475e-15
6452.69235562993 1.25025006454226e-15
6455.81690502633 1.23685646194292e-15
6458.94145442273 1.2210056167636e-15
6462.06600381913 1.2165413296151e-15
6465.19055321553 1.22945053524772e-15
6468.31510261193 1.22783757275792e-15
6471.43965200833 1.21929312790249e-15
6474.56420140473 1.21434497318287e-15
6477.68875080112 1.21161953879596e-15
6480.81330019752 1.21837007374822e-15
6483.93784959392 1.21900344263453e-15
6487.06239899032 1.22163930328726e-15
6490.18694838672 1.23687181441509e-15
6493.31149778312 1.23562011147729e-15
6496.43604717952 1.22564460445747e-15
6499.56059657592 1.22363194829568e-15
6502.68514597232 1.22050036161056e-15
6505.80969536872 1.21178216912183e-15
6508.93424476512 1.2012348089835e-15
6512.05879416152 1.2003001081262e-15
6515.18334355792 1.21338549661186e-15
6518.30789295432 1.20885535265171e-15
6521.43244235072 1.20799921410027e-15
6524.55699174711 1.20861987749237e-15
6527.68154114351 1.20711745280218e-15
6530.80609053991 1.20511527867311e-15
6533.93063993631 1.19130461822636e-15
6537.05518933271 1.1934728108131e-15
6540.17973872911 1.1967291230997e-15
6543.30428812551 1.18681904937506e-15
6546.42883752191 1.17863311121456e-15
6549.55338691831 1.17599460358386e-15
6552.67793631471 1.17844856391118e-15
6555.80248571111 1.17127419484793e-15
6558.92703510751 1.16107845926183e-15
6562.05158450391 1.14814998362965e-15
6565.17613390031 1.13464870196689e-15
6568.30068329671 1.14368781406352e-15
6571.42523269311 1.15009434776007e-15
6574.54978208951 1.14255098996918e-15
6577.6743314859 1.13831868396911e-15
6580.7988808823 1.14202731184954e-15
6583.9234302787 1.13852652467854e-15
6587.0479796751 1.13501292613421e-15
6590.1725290715 1.14034881018544e-15
6593.2970784679 1.13778526497057e-15
6596.4216278643 1.12424523155048e-15
6599.5461772607 1.1168048941418e-15
6602.6707266571 1.12270003169645e-15
6605.7952760535 1.12476043934065e-15
6608.9198254499 1.12107330492125e-15
6612.0443748463 1.12302719817233e-15
6615.1689242427 1.12334271794518e-15
6618.2934736391 1.12785020377399e-15
6621.4180230355 1.12730344400654e-15
6624.5425724319 1.1222102348947e-15
6627.66712182829 1.12707135697899e-15
6630.79167122469 1.12899465116485e-15
6633.91622062109 1.11385594893593e-15
6637.04077001749 1.10238691107187e-15
6640.16531941389 1.09663322801941e-15
6643.28986881029 1.09926411235358e-15
6646.41441820669 1.1038573602683e-15
6649.53896760309 1.09477039081016e-15
6652.66351699949 1.08749173081528e-15
6655.78806639589 1.10441619025525e-15
6658.91261579229 1.110209472098e-15
6662.03716518869 1.09846663083374e-15
6665.16171458509 1.08609275002378e-15
6668.28626398149 1.06817440329932e-15
6671.41081337789 1.06878214943898e-15
6674.53536277429 1.07739223934782e-15
6677.65991217068 1.07633175409785e-15
6680.78446156708 1.06743134364634e-15
6683.90901096348 1.06993983171964e-15
6687.03356035988 1.06214522278077e-15
6690.15810975628 1.03235782688291e-15
6693.28265915268 1.03281670698209e-15
6696.40720854908 1.05117180506997e-15
6699.53175794548 1.0493272849482e-15
6702.65630734188 1.03491925451541e-15
6705.78085673828 1.03074941719519e-15
6708.90540613468 1.04152695853694e-15
6712.02995553108 1.0278221772086e-15
6715.15450492748 1.00167543479716e-15
6718.27905432388 9.97939066587706e-16
6721.40360372027 1.00180111331071e-15
6724.52815311667 9.95275465605946e-16
6727.65270251307 9.96872546227994e-16
6730.77725190947 1.00593421057684e-15
6733.90180130587 1.00562398475991e-15
6737.02635070227 1.00830929096094e-15
6740.15090009867 1.00452358308231e-15
6743.27544949507 9.93364665156059e-16
6746.39999889147 9.87716649463767e-16
6749.52454828787 9.91603683658717e-16
6752.64909768427 9.94726482377007e-16
6755.77364708067 9.97258052098113e-16
6758.89819647707 9.96377349591205e-16
6762.02274587347 9.84444984704997e-16
6765.14729526987 9.77854221342412e-16
6768.27184466627 9.77906102110431e-16
6771.39639406267 9.78913436042953e-16
6774.52094345907 9.71217929958911e-16
6777.64549285546 9.64410749678302e-16
6780.77004225186 9.74451054718581e-16
6783.89459164826 9.83727124282199e-16
6787.01914104466 9.93051157086456e-16
6790.14369044106 9.91350632565725e-16
6793.26823983746 9.75885293256519e-16
6796.39278923386 9.76826135102682e-16
6799.51733863026 9.7308606112408e-16
6802.64188802666 9.5779849285468e-16
6805.76643742306 9.58897729861979e-16
6808.89098681946 9.68008310363528e-16
6812.01553621586 9.63812956175777e-16
6815.14008561226 9.68110166075435e-16
6818.26463500866 9.59394832322899e-16
6821.38918440506 9.01947575532454e-16
6824.51373380145 8.20762326274327e-16
6827.63828319785 7.74637994164541e-16
6830.76283259425 7.82748440513619e-16
6833.88738199065 8.14112694121907e-16
6837.01193138705 8.55024385474289e-16
6840.13648078345 8.77232001164521e-16
6843.26103017985 8.68494221038883e-16
6846.38557957625 8.51392043498667e-16
6849.51012897265 8.44880107139735e-16
6852.63467836905 8.57138420891959e-16
6855.75922776545 8.69170100391232e-16
6858.88377716185 8.69420028050231e-16
6862.00832655825 8.83452981706071e-16
6865.13287595465 8.94033958464494e-16
6868.25742535105 8.94358901478885e-16
6871.38197474745 8.90095043501525e-16
6874.50652414384 8.85830391430777e-16
6877.63107354024 8.93244629636772e-16
6880.75562293664 9.01417756423947e-16
6883.88017233304 9.12718870006214e-16
6887.00472172944 9.12201650512796e-16
6890.12927112584 9.10309802425104e-16
6893.25382052224 9.0979300644816e-16
6896.37836991864 9.02960203420897e-16
6899.50291931504 8.9931351482473e-16
6902.62746871144 9.06214292246011e-16
6905.75201810784 9.13221901697764e-16
6908.87656750424 9.11674690140486e-16
6912.00111690064 9.07839642592674e-16
6915.12566629704 9.0516704188585e-16
6918.25021569344 9.13299828728912e-16
6921.37476508983 9.04426735089949e-16
6924.49931448623 8.84545177751996e-16
6927.62386388263 8.81553880898768e-16
6930.74841327903 8.81123694040681e-16
6933.87296267543 8.6790023918462e-16
6936.99751207183 8.5278207750467e-16
6940.12206146823 8.46969949178848e-16
6943.24661086463 8.49196745857621e-16
6946.37116026103 8.51769131978873e-16
6949.49570965743 8.5027337767314e-16
6952.62025905383 8.52293127735868e-16
6955.74480845023 9.13672629104822e-16
6958.86935784663 8.92902004809607e-16
6961.99390724303 8.91083319192734e-16
6965.11845663943 9.04432876078817e-16
6968.24300603583 9.06679948608764e-16
6971.36755543223 9.09872945182558e-16
6974.49210482863 9.02631872274717e-16
6977.61665422502 8.8885329320085e-16
6980.74120362142 9.03645770712581e-16
6983.86575301782 9.18628724758325e-16
6986.99030241422 9.18410084378815e-16
6990.11485181062 9.2805260157124e-16
6993.23940120702 9.24536885444542e-16
6996.36395060342 8.97431301736813e-16
6999.48849999982 9.06168023071267e-16
7002.61304939622 9.35050999539692e-16
7005.73759879262 9.36420863573639e-16
7008.86214818902 9.22687812520686e-16
7011.98669758542 9.16039450917687e-16
7015.11124698182 9.13360285705522e-16
7018.23579637822 9.16878966447535e-16
7021.36034577462 9.26522013035551e-16
7024.48489517101 9.32932887775964e-16
7027.60944456741 9.15777294220512e-16
7030.73399396381 9.0836289719584e-16
7033.85854336021 9.19508897869641e-16
7036.98309275661 9.19069605407371e-16
7040.10764215301 9.23076388885239e-16
7043.23219154941 9.2406784095e-16
7046.35674094581 9.39997671951657e-16
7049.48129034221 9.6397156309515e-16
7052.60583973861 9.41605658122901e-16
7055.73038913501 9.00925418523355e-16
7058.85493853141 8.97852382990717e-16
7061.97948792781 9.09696762329529e-16
7065.10403732421 9.04169448832221e-16
7068.22858672061 9.05809092859868e-16
7071.353136117 9.25362954326352e-16
7074.4776855134 9.31660114893596e-16
7077.6022349098 9.35098856901212e-16
7080.7267843062 9.54696340564479e-16
7083.8513337026 9.67131525384001e-16
7086.975883099 9.52761187917358e-16
7090.1004324954 9.2810839986664e-16
7093.2249818918 9.06345794111072e-16
7096.3495312882 8.90530947832006e-16
7099.4740806846 8.95038116023464e-16
7102.598630081 8.96187645612007e-16
7105.7231794774 9.08483599390824e-16
7108.8477288738 9.2378408491267e-16
7111.9722782702 9.23113023060208e-16
7115.0968276666 8.94381559610224e-16
7118.221377063 8.81590409194618e-16
7121.34592645939 8.96419944397791e-16
7124.47047585579 8.93942161268836e-16
7127.59502525219 8.68868874299365e-16
7130.71957464859 8.50198468196867e-16
7133.84412404499 8.39229603288161e-16
7136.96867344139 8.33901077835662e-16
7140.09322283779 8.28752070428421e-16
7143.21777223419 8.23728000380901e-16
7146.34232163059 8.35719234056943e-16
7149.46687102699 8.47991417973678e-16
7152.59142042339 8.40567068311875e-16
7155.71596981979 8.30363285912777e-16
7158.84051921619 8.30691193542482e-16
7161.96506861259 8.53793911299725e-16
7165.08961800899 8.74791011029212e-16
7168.21416740539 8.76045466824095e-16
7171.33871680179 8.64775587581759e-16
7174.46326619818 8.61237054505045e-16
7177.58781559458 8.5618000311214e-16
7180.71236499098 8.45252113422257e-16
7183.83691438738 8.2990519990699e-16
7186.96146378378 8.05507792289869e-16
7190.08601318018 8.04303364378432e-16
7193.21056257658 8.07479208535044e-16
7196.33511197298 8.07509807600263e-16
7199.45966136938 8.20515098532847e-16
7202.58421076578 8.35959050260134e-16
7205.70876016218 8.18345635396692e-16
7208.83330955858 8.10620589038614e-16
7211.95785895498 8.23372987696883e-16
7215.08240835138 8.34402838977791e-16
7218.20695774778 8.30284935365155e-16
7221.33150714417 8.28754240950349e-16
7224.45605654057 8.30678488048274e-16
7227.58060593697 8.27152660465768e-16
7230.70515533337 8.11358672373028e-16
7233.82970472977 8.32513796686737e-16
7236.95425412617 8.46300687271399e-16
7240.07880352257 8.33156271177229e-16
7243.20335291897 8.15092181846288e-16
7246.32790231537 8.14577979907745e-16
7249.45245171177 8.14846224654229e-16
7252.57700110817 8.12148742354579e-16
7255.70155050457 8.04171438996897e-16
7258.82609990097 8.0250521931053e-16
7261.95064929737 8.03045732209996e-16
7265.07519869377 8.00264393648569e-16
7268.19974809017 8.09083435997584e-16
7271.32429748656 8.2047962902818e-16
7274.44884688296 8.14198244449579e-16
7277.57339627936 8.02607445599352e-16
7280.69794567576 8.10585172473507e-16
7283.82249507216 7.93978615086554e-16
7286.94704446856 7.8823435527563e-16
7290.07159386496 8.28034262945182e-16
7293.19614326136 8.33319430898694e-16
7296.32069265776 8.33246215488316e-16
7299.44524205416 8.33973181515297e-16
7302.56979145056 8.18791598243421e-16
7305.69434084696 8.07524471858163e-16
7308.81889024336 8.00953613769838e-16
7311.94343963976 7.95112527505131e-16
7315.06798903616 7.79854817147121e-16
7318.19253843256 7.77535323300183e-16
7321.31708782895 7.70705431948676e-16
7324.44163722535 7.64790071482407e-16
7327.56618662175 7.70935877849888e-16
7330.69073601815 7.79499063309274e-16
7333.81528541455 7.7228350726897e-16
7336.93983481095 7.73455959686648e-16
7340.06438420735 7.82560134501533e-16
7343.18893360375 7.71042868699038e-16
7346.31348300015 7.59071646176375e-16
7349.43803239655 7.5028976739792e-16
7352.56258179295 7.55340677801957e-16
7355.68713118935 7.78589667561278e-16
7358.81168058575 7.80440169853233e-16
7361.93622998215 7.73906792972824e-16
7365.06077937855 7.73666235615803e-16
7368.18532877495 7.77158181880419e-16
7371.30987817135 7.75342831455775e-16
7374.43442756774 7.71165370839035e-16
7377.55897696414 7.70779864968916e-16
7380.68352636054 7.64188889848093e-16
7383.80807575694 7.69864539990289e-16
7386.93262515334 7.81822368804474e-16
7390.05717454974 7.79719927150271e-16
7393.18172394614 7.87393939773276e-16
7396.30627334254 7.75603770543088e-16
7399.43082273894 7.51199216085475e-16
7402.55537213534 7.56945805237004e-16
7405.67992153174 7.80384424497392e-16
7408.80447092814 7.8391205202491e-16
7411.92902032454 7.58136786500402e-16
7415.05356972094 7.5295797412133e-16
7418.17811911733 7.66003499118908e-16
7421.30266851373 7.71072091335719e-16
7424.42721791013 7.61746576223804e-16
7427.55176730653 7.47547392352066e-16
7430.67631670293 7.44275833472415e-16
7433.80086609933 7.49553960464552e-16
7436.92541549573 7.38190907598017e-16
7440.04996489213 7.14313313512715e-16
7443.17451428853 7.08119702723273e-16
7446.29906368493 7.08955988940009e-16
7449.42361308133 7.03382670965753e-16
7452.54816247773 6.96292846378557e-16
7455.67271187413 6.90141004901327e-16
7458.79726127053 6.79534140698453e-16
7461.92181066693 6.79685124321301e-16
7465.04636006333 6.79216556282792e-16
7468.17090945972 6.66442293586572e-16
7471.29545885612 6.72933160000941e-16
7474.42000825252 6.76335003135792e-16
7477.54455764892 6.73373670073072e-16
7480.66910704532 6.76883668727376e-16
7483.79365644172 6.73849967287225e-16
7486.91820583812 6.74278354200299e-16
7490.04275523452 6.81528373893645e-16
7493.16730463092 6.89624579501297e-16
7496.29185402732 6.8000683802258e-16
7499.41640342372 6.65562861629085e-16
7502.54095282012 6.78524795062681e-16
7505.66550221652 6.89704094719221e-16
7508.79005161292 6.85672112011172e-16
7511.91460100932 6.90406285032495e-16
7515.03915040572 6.83996363204148e-16
7518.16369980211 6.73595645644812e-16
7521.28824919851 6.85407202456918e-16
7524.41279859491 6.99105472219474e-16
7527.53734799131 6.98217464053396e-16
7530.66189738771 6.94373310901401e-16
7533.78644678411 6.9686019963454e-16
7536.91099618051 7.03185947563753e-16
7540.03554557691 6.93059245162854e-16
7543.16009497331 6.28826195673719e-16
7546.28464436971 5.1628029269733e-16
7549.40919376611 3.95331611125941e-16
7552.53374316251 2.98403301631026e-16
7555.65829255891 2.46746097370216e-16
7558.78284195531 2.50409938383565e-16
7561.90739135171 3.00920392382691e-16
7565.03194074811 3.80773682331261e-16
7568.15649014451 4.62318047089245e-16
7571.2810395409 4.94692546305811e-16
7574.4055889373 4.70131343692514e-16
7577.5301383337 4.84977554856837e-16
7580.6546877301 5.51384937921574e-16
7583.7792371265 5.18504495337701e-16
7586.9037865229 4.8587382159415e-16
7590.0283359193 5.54766928721723e-16
7593.1528853157 5.38502837343257e-16
7596.2774347121 4.95084987258185e-16
7599.4019841085 5.27061539808219e-16
7602.5265335049 5.54242297690018e-16
7605.6510829013 5.68421099831463e-16
7608.7756322977 5.81485894828591e-16
7611.9001816941 6.02159427972226e-16
7615.0247310905 6.25499473773378e-16
7618.14928048689 6.33739727921623e-16
7621.27382988329 6.48579745157518e-16
7624.39837927969 6.63827767576194e-16
7627.52292867609 6.68872695810041e-16
7630.64747807249 6.98544789347951e-16
7633.77202746889 7.10404415279814e-16
7636.89657686529 6.96686452001234e-16
7640.02112626169 6.98461038965291e-16
7643.14567565809 7.03690249804725e-16
7646.27022505449 6.9842922229021e-16
7649.39477445089 6.93649733006209e-16
7652.51932384729 6.95556827686952e-16
7655.64387324369 7.03576059175523e-16
7658.76842264009 7.18019929689899e-16
7661.89297203649 7.30399951488731e-16
7665.01752143288 7.1567465427763e-16
7668.14207082928 7.06677629130572e-16
7671.26662022568 7.35282408215383e-16
7674.39116962208 7.41190780659837e-16
7677.51571901848 7.6637688182997e-16
7680.64026841488 7.69717315076145e-16
7683.76481781128 7.18622805390108e-16
7686.88936720768 6.95033043688194e-16
7690.01391660408 6.98896360960621e-16
7693.13846600048 7.13141708127984e-16
7696.26301539688 7.31285630314204e-16
7699.38756479328 7.29852662325687e-16
7702.51211418968 7.29440951373762e-16
7705.63666358608 7.42456989036864e-16
7708.76121298248 7.22063029705381e-16
7711.88576237888 7.06242148316565e-16
7715.01031177528 7.13608105644566e-16
7718.13486117167 7.19875514179538e-16
7721.25941056807 7.20173828595649e-16
7724.38395996447 7.11548597972877e-16
7727.50850936087 7.20285636944686e-16
7730.63305875727 7.3323772362027e-16
7733.75760815367 7.18561766078346e-16
7736.88215755007 7.12138344662402e-16
7740.00670694647 7.58076541282029e-16
7743.13125634287 7.61538364937457e-16
7746.25580573927 7.38032671255558e-16
7749.38035513567 7.20429897243515e-16
7752.50490453207 7.35589087081848e-16
7755.62945392847 7.36925652133056e-16
7758.75400332487 7.21464706807264e-16
7761.87855272127 7.08931689682334e-16
7765.00310211767 6.83351877010406e-16
7768.12765151407 6.83268920721134e-16
7771.25220091046 6.98149066142906e-16
7774.37675030686 7.32517163279953e-16
7777.50129970326 7.15944275452653e-16
7780.62584909966 6.71428247151466e-16
7783.75039849606 6.56115532591444e-16
7786.87494789246 6.61513832382973e-16
7789.99949728886 6.7848429629989e-16
7793.12404668526 6.78161682626105e-16
7796.24859608166 6.404506640836e-16
7799.37314547806 6.20545707460479e-16
7802.49769487446 6.20133308294285e-16
7805.62224427086 6.16952117242194e-16
7808.74679366726 6.16998333477378e-16
7811.87134306366 5.9790065219255e-16
7814.99589246005 5.8632531169361e-16
7818.12044185645 5.91714982336989e-16
7821.24499125285 5.98159897213969e-16
7824.36954064925 5.72256676774867e-16
7827.49409004565 5.41839829518083e-16
7830.61863944205 5.38598922643211e-16
7833.74318883845 5.36094352097298e-16
7836.86773823485 5.2186790435257e-16
7839.99228763125 5.10625447801901e-16
7843.11683702765 5.00320656723842e-16
7846.24138642405 4.90245146876693e-16
7849.36593582045 4.74791295451834e-16
7852.49048521685 4.44513996873111e-16
7855.61503461325 4.41051167366057e-16
7858.73958400965 4.4576209992089e-16
7861.86413340604 4.2993086884825e-16
7864.98868280244 4.29501687841788e-16
7868.11323219884 4.3203153702722e-16
7871.23778159524 3.94257467469704e-16
7874.36233099164 3.77082206868008e-16
7877.48688038804 3.62422078254286e-16
7880.61142978444 3.456196180285e-16
7883.73597918084 3.40245882192442e-16
7886.86052857724 3.3323551988361e-16
7889.98507797364 3.46430731484835e-16
7893.10962737004 3.67222452194393e-16
7896.23417676644 3.4828319254048e-16
7899.35872616284 3.55052997492292e-16
7902.48327555924 3.76676875132967e-16
7905.60782495564 3.20836466313244e-16
7908.73237435204 3.02451933830445e-16
7911.85692374844 3.09534743926046e-16
7914.98147314484 3.01593810045537e-16
7918.10602254123 2.9653832036963e-16
7921.23057193763 2.84132649354364e-16
7924.35512133403 2.73529252692618e-16
7927.47967073043 2.60017039010882e-16
7930.60422012683 2.6767630796665e-16
7933.72876952323 2.72233742269572e-16
7936.85331891963 3.02456513102316e-16
7939.97786831603 3.03332080471981e-16
7943.10241771243 2.98589198893169e-16
7946.22696710883 2.74098114726038e-16
7949.35151650523 2.68026741378797e-16
7952.47606590163 2.75486189968351e-16
7955.60061529803 3.06260538068435e-16
7958.72516469443 3.33041046412876e-16
7961.84971409083 3.38323567388428e-16
7964.97426348723 3.43865439264516e-16
7968.09881288362 3.23785014472416e-16
7971.22336228002 2.91832840589395e-16
7974.34791167642 2.92654224320215e-16
7977.47246107282 3.03581664023845e-16
7980.59701046922 2.95354247718707e-16
7983.72155986562 2.8406176328459e-16
7986.84610926202 2.86316088534148e-16
7989.97065865842 2.88736035194674e-16
7993.09520805482 2.84685523640904e-16
7996.21975745122 2.91635349563787e-16
7999.34430684762 3.03185332013869e-16
8002.46885624402 3.03062723994754e-16
8005.59340564042 3.03309448810421e-16
8008.71795503682 3.08001826049753e-16
8011.84250443322 3.15232919850683e-16
8014.96705382961 3.15291973928975e-16
8018.09160322601 3.02748739469119e-16
8021.21615262241 3.05295423434377e-16
8024.34070201881 3.07436590376138e-16
8027.46525141521 3.14963245736101e-16
8030.58980081161 3.22144179304686e-16
8033.71435020801 3.22597368401247e-16
8036.83889960441 3.31361538897148e-16
8039.96344900081 3.24953575832492e-16
8043.08799839721 3.58147658834865e-16
8046.21254779361 4.273968903772e-16
8049.33709719001 4.03452301279725e-16
8052.46164658641 3.67514493272738e-16
8055.58619598281 4.73493111581048e-16
8058.71074537921 5.69780428893128e-16
8061.8352947756 5.37044193668526e-16
8064.959844172 6.27426791365737e-16
8068.0843935684 6.99031039199234e-16
8071.2089429648 5.39048114803052e-16
8074.3334923612 4.1744967955178e-16
8077.4580417576 4.10635855356491e-16
8080.582591154 4.18374586590623e-16
8083.7071405504 4.29282518066686e-16
8086.8316899468 4.35537962261277e-16
8089.9562393432 4.41438631999867e-16
8093.0807887396 4.35421998156842e-16
8096.205338136 4.34117038022479e-16
8099.3298875324 4.4485693933763e-16
8102.4544369288 4.4592758898296e-16
8105.5789863252 4.46214839031197e-16
8108.7035357216 4.41321873802044e-16
8111.828085118 4.30624747650729e-16
8114.95263451439 4.31472786449608e-16
8118.07718391079 4.51390316218039e-16
8121.20173330719 4.65833551457705e-16
8124.32628270359 4.49781271255612e-16
8127.45083209999 4.34705514162583e-16
8130.57538149639 4.53909709840529e-16
8133.69993089279 4.74514845073674e-16
8136.82448028919 4.69191719456213e-16
8139.94902968559 4.57252048910835e-16
8143.07357908199 4.56268273082159e-16
8146.19812847839 4.66011534255747e-16
8149.32267787479 4.77183475313558e-16
8152.44722727119 4.84392890364994e-16
8155.57177666759 4.88831713585521e-16
8158.69632606399 4.81170829973198e-16
8161.82087546039 4.68090682503901e-16
8164.94542485678 4.63678434942094e-16
8168.06997425318 4.52550274899745e-16
8171.19452364958 4.27529477503225e-16
8174.31907304598 3.96749226642289e-16
8177.44362244238 3.88890163790088e-16
8180.56817183878 4.17099140260515e-16
8183.69272123518 4.49823040567823e-16
8186.81727063158 4.69390189863667e-16
8189.94182002798 4.64653052227029e-16
8193.06636942438 4.55128696130746e-16
8196.19091882078 4.63608395905268e-16
8199.31546821718 4.70147807895427e-16
8202.44001761358 4.46477683942642e-16
8205.56456700998 4.49774759689829e-16
8208.68911640638 4.83452048518832e-16
8211.81366580277 4.77950410707737e-16
8214.93821519917 4.66175382191482e-16
8218.06276459557 4.5672672966486e-16
8221.18731399197 4.50216487371823e-16
8224.31186338837 4.59167878618847e-16
8227.43641278477 4.54646734383759e-16
8230.56096218117 4.7327505353669e-16
8233.68551157757 4.99157627547702e-16
8236.81006097397 4.92893448325842e-16
8239.93461037037 4.93353016639287e-16
8243.05915976677 5.06618081988882e-16
8246.18370916317 5.2589517543985e-16
8249.30825855957 5.36436606347548e-16
8252.43280795597 5.25669705857203e-16
8255.55735735237 5.15722574441122e-16
8258.68190674876 5.16237623412612e-16
8261.80645614516 5.12035545900842e-16
8264.93100554156 5.1221379339668e-16
8268.05555493796 5.22920078091738e-16
8271.18010433436 5.19430672925964e-16
8274.30465373076 5.14890099872649e-16
8277.42920312716 5.23773940242129e-16
8280.55375252356 5.12215381583456e-16
8283.67830191996 5.41388413896756e-16
8286.80285131636 6.05924118845857e-16
8289.92740071276 5.91556481296734e-16
8293.05195010916 5.76537051894698e-16
8296.17649950556 5.79715807727066e-16
8299.30104890196 5.49341841513237e-16
8302.42559829836 5.30058342375605e-16
8305.55014769476 5.13030386097393e-16
8308.67469709116 5.10206007674332e-16
8311.79924648756 5.23373346597637e-16
8314.92379588395 5.24343781657395e-16
8318.04834528035 5.21276145959795e-16
8321.17289467675 5.25969820218327e-16
8324.29744407315 5.42516926480295e-16
8327.42199346955 5.49494095685506e-16
8330.54654286595 5.52711391516974e-16
8333.67109226235 5.39172787464976e-16
8336.79564165875 5.3355097685449e-16
8339.92019105515 5.87095688159137e-16
8343.04474045155 6.10616204917613e-16
8346.16928984795 5.91452666821136e-16
8349.29383924435 5.94422152575973e-16
8352.41838864075 5.82478352744977e-16
8355.54293803715 5.65405556660119e-16
8358.66748743355 5.49698283565354e-16
8361.79203682995 5.76358275003268e-16
8364.91658622634 6.16800392465517e-16
8368.04113562274 6.18169356526957e-16
8371.16568501914 6.24555137916308e-16
8374.29023441554 6.66114544775544e-16
8377.41478381194 7.28269345989032e-16
8380.53933320834 6.92727155307972e-16
8383.66388260474 5.79155918948931e-16
8386.78843200114 5.60971074483447e-16
8389.91298139754 5.83995759330424e-16
8393.03753079394 5.98936414668365e-16
8396.16208019034 6.20999293603734e-16
8399.28662958674 6.18208584740327e-16
8402.41117898314 6.1026023932153e-16
8405.53572837954 6.36610904915019e-16
8408.66027777593 6.29145368276156e-16
8411.78482717233 6.18104664385611e-16
8414.90937656873 6.29126627672198e-16
8418.03392596513 5.97876882330468e-16
8421.15847536153 5.85534500558229e-16
8424.28302475793 6.09163119896599e-16
8427.40757415433 6.08093581982012e-16
8430.53212355073 6.004399510893e-16
8433.65667294713 6.03437600689633e-16
8436.78122234353 6.11447620694903e-16
8439.90577173993 6.19085210901176e-16
8443.03032113633 6.2100755217497e-16
8446.15487053273 6.28650542216282e-16
8449.27941992913 6.25811817172678e-16
8452.40396932553 6.07563551115268e-16
8455.52851872193 6.14261305327004e-16
8458.65306811832 6.21022587009784e-16
8461.77761751472 6.28908040232248e-16
8464.90216691112 6.32751875746888e-16
8468.02671630752 6.26768276188806e-16
8471.15126570392 6.4093251995147e-16
8474.27581510032 6.36889419935988e-16
8477.40036449672 6.15142643108622e-16
8480.52491389312 6.15714760924933e-16
8483.64946328952 6.28383250381864e-16
8486.77401268592 6.26203622850342e-16
8489.89856208232 6.15170912833236e-16
8493.02311147872 6.23489464589543e-16
8496.14766087512 6.2642771600445e-16
8499.27221027152 6.20249722384973e-16
8502.39675966792 6.12165957573733e-16
8505.52130906432 6.14466499058476e-16
8508.64585846072 6.24258041110058e-16
8511.77040785712 6.18245271854855e-16
8514.89495725351 6.13517081003722e-16
8518.01950664991 5.98299234133792e-16
8521.14405604631 5.95968199462949e-16
8524.26860544271 5.9986312165222e-16
8527.39315483911 6.04127244327376e-16
8530.51770423551 6.13253494938449e-16
8533.64225363191 6.16920565264909e-16
8536.76680302831 6.14962966244686e-16
8539.89135242471 6.11442432618101e-16
8543.01590182111 6.16918659440777e-16
8546.14045121751 6.20890820446926e-16
8549.26500061391 6.08410160546049e-16
8552.38955001031 6.05785946596336e-16
8555.51409940671 6.15417505300006e-16
8558.63864880311 6.14008942448281e-16
8561.7631981995 6.10885455515722e-16
8564.8877475959 6.15595752795844e-16
8568.0122969923 6.16352682613334e-16
8571.1368463887 6.05132513617089e-16
8574.2613957851 6.06808897698824e-16
8577.3859451815 6.17226344158867e-16
8580.5104945779 6.14000683877045e-16
8583.6350439743 6.14675769136007e-16
8586.7595933707 6.10008035261485e-16
8589.8841427671 6.05273226965452e-16
8593.0086921635 6.1857190893514e-16
8596.1332415599 6.23166215641047e-16
8599.2577909563 6.18175285757588e-16
8602.3823403527 6.02373621428763e-16
8605.5068897491 5.83680080738894e-16
8608.63143914549 5.71782497143082e-16
8611.75598854189 5.9338824298473e-16
8614.88053793829 5.98383672730722e-16
8618.00508733469 5.9564712103638e-16
8621.12963673109 5.90639832829127e-16
8624.25418612749 5.9040573409833e-16
8627.37873552389 5.97620919561719e-16
8630.50328492029 5.98350744324897e-16
8633.62783431669 5.84756077279703e-16
8636.75238371309 5.86014874118441e-16
8639.87693310949 5.96054120367536e-16
8643.00148250589 6.08783119740637e-16
8646.12603190229 6.0091841882538e-16
8649.25058129869 5.84930089610804e-16
8652.37513069509 5.90417274922236e-16
8655.49968009149 5.94121085302783e-16
8658.62422948788 5.91403485970636e-16
8661.74877888428 5.86613249956117e-16
8664.87332828068 5.77964937685532e-16
8667.99787767708 5.76164039760551e-16
8671.12242707348 5.81161481209792e-16
8674.24697646988 5.85742870663254e-16
8677.37152586628 5.70061590892057e-16
8680.49607526268 5.59422804134984e-16
8683.62062465908 5.75750899440528e-16
8686.74517405548 5.75944658227212e-16
8689.86972345188 5.70185310641916e-16
8692.99427284828 5.60951010390509e-16
8696.11882224468 5.68091604014981e-16
8699.24337164108 5.94750907238626e-16
8702.36792103748 5.94219870520257e-16
8705.49247043388 5.8782651877394e-16
8708.61701983028 5.64321778004107e-16
8711.74156922667 5.6290675652616e-16
8714.86611862307 5.59567593829406e-16
8717.99066801947 5.61136616485076e-16
8721.11521741587 5.65318100508315e-16
8724.23976681227 5.75593774828812e-16
8727.36431620867 5.63664798074393e-16
8730.48886560507 5.65058537849541e-16
8733.61341500147 5.75175711129783e-16
8736.73796439787 5.83052905781011e-16
8739.86251379427 5.72784907696598e-16
8742.98706319067 5.68284251070922e-16
8746.11161258707 5.69885566857706e-16
8749.23616198347 5.7719085545086e-16
8752.36071137987 5.77873564006347e-16
8755.48526077627 5.70511788903523e-16
8758.60981017266 5.63934736886771e-16
8761.73435956906 5.76991855647815e-16
8764.85890896546 6.20379794881936e-16
8767.98345836186 6.27374116504329e-16
8771.10800775826 5.60145693815907e-16
8774.23255715466 5.00691921852535e-16
8777.35710655106 5.20175161947042e-16
8780.48165594746 5.63856174580913e-16
8783.60620534386 5.69812245568209e-16
8786.73075474026 5.46321533781565e-16
8789.85530413666 5.48075262559296e-16
8792.97985353306 5.53992581789255e-16
8796.10440292946 5.59786710664948e-16
8799.22895232586 5.42101509759226e-16
8802.35350172226 5.39981862748281e-16
8805.47805111865 5.61098129425535e-16
8808.60260051505 5.57861775352754e-16
8811.72714991145 5.58672332943717e-16
8814.85169930785 5.43492020221262e-16
8817.97624870425 5.31750078929509e-16
8821.10079810065 5.57742131948954e-16
8824.22534749705 5.87588237817966e-16
8827.34989689345 5.85403633967879e-16
8830.47444628985 5.9349258685592e-16
8833.59899568625 5.37269980888528e-16
8836.72354508265 4.98948728047086e-16
8839.84809447905 5.34434432218476e-16
8842.97264387545 5.36637723732962e-16
8846.09719327185 5.04559633108376e-16
8849.22174266825 4.80656733913774e-16
8852.34629206465 4.81606999001475e-16
8855.47084146104 5.52240123560945e-16
8858.59539085744 5.86679847921595e-16
8861.71994025384 5.64464926572193e-16
8864.84448965024 5.82521392606609e-16
8867.96903904664 5.54185493542993e-16
8871.09358844304 5.00889915803956e-16
8874.21813783944 4.96499849917455e-16
8877.34268723584 4.82234491596713e-16
8880.46723663224 4.50813327962282e-16
8883.59178602864 4.61026586542478e-16
8886.71633542504 4.87274814088909e-16
8889.84088482144 4.82662454993313e-16
8892.96543421784 4.5766042467053e-16
8896.08998361424 4.60044981235729e-16
8899.21453301064 4.75901967403921e-16
8902.33908240704 4.96975247159102e-16
8905.46363180344 4.86668497317352e-16
8908.58818119984 4.78032943480535e-16
8911.71273059623 4.51247220589513e-16
8914.83727999263 4.31736637212678e-16
8917.96182938903 4.49106609513123e-16
8921.08637878543 4.55125466817635e-16
8924.21092818183 4.39760897959373e-16
8927.33547757823 4.29076000846233e-16
8930.46002697463 4.2735768863361e-16
8933.58457637103 4.1465253853193e-16
8936.70912576743 4.11539930678787e-16
8939.83367516383 4.26040684749527e-16
8942.95822456023 4.39683103277123e-16
8946.08277395663 4.52307705839475e-16
8949.20732335303 4.46583563061049e-16
8952.33187274943 4.23855736792305e-16
8955.45642214583 4.15943310864427e-16
8958.58097154222 4.28980868458345e-16
8961.70552093862 4.47911710722344e-16
8964.83007033502 4.55789381829605e-16
8967.95461973142 4.57304512014006e-16
8971.07916912782 4.58817524616039e-16
8974.20371852422 4.51271837484542e-16
8977.32826792062 4.55174541789016e-16
8980.45281731702 4.76761547026707e-16
8983.57736671342 4.81980646410333e-16
8986.70191610982 5.10759437826245e-16
8989.82646550622 5.13118424584348e-16
8992.95101490262 4.77002898477115e-16
8996.07556429902 4.23292803989516e-16
8999.20011369542 4.00501185551932e-16
9002.32466309181 4.23520841140784e-16
9005.44921248821 4.42698328811112e-16
9008.57376188461 4.39114664760177e-16
9011.69831128101 4.31402006258953e-16
9014.82286067741 4.16288079743739e-16
9017.94741007381 4.02514053471963e-16
9021.07195947021 4.04517895197151e-16
9024.19650886661 4.19711601628084e-16
9027.32105826301 4.38291401675005e-16
9030.44560765941 4.38539132342297e-16
9033.57015705581 4.40437544935331e-16
9036.69470645221 4.38967651604269e-16
9039.81925584861 4.24356809720165e-16
9042.94380524501 4.09727359581001e-16
9046.06835464141 3.98763709218877e-16
9049.19290403781 4.16022429035657e-16
9052.31745343421 4.4412594990415e-16
9055.4420028306 4.31150675701635e-16
9058.566552227 4.39942983573253e-16
9061.6911016234 4.58831024203636e-16
9064.8156510198 4.46747834513257e-16
9067.9402004162 4.75104856460996e-16
9071.0647498126 5.02434427443715e-16
9074.189299209 4.55694831776867e-16
9077.3138486054 4.0659868457164e-16
9080.4383980018 4.1171780759771e-16
9083.5629473982 4.34641139658592e-16
9086.6874967946 4.49913302516265e-16
9089.812046191 4.24956429637482e-16
9092.9365955874 4.00850692521793e-16
9096.0611449838 4.05907452747121e-16
9099.1856943802 4.08541725213082e-16
9102.3102437766 4.20462972791858e-16
9105.434793173 4.43210466106845e-16
9108.55934256939 4.44860327469419e-16
9111.68389196579 4.3011557497031e-16
9114.80844136219 4.25127239125252e-16
9117.93299075859 4.31882618047181e-16
9121.05754015499 4.38642920348115e-16
9124.18208955139 4.44675462528681e-16
9127.30663894779 4.39624472715306e-16
9130.43118834419 4.27974513907668e-16
9133.55573774059 4.38656737573068e-16
9136.68028713699 4.51286713500678e-16
9139.80483653339 4.29739280583493e-16
9142.92938592979 4.09406307624212e-16
9146.05393532619 4.27917339183728e-16
9149.17848472259 4.27734830053375e-16
9152.30303411899 4.13602376496012e-16
9155.42758351538 4.36090068924209e-16
9158.55213291178 4.58364838445291e-16
9161.67668230818 4.62460348624384e-16
9164.80123170458 4.53110375436117e-16
9167.92578110098 4.64686457088886e-16
9171.05033049738 4.61375828814543e-16
9174.17487989378 4.49847022188142e-16
9177.29942929018 4.49268286926931e-16
9180.42397868658 4.5473567284322e-16
9183.54852808298 4.61863878610839e-16
9186.67307747938 4.68573014827803e-16
9189.79762687578 4.65245234136278e-16
9192.92217627218 4.43943970169388e-16
9196.04672566858 4.35001869815004e-16
9199.17127506498 4.49107562425189e-16
9202.29582446137 4.6727996609426e-16
9205.42037385777 4.79236736117261e-16
9208.54492325417 4.62804667517442e-16
9211.66947265057 4.43029677512166e-16
9214.79402204697 4.29240589935797e-16
9217.91857144337 4.07104998515861e-16
9221.04312083977 4.16493220535652e-16
9224.16767023617 4.38741758505148e-16
9227.29221963257 4.37895599060621e-16
9230.41676902897 4.27292678854908e-16
9233.54131842537 4.06302620086795e-16
9236.66586782177 4.12984704189007e-16
9239.79041721817 3.98530589869924e-16
9242.91496661457 4.18576974525457e-16
9246.03951601097 4.39271815841672e-16
9249.16406540737 4.17468684853534e-16
9252.28861480377 3.65581405268426e-16
9255.41316420016 3.36562665300425e-16
9258.53771359656 3.48132950071461e-16
9261.66226299296 3.65187667296851e-16
9264.78681238936 4.11381879624785e-16
9267.91136178576 4.61587004716205e-16
9271.03591118216 4.11694170084526e-16
9274.16046057856 3.20833607577047e-16
9277.28500997496 3.02100759264469e-16
9280.40955937136 2.90660970506869e-16
9283.53410876776 2.84968167947491e-16
9286.65865816416 3.118823751487e-16
9289.78320756056 3.18555327176949e-16
9292.90775695696 3.28227199354952e-16
9296.03230635336 3.34723756771936e-16
9299.15685574976 3.53945051927504e-16
9302.28140514616 3.39214619579159e-16
9305.40595454256 3.28434245970997e-16
9308.53050393895 3.56945454384915e-16
9311.65505333535 4.31433531766459e-16
9314.77960273175 4.55791975868006e-16
9317.90415212815 4.50639421510299e-16
9321.02870152455 4.84595807695421e-16
9324.15325092095 4.67862301245498e-16
9327.27780031735 4.22897610180062e-16
9330.40234971375 4.41093598422759e-16
9333.52689911015 4.70197147564604e-16
9336.65144850655 4.84268058884393e-16
9339.77599790295 4.83368298136172e-16
9342.90054729935 4.46077407935505e-16
9346.02509669575 4.61080426074188e-16
9349.14964609215 4.8919530247813e-16
9352.27419548854 4.34658000908198e-16
9355.39874488494 4.12554993786953e-16
9358.52329428134 4.25261785014968e-16
9361.64784367774 4.42574159075e-16
9364.77239307414 4.13651954393206e-16
9367.89694247054 3.77868571080415e-16
9371.02149186694 3.8975932547309e-16
9374.14604126334 4.52394791414365e-16
9377.27059065974 5.13751369954184e-16
9380.39514005614 5.0417195671633e-16
9383.51968945254 4.61385357935199e-16
9386.64423884894 4.5775481590459e-16
9389.76878824534 4.63050148253469e-16
9392.89333764174 4.17233977317806e-16
9396.01788703814 3.93977628959755e-16
9399.14243643453 4.37347621683306e-16
9402.26698583093 4.90512862227584e-16
9405.39153522733 4.73429160593531e-16
9408.51608462373 4.28383710230531e-16
9411.64063402013 4.32359788764061e-16
9414.76518341653 4.25234468202419e-16
9417.88973281293 4.30306289732341e-16
9421.01428220933 4.64929608484307e-16
9424.13883160573 4.81325307606954e-16
9427.26338100213 4.74383184389935e-16
9430.38793039853 4.56322959646816e-16
9433.51247979493 4.30761199364575e-16
9436.63702919133 4.28546658193759e-16
