3287.4015723442  -0.0573081
3289.37007627974  0.148925
3291.33858021527  0.249536
3293.30708415081  -0.0207199
3295.27558808634  0.0894302
3297.24409202188  0.0824912
3299.21259595741  0.0725848
3301.18109989295  0.178862
3303.14960382848  0.140547
3305.11810776402  0.0841764
3307.08661169955  0.156442
3309.05511563509  0.0575353
3311.02361957062  0.00434586
3312.99212350616  0.0692023
3314.9606274417  0.193284
3316.92913137723  -0.0677005
3318.89763531277  -0.0286753
3320.8661392483  -0.00601944
3322.83464318384  0.139102
3324.80314711937  0.0629707
3326.77165105491  -0.086082
3328.74015499044  0.0519839
3330.70865892598  0.112613
3332.67716286152  0.0361244
3334.64566679705  0.0787608
3336.61417073259  0.140923
3338.58267466812  -0.0564633
3340.55117860366  0.128857
3342.51968253919  0.0381372
3344.48818647473  0.02179
3346.45669041026  0.0360063
3348.4251943458  -0.0126408
3350.39369828133  -0.0155533
3352.36220221687  -0.0519731
3354.33070615241  0.143916
3356.29921008794  0.0975425
3358.26771402348  0.108725
3360.23621795901  0.0551869
3362.20472189455  0.0878747
3364.17322583008  -0.0522047
3366.14172976562  0.0280434
3368.11023370115  0.112548
3370.07873763669  -0.00273044
3372.04724157222  -0.00677937
3374.01574550776  0.0180199
3375.9842494433  0.124527
3377.95275337883  0.0560983
3379.92125731437  0.128261
3381.8897612499  0.0132406
3383.85826518544  0.0420109
3385.82676912097  -0.0346141
3387.79527305651  0.100541
3389.76377699204  0.124803
3391.73228092758  0.125734
3393.70078486311  0.10261
3395.66928879865  0.0665374
3397.63779273418  0.124631
3399.60629666972  0.0759005
3401.57480060526  0.171172
3403.54330454079  0.0462172
3405.51180847633  0.0998774
3407.48031241186  0.0761055
3409.4488163474  0.0371616
3411.41732028293  0.023203
3413.38582421847  -0.0515533
3415.354328154  -0.100038
3417.32283208954  0.0217274
3419.29133602508  -0.0375932
3421.25983996061  0.0704785
3423.22834389615  -0.0266285
3425.19684783168  0.0547223
3427.16535176722  0.092416
3429.13385570275  0.130139
3431.10235963829  0.0750819
3433.07086357382  0.0636943
3435.03936750936  0.00313822
3437.00787144489  0.0264078
3438.97637538043  0.152466
3440.94487931597  0.1205
3442.9133832515  0.102193
3444.88188718704  0.0549142
3446.85039112257  -0.0069885
3448.81889505811  -0.0485558
3450.78739899364  -0.0278587
3452.75590292918  0.0426598
3454.72440686471  0.040199
3456.69291080025  -0.0069848
3458.66141473578  0.040868
3460.62991867132  0.00459348
3462.59842260686  0.0603356
3464.56692654239  0.0588728
3466.53543047793  0.00597552
3468.50393441346  0.0207213
3470.472438349  0.0465657
3472.44094228453  0.0896403
3474.40944622007  0.013724
3476.3779501556  0.108632
3478.34645409114  0.0829313
3480.31495802667  -0.0334962
3482.28346196221  0.0286066
3484.25196589775  0.0230635
3486.22046983328  0.0373521
3488.18897376882  0.0801685
3490.15747770435  0.0401139
3492.12598163989  0.00884703
3494.09448557542  -0.0105538
3496.06298951096  0.0245205
3498.03149344649  -0.0269992
3499.99999738203  0.0350279
3501.96850131756  0.00796837
3503.9370052531  -0.013375
3505.90550918863  -0.0314723
3507.87401312417  0.0319459
3509.84251705971  0.0238145
3511.81102099524  0.0416357
3513.77952493078  0.0194352
3515.74802886631  0.0302235
3517.71653280185  0.00987926
3519.68503673738  0.032893
3521.65354067292  0.0102295
3523.62204460845  0.0305799
3525.59054854399  -0.0166117
3527.55905247952  0.0265066
3529.52755641506  0.0232999
3531.4960603506  0.00371309
3533.46456428613  -0.0206772
3535.43306822167  0.0431938
3537.4015721572  -0.0249174
3539.37007609274  0.0288153
3541.33858002827  0.0426535
3543.30708396381  0.061367
3545.27558789934  0.0204285
3547.24409183488  0.0623967
3549.21259577041  0.0315105
3551.18109970595  0.0274463
3553.14960364149  -0.00284001
3555.11810757702  -0.00752835
3557.08661151256  0.0126321
3559.05511544809  0.0212239
3561.02361938363  0.0623288
3562.99212331916  0.0405027
3564.9606272547  -5.291360E-4
3566.92913119023  0.0359861
3568.89763512577  0.098133
3570.8661390613  0.0290344
3572.83464299684  -0.00767285
3574.80314693238  0.0263581
3576.77165086791  0.0554558
3578.74015480345  0.0587916
3580.70865873898  0.0784656
3582.67716267452  0.0227174
3584.64566661005  -0.0060438
3586.61417054559  0.0161153
3588.58267448112  0.0711103
3590.55117841666  0.121782
3592.51968235219  0.0671623
3594.48818628773  0.0136085
3596.45669022327  0.0150548
3598.4251941588  0.00994255
3600.39369809434  0.0165175
3602.36220202987  0.0578224
3604.33070596541  0.0852856
3606.29920990094  -0.0243855
3608.26771383648  -0.0160202
3610.23621777201  0.0167947
3612.20472170755  0.0322825
3614.17322564308  0.0198854
3616.14172957862  -0.0100707
3618.11023351416  -0.0419056
3620.07873744969  0.00751057
3622.04724138523  -0.0300183
3624.01574532076  0.0329571
3625.9842492563  0.050725
3627.95275319183  0.0186234
3629.92125712737  0.0156419
3631.8897610629  0.041454
3633.85826499844  0.0574806
3635.82676893397  0.0868526
3637.79527286951  0.061257
3639.76377680504  0.0362551
3641.73228074058  -0.0394191
3643.70078467612  -0.0208968
3645.66928861165  0.0344096
3647.63779254719  0.0418496
3649.60629648272  0.0659141
3651.57480041826  0.0713457
3653.54330435379  0.0387702
3655.51180828933  0.0351882
3657.48031222486  -0.00646042
3659.4488161604  -0.0237089
3661.41732009594  0.0353294
3663.38582403147  0.0975549
3665.35432796701  0.0737473
3667.32283190254  0.0106115
3669.29133583808  0.0446707
3671.25983977361  0.0353406
3673.22834370915  -0.176858
3675.19684764468  -0.168628
3677.16535158022  -0.00811693
3679.13385551575  0.00237673
3681.10235945129  4.706140E-4
3683.07086338683  0.107707
3685.03936732236  0.0782451
3687.0078712579  0.0547513
3688.97637519343  0.00174769
3690.94487912897  0.0140563
3692.9133830645  0.0428219
3694.88188700004  0.0288449
3696.85039093557  -0.045592
3698.81889487111  -0.0151284
3700.78739880664  0.0592976
3702.75590274218  0.00618865
3704.72440667772  0.0226141
3706.69291061325  0.0417851
3708.66141454879  -0.0413829
3710.62991848432  0.0541042
3712.59842241986  0.0490352
3714.56692635539  0.0776611
3716.53543029093  0.106725
3718.50393422646  0.0603293
3720.472438162  0.0310942
3722.44094209753  0.0397899
3724.40944603307  0.0123803
3726.37794996861  0.109627
3728.34645390414  0.127598
3730.31495783968  0.0797041
3732.28346177521  0.0317897
3734.25196571075  0.0421169
3736.22046964628  0.0152053
3738.18897358182  0.020563
3740.15747751735  0.0142793
3742.12598145289  0.00786999
3744.09448538842  0.0167696
3746.06298932396  0.048565
3748.0314932595  0.0485237
3749.99999719503  0.001427
3751.96850113057  0.0139724
3753.9370050661  0.0532367
3755.90550900164  0.0159438
3757.87401293717  0.0337302
3759.84251687271  0.0553739
3761.81102080824  0.0390037
3763.77952474378  0.0227866
3765.74802867931  -0.0328164
3767.71653261485  0.0716715
3769.68503655038  0.0553082
3771.65354048592  0.0250539
3773.62204442146  0.0660685
3775.59054835699  0.0790417
3777.55905229253  0.0453803
3779.52755622806  0.0595938
3781.4960601636  0.0488329
3783.46456409913  -0.00163825
3785.43306803467  0.0218337
3787.4015719702  0.0223655
3789.37007590574  0.0807898
3791.33857984128  0.0829902
3793.30708377681  0.0173156
3795.27558771235  0.0162567
3797.24409164788  2.344110E-4
3799.21259558342  0.0292612
3801.18109951895  0.0295397
3803.14960345449  0.0238299
3805.11810739002  0.0477301
3807.08661132556  0.0173263
3809.05511526109  0.0154788
3811.02361919663  -0.0235159
3812.99212313217  -0.0343405
3814.9606270677  -0.00379122
3816.92913100324  0.0030813
3818.89763493877  0.0243513
3820.86613887431  0.0111964
3822.83464280984  -0.00916417
3824.80314674538  -0.00273345
3826.77165068091  0.0313462
3828.74015461645  0.0472763
3830.70865855198  0.0862282
3832.67716248752  0.0584996
3834.64566642305  0.022421
3836.61417035859  0.0196601
3838.58267429413  0.0424375
3840.55117822966  0.052781
3842.5196821652  0.011741
3844.48818610073  0.0441962
3846.45669003627  0.077937
3848.4251939718  0.0821013
3850.39369790734  0.0324075
3852.36220184287  0.0260662
3854.33070577841  0.0475626
3856.29920971394  0.0531798
3858.26771364948  0.0636808
3860.23621758502  0.0121856
3862.20472152055  0.0490515
3864.17322545609  0.0699219
3866.14172939162  0.0456294
3868.11023332716  0.18417
3870.07873726269  0.154381
3872.04724119823  0.153865
3874.01574513376  0.0531139
3875.9842490693  0.0563783
3877.95275300484  0.0799256
3879.92125694037  0.0426294
3881.88976087591  0.034589
3883.85826481144  0.0634472
3885.82676874698  0.0539926
3887.79527268251  0.094748
3889.76377661805  0.0403779
3891.73228055358  0.0883405
3893.70078448912  0.0778357
3895.66928842465  0.0510843
3897.63779236019  0.0350037
3899.60629629572  0.0287065
3901.57480023126  0.0537121
3903.5433041668  0.0487575
3905.51180810233  0.0215305
3907.48031203787  0.0518071
3909.4488159734  0.0434332
3911.41731990894  0.0458412
3913.38582384447  0.0904996
3915.35432778001  0.0786234
3917.32283171554  0.066835
3919.29133565108  0.0514787
3921.25983958662  0.0441143
3923.22834352215  0.0838706
3925.19684745769  0.0264087
3927.16535139322  0.0514272
3929.13385532876  0.0885759
3931.10235926429  0.0888652
3933.07086319983  0.0456894
3935.03936713536  0.0841836
3937.0078710709  0.0690106
3938.97637500643  0.0727025
3940.94487894197  0.0758859
3942.91338287751  0.0470619
3944.88188681304  0.0315743
3946.85039074858  0.0587193
3948.81889468411  0.0640151
3950.78739861965  0.0589903
3952.75590255518  0.0868884
3954.72440649072  0.0642983
3956.69291042625  0.0428817
3958.66141436179  0.0538306
3960.62991829732  0.06028
3962.59842223286  0.0924828
3964.56692616839  0.103753
3966.53543010393  0.056665
3968.50393403947  0.0271335
3970.472437975  0.065776
3972.44094191054  0.0747247
3974.40944584607  0.0470005
3976.37794978161  0.0582487
3978.34645371714  0.0727596
3980.31495765268  0.0257327
3982.28346158821  0.0677461
3984.25196552375  0.147705
3986.22046945928  0.123589
3988.18897339482  0.0998793
3990.15747733036  0.0692536
3992.12598126589  0.0189251
3994.09448520143  0.0262148
3996.06298913696  0.0706894
3998.0314930725  0.0810145
3999.99999700803  0.10345
4001.96850094357  0.112086
4003.9370048791  0.118176
4005.90550881464  0.0569378
4007.87401275017  0.0711605
4009.84251668571  0.0786028
4011.81102062125  0.0852266
4013.77952455678  0.100795
4015.74802849232  0.0985431
4017.71653242785  0.115433
4019.68503636339  0.145774
4021.65354029892  0.113639
4023.62204423446  0.0859891
4025.59054816999  0.0670609
4027.55905210553  0.143255
4029.52755604106  0.105932
4031.4960599766  0.0768136
4033.46456391214  0.071202
4035.43306784767  0.112581
4037.40157178321  0.103193
4039.37007571874  0.0801489
4041.33857965428  0.0928923
4043.30708358981  0.114371
4045.27558752535  0.114703
4047.24409146088  0.0751865
4049.21259539642  0.105096
4051.18109933195  0.100286
4053.14960326749  0.0982026
4055.11810720302  0.138046
4057.08661113856  0.114584
4059.0551150741  0.085165
4061.02361900963  0.0906347
4062.99212294517  0.0810741
4064.9606268807  0.0732405
4066.92913081624  0.107357
4068.89763475177  0.163925
4070.86613868731  0.111611
4072.83464262284  0.0742229
4074.80314655838  0.104747
4076.77165049392  0.0919267
4078.74015442945  0.0857471
4080.70865836499  0.116946
4082.67716230052  0.10177
4084.64566623606  0.0448828
4086.61417017159  0.0845546
4088.58267410713  0.109875
4090.55117804266  0.0845537
4092.5196819782  0.0633433
4094.48818591373  0.0997945
4096.45668984927  0.0857072
4098.42519378481  0.0971725
4100.39369772034  0.113336
4102.36220165588  0.112228
4104.33070559141  0.129298
4106.29920952695  0.0996085
4108.26771346248  0.0918344
4110.23621739802  0.0926637
4112.20472133355  0.0961424
4114.17322526909  0.0948644
4116.14172920462  0.0862076
4118.11023314016  0.0943647
4120.0787370757  0.0922011
4122.04724101123  0.0822624
4124.01574494677  0.0727755
4125.9842488823  0.0689174
4127.95275281784  0.143403
4129.92125675337  0.1055
4131.88976068891  0.081342
4133.85826462444  0.128779
4135.82676855998  0.0989029
4137.79527249551  0.091083
4139.76377643105  0.117524
4141.73228036658  0.0952771
4143.70078430212  0.100363
4145.66928823766  0.0941309
4147.63779217319  0.0609941
4149.60629610873  0.0727568
4151.57480004426  0.0955143
4153.5433039798  0.0877213
4155.51180791533  0.0584205
4157.48031185087  0.0869303
4159.4488157864  0.107701
4161.41731972194  0.0875667
4163.38582365748  0.079307
4165.35432759301  0.0866172
4167.32283152855  0.0726163
4169.29133546408  0.0461362
4171.25983939962  0.0462665
4173.22834333515  0.0586673
4175.19684727069  0.0490182
4177.16535120622  0.0360067
4179.13385514176  0.0767209
4181.10235907729  0.0808772
4183.07086301283  0.071528
4185.03936694837  0.084062
4187.0078708839  0.0914282
4188.97637481944  0.0866194
4190.94487875497  0.106635
4192.91338269051  0.0746186
4194.88188662604  0.0935989
4196.85039056158  0.0957297
4198.81889449711  0.0908184
4200.78739843265  0.132006
4202.75590236818  0.10636
4204.72440630372  0.075916
4206.69291023925  0.0600889
4208.66141417479  0.0580329
4210.62991811033  0.0640059
4212.59842204586  0.0729296
4214.5669259814  0.0762046
4216.53542991693  0.101987
4218.50393385247  0.0942395
4220.472437788  0.0975937
4222.44094172354  0.0937973
4224.40944565907  0.0658973
4226.37794959461  0.0672298
4228.34645353015  0.0844991
4230.31495746568  0.0550408
4232.28346140122  0.0181724
4234.25196533675  0.0672039
4236.22046927229  0.0784442
4238.18897320782  0.0613636
4240.15747714336  0.0501352
4242.12598107889  0.0624633
4244.09448501443  0.0596033
4246.06298894996  0.0740835
4248.0314928855  0.0867457
4249.99999682104  0.0590346
4251.96850075657  0.0916115
4253.93700469211  0.114872
4255.90550862764  0.0750068
4257.87401256318  0.0852495
4259.84251649871  0.0846875
4261.81102043425  0.0901262
4263.77952436978  0.0919944
4265.74802830532  0.062177
4267.71653224085  0.0745537
4269.68503617639  0.0685316
4271.65354011193  0.0451527
4273.62204404746  0.0314262
4275.590547983  0.0737394
4277.55905191853  0.094893
4279.52755585407  0.0883125
4281.4960597896  0.0866264
4283.46456372514  0.0996275
4285.43306766067  0.0596044
4287.40157159621  0.0465141
4289.37007553174  -0.0239538
4291.33857946728  0.026449
4293.30708340281  0.06871
4295.27558733835  0.0555233
4297.24409127389  0.0698371
4299.21259520942  0.05614
4301.18109914496  0.0504989
4303.14960308049  0.0449863
4305.11810701603  0.0647684
4307.08661095156  0.0705464
4309.0551148871  0.0682314
4311.02361882263  0.050421
4312.99212275817  0.077031
4314.9606266937  0.0604132
4316.92913062924  0.0225639
4318.89763456478  0.0730912
4320.86613850031  0.100359
4322.83464243585  0.0741802
4324.80314637138  0.0723649
4326.77165030692  0.0960432
4328.74015424245  0.0977766
4330.70865817799  0.0786044
4332.67716211353  0.0892653
4334.64566604906  0.108223
4336.61416998459  0.0750928
4338.58267392013  0.0341059
4340.55117785567  0.0782959
4342.5196817912  0.0568189
4344.48818572674  0.0247475
4346.45668966227  0.0434496
4348.42519359781  0.0255179
4350.39369753334  0.0329236
4352.36220146888  0.0874651
4354.33070540441  0.0855166
4356.29920933995  0.0339584
4358.26771327548  0.0550284
4360.23621721102  0.061427
4362.20472114656  0.070774
4364.17322508209  0.0656759
4366.14172901763  0.0587198
4368.11023295316  0.0766745
4370.0787368887  0.0734191
4372.04724082423  0.0574167
4374.01574475977  0.055091
4375.9842486953  0.0962383
4377.95275263084  0.102924
4379.92125656638  0.0997142
4381.88976050191  0.0947847
4383.85826443744  0.0824725
4385.82676837298  0.0510903
4387.79527230852  0.0511106
4389.76377624405  0.0419907
4391.73228017959  0.0452626
4393.70078411512  0.0647547
4395.66928805066  0.0768644
4397.63779198619  0.0797639
4399.60629592173  0.117286
4401.57479985726  0.0785701
4403.5433037928  0.0599703
4405.51180772834  0.0515389
4407.48031166387  0.0703157
4409.44881559941  0.0745064
4411.41731953494  0.0483866
4413.38582347048  0.0435446
4415.35432740601  0.0666281
4417.32283134155  0.0594658
4419.29133527708  0.0419566
4421.25983921262  0.0751256
4423.22834314816  0.0930663
4425.19684708369  0.100418
4427.16535101923  0.0773572
4429.13385495476  0.0861143
4431.1023588903  0.106051
4433.07086282583  0.0784639
4435.03936676137  0.0482114
4437.0078706969  0.0558428
4438.97637463244  0.0471252
4440.94487856797  0.0460451
4442.91338250351  0.0821803
4444.88188643904  0.0936018
4446.85039037458  0.0542348
4448.81889431012  0.0649833
4450.78739824565  0.0556286
4452.75590218119  0.0522251
4454.72440611672  0.0945386
4456.69291005226  0.101839
4458.66141398779  0.0675113
4460.62991792333  0.0729344
4462.59842185886  0.0705473
4464.5669257944  0.0714557
4466.53542972993  0.074475
4468.50393366547  0.0901073
4470.47243760101  0.0991623
4472.44094153654  0.0606828
4474.40944547208  0.054836
4476.37794940761  0.0857831
4478.34645334315  0.0689843
4480.31495727868  0.0629388
4482.28346121422  0.0769458
4484.25196514975  0.0699465
4486.22046908529  0.0903299
4488.18897302082  0.0961849
4490.15747695636  0.0782731
4492.1259808919  0.0885643
4494.09448482743  0.0980748
4496.06298876297  0.0799829
4498.0314926985  0.0605994
4499.99999663404  0.0797659
4501.96850056957  0.0758568
4503.93700450511  0.0746294
4505.90550844064  0.0808014
4507.87401237618  0.0744607
4509.84251631171  0.0784537
4511.81102024725  0.08844
4513.77952418279  0.0865359
4515.74802811832  0.0819134
4517.71653205386  0.0755782
4519.68503598939  0.082945
4521.65353992493  0.117971
4523.62204386046  0.0965016
4525.590547796  0.0699527
4527.55905173153  0.0902858
4529.52755566707  0.103336
4531.4960596026  0.10144
4533.46456353814  0.114245
4535.43306747368  0.0888518
4537.40157140921  0.0534509
4539.37007534475  0.101335
4541.33857928028  0.0848627
4543.30708321582  0.106273
4545.27558715135  0.116196
4547.24409108689  0.0988378
4549.21259502242  0.104276
4551.18109895796  0.106607
4553.14960289349  0.086215
4555.11810682903  0.0988271
4557.08661076457  0.0994483
4559.0551147001  0.103688
4561.02361863564  0.110302
4562.99212257117  0.0846952
4564.96062650671  0.110434
4566.92913044224  0.124687
4568.89763437778  0.109353
4570.86613831331  0.0954115
4572.83464224885  0.106428
4574.80314618438  0.0932499
4576.77165011992  0.0849062
4578.74015405545  0.0976229
4580.70865799099  0.0961197
4582.67716192653  0.115516
4584.64566586206  0.0683399
4586.6141697976  0.076625
4588.58267373313  0.104868
4590.55117766867  0.109973
4592.5196816042  0.101649
4594.48818553974  0.0963041
4596.45668947527  0.0732262
4598.42519341081  0.074566
4600.39369734635  0.0798664
4602.36220128188  0.0881866
4604.33070521742  0.120815
4606.29920915295  0.0937468
4608.26771308849  0.0782526
4610.23621702402  0.0959183
4612.20472095956  0.0901537
4614.17322489509  0.0996645
4616.14172883063  0.0956363
4618.11023276616  0.114177
4620.0787367017  0.106695
4622.04724063724  0.113832
4624.01574457277  0.098543
4625.98424850831  0.0922086
4627.95275244384  0.080523
4629.92125637938  0.119269
4631.88976031491  0.129292
4633.85826425045  0.0955949
4635.82676818598  0.0923944
4637.79527212152  0.103353
4639.76377605705  0.0957487
4641.73227999259  0.0982502
4643.70078392813  0.10028
4645.66928786366  0.0752183
4647.6377917992  0.0792247
4649.60629573473  0.106528
4651.57479967027  0.107603
4653.5433036058  0.0769857
4655.51180754134  0.102482
4657.48031147687  0.126691
4659.44881541241  0.118309
4661.41731934794  0.0924509
4663.38582328348  0.0835305
4665.35432721901  0.0644957
4667.32283115455  0.0685919
4669.29133509009  0.0861827
4671.25983902562  0.0806835
4673.22834296116  0.0945398
4675.19684689669  0.11491
4677.16535083223  0.101534
4679.13385476776  0.0645823
4681.1023587033  0.0450762
4683.07086263883  0.0556062
4685.03936657437  0.0944353
4687.0078705099  0.0844324
4688.97637444544  0.0928017
4690.94487838098  0.0929853
4692.91338231651  0.0739575
4694.88188625205  0.0775034
4696.85039018758  0.0773449
4698.81889412312  0.103318
4700.78739805865  0.127859
4702.75590199419  0.140868
4704.72440592972  0.103207
4706.69290986526  0.0943119
4708.6614138008  0.111921
4710.62991773633  0.120106
4712.59842167187  0.126451
4714.5669256074  0.111539
4716.53542954294  0.109217
4718.50393347847  0.126317
4720.47243741401  0.116519
4722.44094134954  0.112909
4724.40944528508  0.139292
4726.37794922061  0.122257
4728.34645315615  0.0986283
4730.31495709168  0.0929335
4732.28346102722  0.0970228
4734.25196496276  0.100395
4736.22046889829  0.0790501
4738.18897283383  0.0893163
4740.15747676936  0.107837
4742.1259807049  0.0740807
4744.09448464043  0.085449
4746.06298857597  0.0934219
4748.0314925115  0.084737
4749.99999644704  0.0933535
4751.96850038257  0.101133
4753.93700431811  0.091178
4755.90550825365  0.0733153
4757.87401218918  0.0854604
4759.84251612472  0.104391
4761.81102006025  0.0833807
4763.77952399579  0.0718801
4765.74802793132  0.106997
4767.71653186686  0.0935972
4769.68503580239  0.0814126
4771.65353973793  0.105462
4773.62204367346  0.0989061
4775.590547609  0.0792034
4777.55905154454  0.068971
4779.52755548007  0.0862125
4781.49605941561  0.0825014
4783.46456335114  0.0935086
4785.43306728668  0.110749
4787.40157122221  0.0914908
4789.37007515775  0.0864617
4791.33857909328  0.0781411
4793.30708302882  0.107078
4795.27558696435  0.0985064
4797.24409089989  0.0833992
4799.21259483543  0.102143
4801.18109877096  0.0918261
4803.1496027065  0.0722109
4805.11810664203  0.081995
4807.08661057757  0.0760621
4809.0551145131  0.0796263
4811.02361844864  0.0766431
4812.99212238417  0.0572093
4814.96062631971  0.0769915
4816.92913025525  0.0983958
4818.89763419078  0.0818243
4820.86613812631  0.0793196
4822.83464206185  0.0825136
4824.80314599739  0.0636806
4826.77164993292  0.0846899
4828.74015386846  0.0832598
4830.70865780399  0.0798798
4832.67716173953  0.102462
4834.64566567506  0.103085
4836.6141696106  0.0956969
4838.58267354613  0.0862991
4840.55117748167  0.0416095
4842.51968141721  0.068535
4844.48818535274  0.0941488
4846.45668928828  0.0215069
4848.42519322381  -0.0463817
4850.39369715935  0.0626316
4852.36220109488  0.0575598
4854.33070503042  0.0351394
4856.29920896595  0.0473716
4858.26771290149  0.0547368
4860.23621683702  0.0823545
4862.20472077256  0.107108
4864.1732247081  0.0951352
4866.14172864363  0.0748962
4868.11023257917  0.0562247
4870.0787365147  0.0600403
4872.04724045024  0.0752913
4874.01574438577  0.0641746
4875.98424832131  0.0310777
4877.95275225684  0.0459667
4879.92125619238  0.0597108
4881.88976012791  0.0575691
4883.85826406345  0.0513062
4885.82676799899  0.0680313
4887.79527193452  0.0607948
4889.76377587006  0.0588179
4891.73227980559  0.0743783
4893.70078374113  0.0578084
4895.66928767666  0.0393392
4897.6377916122  0.0408945
4899.60629554773  0.0410011
4901.57479948327  0.0680476
4903.54330341881  0.0729438
4905.51180735434  0.0824213
4907.48031128988  0.0983655
4909.44881522541  0.0790643
4911.41731916095  0.0778134
4913.38582309648  0.0734799
4915.35432703202  0.074539
4917.32283096755  0.0810698
4919.29133490309  0.0832085
4921.25983883862  0.105614
4923.22834277416  0.0983183
4925.19684670969  0.0979832
4927.16535064523  0.0940177
4929.13385458077  0.0737611
4931.1023585163  0.0865835
4933.07086245184  0.0973753
4935.03936638737  0.100151
4937.00787032291  0.087018
4938.97637425844  0.0860661
4940.94487819398  0.104537
4942.91338212951  0.106493
4944.88188606505  0.0979137
4946.85039000058  0.118265
4948.81889393612  0.101814
4950.78739787166  0.0822237
4952.75590180719  0.0928063
4954.72440574273  0.108546
4956.69290967826  0.108217
4958.6614136138  0.116883
4960.62991754933  0.12294
4962.59842148487  0.117249
4964.5669254204  0.128909
4966.53542935594  0.147263
4968.50393329147  0.14479
4970.47243722701  0.102741
4972.44094116254  0.124487
4974.40944509808  0.129999
4976.37794903362  0.119518
4978.34645296915  0.10583
4980.31495690469  0.114283
4982.28346084022  0.133834
4984.25196477576  0.110132
4986.22046871129  0.101164
4988.18897264683  0.130644
4990.15747658236  0.13694
4992.1259805179  0.144025
4994.09448445344  0.146761
4996.06298838897  0.133257
4998.03149232451  0.109484
4999.99999626004  0.116265
5001.96850019558  0.100418
5003.93700413111  0.113155
5005.90550806665  0.141764
5007.87401200218  0.123855
5009.84251593772  0.136363
5011.81101987325  0.12252
5013.77952380879  0.136372
5015.74802774432  0.150169
5017.71653167986  0.143632
5019.6850356154  0.143662
5021.65353955093  0.124765
5023.62204348647  0.116328
5025.590547422  0.129444
5027.55905135754  0.0911041
5029.52755529307  0.0897748
5031.49605922861  0.105037
5033.46456316414  0.141801
5035.43306709968  0.130721
5037.40157103522  0.10349
5039.37007497075  0.0993616
5041.33857890629  0.115294
5043.30708284182  0.117633
5045.27558677736  0.101751
5047.24409071289  0.0906603
5049.21259464843  0.112112
5051.18109858396  0.110668
5053.1496025195  0.100019
5055.11810645503  0.09684
5057.08661039057  0.0932561
5059.05511432611  0.104643
5061.02361826164  0.102406
5062.99212219718  0.0938933
5064.96062613271  0.0859258
5066.92913006825  0.0828914
5068.89763400378  0.0997786
5070.86613793932  0.0979168
5072.83464187485  0.0921673
5074.80314581039  0.0830037
5076.77164974592  0.081957
5078.74015368146  0.0810338
5080.708657617  0.0943015
5082.67716155253  0.0810248
5084.64566548807  0.063057
5086.6141694236  0.0867983
5088.58267335914  0.0990068
5090.55117729467  0.086987
5092.51968123021  0.0763044
5094.48818516574  0.0730996
5096.45668910128  0.0937238
5098.42519303681  0.102375
5100.39369697235  0.118084
5102.36220090788  0.112427
5104.33070484342  0.0871891
5106.29920877896  0.113803
5108.26771271449  0.109401
5110.23621665003  0.112391
5112.20472058556  0.115205
5114.1732245211  0.107899
5116.14172845663  0.102417
5118.11023239217  0.105609
5120.07873632771  0.108118
5122.04724026324  0.113463
5124.01574419878  0.112831
5125.98424813431  0.10679
5127.95275206985  0.0936665
5129.92125600538  0.0982184
5131.88975994092  0.0978192
5133.85826387645  0.0959737
5135.82676781199  0.118979
5137.79527174752  0.118282
5139.76377568306  0.11676
5141.73227961859  0.127515
5143.70078355413  0.118931
5145.66928748967  0.100073
5147.6377914252  0.0953986
5149.60629536074  0.11294
5151.57479929627  0.129224
5153.54330323181  0.145456
5155.51180716734  0.139289
5157.48031110288  0.122829
5159.44881503841  0.120251
5161.41731897395  0.12566
5163.38582290948  0.104095
5165.35432684502  0.0887416
5167.32283078056  0.110988
5169.29133471609  0.101635
5171.25983865163  0.109381
5173.22834258716  0.109673
5175.1968465227  0.108771
5177.16535045823  0.122436
5179.13385439377  0.125508
5181.1023583293  0.126934
5183.07086226484  0.118833
5185.03936620037  0.119101
5187.00787013591  0.141119
5188.97637407144  0.122255
5190.94487800698  0.116971
5192.91338194252  0.117495
5194.88188587805  0.128341
5196.85038981359  0.116608
5198.81889374912  0.111725
5200.78739768466  0.0960006
5202.75590162019  0.102401
5204.72440555573  0.117827
5206.69290949127  0.115222
5208.6614134268  0.11725
5210.62991736234  0.105661
5212.59842129787  0.107709
5214.56692523341  0.103067
5216.53542916894  0.115311
5218.50393310448  0.121295
5220.47243704001  0.115599
5222.44094097555  0.118448
5224.40944491108  0.120073
5226.37794884662  0.111455
5228.34645278215  0.0986506
5230.31495671769  0.10691
5232.28346065323  0.115816
5234.25196458876  0.134036
5236.2204685243  0.131858
5238.18897245983  0.127408
5240.15747639537  0.138638
5242.1259803309  0.13719
5244.09448426644  0.138144
5246.06298820197  0.136989
5248.03149213751  0.145059
5249.99999607305  0.120458
5251.96850000858  0.100909
5253.93700394412  0.124026
5255.90550787965  0.125635
5257.87401181519  0.127157
5259.84251575072  0.127378
5261.81101968626  0.143329
5263.77952362179  0.138152
5265.74802755733  0.132257
5267.71653149286  0.140063
5269.6850354284  0.123852
5271.65353936393  0.112777
5273.62204329947  0.121961
5275.590547235  0.115443
5277.55905117054  0.104795
5279.52755510608  0.112369
5281.49605904161  0.122643
5283.46456297715  0.128449
5285.43306691268  0.130803
5287.40157084822  0.127039
5289.37007478375  0.122128
5291.33857871929  0.119274
5293.30708265482  0.118526
5295.27558659036  0.121739
5297.24409052589  0.127283
5299.21259446143  0.130484
5301.18109839697  0.12822
5303.1496023325  0.124903
5305.11810626804  0.121551
5307.08661020357  0.11956
5309.05511413911  0.120155
5311.02361807464  0.12351
5312.99212201018  0.128309
5314.96062594571  0.132477
5316.92912988125  0.135134
5318.89763381679  0.133144
5320.86613775232  0.129286
5322.83464168786  0.123497
5324.80314562339  0.11877
5326.77164955893  0.116571
5328.74015349446  0.117978
5330.70865743  0.122461
5332.67716136553  0.128057
5334.64566530107  0.132492
5336.6141692366  0.130217
5338.58267317214  0.127377
5340.55117710768  0.129552
5342.51968104321  0.134252
5344.48818497875  0.135248
5346.45668891428  0.132235
5348.42519284982  0.130844
5350.39369678535  0.135585
5352.36220072089  0.140936
5354.33070465642  0.141345
5356.29920859196  0.141522
5358.26771252749  0.144315
5360.23621646303  0.148122
5362.20472039857  0.152233
5364.1732243341  0.154686
5366.14172826963  0.155448
5368.11023220517  0.150352
5370.07873614071  0.145741
5372.04724007624  0.145541
5374.01574401178  0.147345
5375.98424794731  0.147325
5377.95275188285  0.144651
5379.92125581838  0.14243
5381.88975975392  0.144465
5383.85826368945  0.145409
5385.82676762499  0.139989
5387.79527156053  0.133066
5389.76377549606  0.130025
5391.7322794316  0.133356
5393.70078336713  0.137416
5395.66928730267  0.139058
5397.6377912382  0.139322
5399.60629517374  0.13808
5401.57479910928  0.135863
5403.54330304481  0.136233
5405.51180698034  0.139652
5407.48031091588  0.14153
5409.44881485141  0.138737
5411.41731878695  0.135768
5413.38582272249  0.137428
5415.35432665802  0.1406
5417.32283059356  0.144924
5419.29133452909  0.150198
5421.25983846463  0.155418
5423.22834240016  0.156133
5425.1968463357  0.153822
5427.16535027123  0.147394
5429.13385420677  0.141766
5431.1023581423  0.140224
5433.07086207784  0.140929
5435.03936601338  0.144758
5437.00786994891  0.149707
5438.97637388445  0.152813
5440.94487781998  0.151317
5442.91338175552  0.149313
5444.88188569105  0.151216
5446.85038962659  0.153842
5448.81889356212  0.15623
5450.78739749766  0.15628
5452.7559014332  0.154268
5454.72440536873  0.148965
5456.69290930427  0.143275
5458.6614132398  0.137637
5460.62991717534  0.136308
5462.59842111087  0.142883
5464.56692504641  0.152306
5466.53542898194  0.161353
5468.50393291748  0.16741
5470.47243685301  0.171498
5472.44094078855  0.172533
5474.40944472409  0.172201
5476.37794865962  0.172387
5478.34645259516  0.17307
5480.31495653069  0.171615
5482.28346046623  0.166355
5484.25196440176  0.163345
5486.2204683373  0.1741
5488.18897227283  0.186246
5490.15747620837  0.191499
5492.1259801439  0.19001
5494.09448407944  0.187162
5496.06298801498  0.187784
5498.03149195051  0.188586
5499.99999588605  0.187349
5501.96849982158  0.185778
5503.93700375712  0.185895
5505.90550769265  0.184924
5507.87401162819  0.180514
5509.84251556372  0.174483
5511.81101949926  0.168071
5513.77952343479  0.164668
5515.74802737033  0.164127
5517.71653130587  0.169499
5519.6850352414  0.175098
5521.65353917694  0.177179
5523.62204311247  0.176767
5525.59054704801  0.174472
5527.55905098354  0.171022
5529.52755491908  0.168393
5531.49605885461  0.1704
5533.46456279015  0.173023
5535.43306672568  0.173605
5537.40157066122  0.172159
5539.37007459675  0.169161
5541.33857853229  0.166847
5543.30708246783  0.166511
5545.27558640336  0.168571
5547.2440903389  0.170773
5549.21259427443  0.169338
5551.18109820997  0.167498
5553.1496021455  0.165551
5555.11810608104  0.164337
5557.08661001657  0.165969
5559.05511395211  0.17141
5561.02361788765  0.176363
5562.99212182318  0.176119
5564.96062575872  0.173549
5566.92912969425  0.168991
5568.89763362979  0.163295
5570.86613756532  0.158629
5572.83464150086  0.157327
5574.80314543639  0.157206
5576.77164937193  0.155783
5578.74015330746  0.154983
5580.708657243  0.155943
5582.67716117853  0.158506
5584.64566511407  0.161949
5586.61416904961  0.163722
5588.58267298514  0.161957
5590.55117692068  0.152756
5592.51968085621  0.143666
5594.48818479175  0.141577
5596.45668872728  0.143906
5598.42519266282  0.149
5600.39369659835  0.155126
5602.36220053389  0.162162
5604.33070446943  0.168838
5606.29920840496  0.174214
5608.2677123405  0.17692
5610.23621627603  0.176336
5612.20472021157  0.169565
5614.1732241471  0.161001
5616.14172808264  0.156048
5618.11023201817  0.157606
5620.07873595371  0.160357
5622.04723988924  0.159835
5624.01574382478  0.158898
5625.98424776031  0.159402
5627.95275169585  0.159767
5629.92125563139  0.158112
5631.88975956692  0.15384
5633.85826350246  0.148374
5635.82676743799  0.143442
5637.79527137353  0.140592
5639.76377530906  0.1447
5641.7322792446  0.150063
5643.70078318014  0.153017
5645.66928711567  0.151466
5647.6377910512  0.146066
5649.60629498674  0.137197
5651.57479892228  0.129631
5653.54330285781  0.131904
5655.51180679335  0.134041
5657.48031072888  0.126486
5659.44881466442  0.113263
5661.41731859995  0.101925
5663.38582253549  0.0969659
5665.35432647102  0.0938378
5667.32283040656  0.0902446
5669.2913343421  0.0868402
5671.25983827763  0.0834308
5673.22834221317  0.0797582
5675.1968461487  0.0758547
5677.16535008424  0.0741731
5679.13385401977  0.0748475
5681.10235795531  0.0788786
5683.07086189084  0.0819968
5685.03936582638  0.0794805
5687.00786976191  0.073882
5688.97637369745  0.0676832
5690.94487763299  0.0629103
5692.91338156852  0.0586345
5694.88188550406  0.0568507
5696.85038943959  0.0552061
5698.81889337513  0.0516325
5700.78739731066  0.0475498
5702.7559012462  0.0440511
5704.72440518173  0.0449739
5706.69290911727  0.0527116
5708.6614130528  0.0649541
5710.62991698834  0.0747268
5712.59842092388  0.0703775
5714.56692485941  0.0612983
5716.53542879495  0.0493039
5718.50393273048  0.0419687
5720.47243666602  0.0432946
5722.44094060155  0.0498062
5724.40944453709  0.0558864
5726.37794847262  0.0585814
5728.34645240816  0.0609356
5730.31495634369  0.0673302
5732.28346027923  0.0727508
5734.25196421477  0.0762371
5736.2204681503  0.0772708
5738.18897208584  0.0739963
5740.15747602137  0.0671951
5742.12597995691  0.0644796
5744.09448389244  0.0797089
5746.06298782798  0.0986802
5748.03149176351  0.113066
5749.99999569905  0.119888
5751.96849963458  0.120501
5753.93700357012  0.117469
5755.90550750565  0.115731
5757.87401144119  0.12138
5759.84251537672  0.127314
5761.81101931226  0.125613
5763.7795232478  0.123686
5765.74802718333  0.12595
5767.71653111887  0.134293
5769.6850350544  0.146272
5771.65353898994  0.159423
5773.62204292548  0.169302
5775.59054686101  0.168325
5777.55905079655  0.160677
5779.52755473208  0.145
5781.49605866762  0.131605
5783.46456260315  0.129899
5785.43306653869  0.148875
5787.40157047422  0.169124
5789.37007440976  0.16879
5791.33857834529  0.162738
5793.30708228083  0.156775
5795.27558621636  0.159519
5797.2440901519  0.176879
5799.21259408743  0.208567
5801.18109802297  0.236574
5803.14960195851  0.23802
5805.11810589404  0.229326
5807.08660982958  0.215251
5809.05511376511  0.204311
5811.02361770065  0.203473
5812.99212163618  0.21542
5814.96062557172  0.230771
5816.92912950725  0.23946
5818.89763344279  0.244504
5820.86613737832  0.242144
5822.83464131386  0.237704
5824.8031452494  0.233925
5826.77164918493  0.233716
5828.74015312047  0.237206
5830.708657056  0.243641
5832.67716099154  0.2495
5834.64566492707  0.24773
5836.61416886261  0.245533
5838.58267279814  0.247492
5840.55117673368  0.253517
5842.51968066921  0.260841
5844.48818460475  0.26445
5846.45668854029  0.265452
5848.42519247582  0.262148
5850.39369641136  0.258797
5852.36220034689  0.258381
5854.33070428243  0.260594
5856.29920821796  0.264861
5858.2677121535  0.267617
5860.23621608903  0.269058
5862.20472002457  0.267854
5864.17322396011  0.266138
5866.14172789564  0.264704
5868.11023183118  0.264476
5870.07873576671  0.265562
5872.04723970225  0.266091
5874.01574363778  0.264765
5875.98424757332  0.258941
5877.95275150885  0.255256
5879.92125544439  0.262828
5881.88975937992  0.272463
5883.85826331546  0.276142
5885.826767251  0.271974
5887.79527118653  0.263385
5889.76377512206  0.253065
5891.7322790576  0.244817
5893.70078299314  0.245597
5895.66928692867  0.250963
5897.63779086421  0.259537
5899.60629479974  0.268236
5901.57479873528  0.276992
5903.54330267081  0.283868
5905.51180660635  0.286684
5907.48031054188  0.282035
5909.44881447742  0.274565
5911.41731841296  0.266705
5913.38582234849  0.260803
5915.35432628403  0.26025
5917.32283021956  0.264799
5919.2913341551  0.271134
5921.25983809063  0.27507
5923.22834202617  0.277772
5925.1968459617  0.276556
5927.16534989724  0.276006
5929.13385383277  0.280134
5931.10235776831  0.284804
5933.07086170384  0.285051
5935.03936563938  0.279635
5937.00786957492  0.274455
5938.97637351045  0.275727
5940.94487744599  0.278645
5942.91338138152  0.282588
5944.88188531706  0.284134
5946.85038925259  0.278154
5948.81889318813  0.265677
5950.78739712366  0.254527
5952.7559010592  0.253107
5954.72440499474  0.254777
5956.69290893027  0.256998
5958.66141286581  0.258123
5960.62991680134  0.256016
5962.59842073688  0.251245
5964.56692467241  0.245311
5966.53542860795  0.237363
5968.50393254348  0.232896
5970.47243647902  0.241728
5972.44094041455  0.252371
5974.40944435009  0.251527
5976.37794828562  0.239043
5978.34645222116  0.228107
5980.3149561567  0.230117
5982.28346009223  0.233786
5984.25196402777  0.231522
5986.2204679633  0.227705
5988.18897189884  0.225176
5990.15747583437  0.223825
5992.12597976991  0.224036
5994.09448370544  0.225925
5996.06298764098  0.227083
5998.03149157652  0.224265
5999.99999551205  0.22122
6001.96849944759  0.22191
6003.93700338312  0.223066
6005.90550731866  0.220952
6007.87401125419  0.215143
6009.84251518973  0.20913
6011.81101912526  0.204857
6013.7795230608  0.203256
6015.74802699633  0.208146
6017.71653093187  0.214153
6019.68503486741  0.214632
6021.65353880294  0.208598
6023.62204273848  0.202475
6025.59054667401  0.202146
6027.55905060955  0.201583
6029.52755454508  0.194693
6031.49605848062  0.18765
6033.46456241615  0.186491
6035.43306635169  0.189637
6037.40157028722  0.191622
6039.37007422276  0.189688
6041.3385781583  0.18714
6043.30708209383  0.184843
6045.27558602937  0.184068
6047.2440899649  0.187226
6049.21259390044  0.192164
6051.18109783597  0.196189
6053.14960177151  0.197481
6055.11810570704  0.197083
6057.08660964258  0.194751
6059.05511357811  0.191996
6061.02361751365  0.190414
6062.99212144918  0.189618
6064.96062538472  0.189332
6066.92912932026  0.188058
6068.89763325579  0.185966
6070.86613719133  0.183673
6072.83464112686  0.180538
6074.8031450624  0.175364
6076.77164899793  0.171124
6078.74015293347  0.171178
6080.708656869  0.173982
6082.67716080454  0.17763
6084.64566474007  0.181427
6086.61416867561  0.185134
6088.58267261115  0.186328
6090.55117654668  0.18593
6092.51968048222  0.183296
6094.48818441775  0.17968
6096.45668835329  0.174878
6098.42519228882  0.170851
6100.39369622436  0.167763
6102.36220015989  0.167662
6104.33070409543  0.168274
6106.29920803097  0.169779
6108.2677119665  0.169665
6110.23621590203  0.165871
6112.20471983757  0.159774
6114.17322377311  0.155582
6116.14172770864  0.159146
6118.11023164418  0.164702
6120.07873557971  0.169768
6122.04723951525  0.172843
6124.01574345079  0.171933
6125.98424738632  0.168075
6127.95275132186  0.16516
6129.92125525739  0.166142
6131.88975919293  0.166787
6133.85826312846  0.163743
6135.826767064  0.160802
6137.79527099953  0.161913
6139.76377493507  0.164202
6141.7322788706  0.165249
6143.70078280614  0.164553
6145.66928674167  0.163978
6147.63779067721  0.164163
6149.60629461274  0.163846
6151.57479854828  0.161066
6153.54330248382  0.157531
6155.51180641935  0.153331
6157.48031035489  0.150219
6159.44881429042  0.148955
6161.41731822596  0.15094
6163.38582216149  0.15482
6165.35432609703  0.161056
6167.32283003257  0.165763
6169.2913339681  0.164634
6171.25983790363  0.159993
6173.22834183917  0.154906
6175.19684577471  0.15156
6177.16534971024  0.14999
6179.13385364578  0.151637
6181.10235758131  0.154734
6183.07086151685  0.157953
6185.03936545238  0.161313
6187.00786938792  0.164468
6188.97637332345  0.16502
6190.94487725899  0.163276
6192.91338119452  0.16015
6194.88188513006  0.158072
6196.8503890656  0.16147
6198.81889300113  0.167025
6200.78739693667  0.173832
6202.7559008722  0.178936
6204.72440480774  0.181164
6206.69290874327  0.179239
6208.66141267881  0.17568
6210.62991661434  0.172129
6212.59842054988  0.16912
6214.56692448541  0.168023
6216.53542842095  0.168486
6218.50393235649  0.168518
6220.47243629202  0.166642
6222.44094022756  0.164997
6224.40944416309  0.164369
6226.37794809863  0.163963
6228.34645203416  0.162676
6230.3149559697  0.161567
6232.28345990523  0.16018
6234.25196384077  0.15767
6236.2204677763  0.154481
6238.18897171184  0.150156
6240.15747564738  0.14533
6242.12597958291  0.13894
6244.09448351845  0.133964
6246.06298745398  0.133541
6248.03149138952  0.136892
6249.99999532505  0.13985
6251.96849926059  0.137417
6253.93700319612  0.132495
6255.90550713166  0.124436
6257.8740110672  0.117189
6259.84251500273  0.114778
6261.81101893827  0.115542
6263.7795228738  0.116473
6265.74802680934  0.114809
6267.71653074487  0.110638
6269.68503468041  0.101894
6271.65353861594  0.0937153
6273.62204255148  0.0926566
6275.59054648701  0.0937216
6277.55905042255  0.0919652
6279.52755435808  0.085411
6281.49605829362  0.0770649
6283.46456222915  0.0694195
6285.43306616469  0.062612
6287.40157010023  0.0587895
6289.37007403576  0.056138
6291.3385779713  0.0532501
6293.30708190683  0.0501949
6295.27558584237  0.0491474
6297.2440897779  0.0519459
6299.21259371344  0.0548318
6301.18109764897  0.053864
6303.14960158451  0.0515796
6305.11810552004  0.0494676
6307.08660945558  0.0480146
6309.05511339112  0.0471069
6311.02361732665  0.0462046
6312.99212126219  0.0446003
6314.96062519772  0.0408006
6316.92912913326  0.0382329
6318.89763306879  0.0400354
6320.86613700433  0.0452813
6322.83464093986  0.0535399
6324.8031448754  0.0627297
6326.77164881094  0.0712511
6328.74015274647  0.0764902
6330.70865668201  0.0804355
6332.67716061754  0.0833033
6334.64566455308  0.0866233
6336.61416848861  0.0925068
6338.58267242415  0.100181
6340.55117635968  0.106936
6342.51968029522  0.110684
6344.48818423075  0.112793
6346.45668816629  0.112803
6348.42519210183  0.113641
6350.39369603736  0.119713
6352.3621999729  0.128238
6354.33070390843  0.134958
6356.29920784397  0.136396
6358.2677117795  0.135543
6360.23621571504  0.133531
6362.20471965057  0.132198
6364.17322358611  0.133554
6366.14172752164  0.137432
6368.11023145718  0.143757
6370.07873539272  0.151321
6372.04723932825  0.158525
6374.01574326379  0.161579
6375.98424719932  0.162825
6377.95275113486  0.162041
6379.92125507039  0.160924
6381.88975900593  0.159217
6383.85826294146  0.15863
6385.826766877  0.161192
6387.79527081253  0.167541
6389.76377474807  0.174006
6391.73227868361  0.176372
6393.70078261914  0.176511
6395.66928655468  0.173926
6397.63779049021  0.169493
6399.60629442575  0.163322
6401.57479836128  0.15641
6403.54330229682  0.154083
6405.51180623235  0.166629
6407.48031016789  0.180749
6409.44881410342  0.185437
6411.41731803896  0.183019
6413.3858219745  0.178809
6415.35432591003  0.173971
6417.32282984557  0.167445
6419.2913337811  0.162946
6421.25983771664  0.160049
6423.22834165217  0.162388
6425.19684558771  0.165437
6427.16534952324  0.168362
6429.13385345878  0.170271
6431.10235739431  0.17036
6433.07086132985  0.16707
6435.03936526539  0.164741
6437.00786920092  0.169006
6438.97637313646  0.175197
6440.94487707199  0.180277
6442.91338100753  0.181412
6444.88188494306  0.178704
6446.8503888786  0.174205
6448.81889281413  0.170146
6450.78739674967  0.170126
6452.7559006852  0.169612
6454.72440462074  0.164153
6456.69290855628  0.157303
6458.66141249181  0.152605
6460.62991642735  0.152196
6462.59842036288  0.153358
6464.56692429842  0.153743
6466.53542823395  0.152346
6468.50393216949  0.145621
6470.47243610502  0.137079
6472.44094004056  0.128919
6474.40944397609  0.123104
6476.37794791163  0.119412
6478.34645184716  0.11954
6480.3149557827  0.11963
6482.28345971824  0.11589
6484.25196365377  0.110073
6486.22046758931  0.102591
6488.18897152484  0.0971304
6490.15747546038  0.0967534
6492.12597939591  0.102672
6494.09448333145  0.109685
6496.06298726698  0.113531
6498.03149120252  0.115111
6499.99999513806  0.112932
6501.96849907359  0.108849
6503.93700300913  0.106093
6505.90550694466  0.10605
6507.8740108802  0.106688
6509.84251481573  0.10699
6511.81101875127  0.108338
6513.7795226868  0.112171
6515.74802662234  0.117477
6517.71653055788  0.124218
6519.68503449341  0.128922
6521.65353842895  0.129889
6523.62204236448  0.126012
6525.59054630002  0.122021
6527.55905023555  0.123319
6529.52755417109  0.127356
6531.49605810662  0.134315
6533.46456204216  0.141737
6535.43306597769  0.147505
6537.40156991323  0.149733
6539.37007384876  0.150097
6541.3385777843  0.147903
6543.30708171983  0.145847
6545.27558565537  0.145986
6547.2440895909  0.14961
6549.21259352644  0.155957
6551.18109746198  0.163657
6553.14960139751  0.171118
6555.11810533305  0.170984
6557.08660926858  0.175706
6559.05511320412  0.197496
6561.02361713965  0.227366
6562.99212107519  0.258422
6564.96062501072  0.278192
6566.92912894626  0.281602
6568.8976328818  0.258398
6570.86613681733  0.228905
6572.83464075287  0.210329
6574.8031446884  0.201007
6576.77164862394  0.201713
6578.74015255947  0.208083
6580.70865649501  0.21996
6582.67716043054  0.235557
6584.64566436608  0.249321
6586.61416830161  0.253992
6588.58267223715  0.251869
6590.55117617269  0.240772
6592.51968010822  0.226274
6594.48818404376  0.214497
6596.45668797929  0.211452
6598.42519191483  0.212774
6600.39369585036  0.217023
6602.3621997859  0.221853
6604.33070372143  0.223668
6606.29920765697  0.224312
6608.26771159251  0.226595
6610.23621552804  0.230969
6612.20471946358  0.233979
6614.17322339911  0.232507
6616.14172733465  0.229952
6618.11023127018  0.228952
6620.07873520572  0.228398
6622.04723914125  0.227563
6624.01574307679  0.227157
6625.98424701232  0.228319
6627.95275094786  0.233225
6629.92125488339  0.238808
6631.88975881893  0.241878
6633.85826275446  0.243697
6635.82676669  0.244451
6637.79527062554  0.246067
6639.76377456107  0.249656
6641.73227849661  0.255332
6643.70078243214  0.260378
6645.66928636768  0.2615
6647.63779030321  0.259696
6649.60629423875  0.252711
6651.57479817429  0.244909
6653.54330210982  0.240561
6655.51180604536  0.242227
6657.48030998089  0.246623
6659.44881391643  0.250911
6661.41731785196  0.254303
6663.3858217875  0.254072
6665.35432572303  0.251823
6667.32282965857  0.24709
6669.2913335941  0.241913
6671.25983752964  0.238566
6673.22834146517  0.239066
6675.19684540071  0.24199
6677.16534933624  0.247786
6679.13385327178  0.253425
6681.10235720732  0.256123
6683.07086114285  0.255369
6685.03936507839  0.251465
6687.00786901392  0.245964
6688.97637294946  0.240524
6690.944876885  0.238078
6692.91338082053  0.237002
6694.88188475606  0.237116
6696.8503886916  0.238051
6698.81889262714  0.240598
6700.78739656267  0.242889
6702.75590049821  0.242681
6704.72440443374  0.23722
6706.69290836928  0.231164
6708.66141230481  0.227833
6710.62991624035  0.227623
6712.59842017588  0.232098
6714.56692411142  0.239961
6716.53542804695  0.249351
6718.50393198249  0.258233
6720.47243591802  0.26378
6722.44093985356  0.261033
6724.4094437891  0.254573
6726.37794772463  0.24711
6728.34645166017  0.240182
6730.3149555957  0.236275
6732.28345953124  0.237616
6734.25196346677  0.23915
6736.22046740231  0.235263
6738.18897133784  0.230462
6740.15747527338  0.227526
6742.12597920892  0.225459
6744.09448314445  0.222676
6746.06298707999  0.218926
6748.03149101552  0.215107
6749.99999495106  0.211603
6751.96849888659  0.210537
6753.93700282213  0.217083
6755.90550675766  0.224514
6757.8740106932  0.22628
6759.84251462873  0.221831
6761.81101856427  0.217162
6763.77952249981  0.216424
6765.74802643534  0.215071
6767.71653037087  0.209083
6769.68503430641  0.203462
6771.65353824195  0.20266
6773.62204217748  0.204551
6775.59054611302  0.207344
6777.55905004855  0.210659
6779.52755398409  0.212599
6781.49605791962  0.208307
6783.46456185516  0.202541
6785.4330657907  0.198019
6787.40156972623  0.195171
6789.37007366177  0.192833
6791.3385775973  0.190935
6793.30708153284  0.190279
6795.27558546837  0.193199
6797.24408940391  0.196647
6799.21259333944  0.198962
6801.18109727498  0.199804
6803.14960121051  0.200222
6805.11810514605  0.201471
6807.08660908158  0.202707
6809.05511301712  0.203146
6811.02361695266  0.201659
6812.99212088819  0.194987
6814.96062482373  0.186905
6816.92912875926  0.180442
6818.8976326948  0.176438
6820.86613663033  0.172419
6822.83464056587  0.167104
6824.80314450141  0.162111
6826.77164843694  0.159781
6828.74015237248  0.157562
6830.70865630801  0.153427
6832.67716024355  0.148659
6834.64566417908  0.146002
6836.61416811462  0.144378
6838.58267205015  0.141089
6840.55117598569  0.13452
6842.51967992122  0.128102
6844.48818385676  0.126712
6846.45668779229  0.125804
6848.42519172783  0.122078
6850.39369566336  0.115317
6852.3621995989  0.107961
6854.33070353444  0.102154
6856.29920746997  0.0986649
6858.26771140551  0.101194
6860.23621534104  0.104172
6862.20471927658  0.101825
6864.17322321211  0.0964081
6866.14172714765  0.0932803
6868.11023108318  0.0935763
6870.07873501872  0.0927677
6872.04723895426  0.0863706
6874.01574288979  0.0811517
6875.98424682533  0.0828319
6877.95275076086  0.0894355
6879.9212546964  0.100877
6881.88975863193  0.112431
6883.85826256747  0.119935
6885.826766503  0.115242
6887.79527043854  0.10701
6889.76377437407  0.0985733
6891.73227830961  0.0932451
6893.70078224514  0.092756
6895.66928618068  0.097385
6897.63779011622  0.105531
6899.60629405175  0.113565
6901.57479798729  0.120678
6903.54330192282  0.122922
6905.51180585836  0.123359
6907.48030979389  0.122724
6909.44881372943  0.123252
6911.41731766497  0.124667
6913.3858216005  0.126697
6915.35432553603  0.129384
6917.32282947157  0.132089
6919.29133340711  0.134426
6921.25983734264  0.134293
6923.22834127818  0.134774
6925.19684521371  0.138096
6927.16534914925  0.144738
6929.13385308478  0.152379
6931.10235702032  0.157932
6933.07086095585  0.162395
6935.03936489139  0.164637
6937.00786882692  0.166188
6938.97637276246  0.168009
6940.944876698  0.169492
6942.91338063353  0.169149
6944.88188456907  0.167136
6946.8503885046  0.166348
6948.81889244014  0.171248
6950.78739637567  0.177938
6952.75590031121  0.184472
6954.72440424674  0.189817
6956.69290818228  0.193643
6958.66141211782  0.196068
6960.62991605335  0.199746
6962.59841998888  0.207856
6964.56692392442  0.216153
6966.53542785996  0.220815
6968.50393179549  0.223351
6970.47243573103  0.224998
6972.44093966656  0.226436
6974.4094436021  0.226784
6976.37794753763  0.224969
6978.34645147317  0.223212
6980.3149554087  0.223104
6982.28345934424  0.224837
6984.25196327978  0.229001
6986.22046721531  0.235374
6988.18897115085  0.242377
6990.15747508638  0.247676
6992.12597902192  0.250988
6994.09448295745  0.250017
6996.06298689299  0.246574
6998.03149082852  0.241011
6999.99999476406  0.236057
7001.9684986996  0.232526
7003.93700263513  0.232519
7005.90550657067  0.233918
7007.8740105062  0.235062
7009.84251444174  0.236429
7011.81101837727  0.238528
7013.77952231281  0.240721
7015.74802624834  0.242176
7017.71653018388  0.243027
7019.68503411941  0.244623
7021.65353805495  0.248906
7023.62204199048  0.252688
7025.59054592602  0.253111
7027.55904986155  0.251509
7029.52755379709  0.248484
7031.49605773263  0.245352
7033.46456166816  0.242822
7035.4330656037  0.241898
7037.40156953923  0.241459
7039.37007347477  0.240046
7041.3385774103  0.238397
7043.30708134584  0.237099
7045.27558528137  0.237267
7047.24408921691  0.236584
7049.21259315244  0.234476
7051.18109708798  0.234179
7053.14960102352  0.239134
7055.11810495905  0.244569
7057.08660889459  0.246488
7059.05511283012  0.246304
7061.02361676566  0.244389
7062.99212070119  0.241853
7064.96062463673  0.240153
7066.92912857226  0.241029
7068.8976325078  0.240833
7070.86613644334  0.234235
7072.83464037887  0.226409
7074.80314431441  0.221329
7076.77164824994  0.221481
7078.74015218548  0.224437
7080.70865612101  0.227438
7082.67716005655  0.228725
7084.64566399208  0.223035
7086.61416792762  0.215743
7088.58267186315  0.210398
7090.55117579869  0.208655
7092.51967973423  0.209037
7094.48818366976  0.209708
7096.4566876053  0.208354
7098.42519154083  0.199971
7100.39369547637  0.190499
7102.3621994119  0.183671
7104.33070334744  0.18029
7106.29920728297  0.180271
7108.26771121851  0.184267
7110.23621515404  0.190342
7112.20471908958  0.197714
7114.17322302512  0.204367
7116.14172696065  0.208394
7118.11023089619  0.209639
7120.07873483172  0.21035
7122.04723876726  0.211428
7124.01574270279  0.208581
7125.98424663833  0.199633
7127.95275057386  0.191786
7129.9212545094  0.193412
7131.88975844493  0.198138
7133.85826238047  0.2037
7135.82676631601  0.210007
7137.79527025154  0.214276
7139.76377418708  0.211215
7141.73227812261  0.204947
7143.70078205815  0.197362
7145.66928599368  0.190052
7147.63778992922  0.183567
7149.60629386475  0.179829
7151.57479780029  0.181304
7153.54330173583  0.188022
7155.51180567136  0.194523
7157.48030960689  0.192334
7159.44881354243  0.188163
7161.41731747797  0.184096
7163.3858214135  0.18178
7165.35432534904  0.182139
7167.32282928457  0.184899
7169.29133322011  0.188031
7171.25983715564  0.189943
7173.22834109118  0.192356
7175.19684502672  0.199163
7177.16534896225  0.203826
7179.13385289778  0.198237
7181.10235683332  0.186161
7183.07086076886  0.178558
7185.03936470439  0.183794
7187.00786863993  0.191114
7188.97637257546  0.191966
7190.944876511  0.191881
7192.91338044653  0.19555
7194.88188438207  0.199105
7196.8503883176  0.197751
7198.81889225314  0.191425
7200.78739618868  0.184735
7202.75590012421  0.18273
7204.72440405975  0.183115
7206.69290799528  0.187277
7208.66141193082  0.192138
7210.62991586635  0.195564
7212.59841980189  0.19564
7214.56692373742  0.194241
7216.53542767296  0.194475
7218.50393160849  0.195104
7220.47243554403  0.196924
7222.44093947956  0.199176
7224.4094434151  0.202708
7226.37794735064  0.205078
7228.34645128617  0.205768
7230.31495522171  0.203956
7232.28345915724  0.200077
7234.25196309278  0.192149
7236.22046702831  0.185554
7238.18897096385  0.186901
7240.15747489938  0.19181
7242.12597883492  0.191471
7244.09448277046  0.183147
7246.06298670599  0.177073
7248.03149064153  0.185371
7249.99999457706  0.195748
7251.9684985126  0.200213
7253.93700244813  0.201359
7255.90550638367  0.20291
7257.8740103192  0.205315
7259.84251425474  0.205635
7261.81101819027  0.20061
7263.77952212581  0.193941
7265.74802606134  0.186451
7267.71652999688  0.182073
7269.68503393242  0.185991
7271.65353786795  0.193565
7273.62204180349  0.198205
7275.59054573902  0.195064
7277.55904967456  0.189724
7279.52755361009  0.185499
7281.49605754563  0.183306
7283.46456148116  0.187106
7285.4330654167  0.192255
7287.40156935224  0.193327
7289.37007328777  0.189014
7291.33857722331  0.184662
7293.30708115884  0.185531
7295.27558509438  0.186963
7297.24408902991  0.185751
7299.21259296545  0.18369
7301.18109690098  0.183197
7303.14960083652  0.184937
7305.11810477205  0.186064
7307.08660870759  0.184532
7309.05511264313  0.181468
7311.02361657866  0.175914
7312.9921205142  0.171108
7314.96062444973  0.172245
7316.92912838527  0.177488
7318.8976323208  0.179934
7320.86613625634  0.17589
7322.83464019187  0.172439
7324.80314412741  0.177352
7326.77164806294  0.183711
7328.74015199848  0.187188
7330.70865593402  0.187899
7332.67715986955  0.188103
7334.64566380509  0.188681
7336.61416774062  0.189526
7338.58267167616  0.192357
7340.55117561169  0.193199
7342.51967954723  0.186543
7344.48818348276  0.177864
7346.4566874183  0.172478
7348.42519135383  0.172122
7350.39369528937  0.173409
7352.3621992249  0.173683
7354.33070316044  0.174125
7356.29920709598  0.174892
7358.26771103151  0.175361
7360.23621496705  0.174344
7362.20471890258  0.172738
7364.17322283812  0.171566
7366.14172677365  0.171966
7368.11023070919  0.173601
7370.07873464472  0.176285
7372.04723858026  0.178168
7374.01574251579  0.176335
7375.98424645133  0.174264
7377.95275038687  0.173144
7379.9212543224  0.171627
7381.88975825794  0.170409
7383.85826219347  0.171459
7385.82676612901  0.172119
7387.79527006454  0.169526
7389.76377400008  0.165641
7391.73227793561  0.162407
7393.70078187115  0.161591
7395.66928580669  0.162851
7397.63778974222  0.167874
7399.60629367775  0.172112
7401.57479761329  0.170775
7403.54330154883  0.167014
7405.51180548436  0.163802
7407.4803094199  0.161955
7409.44881335543  0.161265
7411.41731729097  0.16318
7413.3858212265  0.165449
7415.35432516204  0.166357
7417.32282909758  0.165764
7419.29133303311  0.162749
7421.25983696864  0.159018
7423.22834090418  0.156359
7425.19684483972  0.155052
7427.16534877525  0.154728
7429.13385271079  0.155502
7431.10235664632  0.156391
7433.07086058186  0.154765
7435.03936451739  0.154152
7437.00786845293  0.158072
7438.97637238846  0.164131
7440.944876324  0.167898
7442.91338025954  0.163595
7444.88188419507  0.159421
7446.85038813061  0.163391
7448.81889206614  0.169725
7450.78739600168  0.172721
7452.75589993721  0.170705
7454.72440387275  0.168211
7456.69290780829  0.168548
7458.66141174382  0.168789
7460.62991567935  0.167736
7462.59841961489  0.165205
7464.56692355042  0.159673
7466.53542748596  0.153194
7468.5039314215  0.148172
7470.47243535703  0.148069
7472.44093929257  0.152782
7474.4094432281  0.163818
7476.37794716364  0.174976
7478.34645109917  0.179869
7480.31495503471  0.180541
7482.28345897024  0.176487
7484.25196290578  0.170694
7486.22046684132  0.168505
7488.18897077685  0.174174
7490.15747471239  0.179612
7492.12597864792  0.173702
7494.09448258346  0.166087
7496.06298651899  0.160783
7498.03149045453  0.15853
7499.99999439006  0.159405
7501.9684983256  0.163498
7503.93700226113  0.166185
7505.90550619667  0.160726
7507.8740101322  0.153694
7509.84251406774  0.149945
7511.81101800327  0.14878
7513.77952193881  0.14857
7515.74802587435  0.150602
7517.71652980988  0.153652
7519.68503374542  0.157008
7521.65353768095  0.160162
7523.62204161649  0.164416
7525.59054555203  0.16622
7527.55904948756  0.162639
7529.5275534231  0.155
7531.49605735863  0.147498
7533.46456129417  0.14527
7535.4330652297  0.145235
7537.40156916524  0.146902
7539.37007310077  0.149318
7541.33857703631  0.15214
7543.30708097184  0.154582
7545.27558490738  0.155807
7547.24408884291  0.15457
7549.21259277845  0.152727
7551.18109671398  0.151484
7553.14960064952  0.150642
7555.11810458506  0.150907
7557.08660852059  0.151418
7559.05511245613  0.15002
7561.02361639166  0.144958
7562.9921203272  0.138774
7564.96062426273  0.132833
7566.92912819827  0.127033
7568.8976321338  0.1197
7570.86613606934  0.114916
7572.83464000488  0.116488
7574.80314394041  0.123772
7576.77164787595  0.131888
7578.74015181148  0.133525
7580.70865574702  0.132276
7582.67715968255  0.125469
7584.64566361809  0.119374
7586.61416755362  0.113931
7588.58267148916  0.11578
7590.55117542469  0.11695
7592.51967936023  0.118726
7594.48818329576  0.1209
7596.4566872313  0.123055
7598.42519116684  0.125023
7600.39369510237  0.126508
7602.36219903791  0.127468
7604.33070297344  0.127358
7606.29920690898  0.127092
7608.26771084451  0.126946
7610.23621478005  0.134753
7612.20471871558  0.142496
7614.17322265112  0.145457
7616.14172658665  0.14481
7618.11023052219  0.14434
7620.07873445773  0.146287
7622.04723839326  0.146758
7624.0157423288  0.142529
7625.98424626433  0.137018
7627.95275019987  0.132406
7629.9212541354  0.128704
7631.88975807094  0.126671
7633.85826200647  0.128899
7635.82676594201  0.135038
7637.79526987755  0.141844
7639.76377381308  0.146533
7641.73227774861  0.142177
7643.70078168415  0.137248
7645.66928561969  0.139145
7647.63778955522  0.144205
7649.60629349076  0.145594
7651.57479742629  0.137715
7653.54330136183  0.128319
7655.51180529736  0.1261
7657.4803092329  0.126744
7659.44881316844  0.129879
7661.41731710397  0.133079
7663.38582103951  0.135999
7665.35432497504  0.136696
7667.32282891058  0.136856
7669.29133284611  0.140051
7671.25983678165  0.143773
7673.22834071718  0.148349
7675.19684465272  0.151408
7677.16534858825  0.151841
7679.13385252379  0.15037
7681.10235645932  0.148849
7683.07086039486  0.14703
7685.0393643304  0.145052
7687.00786826593  0.142226
7688.97637220147  0.141659
7690.944876137  0.146399
7692.91338007254  0.152492
7694.88188400807  0.155961
7696.85038794361  0.155072
7698.81889187915  0.154451
7700.78739581468  0.15837
7702.75589975022  0.162037
7704.72440368575  0.161199
7706.69290762129  0.158374
7708.66141155682  0.15544
7710.62991549236  0.153653
7712.59841942789  0.152611
7714.56692336343  0.153194
7716.53542729896  0.154717
7718.5039312345  0.15806
7720.47243517003  0.160521
7722.44093910557  0.160602
7724.4094430411  0.158057
7726.37794697664  0.152549
7728.34645091218  0.143249
7730.31495484771  0.135743
7732.28345878325  0.139211
7734.25196271878  0.146179
7736.22046665432  0.151723
7738.18897058985  0.150385
7740.15747452539  0.144126
7742.12597846092  0.138359
7744.09448239646  0.137052
7746.062986332  0.149935
7748.03149026753  0.1632
7749.99999420307  0.164244
7751.9684981386  0.159546
7753.93700207414  0.158097
7755.90550600967  0.162858
7757.87400994521  0.168765
7759.84251388074  0.172858
7761.81101781628  0.176414
7763.77952175181  0.181366
7765.74802568735  0.183145
7767.71652962288  0.175355
7769.68503355842  0.161763
7771.65353749396  0.151213
7773.62204142949  0.150731
7775.59054536503  0.152821
7777.55904930056  0.151816
7779.5275532361  0.151475
7781.49605717163  0.155155
7783.46456110717  0.158976
7785.43306504271  0.158309
7787.40156897824  0.149005
7789.37007291378  0.137918
7791.33857684931  0.133819
7793.30708078485  0.134304
7795.27558472038  0.143024
7797.24408865592  0.151573
7799.21259259145  0.155897
7801.18109652699  0.156845
7803.14960046252  0.158298
7805.11810439806  0.16538
7807.08660833359  0.171678
7809.05511226913  0.172836
7811.02361620466  0.170379
7812.9921201402  0.165811
7814.96062407574  0.162226
7816.92912801127  0.162082
7818.89763194681  0.169572
7820.86613588234  0.175621
7822.83463981788  0.16944
7824.80314375341  0.160985
7826.77164768895  0.159642
7828.74015162449  0.162877
7830.70865556002  0.164301
7832.67715949556  0.16031
7834.64566343109  0.155263
7836.61416736662  0.153158
7838.58267130216  0.152758
7840.5511752377  0.155372
7842.51967917323  0.157881
7844.48818310877  0.15833
7846.4566870443  0.157908
7848.42519097984  0.159394
7850.39369491537  0.165158
7852.36219885091  0.170744
7854.33070278644  0.170789
7856.29920672198  0.169227
7858.26771065752  0.168459
7860.23621459305  0.172433
7862.20471852859  0.180708
7864.17322246412  0.190008
7866.14172639966  0.195184
7868.11023033519  0.184882
7870.07873427073  0.170045
7872.04723820626  0.155894
7874.0157421418  0.148052
7875.98424607733  0.146037
7877.95275001287  0.149148
7879.92125394841  0.153216
7881.88975788394  0.152092
7883.85826181947  0.150296
7885.82676575501  0.150672
7887.79526969055  0.152601
7889.76377362608  0.154033
7891.73227756162  0.153463
7893.70078149715  0.151901
7895.66928543269  0.149105
7897.63778936822  0.148444
7899.60629330376  0.155173
7901.5747972393  0.164379
7903.54330117483  0.172274
7905.51180511037  0.174246
7907.4803090459  0.17053
7909.44881298144  0.160336
7911.41731691697  0.1502
7913.38582085251  0.147443
7915.35432478804  0.149264
7917.32282872358  0.155713
7919.29133265911  0.163422
7921.25983659465  0.168998
7923.22834053018  0.168658
7925.19684446572  0.165758
7927.16534840126  0.160757
7929.13385233679  0.155617
7931.10235627233  0.151773
7933.07086020786  0.150605
7935.0393641434  0.152368
7937.00786807893  0.155047
7938.97637201447  0.155966
7940.94487595001  0.153129
7942.91337988554  0.150278
7944.88188382107  0.151612
7946.85038775661  0.154933
7948.81889169215  0.161881
7950.78739562768  0.169615
7952.75589956322  0.172722
7954.72440349875  0.165389
7956.69290743429  0.157774
7958.66141136982  0.160668
7960.62991530536  0.166606
7962.59841924089  0.171256
7964.56692317643  0.171471
7966.53542711196  0.167512
7968.5039310475  0.160891
7970.47243498304  0.15389
7972.44093891857  0.149687
7974.40944285411  0.146763
7976.37794678964  0.145279
7978.34645072518  0.144348
7980.31495466071  0.143668
7982.28345859625  0.144417
7984.25196253178  0.144943
7986.22046646732  0.141835
7988.18897040286  0.140573
7990.15747433839  0.148136
7992.12597827393  0.157467
7994.09448220946  0.162219
7996.062986145  0.160895
7998.03149008053  0.156898
7999.99999401607  0.153062
8001.9684979516  0.148341
8003.93700188714  0.14161
8005.90550582267  0.136093
8007.87400975821  0.135922
8009.84251369374  0.142271
8011.81101762928  0.151627
8013.77952156482  0.160314
8015.74802550035  0.166388
8017.71652943589  0.163249
8019.68503337142  0.15832
8021.65353730696  0.159146
8023.62204124249  0.161913
8025.59054517803  0.157844
8027.55904911356  0.145261
8029.5275530491  0.13381
8031.49605698463  0.135601
8033.46456092017  0.141628
8035.43306485571  0.151124
8037.40156879124  0.157604
8039.37007272678  0.154413
8041.33857666231  0.144238
8043.30708059785  0.136867
8045.27558453338  0.142951
8047.24408846892  0.151593
8049.21259240445  0.155459
8051.18109633999  0.157597
8053.14960027553  0.161256
8055.11810421106  0.16384
8057.08660814659  0.161227
8059.05511208213  0.157433
8061.02361601767  0.158465
8062.9921199532  0.175477
8064.96062388874  0.191328
8066.92912782427  0.192682
8068.89763175981  0.183839
8070.86613569534  0.169242
8072.83463963088  0.155403
8074.80314356642  0.1447
8076.77164750195  0.142903
8078.74015143748  0.142161
8080.70865537302  0.133519
8082.67715930856  0.125038
8084.64566324409  0.12376
8086.61416717963  0.12937
8088.58267111516  0.137093
8090.5511750507  0.143542
8092.51967898623  0.146614
8094.48818292177  0.138899
8096.45668685731  0.129697
8098.42519079284  0.126845
8100.39369472838  0.131325
8102.36219866391  0.139606
8104.33070259945  0.151381
8106.29920653498  0.161923
8108.26771047052  0.164378
8110.23621440605  0.161306
8112.20471834159  0.150908
8114.17322227712  0.141235
8116.14172621266  0.140399
8118.11023014819  0.152243
8120.07873408373  0.164409
8122.04723801927  0.161174
8124.0157419548  0.154883
8125.98424589034  0.15163
8127.95274982587  0.150618
8129.92125376141  0.14834
8131.88975769694  0.14296
8133.85826163248  0.136911
8135.82676556801  0.134032
8137.79526950355  0.13273
8139.76377343908  0.133551
8141.73227737462  0.136239
8143.70078131016  0.143753
8145.66928524569  0.151589
8147.63778918123  0.154677
8149.60629311676  0.149051
8151.5747970523  0.142738
8153.54330098783  0.14489
8155.51180492337  0.148418
8157.4803088589  0.146694
8159.44881279444  0.143294
8161.41731672997  0.145836
8163.38582066551  0.154782
8165.35432460105  0.16393
8167.32282853658  0.169361
8169.29133247212  0.170913
8171.25983640765  0.165115
8173.22834034319  0.156199
8175.19684427872  0.149044
8177.16534821426  0.146358
8179.13385214979  0.146042
8181.10235608533  0.148409
8183.07086002086  0.150604
8185.0393639564  0.14933
8187.00786789194  0.146003
8188.97637182747  0.141725
8190.94487576301  0.138467
8192.91337969854  0.136386
8194.88188363408  0.135999
8196.85038756962  0.136578
8198.81889150515  0.137962
8200.78739544069  0.140046
8202.75589937622  0.142816
8204.72440331175  0.145551
8206.69290724729  0.148844
8208.66141118283  0.153152
8210.62991511836  0.156999
8212.5984190539  0.160001
8214.56692298943  0.160595
8216.53542692497  0.15681
8218.5039308605  0.149894
8220.47243479604  0.142625
8222.44093873157  0.137844
8224.40944266711  0.133558
8226.37794660264  0.129191
8228.34645053818  0.124542
8230.31495447372  0.118568
8232.28345840925  0.113053
8234.25196234479  0.110119
8236.22046628032  0.109895
8238.18897021586  0.110398
8240.15747415139  0.109516
8242.12597808693  0.109311
8244.09448202246  0.111119
8246.062985958  0.113669
8248.03148989354  0.116935
8249.99999382907  0.118649
8251.9684977646  0.1155
8253.93700170014  0.107575
8255.90550563568  0.099293
8257.87400957121  0.0954067
8259.84251350675  0.0935539
8261.81101744228  0.0955683
8263.77952137782  0.0963157
8265.74802531335  0.0907881
8267.71652924889  0.0798037
8269.68503318442  0.0677906
8271.65353711996  0.059883
8273.62204105549  0.0552232
8275.59054499103  0.0578835
8277.55904892657  0.062255
8279.5275528621  0.0649875
8281.49605679764  0.0652052
8283.46456073317  0.0642701
8285.43306466871  0.0620738
8287.40156860424  0.0594647
8289.37007253978  0.057604
8291.33857647532  0.0546541
8293.30708041085  0.0473755
8295.27558434639  0.038968
8297.24408828192  0.0326005
8299.21259221746  0.0320712
8301.18109615299  0.0342245
8303.14960008853  0.0371286
8305.11810402406  0.0408156
8307.0866079596  0.0458177
8309.05511189513  0.0500776
8311.02361583067  0.0526492
8312.9921197662  0.0535459
8314.96062370174  0.051974
8316.92912763728  0.0467169
8318.89763157281  0.0420489
8320.86613550835  0.0439065
8322.83463944388  0.0474802
8324.80314337942  0.0498322
8326.77164731495  0.0500349
8328.74015125049  0.0480531
8330.70865518602  0.0428613
8332.67715912156  0.0389318
8334.64566305709  0.0419181
8336.61416699263  0.0490439
8338.58267092817  0.0612782
8340.5511748637  0.0719506
8342.51967879924  0.0757556
8344.48818273477  0.068887
8346.4566866703  0.059809
8348.42519060584  0.057776
8350.39369454138  0.0592873
8352.36219847691  0.06653
8354.33070241245  0.0738773
8356.29920634798  0.0769616
8358.26771028352  0.0741003
8360.23621421905  0.0697263
8362.20471815459  0.0669345
8364.17322209013  0.0663713
8366.14172602566  0.0721953
8368.1102299612  0.0790874
8370.07873389673  0.0813934
8372.04723783227  0.076663
8374.0157417678  0.0690663
8375.98424570334  0.0627269
8377.95274963887  0.0590104
8379.92125357441  0.0627983
8381.88975750995  0.069323
8383.85826144548  0.075769
8385.82676538102  0.0807406
8387.79526931655  0.084628
8389.76377325209  0.0861135
8391.73227718762  0.085404
8393.70078112316  0.0794487
8395.66928505869  0.0754222
8397.63778899423  0.0812768
8399.60629292976  0.0920324
8401.5747968653  0.099325
8403.54330080084  0.0981283
8405.51180473637  0.0957774
8407.48030867191  0.0979192
8409.44881260744  0.0987486
8411.41731654298  0.0922399
8413.38582047851  0.0843259
8415.35432441405  0.0789489
8417.32282834958  0.0751441
8419.29133228512  0.0711033
8421.25983622065  0.0679421
8423.22834015619  0.068395
8425.19684409172  0.079852
8427.16534802726  0.0914973
8429.13385196279  0.0943353
8431.10235589833  0.0885081
8433.07085983387  0.0805373
8435.0393637694  0.0766261
8437.00786770494  0.0740849
8438.97637164047  0.0726625
8440.94487557601  0.0724005
8442.91337951154  0.0736623
8444.88188344708  0.0758597
8446.85038738261  0.0788046
8448.81889131815  0.0826755
8450.78739525369  0.0864469
8452.75589918922  0.0862805
8454.72440312476  0.0858741
8456.69290706029  0.0864033
8458.66141099583  0.0891793
8460.62991493136  0.0938732
8462.5984188669  0.0975438
8464.56692280244  0.0999135
8466.53542673797  0.100975
8468.5039306735  0.101175
8470.47243460904  0.10042
8472.44093854458  0.100839
8474.40944248011  0.106861
8476.37794641565  0.113558
8478.34645035118  0.114893
8480.31495428672  0.107279
8482.28345822225  0.0985212
8484.25196215779  0.0977252
8486.22046609333  0.0994731
8488.18897002886  0.102897
8490.1574739644  0.10429
8492.12597789993  0.101313
8494.09448183547  0.0971164
8496.062985771  0.0967146
8498.03148970654  0.105444
8499.99999364207  0.115885
8501.96849757761  0.121973
8503.93700151314  0.125567
8505.90550544868  0.126189
8507.87400938421  0.12635
8509.84251331975  0.12975
8511.81101725528  0.139871
8513.77952119082  0.147961
8515.74802512635  0.142661
8517.71652906189  0.135404
8519.68503299743  0.135184
8521.65353693296  0.141623
8523.6220408685  0.151279
8525.59054480403  0.160524
8527.55904873957  0.166279
8529.5275526751  0.160041
8531.49605661064  0.153074
8533.46456054618  0.155361
8535.43306448171  0.162777
8537.40156841725  0.16856
8539.37007235278  0.168682
8541.33857628831  0.165677
8543.30708022385  0.160192
8545.27558415939  0.155624
8547.24408809492  0.157344
8549.21259203046  0.161633
8551.18109596599  0.167132
8553.14959990153  0.171318
8555.11810383706  0.172066
8557.0866077726  0.168166
8559.05511170814  0.165449
8561.02361564367  0.171756
8562.99211957921  0.18102
8564.96062351474  0.1921
8566.92912745028  0.199724
8568.89763138581  0.19889
8570.86613532135  0.18797
8572.83463925688  0.177207
8574.80314319242  0.177399
8576.77164712796  0.181256
8578.74015106349  0.184611
8580.70865499903  0.188501
8582.67715893456  0.193677
8584.6456628701  0.20038
8586.61416680563  0.207499
8588.58267074117  0.21153
8590.5511746767  0.213399
8592.51967861224  0.209873
8594.48818254777  0.206428
8596.45668648331  0.207485
8598.42519041884  0.212636
8600.39369435438  0.216931
8602.36219828991  0.217067
8604.33070222545  0.215875
8606.29920616099  0.21455
8608.26771009652  0.21334
8610.23621403206  0.213173
8612.20471796759  0.215791
8614.17322190313  0.221547
8616.14172583866  0.227253
8618.1102297742  0.229724
8620.07873370973  0.223536
8622.04723764527  0.215093
8624.0157415808  0.207475
8625.98424551634  0.202285
8627.95274945188  0.202904
8629.92125338741  0.210007
8631.88975732295  0.215443
8633.85826125848  0.204304
8635.82676519402  0.192525
8637.79526912955  0.189652
8639.76377306509  0.193599
8641.73227700062  0.200843
8643.70078093616  0.206883
8645.6692848717  0.209597
8647.63778880723  0.204184
8649.60629274277  0.198398
8651.5747966783  0.199498
8653.54330061384  0.203877
8655.51180454937  0.209417
8657.48030848491  0.213029
8659.44881242045  0.214843
8661.41731635598  0.214272
8663.38582029151  0.211661
8665.35432422705  0.20613
8667.32282816259  0.199627
8669.29133209812  0.192738
8671.25983603366  0.18788
8673.22833996919  0.185962
8675.19684390473  0.18705
8677.16534784026  0.190479
8679.1338517758  0.192202
8681.10235571133  0.193474
8683.07085964687  0.190629
8685.0393635824  0.189248
8687.00786751794  0.192599
8688.97637145347  0.196627
8690.94487538901  0.194553
8692.91337932455  0.178281
8694.88188326008  0.164342
8696.85038719562  0.170419
8698.81889113115  0.185692
8700.78739506669  0.204517
8702.75589900222  0.217846
8704.72440293776  0.224406
8706.69290687329  0.221907
8708.66141080883  0.215838
8710.62991474436  0.212009
8712.5984186799  0.210169
8714.56692261544  0.214111
8716.53542655097  0.217693
8718.50393048651  0.215958
8720.47243442204  0.209662
8722.44093835758  0.205765
8724.40944229311  0.213063
8726.37794622865  0.220642
8728.34645016419  0.218868
8730.31495409972  0.214381
8732.28345803526  0.213782
8734.25196197079  0.214646
8736.22046590633  0.212097
8738.18896984186  0.202649
8740.1574737774  0.192547
8742.12597771293  0.188055
8744.09448164847  0.185109
8746.062985584  0.179538
8748.03148951954  0.173764
8749.99999345507  0.172552
8751.96849739061  0.175944
8753.93700132615  0.180831
8755.90550526168  0.185692
8757.87400919722  0.190959
8759.84251313275  0.197812
8761.81101706829  0.200985
8763.77952100382  0.196905
8765.74802493936  0.185479
8767.71652887489  0.173924
8769.68503281043  0.173698
8771.65353674596  0.176497
8773.6220406815  0.180795
8775.59054461704  0.182882
8777.55904855257  0.181724
8779.52755248811  0.178223
8781.49605642364  0.173739
8783.46456035918  0.172485
8785.43306429471  0.171958
8787.40156823025  0.172977
8789.37007216578  0.173134
8791.33857610132  0.17295
8793.30708003685  0.172006
8795.27558397239  0.1693
8797.24408790792  0.165106
8799.21259184346  0.160244
8801.181095779  0.154501
8803.14959971453  0.150035
8805.11810365007  0.150748
8807.0866075856  0.154026
8809.05511152114  0.154241
8811.02361545667  0.145076
8812.99211939221  0.133654
8814.96062332775  0.130198
8816.92912726328  0.129694
8818.89763119882  0.132134
8820.86613513435  0.136693
8822.83463906989  0.145685
8824.80314300542  0.154554
8826.77164694096  0.162459
8828.74015087649  0.169802
8830.70865481203  0.1749
8832.67715874756  0.175846
8834.6456626831  0.173155
8836.61416661863  0.166741
8838.58267055417  0.160339
8840.5511744897  0.155544
8842.51967842524  0.154038
8844.48818236078  0.154601
8846.45668629631  0.157693
8848.42519023185  0.158597
8850.39369416738  0.149985
8852.36219810292  0.138406
8854.33070203845  0.130685
8856.29920597399  0.130935
8858.26770990952  0.134523
8860.23621384506  0.139887
8862.20471778059  0.14454
8864.17322171613  0.144976
8866.14172565167  0.14291
8868.1102295872  0.139774
8870.07873352274  0.137413
8872.04723745827  0.137664
8874.01574139381  0.141839
8875.98424532934  0.147247
8877.95274926488  0.150683
8879.92125320041  0.153326
8881.88975713595  0.153951
8883.85826107148  0.152903
8885.82676500702  0.151275
8887.79526894255  0.148677
8889.76377287809  0.144969
8891.73227681362  0.139244
8893.70078074916  0.134219
8895.6692846847  0.132485
8897.63778862023  0.132574
8899.60629255577  0.13205
8901.57479649131  0.130852
8903.54330042684  0.132078
8905.51180436237  0.14202
8907.48030829791  0.151816
8909.44881223345  0.155935
8911.41731616898  0.153732
8913.38582010452  0.145072
8915.35432404005  0.134613
8917.32282797559  0.126907
8919.29133191112  0.12669
8921.25983584666  0.130867
8923.22833978219  0.140142
8925.19684371773  0.149176
8927.16534765327  0.15048
8929.1338515888  0.146002
8931.10235552433  0.142972
8933.07085945987  0.145759
8935.03936339541  0.148467
8937.00786733094  0.145474
8938.97637126648  0.143059
8940.94487520201  0.147881
8942.91337913755  0.155006
8944.88188307308  0.157867
8946.85038700862  0.153145
8948.81889094416  0.145963
8950.78739487969  0.13887
8952.75589881523  0.134377
8954.72440275076  0.138735
8956.6929066863  0.14466
8958.66141062183  0.144278
8960.62991455737  0.138631
8962.5984184929  0.132726
8964.56692242844  0.129132
8966.53542636397  0.126008
8968.50393029951  0.120801
8970.47243423504  0.117942
8972.44093817058  0.12265
8974.40944210611  0.132915
8976.37794604165  0.141906
8978.34644997718  0.145383
8980.31495391272  0.147087
8982.28345784826  0.14813
8984.25196178379  0.149017
8986.22046571933  0.152242
8988.18896965486  0.156534
8990.1574735904  0.157692
8992.12597752594  0.1572
8994.09448146147  0.15822
8996.06298539701  0.160976
8998.03148933254  0.163529
8999.99999326808  0.163128
9001.96849720361  0.162031
9003.93700113915  0.159547
9005.90550507468  0.154421
9007.87400901022  0.145527
9009.84251294575  0.134136
9011.81101688129  0.124746
9013.77952081682  0.127793
9015.74802475236  0.132306
9017.7165286879  0.132944
9019.68503262343  0.128777
9021.65353655897  0.120487
9023.6220404945  0.110431
9025.59054443004  0.103172
9027.55904836557  0.106944
9029.52755230111  0.114142
9031.49605623664  0.121019
9033.46456017218  0.125735
9035.43306410771  0.127764
9037.40156804325  0.128494
9039.37007197879  0.129947
9041.33857591432  0.136004
9043.30707984986  0.14118
9045.27558378539  0.141645
9047.24408772093  0.137771
9049.21259165646  0.130618
9051.181095592  0.124953
9053.14959952753  0.122775
9055.11810346307  0.130596
9057.0866073986  0.13794
9059.05511133414  0.13535
9061.02361526967  0.128316
9062.99211920521  0.123832
9064.96062314075  0.123656
9066.92912707628  0.121807
9068.89763101182  0.113902
9070.86613494735  0.107109
9072.83463888289  0.108856
9074.80314281843  0.112976
9076.77164675396  0.114204
9078.74015068949  0.113589
9080.70865462503  0.114394
9082.67715856057  0.119327
9084.6456624961  0.12592
9086.61416643164  0.130118
9088.58267036717  0.133022
9090.55117430271  0.132553
9092.51967823824  0.132821
9094.48818217378  0.134768
9096.45668610931  0.136759
9098.42519004485  0.137888
9100.39369398038  0.136021
9102.36219791592  0.13317
9104.33070185146  0.12951
9106.29920578699  0.126371
9108.26770972253  0.123988
9110.23621365806  0.122496
9112.2047175936  0.120831
9114.17322152913  0.116931
9116.14172546467  0.11332
9118.1102294002  0.110931
9120.07873333574  0.110151
9122.04723727128  0.111565
9124.01574120681  0.115337
9125.98424514234  0.118541
9127.95274907788  0.119194
9129.92125301342  0.120437
9131.88975694895  0.125623
9133.85826088449  0.130824
9135.82676482002  0.133208
9137.79526875556  0.133164
9139.76377269109  0.132119
9141.73227662663  0.130792
9143.70078056216  0.127709
9145.6692844977  0.122449
9147.63778843323  0.116765
9149.60629236877  0.112436
9151.57479630431  0.109523
9153.54330023984  0.111739
9155.51180417538  0.11565
9157.48030811091  0.111692
9159.44881204645  0.0922949
9161.41731598198  0.0773612
9163.38581991752  0.09016
9165.35432385306  0.117268
9167.32282778859  0.15585
9169.29133172413  0.190372
9171.25983565966  0.218483
9173.22833959519  0.233298
9175.19684353073  0.233812
9177.16534746627  0.215435
9179.1338514018  0.188872
9181.10235533734  0.15817
9183.07085927287  0.133295
9185.03936320841  0.128757
9187.00786714394  0.147508
9188.97637107948  0.170356
9190.94487501502  0.177506
9192.91337895055  0.177695
9194.88188288609  0.166424
9196.85038682162  0.155217
9198.81889075716  0.155909
9200.78739469269  0.167161
9202.75589862823  0.177553
9204.72440256376  0.179089
9206.6929064993  0.177666
9208.66141043483  0.175355
9210.62991437037  0.172261
9212.59841830591  0.169006
9214.56692224144  0.168279
9216.53542617698  0.17001
9218.50393011251  0.175021
9220.47243404804  0.185338
9222.44093798358  0.208328
9224.40944191912  0.228136
9226.37794585465  0.229466
9228.34644979019  0.21739
9230.31495372572  0.199376
9232.28345766126  0.183411
9234.25196159679  0.169887
9236.22046553233  0.170276
9238.18896946787  0.171641
9240.1574734034  0.167276
9242.12597733894  0.157551
9244.09448127447  0.148221
9246.06298521001  0.143772
9248.03148914554  0.141869
9249.99999308108  0.141748
9251.96849701661  0.141335
9253.93700095215  0.137747
9255.90550488768  0.133898
9257.87400882322  0.12972
9259.84251275876  0.127157
9261.81101669429  0.132206
9263.77952062983  0.151494
9265.74802456536  0.176093
9267.7165285009  0.200666
9269.68503243643  0.215652
9271.65353637197  0.203937
9273.6220403075  0.180743
9275.59054424304  0.162903
9277.55904817858  0.161667
9279.52755211411  0.163913
9281.49605604965  0.155022
9283.46455998518  0.142999
9285.43306392072  0.125167
9287.40156785625  0.110019
9289.37007179179  0.10014
9291.33857572732  0.0960132
9293.30707966286  0.0974772
9295.27558359839  0.104844
9297.24408753393  0.115502
9299.21259146946  0.128775
9301.181095405  0.141659
9303.14959934053  0.153284
9305.11810327607  0.15393
9307.08660721161  0.140042
9309.05511114714  0.11947
9311.02361508268  0.105895
9312.99211901821  0.128144
9314.96062295375  0.153288
9316.92912688928  0.158023
9318.89763082482  0.145819
9320.86613476035  0.129901
9322.83463869589  0.122452
9324.80314263142  0.124063
9326.77164656696  0.139853
9328.7401505025  0.154969
9330.70865443803  0.148688
9332.67715837357  0.137563
9334.6456623091  0.135263
9336.61416624464  0.145745
9338.58267018017  0.155188
9340.55117411571  0.142686
9342.51967805125  0.12514
9344.48818198678  0.104359
9346.45668592232  0.095372
9348.42518985785  0.113907
9350.39369379339  0.146076
9352.36219772892  0.170366
9354.33070166446  0.166536
9356.29920559999  0.15265
9358.26770953553  0.135944
9360.23621347107  0.123504
9362.2047174066  0.124578
9364.17322134214  0.136459
9366.14172527767  0.158223
9368.1102292132  0.181245
9370.07873314874  0.191921
9372.04723708428  0.160513
9374.01574101981  0.13007
9375.98424495535  0.140346
9377.95274889088  0.165759
9379.92125282642  0.178329
9381.88975676195  0.172062
9383.85826069749  0.163822
9385.82676463302  0.158401
9387.79526856856  0.156631
9389.7637725041  0.161621
9391.73227643963  0.172202
9393.70078037517  0.186876
9395.6692843107  0.195903
9397.63778824624  0.192601
9399.60629218177  0.176673
9401.57479611731  0.160964
9403.54330005284  0.161137
9405.51180398838  0.162704
9407.48030792391  0.155297
9409.44881185945  0.143506
9411.41731579499  0.133032
9413.38581973052  0.12677
9415.35432366605  0.12189
9417.32282760159  0.125903
9419.29133153713  0.132506
9421.25983547266  0.145885
9423.2283394082  0.153624
9425.19684334373  0.150292
9427.16534727927  0.138767
9429.1338512148  0.126878
9431.10235515034  0.119239
9433.07085908588  0.113977
9435.03936302141  0.109736
9437.00786695695  0.111053
9438.97637089248  0.121502
9440.94487482802  0.130268
9442.91337876355  0.130756
9444.88188269909  0.120379
9446.85038663462  0.11259
9448.81889057016  0.133402
9450.78739450569  0.144911
9452.75589844123  0.123306
9454.72440237677  0.130919
9456.6929063123  0.141632
9458.66141024784  0.152715
9460.62991418337  0.155582
9462.59841811891  0.143881
9464.56692205444  0.134146
9466.53542598998  0.150105
9468.50392992551  0.17042
9470.47243386105  0.180693
9472.44093779658  0.181297
9474.40944173212  0.173615
9476.37794566765  0.169062
9478.34644960319  0.168006
9480.31495353873  0.169152
9482.28345747426  0.167812
9484.2519614098  0.159908
9486.22046534533  0.150583
9488.18896928087  0.146124
9490.1574732164  0.150595
9492.12597715194  0.152562
9494.09448108747  0.13759
9496.06298502301  0.12316
9498.03148895854  0.124374
9499.99999289408  0.136632
9501.96849682962  0.154014
9503.93700076515  0.172312
9505.90550470069  0.188767
9507.87400863622  0.19003
9509.84251257176  0.185502
9511.81101650729  0.177092
9513.77952044283  0.167874
9515.74802437836  0.14962
9517.7165283139  0.1233
9519.68503224944  0.106681
9521.65353618497  0.120241
9523.62204012051  0.138477
9525.59054405604  0.140276
9527.55904799158  0.135236
9529.52755192711  0.126044
9531.49605586265  0.116855
9533.46455979818  0.114211
9535.43306373372  0.123478
9537.40156766926  0.131708
9539.37007160479  0.124476
9541.33857554033  0.11115
9543.30707947586  0.0923999
9545.2755834114  0.0791363
9547.24408734693  0.080172
9549.21259128247  0.0951235
9551.181095218  0.113053
9553.14959915354  0.12673
9555.11810308907  0.135424
9557.08660702461  0.133955
9559.05511096014  0.126646
9561.02361489568  0.119536
9562.99211883121  0.119628
9564.96062276675  0.124348
9566.92912670229  0.125195
9568.89763063782  0.12529
9570.86613457336  0.118639
9572.83463850889  0.114894
9574.80314244443  0.116903
9576.77164637996  0.123217
9578.7401503155  0.129387
9580.70865425103  0.126
9582.67715818657  0.1229
9584.64566212211  0.130795
9586.61416605764  0.139798
9588.58266999318  0.140184
9590.55117392871  0.132156
9592.51967786425  0.119959
9594.48818179978  0.108227
9596.45668573532  0.102533
9598.42518967085  0.112567
9600.39369360639  0.125055
9602.36219754193  0.128948
9604.33070147746  0.127254
9606.299205413  0.119039
9608.26770934853  0.109435
9610.23621328407  0.105785
9612.2047172196  0.116601
9614.17322115514  0.127333
9616.14172509067  0.119075
9618.11022902621  0.110373
9620.07873296174  0.120392
9622.04723689728  0.141712
9624.01574083281  0.153511
9625.98424476835  0.144055
9627.95274870389  0.128479
9629.92125263942  0.11648
9631.88975657496  0.10593
9633.85826051049  0.0995225
9635.82676444603  0.0965981
9637.79526838156  0.095754
9639.7637723171  0.0963015
9641.73227625263  0.0936247
9643.70078018817  0.0770971
9645.6692841237  0.0609497
9647.63778805924  0.0531965
9649.60629199478  0.0575029
9651.57479593031  0.0787269
9653.54329986585  0.109257
9655.51180380138  0.133766
9657.48030773692  0.127329
9659.44881167245  0.11212
9661.41731560799  0.09515
9663.38581954352  0.0846976
9665.35432347906  0.087392
9667.32282741459  0.102073
9669.29133135013  0.118882
9671.25983528566  0.123486
9673.2283392212  0.124266
9675.19684315674  0.122498
9677.16534709227  0.121182
9679.13385102781  0.122775
9681.10235496334  0.124782
9683.07085889888  0.123397
9685.03936283441  0.113963
9687.00786676995  0.0987527
9688.97637070548  0.0746504
9690.94487464102  0.0557181
9692.91337857656  0.0569723
9694.88188251209  0.0713855
9696.85038644763  0.0935654
9698.81889038316  0.112756
9700.7873943187  0.122335
9702.75589825423  0.108002
9704.72440218977  0.0899093
9706.6929061253  0.0828772
9708.66141006084  0.0848378
9710.62991399637  0.098621
9712.59841793191  0.11422
9714.56692186744  0.120113
9716.53542580298  0.107234
9718.50392973851  0.0888649
9720.47243367405  0.0738037
9722.44093760959  0.063582
9724.40944154512  0.0646752
9726.37794548066  0.0728607
9728.34644941619  0.0815217
9730.31495335173  0.0868416
9732.28345728726  0.0922317
9734.2519612228  0.101755
9736.22046515833  0.110344
9738.18896909387  0.116732
9740.15747302941  0.117079
9742.12597696494  0.106623
9744.09448090048  0.0924438
9746.06298483601  0.0881084
9748.03148877155  0.117713
9749.99999270708  0.152341
9751.96849664262  0.178728
9753.93700057815  0.186763
9755.90550451369  0.166598
9757.87400844922  0.130764
9759.84251238476  0.0954292
9761.81101632029  0.0795486
9763.77952025583  0.0686309
9765.74802419136  0.0532372
9767.7165281269  0.0438786
9769.68503206244  0.0515861
9771.65353599797  0.072831
9773.62203993351  0.102669
9775.59054386905  0.131467
9777.55904780458  0.153176
9779.52755174012  0.153345
9781.49605567565  0.146292
9783.46455961119  0.14019
9785.43306354672  0.13562
9787.40156748226  0.130814
9789.37007141779  0.128603
9791.33857535333  0.127307
9793.30707928886  0.122715
9795.2755832244  0.119006
9797.24408715993  0.119257
9799.21259109547  0.120676
9801.181095031  0.124175
9803.14959896654  0.129396
9805.11810290207  0.125994
9807.08660683761  0.110048
9809.05511077315  0.0951668
9811.02361470868  0.0973948
9812.99211864422  0.1058
9814.96062257975  0.122151
9816.92912651529  0.134646
9818.89763045082  0.129711
9820.86613438636  0.105214
9822.8346383219  0.0794258
9824.80314225743  0.0728836
9826.77164619297  0.0748949
9828.7401501285  0.0873784
9830.70865406404  0.0999517
9832.67715799957  0.103994
9834.64566193511  0.0992765
9836.61416587064  0.0948179
9838.58266980618  0.0977885
9840.55117374171  0.105981
9842.51967767725  0.126339
9844.48818161278  0.144728
9846.45668554832  0.147557
9848.42518948385  0.130617
9850.39369341939  0.102427
9852.36219735493  0.0660759
9854.33070129046  0.0353556
9856.299205226  0.0280065
9858.26770916153  0.0380261
9860.23621309707  0.0648192
9862.2047170326  0.0978626
9864.17322096814  0.128377
9866.14172490368  0.137948
9868.11022883921  0.137751
9870.07873277475  0.133312
9872.04723671028  0.128076
9874.01574064582  0.123456
9875.98424458135  0.124105
9877.95274851689  0.138804
9879.92125245242  0.164227
9881.88975638796  0.18668
9883.85826032349  0.190297
9885.82676425903  0.181343
9887.79526819456  0.15469
9889.7637721301  0.121511
9891.73227606564  0.0854374
9893.70078000117  0.0587677
9895.66928393671  0.0495156
9897.63778787224  0.0692181
9899.60629180778  0.103159
9901.57479574331  0.147282
9903.54329967885  0.183386
9905.51180361438  0.190929
9907.48030754992  0.175322
9909.44881148545  0.148777
9911.41731542099  0.13036
9913.38581935652  0.120701
9915.35432329206  0.133483
9917.3228272276  0.147565
9919.29133116313  0.145748
9921.25983509867  0.1334
9923.2283390342  0.118707
9925.19684296974  0.113563
9927.16534690527  0.115276
9929.13385084081  0.133326
9931.10235477634  0.147107
9933.07085871188  0.138351
9935.03936264741  0.115598
9937.00786658295  0.0964044
9938.97637051849  0.087976
9940.94487445402  0.071044
9942.91337838956  0.0383602
9944.88188232509  0.0171321
9946.85038626063  0.0465158
9948.81889019617  0.0878594
9950.7873941317  0.115049
9952.75589806723  0.126126
9954.72440200277  0.134675
9956.69290593831  0.138357
9958.66140987384  0.135829
9960.62991380938  0.129955
9962.59841774491  0.113461
9964.56692168045  0.0634489
9966.53542561598  0.012851
9968.50392955152  -0.00136534
9970.47243348705  0.0283544
9972.44093742259  0.0712303
9974.40944135812  0.0984125
9976.37794529366  0.117069
9978.3464492292  0.111115
9980.31495316473  0.104347
9982.28345710027  0.118382
9984.2519610358  0.145785
9986.22046497134  0.16534
9988.18896890687  0.147376
9990.15747284241  0.115474
9992.12597677794  0.0733383
9994.09448071348  0.0379681
9996.06298464901  0.0196152
9998.03148858455  0.0161719
9999.99999252008  0.0192147
10001.9684964556  0.0171842
10003.9370003912  0.0208383
10005.9055043267  0.0487011
10007.8740082622  0.0842043
10009.8425121978  0.121734
10011.8110161333  0.148373
10013.7795200688  0.168967
10015.7480240044  0.175041
10017.7165279399  0.162615
10019.6850318754  0.125464
10021.653535811  0.0881545
10023.6220397465  0.0746381
10025.590543682  0.0788091
10027.5590476176  0.102594
10029.5275515531  0.126658
10031.4960554887  0.134065
10033.4645594242  0.118317
10035.4330633597  0.0968642
10037.4015672953  0.0863878
10039.3700712308  0.0808717
10041.3385751663  0.0916661
10043.3070791019  0.11746
10045.2755830374  0.143383
10047.2440869729  0.143172
10049.2125909085  0.115089
10051.181094844  0.0180482
10053.1495987795  -0.0655201
10055.1181027151  -0.0575725
10057.0866066506  0.0135801
10059.0551105861  0.0944761
10061.0236145217  0.1366
10062.9921184572  0.151583
10064.9606223928  0.115817
10066.9291263283  0.0770046
10068.8976302638  0.0799661
10070.8661341994  0.103127
10072.8346381349  0.12489
10074.8031420704  0.13265
10076.771646006  0.13187
10078.7401499415  0.120984
10080.708653877  0.112781
10082.6771578126  0.125874
10084.6456617481  0.140762
10086.6141656836  0.137585
10088.5826696192  0.126687
10090.5511735547  0.120248
10092.5196774902  0.122861
10094.4881814258  0.13022
10096.4566853613  0.134169
10098.4251892969  0.134781
10100.3936932324  0.124309
10102.3621971679  0.11404
10104.3307011035  0.102382
10106.299205039  0.094187
10108.2677089745  0.0901277
10110.2362129101  0.0925574
10112.2047168456  0.0943083
10114.1732207811  0.0867954
10116.1417247167  0.0763985
10118.1102286522  0.0713772
10120.0787325877  0.0809705
10122.0472365233  0.0969826
10124.0157404588  0.101593
10125.9842443944  0.0942106
10127.9527483299  0.0475289
10129.9212522654  0.0029183
10131.889756201  -0.010535
10133.8582601365  0.0210874
10135.826764072  0.0780436
10137.7952680076  0.125699
10139.7637719431  0.16466
10141.7322758786  0.180849
10143.7007798142  0.177456
10145.6692837497  0.141766
10147.6377876852  0.0928892
10149.6062916208  0.0388896
10151.5747955563  -0.0111015
10153.5432994919  -0.036411
10155.5118034274  0.00582826
10157.4803073629  0.0732632
10159.4488112985  0.159591
10161.417315234  0.225355
10163.3858191695  0.226021
10165.3543231051  0.159883
10167.3228270406  0.0823036
10169.2913309761  0.0529113
10171.2598349117  0.0405311
10173.2283388472  0.0480074
10175.1968427827  0.0556938
10177.1653467183  0.0445528
10179.1338506538  0.0235035
10181.1023545893  0.0117774
10183.0708585249  0.0279797
10185.0393624604  0.0568313
10187.007866396  0.0875247
10188.9763703315  0.120644
10190.944874267  0.166297
10192.9133782026  0.203542
10194.8818821381  0.197845
10196.8503860736  0.136559
10198.8188900092  0.0649174
10200.7873939447  0.0342466
10202.7558978802  0.0182777
10204.7244018158  0.0146261
10206.6929057513  0.0195116
10208.6614096868  0.0303345
10210.6299136224  0.0375618
10212.5984175579  0.0554662
10214.5669214934  0.0952318
10216.535425429  0.119908
10218.5039293645  0.0795414
10220.4724333001  0.0141719
10222.4409372356  -0.0687152
10224.4094411711  -0.129001
10226.3779451067  -0.131377
10228.3464490422  -0.0586607
10230.3149529777  0.0266119
10232.2834569133  0.0553746
10234.2519608488  0.057021
10236.2204647843  0.0240114
10238.1889687199  -0.0103638
10240.1574726554  -0.0224235
10242.1259765909  0.00136843
10244.0944805265  0.0304616
10246.062984462  0.0393946
10248.0314883975  0.0369207
10249.9999923331  0.0238104
10251.9684962686  -0.00157691
10253.9370002042  -0.0474791
10255.9055041397  -0.098545
10257.8740080752  -0.127429
10259.8425120108  -0.0854832
10261.8110159463  -0.0215558
10263.7795198818  0.0504005
10265.7480238174  0.10092
10267.7165277529  0.106865
10269.6850316884  0.0702277
10271.653535624  0.0143001
10273.6220395595  -0.025988
10275.590543495  -0.0527235
10277.5590474306  -0.0496857
10279.5275513661  -0.0306674
10281.4960553017  0.00374128
10283.4645592372  0.0431369
10285.4330631727  0.0783996
10287.4015671083  0.0915036
10289.3700710438  0.0815865
10291.3385749793  0.013727
10293.3070789149  -0.0460021
10295.2755828504  -0.0393875
10297.2440867859  0.00768598
10299.2125907215  0.0569383
10301.181094657  0.0812511
10303.1495985925  0.0892573
10305.1181025281  0.0672651
10307.0866064636  0.038122
10309.0551103992  0.0184012
10311.0236143347  0.00473519
10312.9921182702  -0.00745139
10314.9606222058  -0.0112889
10316.9291261413  -0.0131136
10318.8976300768  -0.0263572
10320.8661340124  -0.0338547
10322.8346379479  -0.0126022
10324.8031418834  0.0139109
10326.771645819  0.0249879
10328.7401497545  0.0185611
10330.70865369  0.0143952
10332.6771576256  0.025886
10334.6456615611  0.0270156
10336.6141654966  -0.0294176
10338.5826694322  -0.0776562
10340.5511733677  -0.0595622
10342.5196773033  -0.00616578
10344.4881812388  0.0367402
10346.4566851743  0.047453
10348.4251891099  0.053207
10350.3936930454  0.0645429
10352.3621969809  0.0672964
10354.3307009165  0.0371948
10356.299204852  0.00492863
10358.2677087875  -0.00432993
10360.2362127231  0.0185586
10362.2047166586  0.0499466
10364.1732205941  0.0627459
10366.1417245297  0.0686145
10368.1102284652  0.0658166
10370.0787324007  0.0597632
10372.0472363363  0.0518341
10374.0157402718  0.0436958
10375.9842442074  0.0395024
10377.9527481429  0.0408507
10379.9212520784  0.0311043
10381.889756014  -0.0164906
10383.8582599495  -0.0574139
