3261.9654814769  0.
3263.94243025355  0.
3265.91937903021  0.
3267.89632780686  0.
3269.87327658351  0.
3271.85022536016  0.
3273.82717413682  0.
3275.80412291347  0.
3277.78107169012  0.
3279.75802046677  0.
3281.73496924343  0.
3283.71191802008  0.
3285.68886679673  0.
3287.66581557339  0.
3289.64276435004  0.
3291.61971312669  0.
3293.59666190334  0.
3295.57361068  0.
3297.55055945665  0.
3299.5275082333  0.
3301.50445700995  0.
3303.48140578661  0.
3305.45835456326  0.
3307.43530333991  0.
3309.41225211656  0.
3311.38920089322  0.
3313.36614966987  0.
3315.34309844652  0.
3317.32004722318  0.
3319.29699599983  0.
3321.27394477648  0.
3323.25089355313  0.
3325.22784232979  0.
3327.20479110644  0.
3329.18173988309  0.
3331.15868865974  0.
3333.1356374364  0.
3335.11258621305  0.
3337.0895349897  0.
3339.06648376636  0.
3341.04343254301  0.
3343.02038131966  0.
3344.99733009631  0.
3346.97427887297  0.
3348.95122764962  0.
3350.92817642627  0.
3352.90512520292  0.
3354.88207397958  0.
3356.85902275623  0.
3358.83597153288  0.
3360.81292030954  0.
3362.78986908619  0.
3364.76681786284  0.
3366.74376663949  0.
3368.72071541615  0.
3370.6976641928  0.
3372.67461296945  0.
3374.6515617461  0.
3376.62851052276  0.
3378.60545929941  0.
3380.58240807606  0.
3382.55935685272  0.
3384.53630562937  0.
3386.51325440602  0.
3388.49020318267  0.
3390.46715195933  0.
3392.44410073598  0.
3394.42104951263  0.
3396.39799828928  0.
3398.37494706594  0.
3400.35189584259  0.
3402.32884461924  0.
3404.3057933959  0.
3406.28274217255  0.
3408.2596909492  0.
3410.23663972585  0.
3412.21358850251  0.
3414.19053727916  0.
3416.16748605581  0.
3418.14443483246  0.
3420.12138360912  0.
3422.09833238577  0.
3424.07528116242  0.
3426.05222993907  0.
3428.02917871573  0.
3430.00612749238  0.
3431.98307626903  0.
3433.96002504569  0.
3435.93697382234  0.
3437.91392259899  0.
3439.89087137564  0.
3441.8678201523  0.
3443.84476892895  0.
3445.8217177056  0.
3447.79866648225  0.
3449.77561525891  0.
3451.75256403556  0.
3453.72951281221  0.
3455.70646158886  0.
3457.68341036552  0.
3459.66035914217  0.
3461.63730791882  0.
3463.61425669548  0.
3465.59120547213  0.
3467.56815424878  0.
3469.54510302543  0.
3471.52205180209  0.
3473.49900057874  0.
3475.47594935539  0.
3477.45289813204  0.
3479.4298469087  0.
3481.40679568535  0.
3483.383744462  0.
3485.36069323866  0.
3487.33764201531  0.
3489.31459079196  0.
3491.29153956861  0.
3493.26848834527  0.
3495.24543712192  0.
3497.22238589857  0.
3499.19933467522  0.
3501.17628345188  0.
3503.15323222853  0.
3505.13018100518  0.
3507.10712978184  0.
3509.08407855849  0.
3511.06102733514  0.
3513.03797611179  0.
3515.01492488845  0.
3516.9918736651  0.
3518.96882244175  0.
3520.9457712184  0.
3522.92271999506  0.
3524.89966877171  0.
3526.87661754836  0.
3528.85356632502  0.
3530.83051510167  0.
3532.80746387832  0.
3534.78441265497  0.
3536.76136143163  0.
3538.73831020828  0.
3540.71525898493  0.
3542.69220776158  0.
3544.66915653824  0.
3546.64610531489  0.
3548.62305409154  0.
3550.6000028682  0.
3552.57695164485  0.
3554.5539004215  0.
3556.53084919815  0.
3558.5077979748  0.
3560.48474675146  0.
3562.46169552811  0.
3564.43864430476  0.
3566.41559308142  0.
3568.39254185807  0.
3570.36949063472  0.
3572.34643941137  0.
3574.32338818803  0.
3576.30033696468  0.
3578.27728574133  0.
3580.25423451798  0.
3582.23118329464  0.
3584.20813207129  0.
3586.18508084794  0.
3588.1620296246  0.
3590.13897840125  0.
3592.1159271779  0.
3594.09287595455  0.
3596.06982473121  0.
3598.04677350786  0.
3600.02372228451  0.
3602.00067106116  0.
3603.97761983782  0.
3605.95456861447  0.
3607.93151739112  0.
3609.90846616777  0.
3611.88541494443  0.
3613.86236372108  0.
3615.83931249773  0.
3617.81626127439  0.
3619.79321005104  0.
3621.77015882769  0.
3623.74710760434  0.
3625.724056381  0.
3627.70100515765  0.
3629.6779539343  0.
3631.65490271096  0.
3633.63185148761  0.
3635.60880026426  0.
3637.58574904091  0.
3639.56269781757  0.
3641.53964659422  0.
3643.51659537087  0.
3645.49354414752  0.
3647.47049292418  0.
3649.44744170083  0.
3651.42439047748  0.
3653.40133925414  0.
3655.37828803079  0.
3657.35523680744  0.
3659.33218558409  0.
3661.30913436075  0.
3663.2860831374  0.
3665.26303191405  0.
3667.2399806907  0.
3669.21692946736  0.
3671.19387824401  0.
3673.17082702066  0.
3675.14777579732  0.
3677.12472457397  0.
3679.10167335062  0.
3681.07862212727  0.
3683.05557090393  0.
3685.03251968058  0.
3687.00946845723  0.
3688.98641723388  0.
3690.96336601054  0.
3692.94031478719  0.
3694.91726356384  0.
3696.89421234049  0.
3698.87116111715  0.
3700.8481098938  0.
3702.82505867045  0.
3704.8020074471  0.
3706.77895622376  0.
3708.75590500041  0.
3710.73285377706  0.
3712.70980255372  0.
3714.68675133037  0.
3716.66370010702  0.
3718.64064888367  0.
3720.61759766033  0.
3722.59454643698  0.
3724.57149521363  0.
3726.54844399028  0.
3728.52539276694  0.
3730.50234154359  -9.213079E-17
3732.47929032024  2.774472E-18
3734.4562390969  3.811770E-17
3736.43318787355  -2.783452E-17
3738.4101366502  -6.085860E-17
3740.38708542685  -2.705819E-18
3742.36403420351  4.102346E-17
3744.34098298016  4.562904E-19
3746.31793175681  -3.488464E-17
3748.29488053346  -5.110869E-17
3750.27182931012  -6.214228E-17
3752.24877808677  -3.029097E-17
3754.22572686342  -6.231762E-17
3756.20267564008  -6.414673E-17
3758.17962441673  4.889379E-17
3760.15657319338  -6.926324E-17
3762.13352197003  -4.089010E-17
3764.11047074669  -3.871349E-17
3766.08741952334  1.914298E-17
3768.06436829999  8.987155E-17
3770.04131707664  3.918489E-17
3772.0182658533  3.026579E-18
3773.99521462995  -1.806786E-17
3775.9721634066  -6.350009E-17
3777.94911218326  7.995834E-18
3779.92606095991  -2.744170E-17
3781.90300973656  -1.140285E-17
3783.87995851321  -3.844686E-17
3785.85690728987  -3.967817E-17
3787.83385606652  -5.372406E-17
3789.81080484317  -4.157154E-17
3791.78775361982  2.681529E-18
3793.76470239648  4.207193E-17
3795.74165117313  4.997341E-17
3797.71859994978  3.690233E-17
3799.69554872643  -2.426880E-17
3801.67249750309  2.452227E-17
3803.64944627974  1.040650E-17
3805.62639505639  -5.404509E-17
3807.60334383305  -2.369426E-17
3809.5802926097  3.761122E-19
3811.55724138635  3.792683E-17
3813.534190163  5.856230E-18
3815.51113893966  8.116365E-18
3817.48808771631  -2.908066E-17
3819.46503649296  -3.570577E-17
3821.44198526961  1.100194E-17
3823.41893404627  1.561204E-17
3825.39588282292  3.034701E-17
3827.37283159957  3.824363E-17
3829.34978037622  3.883742E-17
3831.32672915288  3.943116E-17
3833.30367792953  4.002487E-17
3835.28062670618  -3.198090E-18
3837.25757548284  -5.087555E-17
3839.23452425949  -3.239263E-17
3841.21147303614  -6.282590E-18
3843.18842181279  -4.508230E-17
3845.16537058945  7.246666E-18
3847.1423193661  3.687923E-17
3849.11926814275  -3.097359E-17
3851.09621691941  -2.695573E-17
3853.07316569606  -3.599205E-17
3855.05011447271  -1.634174E-17
3857.02706324936  4.355780E-18
3859.00401202602  6.550812E-17
3860.98096080267  5.725574E-17
3862.95790957932  -1.492230E-17
3864.93485835597  5.563823E-17
3866.91180713263  5.816811E-17
3868.88875590928  9.860103E-17
3870.86570468593  1.111655E-16
3872.84265346258  3.745128E-17
3874.81960223924  7.298409E-17
3876.79655101589  4.182726E-17
3878.77349979254  1.033674E-16
3880.7504485692  8.015489E-17
3882.72739734585  1.473813E-17
3884.7043461225  1.203304E-17
3886.68129489915  3.238612E-17
3888.65824367581  1.137181E-16
3890.63519245246  1.339213E-16
3892.61214122911  1.489013E-16
3894.58909000576  1.808063E-16
3896.56603878242  1.356196E-16
3898.54298755907  1.012653E-16
3900.51993633572  1.761362E-16
3902.49688511238  2.659764E-16
3904.47383388903  2.290079E-16
3906.45078266568  2.384002E-16
3908.42773144233  2.840703E-16
3910.40468021899  2.080736E-16
3912.38162899564  1.756081E-16
3914.35857777229  2.166169E-16
3916.33552654894  2.424941E-16
3918.3124753256  2.310182E-16
3920.28942410225  2.783164E-16
3922.2663728789  2.078067E-16
3924.24332165556  2.033822E-16
3926.22027043221  2.864101E-16
3928.19721920886  3.009322E-16
3930.17416798551  1.946144E-16
3932.15111676217  2.153379E-16
3934.12806553882  2.738863E-16
3936.10501431547  2.244530E-16
3938.08196309212  2.169148E-16
3940.05891186878  2.657150E-16
3942.03586064543  3.079855E-16
3944.01280942208  2.494850E-16
3945.98975819873  2.000383E-16
3947.96670697539  3.175644E-16
3949.94365575204  2.565449E-16
3951.92060452869  2.174286E-16
3953.89755330534  2.420981E-16
3955.874502082  3.531043E-16
3957.85145085865  2.316971E-16
3959.8283996353  2.258048E-16
3961.80534841196  2.806797E-16
3963.78229718861  2.434216E-16
3965.75924596526  2.671581E-16
3967.73619474191  3.168855E-16
3969.71314351857  3.081857E-16
3971.69009229522  2.587797E-16
3973.66704107187  3.071813E-16
3975.64398984853  3.536168E-16
3977.62093862518  3.336680E-16
3979.59788740183  3.001471E-16
3981.57483617848  3.169540E-16
3983.55178495513  3.676073E-16
3985.52873373179  3.077143E-16
3987.50568250844  2.716633E-16
3989.48263128509  3.481819E-16
3991.45958006175  3.445349E-16
3993.4365288384  2.964986E-16
3995.41347761505  3.016534E-16
3997.3904263917  3.879973E-16
3999.36737516836  3.591324E-16
4001.34432394501  2.637839E-16
4003.32127272166  2.439487E-16
4005.29822149832  2.390347E-16
4007.27517027497  3.095460E-16
4009.25211905162  4.176797E-16
4011.22906782827  3.129740E-16
4013.20601660493  2.958753E-16
4015.18296538158  3.420578E-16
4017.15991415823  3.296740E-16
4019.13686293488  3.344017E-16
4021.11381171154  3.194231E-16
4023.09076048819  3.578243E-16
4025.06770926484  3.945652E-16
4027.0446580415  3.900656E-16
4029.02160681815  3.586383E-16
4030.9985555948  3.400477E-16
4032.97550437145  2.956635E-16
4034.95245314811  3.052677E-16
4036.92940192476  2.947382E-16
4038.90635070141  2.593896E-16
4040.88329947806  2.708585E-16
4042.86024825472  2.924410E-16
4044.83719703137  3.258175E-16
4046.81414580802  2.878066E-16
4048.79109458468  2.734416E-16
4050.76804336133  2.382945E-16
4052.74499213798  2.171681E-16
4054.72194091463  2.665825E-16
4056.69888969129  2.643042E-16
4058.67583846794  2.867854E-16
4060.65278724459  2.486481E-16
4062.62973602124  2.116038E-16
4064.6066847979  2.279737E-16
4066.58363357455  3.010734E-16
4068.5605823512  3.326575E-16
4070.53753112785  2.738775E-16
4072.51447990451  2.196738E-16
4074.49142868116  2.612218E-16
4076.46837745781  2.616618E-16
4078.44532623447  2.356595E-16
4080.42227501112  1.827658E-16
4082.39922378777  2.056834E-16
4084.37617256442  2.469349E-16
4086.35312134108  2.604418E-16
4088.33007011773  2.576124E-16
4090.30701889438  2.286993E-16
4092.28396767103  2.431569E-16
4094.26091644769  1.852850E-16
4096.23786522434  1.907522E-16
4098.21481400099  2.361004E-16
4100.19176277765  1.884750E-16
4102.1687115543  1.976917E-16
4104.14566033095  2.589566E-16
4106.1226091076  2.328194E-16
4108.09955788426  2.262846E-16
4110.07650666091  2.016156E-16
4112.05345543756  2.076159E-16
4114.03040421421  1.964222E-16
4116.00735299087  1.928344E-16
4117.98430176752  2.371471E-16
4119.96125054417  2.271535E-16
4121.93819932083  1.903914E-16
4123.91514809748  1.934073E-16
4125.89209687413  2.325629E-16
4127.86904565078  2.785242E-16
4129.84599442744  2.868781E-16
4131.82294320409  2.332712E-16
4133.79989198074  1.944244E-16
4135.77684075739  1.635694E-16
4137.75378953405  1.702331E-16
4139.7307383107  1.563175E-16
4141.70768708735  1.672400E-16
4143.684635864  1.478348E-16
4145.66158464066  1.557947E-16
4147.63853341731  1.931581E-16
4149.61548219396  1.864774E-16
4151.59243097062  2.110737E-16
4153.56937974727  1.883485E-16
4155.54632852392  1.494946E-16
4157.52327730057  1.754207E-16
4159.50022607723  2.339004E-16
4161.47717485388  1.665327E-16
4163.45412363053  1.899615E-16
4165.43107240718  2.082937E-16
4167.40802118384  2.262543E-16
4169.38496996049  2.165414E-16
4171.36191873714  2.799635E-16
4173.33886751379  2.311852E-16
4175.31581629045  1.498624E-16
4177.2927650671  2.190200E-16
4179.26971384375  2.322739E-16
4181.2466626204  2.258701E-16
4183.22361139706  1.628603E-16
4185.20056017371  1.490718E-16
4187.17750895036  1.664608E-16
4189.15445772702  1.887624E-16
4191.13140650367  1.377892E-16
4193.10835528032  1.843797E-16
4195.08530405697  2.480945E-16
4197.06225283363  1.899645E-16
4199.03920161028  1.928154E-16
4201.01615038693  2.267138E-16
4202.99309916359  1.862062E-16
4204.97004794024  1.983418E-16
4206.94699671689  2.440756E-16
4208.92394549354  2.194222E-16
4210.9008942702  1.794582E-16
4212.87784304685  2.033608E-16
4214.8547918235  2.117304E-16
4216.83174060015  2.337276E-16
4218.80868937681  1.319763E-16
4220.78563815346  1.414320E-16
4222.76258693011  1.799749E-16
4224.73953570677  1.880535E-16
4226.71648448342  1.785233E-16
4228.69343326007  2.058768E-16
4230.67038203672  2.404290E-16
4232.64733081338  1.751993E-16
4234.62427959003  1.656300E-16
4236.60122836668  2.209210E-16
4238.57817714333  2.013660E-16
4240.55512591999  1.669515E-16
4242.53207469664  2.075662E-16
4244.50902347329  2.554066E-16
4246.48597224994  2.365387E-16
4248.4629210266  2.207732E-16
4250.43986980325  2.437982E-16
4252.4168185799  2.430710E-16
4254.39376735656  1.957178E-16
4256.37071613321  1.943684E-16
4258.34766490986  2.297311E-16
4260.32461368651  1.899011E-16
4262.30156246317  2.106305E-16
4264.27851123982  2.641333E-16
4266.25546001647  2.357584E-16
4268.23240879313  2.234388E-16
4270.20935756978  2.657984E-16
4272.18630634643  2.887102E-16
4274.16325512308  1.947565E-16
4276.14020389974  2.033174E-16
4278.11715267639  3.015673E-16
4280.09410145304  2.887292E-16
4282.07105022969  2.672252E-16
4284.04799900634  2.669135E-16
4286.024947783  2.314135E-16
4288.00189655965  2.962966E-16
4289.9788453363  3.422939E-16
4291.95579411296  2.175131E-16
4293.93274288961  2.266583E-16
4295.90969166626  2.497949E-16
4297.88664044292  2.123786E-16
4299.86358921957  2.329826E-16
4301.84053799622  2.412957E-16
4303.81748677287  2.223131E-16
4305.79443554952  2.218029E-16
4307.77138432618  2.226984E-16
4309.74833310283  2.370458E-16
4311.72528187948  2.145700E-16
4313.70223065614  2.197235E-16
4315.67917943279  1.967865E-16
4317.65612820944  1.642811E-16
4319.6330769861  2.049407E-16
4321.61002576275  2.425218E-16
4323.5869745394  2.590668E-16
4325.56392331605  2.528929E-16
4327.54087209271  2.186453E-16
4329.51782086936  2.144016E-16
4331.49476964601  2.106001E-16
4333.47171842266  1.718038E-16
4335.44866719932  1.948048E-16
4337.42561597597  1.972681E-16
4339.40256475262  2.773158E-16
4341.37951352927  2.593950E-16
4343.35646230593  2.389618E-16
4345.33341108258  2.620040E-16
4347.31035985923  2.919337E-16
4349.28730863589  3.236563E-16
4351.26425741254  2.806637E-16
4353.24120618919  2.202415E-16
4355.21815496584  2.627161E-16
4357.1951037425  2.069404E-16
4359.17205251915  2.169822E-16
4361.1490012958  1.840085E-16
4363.12595007245  2.408707E-16
4365.10289884911  2.684861E-16
4367.07984762576  1.877112E-16
4369.05679640241  1.963844E-16
4371.03374517906  2.437997E-16
4373.01069395572  2.057544E-16
4374.98764273237  1.873483E-16
4376.96459150902  1.725803E-16
4378.94154028568  1.632472E-16
4380.91848906233  1.417221E-16
4382.89543783898  2.011089E-16
4384.87238661563  2.490839E-16
4386.84933539229  2.258402E-16
4388.82628416894  2.066098E-16
4390.80323294559  2.260522E-16
4392.78018172224  2.069259E-16
4394.7571304989  1.841162E-16
4396.73407927555  2.376699E-16
4398.7110280522  2.447993E-16
4400.68797682886  1.874240E-16
4402.66492560551  2.131930E-16
4404.64187438216  2.532965E-16
4406.61882315881  2.765748E-16
4408.59577193547  2.300212E-16
4410.57272071212  2.211600E-16
4412.54966948877  2.118896E-16
4414.52661826542  2.306339E-16
4416.50356704208  2.301146E-16
4418.48051581873  1.649923E-16
4420.45746459538  2.218592E-16
4422.43441337203  1.171609E-16
4424.41136214869  1.911765E-16
4426.38831092534  2.157195E-16
4428.36525970199  2.044292E-16
4430.34220847865  2.209654E-16
4432.3191572553  2.309823E-16
4434.29610603195  1.810003E-16
4436.2730548086  1.477198E-16
4438.25000358526  1.727207E-16
4440.22695236191  1.595450E-16
4442.20390113856  1.672959E-16
4444.18084991521  2.192573E-16
4446.15779869187  1.673380E-16
4448.13474746852  2.326995E-16
4450.11169624517  2.302103E-16
4452.08864502183  1.771504E-16
4454.06559379848  1.914375E-16
4456.04254257513  2.038208E-16
4458.01949135178  2.172299E-16
4459.99644012844  2.350905E-16
4461.97338890509  1.686841E-16
4463.95033768174  2.220305E-16
4465.92728645839  2.912342E-16
4467.90423523505  2.509869E-16
4469.8811840117  2.003580E-16
4471.85813278835  2.027519E-16
4473.83508156501  2.294412E-16
4475.81203034166  1.811323E-16
4477.78897911831  1.615177E-16
4479.76592789496  2.327477E-16
4481.74287667162  2.292270E-16
4483.71982544827  2.335936E-16
4485.69677422492  1.559491E-16
4487.67372300157  2.486191E-16
4489.65067177823  2.214387E-16
4491.62762055488  2.489139E-16
4493.60456933153  2.516626E-16
4495.58151810819  2.410351E-16
4497.55846688484  2.763180E-16
4499.53541566149  2.614010E-16
4501.51236443814  2.683977E-16
4503.4893132148  2.813024E-16
4505.46626199145  2.569694E-16
4507.4432107681  2.663706E-16
4509.42015954475  2.610480E-16
4511.39710832141  3.229285E-16
4513.37405709806  3.463510E-16
4515.35100587471  3.420461E-16
4517.32795465137  3.005004E-16
4519.30490342802  2.530227E-16
4521.28185220467  3.547546E-16
4523.25880098132  3.749915E-16
4525.23574975798  3.401944E-16
4527.21269853463  3.763161E-16
4529.18964731128  3.476595E-16
4531.16659608793  3.787269E-16
4533.14354486459  3.878449E-16
4535.12049364124  3.926444E-16
4537.09744241789  4.044452E-16
4539.07439119454  3.510547E-16
4541.0513399712  3.548462E-16
4543.02828874785  3.874830E-16
4545.0052375245  4.426574E-16
4546.98218630116  3.884873E-16
4548.95913507781  3.909330E-16
4550.93608385446  4.097370E-16
4552.91303263111  4.375851E-16
4554.88998140777  4.696887E-16
4556.86693018442  4.840705E-16
4558.84387896107  4.948409E-16
4560.82082773772  4.440156E-16
4562.79777651438  3.847686E-16
4564.77472529103  4.424316E-16
4566.75167406768  4.860744E-16
4568.72862284433  4.586857E-16
4570.70557162099  5.222632E-16
4572.68252039764  5.281094E-16
4574.65946917429  4.847478E-16
4576.63641795095  5.166917E-16
4578.6133667276  5.043287E-16
4580.59031550425  5.206934E-16
4582.5672642809  4.948471E-16
4584.54421305756  4.816468E-16
4586.52116183421  5.192579E-16
4588.49811061086  5.463799E-16
4590.47505938752  5.507645E-16
4592.45200816417  5.531663E-16
4594.42895694082  5.432034E-16
4596.40590571747  5.372279E-16
4598.38285449413  5.737160E-16
4600.35980327078  5.970317E-16
4602.33675204743  5.581182E-16
4604.31370082408  5.573418E-16
4606.29064960074  5.577399E-16
4608.26759837739  5.688003E-16
4610.24454715404  5.722576E-16
4612.2214959307  5.596706E-16
4614.19844470735  5.881582E-16
4616.175393484  6.324027E-16
4618.15234226065  5.995273E-16
4620.12929103731  5.471798E-16
4622.10623981396  5.859047E-16
4624.08318859061  5.833013E-16
4626.06013736726  5.538803E-16
4628.03708614392  5.741702E-16
4630.01403492057  6.088036E-16
4631.99098369722  6.062613E-16
4633.96793247387  6.083710E-16
4635.94488125053  6.312950E-16
4637.92183002718  5.938664E-16
4639.89877880383  6.298993E-16
4641.87572758049  5.812918E-16
4643.85267635714  5.988462E-16
4645.82962513379  6.275034E-16
4647.80657391044  5.859657E-16
4649.7835226871  5.694825E-16
4651.76047146375  5.966257E-16
4653.7374202404  6.164772E-16
4655.71436901705  5.979040E-16
4657.69131779371  5.604041E-16
4659.66826657036  5.674622E-16
4661.64521534701  5.318578E-16
4663.62216412366  5.482781E-16
4665.59911290032  5.956147E-16
4667.57606167697  5.841114E-16
4669.55301045362  5.689319E-16
4671.52995923027  5.594772E-16
4673.50690800693  5.803794E-16
4675.48385678358  5.906376E-16
4677.46080556023  5.400181E-16
4679.43775433689  5.670059E-16
4681.41470311354  5.772564E-16
4683.39165189019  5.805021E-16
4685.36860066684  5.907062E-16
4687.3455494435  5.410319E-16
4689.32249822015  5.653149E-16
4691.2994469968  5.750656E-16
4693.27639577345  5.964144E-16
4695.25334455011  6.463657E-16
4697.23029332676  6.589485E-16
4699.20724210341  5.996214E-16
4701.18419088007  5.746309E-16
4703.16113965672  5.813255E-16
4705.13808843337  5.560084E-16
4707.11503721002  5.859790E-16
4709.09198598668  5.450985E-16
4711.06893476333  5.418596E-16
4713.04588353998  5.146871E-16
4715.02283231663  4.956324E-16
4716.99978109329  5.300227E-16
4718.97672986994  5.107897E-16
4720.95367864659  4.787359E-16
4722.93062742325  5.536481E-16
4724.9075761999  5.557227E-16
4726.88452497655  5.294456E-16
4728.8614737532  4.773815E-16
4730.83842252986  4.767962E-16
4732.81537130651  4.975607E-16
4734.79232008316  4.798029E-16
4736.76926885982  4.650764E-16
4738.74621763647  4.577996E-16
4740.72316641312  4.199036E-16
4742.70011518977  4.558511E-16
4744.67706396643  5.061036E-16
4746.65401274308  4.503951E-16
4748.63096151973  4.161138E-16
4750.60791029638  4.234318E-16
4752.58485907304  4.239387E-16
4754.56180784969  4.200506E-16
4756.53875662634  4.193773E-16
4758.51570540299  4.291231E-16
4760.49265417965  4.413422E-16
4762.4696029563  4.204130E-16
4764.44655173295  4.181626E-16
4766.42350050961  4.087074E-16
4768.40044928626  3.812706E-16
4770.37739806291  3.747700E-16
4772.35434683956  3.873284E-16
4774.33129561622  3.867181E-16
4776.30824439287  3.861888E-16
4778.28519316952  3.779436E-16
4780.26214194617  3.298548E-16
4782.23909072283  3.634088E-16
4784.21603949948  3.726914E-16
4786.19298827613  3.664715E-16
4788.16993705278  3.559481E-16
4790.14688582944  3.132975E-16
4792.12383460609  3.457469E-16
4794.10078338274  3.196112E-16
4796.0777321594  3.455551E-16
4798.05468093605  3.661665E-16
4800.0316297127  3.648259E-16
4802.00857848935  3.056098E-16
4803.98552726601  2.806252E-16
4805.96247604266  3.163914E-16
4807.93942481931  2.830184E-16
4809.91637359596  2.882634E-16
4811.89332237262  3.314913E-16
4813.87027114927  3.443950E-16
4815.84721992592  2.993930E-16
4817.82416870258  3.113407E-16
4819.80111747923  3.112679E-16
4821.77806625588  2.678170E-16
4823.75501503253  2.976411E-16
4825.73196380919  2.987973E-16
4827.70891258584  2.494409E-16
4829.68586136249  2.963982E-16
4831.66281013914  3.053664E-16
4833.6397589158  3.080385E-16
4835.61670769245  3.091956E-16
4837.5936564691  3.213682E-16
4839.57060524576  3.565505E-16
4841.54755402241  3.216675E-16
4843.52450279906  3.163383E-16
4845.50145157571  3.477988E-16
4847.47840035237  3.676010E-16
4849.45534912902  3.864540E-16
4851.43229790567  3.987498E-16
4853.40924668232  3.726082E-16
4855.38619545898  3.791228E-16
4857.36314423563  4.316118E-16
4859.34009301228  3.585670E-16
4861.31704178893  3.771082E-16
4863.29399056559  3.547945E-16
4865.27093934224  3.335274E-16
4867.24788811889  3.411076E-16
4869.22483689555  3.582628E-16
4871.2017856722  3.283367E-16
4873.17873444885  2.775113E-16
4875.1556832255  3.610859E-16
4877.13263200216  3.321772E-16
4879.10958077881  3.756520E-16
4881.08652955546  4.197139E-16
4883.06347833211  3.517550E-16
4885.04042710877  3.006639E-16
4887.01737588542  3.330296E-16
4888.99432466207  3.183390E-16
4890.97127343872  2.690839E-16
4892.94822221538  2.822625E-16
4894.92517099203  2.661628E-16
4896.90211976868  2.871805E-16
4898.87906854534  3.146734E-16
4900.85601732199  3.101356E-16
4902.83296609864  2.821380E-16
4904.80991487529  2.367091E-16
4906.78686365195  2.475422E-16
4908.7638124286  3.320969E-16
4910.74076120525  3.421028E-16
4912.7177099819  3.372214E-16
4914.69465875856  3.363103E-16
4916.67160753521  3.308062E-16
4918.64855631186  3.632632E-16
4920.62550508852  3.854316E-16
4922.60245386517  3.221833E-16
4924.57940264182  3.549094E-16
4926.55635141847  3.722968E-16
4928.53330019513  3.639475E-16
4930.51024897178  3.846679E-16
4932.48719774843  3.987127E-16
4934.46414652509  4.094095E-16
4936.44109530174  4.518815E-16
4938.41804407839  4.529844E-16
4940.39499285504  4.678392E-16
4942.3719416317  4.796917E-16
4944.34889040835  4.912294E-16
4946.325839185  4.956645E-16
4948.30278796165  5.169565E-16
4950.27973673831  5.444485E-16
4952.25668551496  5.405515E-16
4954.23363429161  5.490427E-16
4956.21058306826  5.470986E-16
4958.18753184492  5.830516E-16
4960.16448062157  6.106666E-16
4962.14142939822  6.183035E-16
4964.11837817488  6.086789E-16
4966.09532695153  5.955134E-16
4968.07227572818  6.186472E-16
4970.04922450483  6.448853E-16
4972.02617328149  6.397894E-16
4974.00312205814  6.803920E-16
4975.98007083479  6.567290E-16
4977.95701961144  5.939260E-16
4979.9339683881  6.002017E-16
4981.91091716475  6.248000E-16
4983.8878659414  5.957058E-16
4985.86481471805  6.108296E-16
4987.84176349471  6.624508E-16
4989.81871227136  6.479975E-16
4991.79566104801  6.194572E-16
4993.77260982467  6.230583E-16
4995.74955860132  6.156747E-16
4997.72650737797  6.157716E-16
4999.70345615462  6.481528E-16
5001.68040493128  5.793839E-16
5003.65735370793  5.917624E-16
5005.63430248458  5.621792E-16
5007.61125126123  5.054957E-16
5009.58820003789  5.302511E-16
5011.56514881454  5.978571E-16
5013.54209759119  5.926030E-16
5015.51904636785  5.370755E-16
5017.4959951445  5.667927E-16
5019.47294392115  5.410457E-16
5021.4498926978  4.952054E-16
5023.42684147446  4.838183E-16
5025.40379025111  4.692871E-16
5027.38073902776  4.421043E-16
5029.35768780441  4.288888E-16
5031.33463658107  4.044827E-16
5033.31158535772  4.209352E-16
5035.28853413437  4.056713E-16
5037.26548291103  3.853228E-16
5039.24243168768  3.866620E-16
5041.21938046433  4.146108E-16
5043.19632924098  4.179279E-16
5045.17327801764  3.461607E-16
5047.15022679429  3.536342E-16
5049.12717557094  3.612825E-16
5051.10412434759  3.703425E-16
5053.08107312425  3.649965E-16
5055.0580219009  3.895530E-16
5057.03497067755  4.068980E-16
5059.01191945421  3.593390E-16
5060.98886823086  3.718893E-16
5062.96581700751  3.261058E-16
5064.94276578416  3.519863E-16
5066.91971456082  3.362417E-16
5068.89666333747  3.269499E-16
5070.87361211412  3.988821E-16
5072.85056089077  4.318936E-16
5074.82750966743  3.658125E-16
5076.80445844408  3.150265E-16
5078.78140722073  3.121891E-16
5080.75835599739  3.663417E-16
5082.73530477404  4.073926E-16
5084.71225355069  4.191088E-16
5086.68920232734  4.011475E-16
5088.666151104  3.592111E-16
5090.64309988065  3.669818E-16
5092.6200486573  3.634752E-16
5094.59699743395  3.765426E-16
5096.57394621061  3.681452E-16
5098.55089498726  3.822964E-16
5100.52784376391  4.251743E-16
5102.50479254056  4.275474E-16
5104.48174131722  4.025632E-16
5106.45869009387  4.064433E-16
5108.43563887052  4.524235E-16
5110.41258764717  4.765935E-16
5112.38953642383  4.757997E-16
5114.36648520048  4.413133E-16
5116.34343397713  3.941828E-16
5118.32038275379  3.925048E-16
5120.29733153044  4.059547E-16
5122.27428030709  4.174512E-16
5124.25122908374  4.123158E-16
5126.2281778604  4.462651E-16
5128.20512663705  4.654429E-16
5130.1820754137  4.473242E-16
5132.15902419035  4.341592E-16
5134.13597296701  3.963574E-16
5136.11292174366  3.775503E-16
5138.08987052031  4.097708E-16
5140.06681929696  4.166541E-16
5142.04376807362  4.145215E-16
5144.02071685027  4.042855E-16
5145.99766562692  3.993868E-16
5147.97461440358  4.517554E-16
5149.95156318023  4.544202E-16
5151.92851195688  3.974772E-16
5153.90546073353  4.395731E-16
5155.88240951019  4.762947E-16
5157.85935828684  4.543148E-16
5159.83630706349  4.335620E-16
5161.81325584015  4.224588E-16
5163.7902046168  4.294243E-16
5165.76715339345  4.201576E-16
5167.7441021701  4.174852E-16
5169.72105094676  4.048977E-16
5171.69799972341  3.993566E-16
5173.67494850006  3.938196E-16
5175.65189727671  3.939770E-16
5177.62884605337  4.379007E-16
5179.60579483002  4.187433E-16
5181.58274360667  4.455249E-16
5183.55969238333  4.493152E-16
5185.53664115998  4.098752E-16
5187.51358993663  3.967871E-16
5189.49053871328  4.045158E-16
5191.46748748994  3.928801E-16
5193.44443626659  4.154248E-16
5195.42138504324  4.069204E-16
5197.39833381989  4.168794E-16
5199.37528259655  4.322013E-16
5201.3522313732  4.398000E-16
5203.32918014985  4.278256E-16
5205.30612892651  3.834057E-16
5207.28307770316  3.904232E-16
5209.26002647981  4.372737E-16
5211.23697525646  4.253081E-16
5213.21392403311  3.710346E-16
5215.19087280977  3.786886E-16
5217.16782158642  4.347712E-16
5219.14477036307  4.585922E-16
5221.12171913973  4.683903E-16
5223.09866791638  4.072565E-16
5225.07561669303  4.089590E-16
5227.05256546968  4.441627E-16
5229.02951424634  4.367433E-16
5231.00646302299  4.601959E-16
5232.98341179964  5.257737E-16
5234.96036057629  4.963319E-16
5236.93730935295  5.163547E-16
5238.9142581296  4.683683E-16
5240.89120690625  5.167414E-16
5242.86815568291  5.211086E-16
5244.84510445956  4.828474E-16
5246.82205323621  5.456599E-16
5248.79900201286  5.089325E-16
5250.77595078952  5.168056E-16
5252.75289956617  5.040329E-16
5254.72984834282  5.465281E-16
5256.70679711948  5.841612E-16
5258.68374589613  5.684299E-16
5260.66069467278  5.750665E-16
5262.63764344943  5.969593E-16
5264.61459222609  5.867363E-16
5266.59154100274  5.926256E-16
5268.56848977939  5.941319E-16
5270.54543855604  5.709125E-16
5272.5223873327  5.331939E-16
5274.49933610935  5.496454E-16
5276.476284886  5.573557E-16
5278.45323366265  5.965019E-16
5280.43018243931  5.672940E-16
5282.40713121596  5.969064E-16
5284.38407999261  6.320160E-16
5286.36102876927  6.053014E-16
5288.33797754592  5.890207E-16
5290.31492632257  6.073313E-16
5292.29187509922  6.225592E-16
5294.26882387588  6.097498E-16
5296.24577265253  6.024268E-16
5298.22272142918  6.387733E-16
5300.19967020583  6.732783E-16
5302.17661898249  6.554023E-16
5304.15356775914  6.302764E-16
5306.13051653579  6.355341E-16
5308.10746531244  6.375937E-16
5310.0844140891  6.392560E-16
5312.06136286575  6.551962E-16
5314.0383116424  6.800147E-16
5316.01526041906  6.891688E-16
5317.99220919571  6.644654E-16
5319.96915797236  6.275264E-16
5321.94610674901  6.255075E-16
5323.92305552567  6.743113E-16
5325.90000430232  6.722121E-16
5327.87695307897  6.016893E-16
5329.85390185562  6.094445E-16
5331.83085063228  7.151604E-16
5333.80779940893  6.808257E-16
5335.78474818558  6.270910E-16
5337.76169696224  6.474801E-16
5339.73864573889  6.922850E-16
5341.71559451554  6.822546E-16
5343.69254329219  6.266313E-16
5345.66949206885  6.092030E-16
5347.6464408455  6.516254E-16
5349.62338962215  6.534705E-16
5351.60033839881  6.671899E-16
5353.57728717546  6.988600E-16
5355.55423595211  7.246377E-16
5357.53118472876  7.343416E-16
5359.50813350542  6.986744E-16
5361.48508228207  6.654021E-16
5363.46203105872  6.477116E-16
5365.43897983537  6.398076E-16
5367.41592861203  6.518803E-16
5369.39287738868  6.726021E-16
5371.36982616533  6.712945E-16
5373.34677494198  6.607373E-16
5375.32372371864  6.836995E-16
5377.30067249529  6.932145E-16
5379.27762127194  6.746242E-16
5381.2545700486  6.672863E-16
5383.23151882525  6.672799E-16
5385.2084676019  6.631811E-16
5387.18541637855  6.884998E-16
5389.16236515521  6.525350E-16
5391.13931393186  6.526042E-16
5393.11626270851  6.626216E-16
5395.09321148516  6.503224E-16
5397.07016026182  6.408320E-16
5399.04710903847  6.640175E-16
5401.02405781512  7.164285E-16
5403.00100659178  6.641953E-16
5404.97795536843  6.384257E-16
5406.95490414508  6.354313E-16
5408.93185292173  6.249484E-16
5410.90880169839  6.280784E-16
5412.88575047504  6.418619E-16
5414.86269925169  6.658847E-16
5416.83964802834  6.242059E-16
5418.816596805  6.023866E-16
5420.79354558165  6.227134E-16
5422.7704943583  6.190807E-16
5424.74744313495  6.140180E-16
5426.72439191161  6.525938E-16
5428.70134068826  6.062361E-16
5430.67828946491  5.990390E-16
5432.65523824157  5.820937E-16
5434.63218701822  5.629312E-16
5436.60913579487  5.644394E-16
5438.58608457152  5.762638E-16
5440.56303334818  6.044248E-16
5442.53998212483  5.586968E-16
5444.51693090148  6.079096E-16
5446.49387967813  6.161752E-16
5448.47082845479  5.889067E-16
5450.44777723144  6.011449E-16
5452.42472600809  5.956674E-16
5454.40167478474  5.949331E-16
5456.3786235614  6.097378E-16
5458.35557233805  6.378103E-16
5460.3325211147  6.255728E-16
5462.30946989136  6.231988E-16
5464.28641866801  6.745265E-16
5466.26336744466  6.316043E-16
5468.24031622131  5.966036E-16
5470.21726499797  6.290286E-16
5472.19421377462  6.277144E-16
5474.17116255127  6.726149E-16
5476.14811132793  7.014053E-16
5478.12506010458  6.588501E-16
5480.10200888123  7.037703E-16
5482.07895765788  6.563914E-16
5484.05590643454  6.349903E-16
5486.03285521119  6.317684E-16
5488.00980398784  6.847063E-16
5489.98675276449  7.506734E-16
5491.96370154115  7.282097E-16
5493.9406503178  7.130849E-16
5495.91759909445  7.208762E-16
5497.8945478711  7.072581E-16
5499.87149664776  7.062119E-16
5501.84844542441  7.140977E-16
5503.82539420106  7.330405E-16
5505.80234297772  7.571815E-16
5507.77929175437  6.859828E-16
5509.75624053102  7.159078E-16
5511.73318930767  7.007247E-16
5513.71013808433  7.180451E-16
5515.68708686098  7.932254E-16
5517.66403563763  7.845882E-16
5519.64098441429  7.217277E-16
5521.61793319094  6.882585E-16
5523.59488196759  7.520890E-16
5525.57183074424  7.329736E-16
5527.54877952089  6.809836E-16
5529.52572829755  6.849439E-16
5531.5026770742  6.696190E-16
5533.47962585085  6.939548E-16
5535.45657462751  6.849503E-16
5537.43352340416  6.697550E-16
5539.41047218081  6.916589E-16
5541.38742095747  6.874694E-16
5543.36436973412  6.537144E-16
5545.34131851077  6.838540E-16
5547.31826728742  6.710507E-16
5549.29521606407  6.734712E-16
5551.27216484073  6.798030E-16
5553.24911361738  6.691864E-16
5555.22606239403  6.536104E-16
5557.20301117069  6.400248E-16
5559.17995994734  6.218915E-16
5561.15690872399  6.510304E-16
5563.13385750064  6.452881E-16
5565.1108062773  6.136835E-16
5567.08775505395  6.046848E-16
5569.0647038306  6.087581E-16
5571.04165260725  6.082189E-16
5573.01860138391  6.265250E-16
5574.99555016056  6.343701E-16
5576.97249893721  6.128839E-16
5578.94944771387  6.030450E-16
5580.92639649052  6.229659E-16
5582.90334526717  6.297594E-16
5584.88029404382  6.164528E-16
5586.85724282048  6.378402E-16
5588.83419159713  6.263526E-16
5590.81114037378  6.181183E-16
5592.78808915043  6.186985E-16
5594.76503792709  6.228515E-16
5596.74198670374  6.168501E-16
5598.71893548039  6.120771E-16
5600.69588425705  6.128518E-16
5602.6728330337  6.143545E-16
5604.64978181035  6.201857E-16
5606.626730587  6.238799E-16
5608.60367936366  6.116117E-16
5610.58062814031  6.075013E-16
5612.55757691696  6.152662E-16
5614.53452569361  6.168300E-16
5616.51147447027  6.200499E-16
5618.48842324692  6.273343E-16
5620.46537202357  6.344680E-16
5622.44232080023  6.381617E-16
5624.41926957688  6.360650E-16
5626.39621835353  6.277558E-16
5628.37316713018  6.176514E-16
5630.35011590684  6.097260E-16
5632.32706468349  6.062643E-16
5634.30401346014  6.112649E-16
5636.28096223679  6.222147E-16
5638.25791101345  6.308426E-16
5640.2348597901  6.232170E-16
5642.21180856675  6.025096E-16
5644.1887573434  5.876534E-16
5646.16570612006  5.783257E-16
5648.14265489671  5.724001E-16
5650.11960367336  5.670476E-16
5652.09655245002  5.674895E-16
5654.07350122667  5.680243E-16
5656.05045000332  5.539392E-16
5658.02739877997  5.418159E-16
5660.00434755663  5.342262E-16
5661.98129633328  5.187675E-16
5663.95824510993  5.021579E-16
5665.93519388658  4.890470E-16
5667.91214266324  4.803974E-16
5669.88909143989  4.716818E-16
5671.86604021654  4.612301E-16
5673.84298899319  4.509710E-16
5675.81993776985  4.390094E-16
5677.7968865465  4.265592E-16
5679.77383532315  4.173058E-16
5681.75078409981  4.062389E-16
5683.72773287646  3.912533E-16
5685.70468165311  3.741121E-16
5687.68163042976  3.592042E-16
5689.65857920642  3.483537E-16
5691.63552798307  3.402777E-16
5693.61247675972  3.281766E-16
5695.58942553637  3.147821E-16
5697.56637431303  3.112642E-16
5699.54332308968  3.132196E-16
5701.52027186633  3.150695E-16
5703.49722064299  3.119526E-16
5705.47416941964  3.059575E-16
5707.45111819629  2.958623E-16
5709.42806697294  2.777474E-16
5711.4050157496  2.647453E-16
5713.38196452625  2.632730E-16
5715.3589133029  2.707487E-16
5717.33586207955  2.758945E-16
5719.31281085621  2.764140E-16
5721.28975963286  2.797782E-16
5723.26670840951  2.826379E-16
5725.24365718616  2.844828E-16
5727.22060596282  2.875928E-16
5729.19755473947  2.954134E-16
5731.17450351612  3.026796E-16
5733.15145229278  2.975466E-16
5735.12840106943  2.953660E-16
5737.10534984608  3.007679E-16
5739.08229862273  3.058761E-16
5741.05924739939  3.116740E-16
5743.03619617604  3.185296E-16
5745.01314495269  3.262958E-16
5746.99009372934  3.344068E-16
5748.967042506  3.459143E-16
5750.94399128265  3.660418E-16
5752.9209400593  3.754554E-16
5754.89788883596  3.721146E-16
5756.87483761261  3.721208E-16
5758.85178638926  3.864768E-16
5760.82873516591  4.099091E-16
5762.80568394257  4.229392E-16
5764.78263271922  4.327351E-16
5766.75958149587  4.419207E-16
5768.73653027253  4.473129E-16
5770.71347904918  4.582938E-16
5772.69042782583  4.747721E-16
5774.66737660248  4.874355E-16
5776.64432537914  5.008696E-16
5778.62127415579  5.159980E-16
5780.59822293244  5.296488E-16
5782.57517170909  5.411263E-16
5784.55212048575  5.523376E-16
5786.5290692624  5.669999E-16
5788.50601803905  5.777172E-16
5790.48296681571  5.840522E-16
5792.45991559236  5.927339E-16
5794.43686436901  6.013891E-16
5796.41381314566  6.085904E-16
5798.39076192232  6.146748E-16
5800.36771069897  6.288406E-16
5802.34465947562  6.519597E-16
5804.32160825227  6.757879E-16
5806.29855702893  6.831617E-16
5808.27550580558  6.739474E-16
5810.25245458223  6.651846E-16
5812.22940335888  6.679408E-16
5814.20635213554  6.821665E-16
5816.18330091219  6.970469E-16
5818.16024968884  7.021944E-16
5820.13719846549  6.998037E-16
5822.11414724215  7.035718E-16
5824.0910960188  7.160182E-16
5826.06804479545  7.320597E-16
5828.04499357211  7.410721E-16
5830.02194234876  7.477475E-16
5831.99889112541  7.543985E-16
5833.97583990206  7.598194E-16
5835.95278867872  7.618883E-16
5837.92973745537  7.629504E-16
5839.90668623202  7.691178E-16
5841.88363500867  7.687918E-16
5843.86058378533  7.637688E-16
5845.83753256198  7.685234E-16
5847.81448133863  7.833980E-16
5849.79143011529  7.992305E-16
5851.76837889194  8.008643E-16
5853.74532766859  7.904509E-16
5855.72227644524  7.769301E-16
5857.6992252219  7.724378E-16
5859.67617399855  7.799244E-16
5861.6531227752  7.931580E-16
5863.63007155186  7.993116E-16
5865.60702032851  7.958658E-16
5867.58396910516  7.857128E-16
5869.56091788181  7.757932E-16
5871.53786665847  7.653031E-16
5873.51481543512  7.566173E-16
5875.49176421177  7.543780E-16
5877.46871298842  7.560197E-16
5879.44566176508  7.527256E-16
5881.42261054173  7.325146E-16
5883.39955931838  6.974958E-16
5885.37650809503  6.546059E-16
5887.35345687169  6.139736E-16
5889.33040564834  5.906352E-16
5891.30735442499  5.921081E-16
5893.28430320164  6.163391E-16
5895.2612519783  6.540507E-16
5897.23820075495  6.956171E-16
5899.2151495316  7.335132E-16
5901.19209830826  7.494274E-16
5903.16904708491  7.465367E-16
5905.14599586156  7.472480E-16
5907.12294463821  7.540167E-16
5909.09989341487  7.573257E-16
5911.07684219152  7.403771E-16
5913.05379096817  7.279827E-16
5915.03073974482  7.312728E-16
5917.00768852148  7.430406E-16
5918.98463729813  7.468343E-16
5920.96158607478  7.369513E-16
5922.93853485143  7.209408E-16
5924.91548362809  7.122704E-16
5926.89243240474  7.138528E-16
5928.86938118139  7.170078E-16
5930.84632995805  7.174883E-16
5932.8232787347  7.150265E-16
5934.80022751135  7.132685E-16
5936.777176288  7.132768E-16
5938.75412506466  7.129118E-16
5940.73107384131  7.078946E-16
5942.70802261796  7.049002E-16
5944.68497139461  7.085750E-16
5946.66192017127  7.195413E-16
5948.63886894792  7.207808E-16
5950.61581772457  7.111312E-16
5952.59276650122  7.055472E-16
5954.56971527788  7.071200E-16
5956.54666405453  7.086115E-16
5958.52361283118  6.954228E-16
5960.50056160784  6.909723E-16
5962.47751038449  6.971052E-16
5964.45445916114  6.934065E-16
5966.43140793779  6.763670E-16
5968.40835671445  6.577640E-16
5970.3853054911  6.601464E-16
5972.36225426775  6.629544E-16
5974.33920304441  6.592651E-16
5976.31615182106  6.588030E-16
5978.29310059771  6.551254E-16
5980.27004937436  6.495259E-16
5982.24699815102  6.501347E-16
5984.22394692767  6.500377E-16
5986.20089570432  6.448027E-16
5988.17784448097  6.342565E-16
5990.15479325763  6.398354E-16
5992.13174203428  6.573016E-16
5994.10869081093  6.584123E-16
5996.08563958758  6.389280E-16
5998.06258836424  6.145379E-16
6000.03953714089  6.145082E-16
6002.01648591754  6.244026E-16
6003.9934346942  6.306893E-16
6005.97038347085  6.265351E-16
6007.9473322475  6.175226E-16
6009.92428102415  6.100323E-16
6011.90122980081  6.082909E-16
6013.87817857746  6.027725E-16
6015.85512735411  5.928180E-16
6017.83207613077  5.868207E-16
6019.80902490742  5.900348E-16
6021.78597368407  5.915152E-16
6023.76292246072  5.688990E-16
6025.73987123738  5.492215E-16
6027.71682001403  5.487603E-16
6029.69376879068  5.662606E-16
6031.67071756733  5.754059E-16
6033.64766634399  5.676980E-16
6035.62461512064  5.560153E-16
6037.60156389729  5.435888E-16
6039.57851267395  5.360082E-16
6041.5554614506  5.389803E-16
6043.53241022725  5.405667E-16
6045.5093590039  5.362638E-16
6047.48630778056  5.309536E-16
6049.46325655721  5.255326E-16
6051.44020533386  5.236974E-16
6053.41715411051  5.302478E-16
6055.39410288717  5.321227E-16
6057.37105166382  5.253106E-16
6059.34800044047  5.166453E-16
6061.32494921712  5.172181E-16
6063.30189799378  5.280177E-16
6065.27884677043  5.393371E-16
6067.25579554708  5.492955E-16
6069.23274432373  5.540933E-16
6071.20969310039  5.492603E-16
6073.18664187704  5.480793E-16
6075.16359065369  5.522693E-16
6077.14053943035  5.514467E-16
6079.117488207  5.495216E-16
6081.09443698365  5.496484E-16
6083.0713857603  5.529750E-16
6085.04833453696  5.506293E-16
6087.02528331361  5.425231E-16
6089.00223209026  5.376038E-16
6090.97918086692  5.334109E-16
6092.95612964357  5.313330E-16
6094.93307842022  5.361486E-16
6096.91002719687  5.387910E-16
6098.88697597353  5.378330E-16
6100.86392475018  5.397279E-16
6102.84087352683  5.400733E-16
6104.81782230348  5.349897E-16
6106.79477108014  5.226955E-16
6108.77171985679  5.155964E-16
6110.74866863344  5.157323E-16
6112.72561741009  5.139331E-16
6114.70256618675  5.127630E-16
6116.6795149634  5.105135E-16
6118.65646374005  5.018915E-16
6120.63341251671  4.877420E-16
6122.61036129336  4.736851E-16
6124.58731007001  4.682653E-16
6126.56425884666  4.659030E-16
6128.54120762332  4.671543E-16
6130.51815639997  4.784648E-16
6132.49510517662  4.825106E-16
6134.47205395327  4.761211E-16
6136.44900272993  4.713587E-16
6138.42595150658  4.675824E-16
6140.40290028323  4.658122E-16
6142.37984905988  4.683641E-16
6144.35679783654  4.756955E-16
6146.33374661319  4.833550E-16
6148.31069538984  4.837262E-16
6150.2876441665  4.841037E-16
6152.26459294315  4.885540E-16
6154.2415417198  4.961844E-16
6156.21849049645  4.984212E-16
6158.19543927311  4.965289E-16
6160.17238804976  5.011443E-16
6162.14933682641  5.037076E-16
6164.12628560306  5.021764E-16
6166.10323437972  5.021176E-16
6168.08018315637  5.046524E-16
6170.05713193302  5.126744E-16
6172.03408070967  5.293587E-16
6174.01102948633  5.368200E-16
6175.98797826298  5.298735E-16
6177.96492703963  5.179581E-16
6179.94187581629  5.245064E-16
6181.91882459294  5.439605E-16
6183.89577336959  5.440348E-16
6185.87272214624  5.358417E-16
6187.8496709229  5.282397E-16
6189.82661969955  5.241744E-16
6191.8035684762  5.291442E-16
6193.78051725285  5.383275E-16
6195.75746602951  5.389241E-16
6197.73441480616  5.332492E-16
6199.71136358281  5.286903E-16
6201.68831235947  5.342815E-16
6203.66526113612  5.384623E-16
6205.64220991277  5.324974E-16
6207.61915868942  5.142866E-16
6209.59610746608  5.029969E-16
6211.57305624273  5.039363E-16
6213.55000501938  5.065132E-16
6215.52695379603  5.008177E-16
6217.50390257269  4.902608E-16
6219.48085134934  4.899879E-16
6221.45780012599  4.865235E-16
6223.43474890265  4.739393E-16
6225.4116976793  4.563505E-16
6227.38864645595  4.448163E-16
6229.3655952326  4.394405E-16
6231.34254400926  4.294243E-16
6233.31949278591  4.280123E-16
6235.29644156256  4.339438E-16
6237.27339033921  4.318770E-16
6239.25033911587  4.229366E-16
6241.22728789252  4.133237E-16
6243.20423666917  4.116395E-16
6245.18118544583  4.054339E-16
6247.15813422248  3.917022E-16
6249.13508299913  3.785972E-16
6251.11203177578  3.699710E-16
6253.08898055244  3.693677E-16
6255.06592932909  3.784265E-16
6257.04287810574  3.827085E-16
6259.01982688239  3.768948E-16
6260.99677565905  3.667334E-16
6262.9737244357  3.575982E-16
6264.95067321235  3.516505E-16
6266.92762198901  3.470483E-16
6268.90457076566  3.509734E-16
6270.88151954231  3.590914E-16
6272.85846831896  3.572644E-16
6274.83541709562  3.518134E-16
6276.81236587227  3.479720E-16
6278.78931464892  3.476825E-16
6280.76626342557  3.456847E-16
6282.74321220223  3.414680E-16
6284.72016097888  3.396380E-16
6286.69710975553  3.431788E-16
6288.67405853219  3.485469E-16
6290.65100730884  3.469572E-16
6292.62795608549  3.440206E-16
6294.60490486214  3.414619E-16
6296.5818536388  3.363712E-16
6298.55880241545  3.359174E-16
6300.5357511921  3.391044E-16
6302.51269996875  3.373382E-16
6304.4896487454  3.394501E-16
6306.46659752206  3.457836E-16
6308.44354629871  3.478736E-16
6310.42049507536  3.536331E-16
6312.39744385202  3.608103E-16
6314.37439262867  3.579019E-16
6316.35134140532  3.520975E-16
6318.32829018198  3.492164E-16
6320.30523895863  3.514396E-16
6322.28218773528  3.579232E-16
6324.25913651193  3.644145E-16
6326.23608528859  3.650498E-16
6328.21303406524  3.608605E-16
6330.18998284189  3.560806E-16
6332.16693161854  3.564964E-16
6334.1438803952  3.571715E-16
6336.12082917185  3.583748E-16
6338.0977779485  3.655268E-16
6340.07472672515  3.715083E-16
6342.05167550181  3.725875E-16
6344.02862427846  3.699269E-16
6346.00557305511  3.736784E-16
6347.98252183177  3.852309E-16
6349.95947060842  3.965752E-16
6351.93641938507  4.040030E-16
6353.91336816172  4.079883E-16
6355.89031693838  4.129908E-16
6357.86726571503  4.171247E-16
6359.84421449168  4.226824E-16
6361.82116326834  4.351827E-16
6363.79811204499  4.416239E-16
6365.77506082164  4.396204E-16
6367.75200959829  4.383585E-16
6369.72895837494  4.465724E-16
6371.7059071516  4.610061E-16
6373.68285592825  4.677117E-16
6375.6598047049  4.650355E-16
6377.63675348156  4.593804E-16
6379.61370225821  4.625633E-16
6381.59065103486  4.668867E-16
6383.56759981152  4.690063E-16
6385.54454858817  4.714358E-16
6387.52149736482  4.775935E-16
6389.49844614147  4.845514E-16
6391.47539491812  4.840156E-16
6393.45234369478  4.846743E-16
6395.42929247143  4.881537E-16
6397.40624124808  4.884904E-16
6399.38319002474  4.879388E-16
6401.36013880139  4.905140E-16
6403.33708757804  5.004278E-16
6405.31403635469  5.068058E-16
6407.29098513135  5.072003E-16
6409.267933908  5.085156E-16
6411.24488268465  5.124964E-16
6413.2218314613  5.170336E-16
6415.19878023796  5.170470E-16
6417.17572901461  5.226707E-16
6419.15267779126  5.344342E-16
6421.12962656792  5.428904E-16
6423.10657534457  5.396310E-16
6425.08352412122  5.292001E-16
6427.06047289787  5.272392E-16
6429.03742167453  5.271498E-16
6431.01437045118  5.245708E-16
6432.99131922783  5.194454E-16
6434.96826800448  5.195927E-16
6436.94521678114  5.248766E-16
6438.92216555779  5.271023E-16
6440.89911433444  5.271109E-16
6442.8760631111  5.264592E-16
6444.85301188775  5.267903E-16
6446.8299606644  5.232868E-16
6448.80690944105  5.186575E-16
6450.78385821771  5.220181E-16
6452.76080699436  5.245936E-16
6454.73775577101  5.210743E-16
6456.71470454766  5.117041E-16
6458.69165332432  5.130061E-16
6460.66860210097  5.217160E-16
6462.64555087762  5.160821E-16
6464.62249965427  5.122991E-16
6466.59944843093  5.157532E-16
6468.57639720758  5.187062E-16
6470.55334598423  5.130819E-16
6472.53029476089  5.009929E-16
6474.50724353754  4.940765E-16
6476.48419231419  4.874712E-16
6478.46114109085  4.803944E-16
6480.4380898675  4.765683E-16
6482.41503864415  4.679666E-16
6484.3919874208  4.543470E-16
6486.36893619745  4.433562E-16
6488.34588497411  4.383471E-16
6490.32283375076  4.368188E-16
6492.29978252741  4.315120E-16
6494.27673130407  4.293166E-16
6496.25368008072  4.311167E-16
6498.23062885737  4.311584E-16
6500.20757763402  4.266532E-16
6502.18452641068  4.182504E-16
6504.16147518733  4.098204E-16
6506.13842396398  4.025199E-16
6508.11537274063  3.970217E-16
6510.09232151729  3.934365E-16
6512.06927029394  3.903675E-16
6514.04621907059  3.879124E-16
6516.02316784725  3.876091E-16
6518.0001166239  3.797537E-16
6519.97706540055  3.669161E-16
6521.9540141772  3.628622E-16
6523.93096295386  3.737392E-16
6525.90791173051  3.893516E-16
6527.88486050716  3.872187E-16
6529.86180928381  3.771541E-16
6531.83875806046  3.688095E-16
6533.81570683712  3.676131E-16
6535.79265561377  3.728382E-16
6537.76960439043  3.796793E-16
6539.74655316708  3.816809E-16
6541.72350194373  3.800268E-16
6543.70045072038  3.814230E-16
6545.67739949704  3.951232E-16
6547.65434827369  4.108054E-16
6549.63129705034  4.216921E-16
6551.60824582699  4.269207E-16
6553.58519460364  4.180175E-16
6555.5621433803  3.985688E-16
6557.53909215695  3.829000E-16
6559.5160409336  3.740325E-16
6561.49298971026  3.704819E-16
6563.46993848691  3.678547E-16
6565.44688726356  3.722789E-16
6567.42383604021  3.889347E-16
6569.40078481687  4.195461E-16
6571.37773359352  4.537258E-16
6573.35468237017  4.808331E-16
6575.33163114683  4.933313E-16
6577.30857992348  4.994377E-16
6579.28552870013  5.006853E-16
6581.26247747678  4.916088E-16
6583.23942625344  4.847942E-16
6585.21637503009  4.903339E-16
6587.19332380674  5.122228E-16
6589.17027258339  5.297773E-16
6591.14722136005  5.364178E-16
6593.1241701367  5.419402E-16
6595.10111891335  5.501697E-16
6597.07806769  5.567622E-16
6599.05501646666  5.508540E-16
6601.03196524331  5.478320E-16
6603.00891401996  5.515988E-16
6604.98586279662  5.533621E-16
6606.96281157327  5.533193E-16
6608.93976034992  5.570291E-16
6610.91670912658  5.731347E-16
6612.89365790323  5.815801E-16
6614.87060667988  5.778453E-16
6616.84755545653  5.748009E-16
6618.82450423318  5.800222E-16
6620.80145300984  5.920567E-16
6622.77840178649  6.008274E-16
6624.75535056314  6.075967E-16
6626.7322993398  6.110158E-16
6628.70924811645  6.075567E-16
6630.6861968931  6.010245E-16
6632.66314566976  5.967247E-16
6634.64009444641  5.994690E-16
6636.61704322306  6.052821E-16
6638.59399199971  6.088264E-16
6640.57094077636  6.058309E-16
6642.54788955302  6.024197E-16
6644.52483832967  6.052618E-16
6646.50178710632  6.184737E-16
6648.47873588298  6.291283E-16
6650.45568465963  6.284219E-16
6652.43263343628  6.154026E-16
6654.40958221293  6.007541E-16
6656.38653098959  5.948430E-16
6658.36347976624  6.035151E-16
6660.34042854289  6.116074E-16
6662.31737731954  6.102625E-16
6664.2943260962  6.005302E-16
6666.27127487285  5.948444E-16
6668.2482236495  5.953806E-16
6670.22517242616  5.931211E-16
6672.20212120281  5.909321E-16
6674.17906997946  5.899631E-16
6676.15601875611  5.892596E-16
6678.13296753277  5.886430E-16
6680.10991630942  5.883768E-16
6682.08686508607  5.891163E-16
6684.06381386272  5.893678E-16
6686.04076263938  5.897471E-16
6688.01771141603  5.926635E-16
6689.99466019268  5.949758E-16
6691.97160896934  5.954056E-16
6693.94855774599  5.949467E-16
6695.92550652264  5.896288E-16
6697.90245529929  5.809648E-16
6699.87940407595  5.754766E-16
6701.8563528526  5.720120E-16
6703.83330162925  5.706111E-16
6705.8102504059  5.724055E-16
6707.78719918256  5.709645E-16
6709.76414795921  5.628585E-16
6711.74109673586  5.491830E-16
6713.71804551252  5.410791E-16
6715.69499428917  5.431700E-16
6717.67194306582  5.516113E-16
6719.64889184247  5.560729E-16
6721.62584061913  5.517726E-16
6723.60278939578  5.412891E-16
6725.57973817243  5.357491E-16
6727.55668694908  5.364176E-16
6729.53363572574  5.342576E-16
6731.51058450239  5.339236E-16
6733.48753327904  5.352157E-16
6735.46448205569  5.332810E-16
6737.44143083235  5.307290E-16
6739.418379609  5.314885E-16
6741.39532838565  5.389633E-16
6743.37227716231  5.452775E-16
6745.34922593896  5.434202E-16
6747.32617471561  5.300763E-16
6749.30312349226  5.184269E-16
6751.28007226892  5.134428E-16
6753.25702104557  5.103282E-16
6755.23396982222  5.113075E-16
6757.21091859887  5.191854E-16
6759.18786737553  5.360486E-16
6761.16481615218  5.458682E-16
6763.14176492883  5.439416E-16
6765.11871370549  5.384479E-16
6767.09566248214  5.344332E-16
6769.07261125879  5.321344E-16
6771.04956003544  5.269537E-16
6773.0265088121  5.240056E-16
6775.00345758875  5.236417E-16
6776.9804063654  5.207326E-16
6778.95735514205  4.982296E-16
6780.93430391871  4.546189E-16
6782.91125269536  4.053911E-16
6784.88820147201  3.793282E-16
6786.86515024867  3.810882E-16
6788.84209902532  3.902536E-16
6790.81904780197  4.031604E-16
6792.79599657862  4.192256E-16
6794.77294535528  4.401093E-16
6796.74989413193  4.463435E-16
6798.72684290858  4.360614E-16
6800.70379168523  4.256471E-16
6802.68074046189  4.213616E-16
6804.65768923854  4.251009E-16
6806.63463801519  4.339154E-16
6808.61158679184  4.336411E-16
6810.5885355685  4.248178E-16
6812.56548434515  4.225771E-16
6814.5424331218  4.217200E-16
6816.51938189846  4.242330E-16
6818.49633067511  4.385006E-16
6820.47327945176  4.429811E-16
6822.45022822841  4.358378E-16
6824.42717700507  4.353952E-16
6826.40412578172  4.408628E-16
6828.38107455837  4.464021E-16
6830.35802333502  4.435095E-16
6832.33497211168  4.369016E-16
6834.31192088833  4.322586E-16
6836.28886966498  4.337297E-16
6838.26581844163  4.345575E-16
6840.24276721829  4.302050E-16
6842.21971599494  4.204893E-16
6844.19666477159  4.122034E-16
6846.17361354825  4.103507E-16
6848.1505623249  4.158780E-16
6850.12751110155  4.206106E-16
6852.1044598782  4.165733E-16
6854.08140865486  3.991801E-16
6856.05835743151  3.910292E-16
6858.03530620816  3.945668E-16
6860.01225498482  3.912177E-16
6861.98920376147  3.862123E-16
6863.96615253812  3.829982E-16
6865.94310131477  3.818915E-16
6867.92005009143  3.860233E-16
6869.89699886808  3.928803E-16
6871.87394764473  3.953865E-16
6873.85089642138  3.838789E-16
6875.82784519804  3.669974E-16
6877.80479397469  3.680174E-16
6879.78174275134  3.763063E-16
6881.758691528  3.786769E-16
6883.73564030465  3.648454E-16
6885.7125890813  3.586024E-16
6887.68953785795  3.627245E-16
6889.66648663461  3.577287E-16
6891.64343541126  3.567727E-16
6893.62038418791  3.628692E-16
6895.59733296456  3.678628E-16
6897.57428174122  3.637107E-16
6899.55123051787  3.565083E-16
6901.52817929452  3.639992E-16
6903.50512807118  3.711081E-16
6905.48207684783  3.710757E-16
6907.45902562448  3.681187E-16
6909.43597440113  3.695085E-16
6911.41292317778  3.726960E-16
6913.38987195444  3.662995E-16
6915.36682073109  3.620426E-16
6917.34376950774  3.647106E-16
6919.3207182844  3.704833E-16
6921.29766706105  3.668865E-16
6923.2746158377  3.597708E-16
6925.25156461435  3.709301E-16
6927.22851339101  3.900502E-16
6929.20546216766  4.045385E-16
6931.18241094431  4.045390E-16
6933.15935972097  4.065853E-16
6935.13630849762  4.167026E-16
6937.11325727427  4.276528E-16
6939.09020605092  4.333584E-16
6941.06715482758  4.340841E-16
6943.04410360423  4.365940E-16
6945.02105238088  4.414985E-16
6946.99800115753  4.499460E-16
6948.97494993419  4.631559E-16
6950.95189871084  4.655843E-16
6952.92884748749  4.582937E-16
6954.90579626414  4.585459E-16
6956.8827450408  4.676781E-16
6958.85969381745  4.805944E-16
6960.8366425941  4.877340E-16
6962.81359137076  4.995673E-16
6964.79054014741  5.130909E-16
6966.76748892406  5.126217E-16
6968.74443770071  5.089584E-16
6970.72138647737  5.071688E-16
6972.69833525402  5.047404E-16
6974.67528403067  4.994847E-16
6976.65223280732  4.935598E-16
6978.62918158398  4.930299E-16
6980.60613036063  5.003573E-16
6982.58307913728  5.121831E-16
6984.56002791393  5.205733E-16
6986.53697669059  5.231062E-16
6988.51392546724  5.221886E-16
6990.49087424389  5.238872E-16
6992.46782302055  5.304632E-16
6994.4447717972  5.394192E-16
6996.42172057385  5.445294E-16
6998.3986693505  5.438387E-16
7000.37561812716  5.398269E-16
7002.35256690381  5.383013E-16
7004.32951568046  5.357333E-16
7006.30646445711  5.308403E-16
7008.28341323377  5.254118E-16
7010.26036201042  5.303946E-16
7012.23731078707  5.438223E-16
7014.21425956373  5.515817E-16
7016.19120834038  5.462467E-16
7018.16815711703  5.356862E-16
7020.14510589368  5.398091E-16
7022.12205467034  5.505968E-16
7024.09900344699  5.604321E-16
7026.07595222364  5.650104E-16
7028.05290100029  5.669507E-16
7030.02984977695  5.639587E-16
7032.0067985536  5.496013E-16
7033.98374733025  5.372027E-16
7035.96069610691  5.331382E-16
7037.93764488356  5.345957E-16
7039.91459366021  5.311319E-16
7041.89154243686  5.225011E-16
7043.86849121352  5.188707E-16
7045.84543999017  5.207655E-16
7047.82238876682  5.250351E-16
7049.79933754347  5.260401E-16
7051.77628632013  5.256306E-16
7053.75323509678  5.250215E-16
7055.73018387343  5.240847E-16
7057.70713265008  5.231129E-16
7059.68408142674  5.212813E-16
7061.66103020339  5.169700E-16
7063.63797898004  5.133611E-16
7065.6149277567  5.095899E-16
7067.59187653335  5.010497E-16
7069.56882531  4.969957E-16
7071.54577408665  4.955936E-16
7073.52272286331  4.848734E-16
7075.49967163996  4.779116E-16
7077.47662041661  4.798362E-16
7079.45356919326  4.856901E-16
7081.43051796992  4.783910E-16
7083.40746674657  4.598422E-16
7085.38441552322  4.500603E-16
7087.36136429988  4.496674E-16
7089.33831307653  4.499197E-16
7091.31526185318  4.364586E-16
7093.29221062983  4.132371E-16
7095.26915940649  3.915237E-16
7097.24610818314  3.855464E-16
7099.22305695979  3.860781E-16
7101.20000573644  3.881323E-16
7103.1769545131  3.930562E-16
7105.15390328975  3.944140E-16
7107.1308520664  3.903614E-16
7109.10780084306  3.841776E-16
7111.08474961971  3.836467E-16
7113.06169839636  3.907894E-16
7115.03864717301  4.010538E-16
7117.01559594967  4.065340E-16
7118.99254472632  4.066382E-16
7120.96949350297  4.080735E-16
7122.94644227962  4.116786E-16
7124.92339105628  4.146771E-16
7126.90033983293  4.118166E-16
7128.87728860958  4.061912E-16
7130.85423738624  4.009998E-16
7132.83118616289  3.983474E-16
7134.80813493954  3.987875E-16
7136.78508371619  4.009383E-16
7138.76203249285  4.021353E-16
7140.7389812695  3.972191E-16
7142.71593004615  3.889200E-16
7144.6928788228  3.867006E-16
7146.66982759946  3.924847E-16
7148.64677637611  4.003863E-16
7150.62372515276  3.992463E-16
7152.60067392942  3.975235E-16
7154.57762270607  4.012936E-16
7156.55457148272  4.113840E-16
7158.53152025937  4.137493E-16
7160.50846903602  4.043967E-16
7162.48541781268  3.911489E-16
7164.46236658933  3.914132E-16
7166.43931536598  4.027715E-16
7168.41626414264  4.041516E-16
7170.39321291929  4.001708E-16
7172.37016169594  3.979474E-16
7174.34711047259  4.040012E-16
7176.32405924925  4.101431E-16
7178.3010080259  4.112489E-16
7180.27795680255  4.073039E-16
7182.25490557921  4.088244E-16
7184.23185435586  4.131245E-16
7186.20880313251  4.054591E-16
7188.18575190916  3.993740E-16
7190.16270068582  4.014047E-16
7192.13964946247  4.085174E-16
7194.11659823912  4.054516E-16
7196.09354701577  3.944763E-16
7198.07049579243  3.947010E-16
7200.04744456908  3.941381E-16
7202.02439334573  3.913029E-16
7204.00134212239  3.959061E-16
7205.97829089904  4.072740E-16
7207.95523967569  4.200260E-16
7209.93218845234  4.260331E-16
7211.909137229  4.230476E-16
7213.88608600565  4.182741E-16
7215.8630347823  4.252389E-16
7217.83998355896  4.364808E-16
7219.81693233561  4.441235E-16
7221.79388111226  4.432040E-16
7223.77082988891  4.366068E-16
7225.74777866556  4.307571E-16
7227.72472744222  4.328055E-16
7229.70167621887  4.403217E-16
7231.67862499552  4.452179E-16
7233.65557377217  4.374078E-16
7235.63252254883  4.309281E-16
7237.60947132548  4.353270E-16
7239.58642010213  4.516074E-16
7241.56336887879  4.598936E-16
7243.54031765544  4.557808E-16
7245.51726643209  4.520836E-16
7247.49421520875  4.584076E-16
7249.4711639854  4.708174E-16
7251.44811276205  4.733369E-16
7253.4250615387  4.675653E-16
7255.40201031535  4.592841E-16
7257.37895909201  4.559664E-16
7259.35590786866  4.618186E-16
7261.33285664531  4.696566E-16
7263.30980542197  4.640555E-16
7265.28675419862  4.496632E-16
7267.26370297527  4.363387E-16
7269.24065175192  4.352305E-16
7271.21760052858  4.396228E-16
7273.19454930523  4.439236E-16
7275.17149808188  4.461315E-16
7277.14844685853  4.477937E-16
7279.12539563519  4.498510E-16
7281.10234441184  4.519480E-16
7283.07929318849  4.564780E-16
7285.05624196515  4.623699E-16
7287.0331907418  4.653918E-16
7289.01013951845  4.565366E-16
7290.9870882951  4.398052E-16
7292.96403707176  4.307706E-16
7294.94098584841  4.290554E-16
7296.91793462506  4.310420E-16
7298.89488340171  4.315783E-16
7300.87183217837  4.287390E-16
7302.84878095502  4.245204E-16
7304.82572973167  4.239293E-16
7306.80267850832  4.233059E-16
7308.77962728498  4.237778E-16
7310.75657606163  4.307887E-16
7312.73352483828  4.336703E-16
7314.71047361494  4.305872E-16
7316.68742239159  4.291380E-16
7318.66437116824  4.256172E-16
7320.64131994489  4.200635E-16
7322.61826872155  4.161409E-16
7324.5952174982  4.188138E-16
7326.57216627485  4.222634E-16
7328.5491150515  4.124686E-16
7330.52606382816  3.986628E-16
7332.50301260481  3.919676E-16
7334.47996138146  4.008222E-16
7336.45691015812  4.125406E-16
7338.43385893477  4.173443E-16
7340.41080771142  4.123262E-16
7342.38775648807  4.050692E-16
7344.36470526473  4.009381E-16
7346.34165404138  4.009352E-16
7348.31860281803  4.014289E-16
7350.29555159468  4.030015E-16
7352.27250037134  4.100550E-16
7354.24944914799  4.157398E-16
7356.22639792464  4.127895E-16
7358.2033467013  3.964191E-16
7360.18029547795  3.911851E-16
7362.1572442546  4.001149E-16
7364.13419303125  4.036596E-16
7366.11114180791  4.000298E-16
7368.08809058456  3.950947E-16
7370.06503936121  3.999930E-16
7372.04198813786  4.032662E-16
7374.01893691452  4.016269E-16
7375.99588569117  4.013390E-16
7377.97283446782  4.059149E-16
7379.94978324448  4.120784E-16
7381.92673202113  4.110391E-16
7383.90368079778  4.074584E-16
7385.88062957443  4.068985E-16
7387.85757835109  4.135516E-16
7389.83452712774  4.117079E-16
7391.81147590439  4.018911E-16
7393.78842468104  4.007956E-16
7395.7653734577  4.088625E-16
7397.74232223435  4.195051E-16
7399.719271011  4.215523E-16
7401.69621978766  4.227897E-16
7403.67316856431  4.236088E-16
7405.65011734096  4.167377E-16
7407.62706611761  4.110553E-16
7409.60401489427  4.109857E-16
7411.58096367092  4.150614E-16
7413.55791244757  4.220886E-16
7415.53486122422  4.309532E-16
7417.51181000088  4.408110E-16
7419.48875877753  4.442025E-16
7421.46570755418  4.395996E-16
7423.44265633083  4.319274E-16
7425.41960510749  4.265975E-16
7427.39655388414  4.252480E-16
7429.37350266079  4.252486E-16
7431.35045143744  4.223917E-16
7433.3274002141  4.161332E-16
7435.30434899075  4.101113E-16
7437.2812977674  4.090607E-16
7439.25824654406  4.159721E-16
7441.23519532071  4.308135E-16
7443.21214409736  4.425255E-16
7445.18909287401  4.472729E-16
7447.16604165067  4.494348E-16
7449.14299042732  4.495962E-16
7451.11993920397  4.446862E-16
7453.09688798062  4.293506E-16
7455.07383675728  4.231637E-16
7457.05078553393  4.283823E-16
7459.02773431058  4.292099E-16
7461.00468308724  4.293372E-16
7462.98163186389  4.297939E-16
7464.95858064054  4.285150E-16
7466.93552941719  4.187619E-16
7468.91247819385  4.054593E-16
7470.8894269705  4.033245E-16
7472.86637574715  4.152645E-16
7474.8433245238  4.301204E-16
7476.82027330046  4.271225E-16
7478.79722207711  4.244361E-16
7480.77417085376  4.272955E-16
7482.75111963041  4.255244E-16
7484.72806840707  4.328468E-16
7486.70501718372  4.460839E-16
7488.68196596037  4.464288E-16
7490.65891473703  4.286077E-16
7492.63586351368  4.030136E-16
7494.61281229033  3.909641E-16
7496.58976106698  3.815162E-16
7498.56670984364  3.590825E-16
7500.54365862029  3.102051E-16
7502.52060739694  2.495640E-16
7504.49755617359  1.942548E-16
7506.47450495025  1.577805E-16
7508.4514537269  1.337049E-16
7510.42840250355  1.173063E-16
7512.40535128021  1.084283E-16
7514.38230005686  1.119325E-16
7516.35924883351  1.266187E-16
7518.33619761016  1.452423E-16
7520.31314638682  1.698931E-16
7522.29009516347  2.015574E-16
7524.26704394012  2.383126E-16
7526.24399271677  2.542976E-16
7528.22094149343  2.433103E-16
7530.19789027008  2.211583E-16
7532.17483904673  2.036181E-16
7534.15178782339  1.966068E-16
7536.12873660004  1.947648E-16
7538.10568537669  1.923229E-16
7540.08263415334  1.914275E-16
7542.05958293  2.014302E-16
7544.03653170665  2.089110E-16
7546.0134804833  2.125271E-16
7547.99042925995  2.231394E-16
7549.96737803661  2.382865E-16
7551.94432681326  2.501626E-16
7553.92127558991  2.487094E-16
7555.89822436657  2.416777E-16
7557.87517314322  2.399012E-16
7559.85212191987  2.529357E-16
7561.82907069652  2.644315E-16
7563.80601947317  2.683415E-16
7565.78296824983  2.714857E-16
7567.75991702648  2.781429E-16
7569.73686580313  2.874586E-16
7571.71381457979  2.936149E-16
7573.69076335644  2.994831E-16
7575.66771213309  3.058134E-16
7577.64466090975  3.108544E-16
7579.6216096864  3.200787E-16
7581.59855846305  3.315475E-16
7583.5755072397  3.365711E-16
7585.55245601636  3.353485E-16
7587.52940479301  3.311422E-16
7589.50635356966  3.291135E-16
7591.48330234631  3.225775E-16
7593.46025112297  3.149407E-16
7595.43719989962  3.184819E-16
7597.41414867627  3.307214E-16
7599.39109745292  3.414835E-16
7601.36804622958  3.368280E-16
7603.34499500623  3.271563E-16
7605.32194378288  3.198733E-16
7607.29889255954  3.163824E-16
7609.27584133619  3.158539E-16
7611.25279011284  3.176291E-16
7613.22973888949  3.217626E-16
7615.20668766615  3.161342E-16
7617.1836364428  3.041484E-16
7619.16058521945  3.032309E-16
7621.13753399611  3.085992E-16
7623.11448277276  3.132113E-16
7625.09143154941  3.104966E-16
7627.06838032606  3.022560E-16
7629.04532910272  2.910422E-16
7631.02227787937  2.791167E-16
7632.99922665602  2.742941E-16
7634.97617543267  2.759592E-16
7636.95312420933  2.757285E-16
7638.93007298598  2.774549E-16
7640.90702176263  2.839772E-16
7642.88397053929  2.954513E-16
7644.86091931594  2.996788E-16
7646.83786809259  2.913514E-16
7648.81481686924  2.745241E-16
7650.7917656459  2.683998E-16
7652.76871442255  2.797380E-16
7654.7456631992  3.002552E-16
7656.72261197585  3.116004E-16
7658.6995607525  3.118579E-16
7660.67650952916  3.158640E-16
7662.65345830581  3.178246E-16
7664.63040708246  3.145311E-16
7666.60735585912  3.067742E-16
7668.58430463577  3.063662E-16
7670.56125341242  3.128452E-16
7672.53820218908  3.138655E-16
7674.51515096573  3.147296E-16
7676.49209974238  3.196932E-16
7678.46904851903  3.301018E-16
7680.44599729569  3.341905E-16
7682.42294607234  3.307668E-16
7684.39989484899  3.298127E-16
7686.37684362564  3.374021E-16
7688.3537924023  3.513927E-16
7690.33074117895  3.620450E-16
7692.3076899556  3.645262E-16
7694.28463873225  3.584694E-16
7696.26158750891  3.479409E-16
7698.23853628556  3.522259E-16
7700.21548506221  3.667487E-16
7702.19243383887  3.652405E-16
7704.16938261552  3.588286E-16
7706.14633139217  3.569810E-16
7708.12328016882  3.635472E-16
7710.10022894548  3.721314E-16
7712.07717772213  3.764551E-16
7714.05412649878  3.730274E-16
7716.03107527543  3.874859E-16
7718.00802405209  4.145346E-16
7719.98497282874  4.199186E-16
7721.96192160539  4.158285E-16
7723.93887038204  4.156760E-16
7725.9158191587  4.282812E-16
7727.89276793535  4.301071E-16
7729.869716712  4.150502E-16
7731.84666548866  3.973934E-16
7733.82361426531  3.861809E-16
7735.80056304196  3.826489E-16
7737.77751181861  3.800861E-16
7739.75446059527  3.736385E-16
7741.73140937192  3.668436E-16
7743.70835814857  3.700100E-16
7745.68530692522  3.823305E-16
7747.66225570188  3.935988E-16
7749.63920447853  3.883597E-16
7751.61615325518  3.827421E-16
7753.59310203183  3.867286E-16
7755.57005080849  3.999804E-16
7757.54699958514  4.051405E-16
7759.52394836179  4.015748E-16
7761.50089713845  4.055892E-16
7763.4778459151  4.121878E-16
7765.45479469175  4.157469E-16
7767.4317434684  4.121730E-16
7769.40869224506  3.949466E-16
7771.38564102171  3.720090E-16
7773.36258979836  3.627226E-16
7775.33953857502  3.617986E-16
7777.31648735167  3.617463E-16
7779.29343612832  3.564242E-16
7781.27038490497  3.534661E-16
7783.24733368163  3.581679E-16
7785.22428245828  3.710217E-16
7787.20123123493  3.830390E-16
7789.17818001159  3.905379E-16
7791.15512878824  3.962507E-16
7793.13207756489  4.051659E-16
7795.10902634154  4.126671E-16
7797.0859751182  4.061243E-16
7799.06292389485  4.024701E-16
7801.0398726715  4.037901E-16
7803.01682144815  3.965703E-16
7804.99377022481  3.811991E-16
7806.97071900146  3.643073E-16
7808.94766777811  3.565797E-16
7810.92461655476  3.470238E-16
7812.90156533142  3.358254E-16
7814.87851410807  3.345804E-16
7816.85546288472  3.480549E-16
7818.83241166137  3.665769E-16
7820.80936043803  3.698770E-16
7822.78630921468  3.691084E-16
7824.76325799133  3.762404E-16
7826.74020676799  3.985855E-16
7828.71715554464  4.116820E-16
7830.69410432129  4.075438E-16
7832.67105309794  3.978093E-16
7834.6480018746  3.942481E-16
7836.62495065125  3.946410E-16
7838.6018994279  3.838864E-16
7840.57884820455  3.697414E-16
7842.55579698121  3.594564E-16
7844.53274575786  3.572132E-16
7846.50969453451  3.579345E-16
7848.48664331116  3.606444E-16
7850.46359208782  3.689808E-16
7852.44054086447  3.752743E-16
7854.41748964112  3.779099E-16
7856.39443841778  3.816991E-16
7858.37138719443  3.949347E-16
7860.34833597108  4.131889E-16
7862.32528474773  4.208586E-16
7864.30223352439  4.177106E-16
7866.27918230104  4.108917E-16
7868.25613107769  4.118363E-16
7870.23307985434  4.066951E-16
7872.210028631  3.931153E-16
7874.18697740765  3.816530E-16
7876.1639261843  3.747960E-16
7878.14087496095  3.718570E-16
7880.11782373761  3.692859E-16
7882.09477251426  3.655617E-16
7884.07172129091  3.606604E-16
7886.04867006757  3.559680E-16
7888.02561884422  3.470635E-16
7890.00256762087  3.360788E-16
7891.97951639752  3.310211E-16
7893.95646517418  3.361638E-16
7895.93341395083  3.465944E-16
7897.91036272748  3.503570E-16
7899.88731150413  3.518439E-16
7901.86426028079  3.572143E-16
7903.84120905744  3.713662E-16
7905.81815783409  3.899477E-16
7907.79510661074  4.029236E-16
7909.7720553874  3.984718E-16
7911.74900416405  3.813195E-16
7913.7259529407  3.634609E-16
7915.70290171736  3.593650E-16
7917.67985049401  3.533783E-16
7919.65679927066  3.397508E-16
7921.63374804731  3.254888E-16
7923.61069682397  3.223798E-16
7925.58764560062  3.270490E-16
7927.56459437727  3.224521E-16
7929.54154315393  3.268496E-16
7931.51849193058  3.444970E-16
7933.49544070723  3.635309E-16
7935.47238948388  3.678192E-16
7937.44933826054  3.596997E-16
7939.42628703719  3.588508E-16
7941.40323581384  3.662844E-16
7943.38018459049  3.753715E-16
7945.35713336715  3.746961E-16
7947.3340821438  3.661780E-16
7949.31103092045  3.565451E-16
7951.2879796971  3.544312E-16
7953.26492847376  3.559384E-16
7955.24187725041  3.552486E-16
7957.21882602706  3.472364E-16
7959.19577480372  3.336761E-16
7961.17272358037  3.212347E-16
7963.14967235702  3.187416E-16
7965.12662113367  3.170505E-16
7967.10356991033  3.119916E-16
7969.08051868698  3.062341E-16
7971.05746746363  2.953011E-16
7973.03441624029  2.824131E-16
7975.01136501694  2.773100E-16
7976.98831379359  2.888096E-16
7978.96526257024  3.095794E-16
7980.9422113469  3.190507E-16
7982.91916012355  3.243637E-16
7984.8961089002  3.311913E-16
7986.87305767685  3.407353E-16
7988.85000645351  3.542990E-16
7990.82695523016  3.640661E-16
7992.80390400681  3.562833E-16
7994.78085278346  3.403168E-16
7996.75780156012  3.255965E-16
7998.73475033677  3.179245E-16
8000.71169911342  3.118642E-16
8002.68864789008  3.026373E-16
8004.66559666673  2.886847E-16
8006.64254544338  2.821968E-16
8008.61949422003  2.858328E-16
8010.59644299669  2.913372E-16
8012.57339177334  3.053404E-16
8014.55034054999  3.188617E-16
8016.52728932664  3.109161E-16
8018.5042381033  2.975714E-16
8020.48118687995  2.939819E-16
8022.4581356566  3.081285E-16
8024.43508443326  3.256958E-16
8026.41203320991  3.341656E-16
8028.38898198656  3.279222E-16
8030.36593076321  3.184869E-16
8032.34287953987  3.129437E-16
8034.31982831652  3.109065E-16
8036.29677709317  3.070330E-16
8038.27372586983  2.993781E-16
8040.25067464648  2.904002E-16
8042.22762342313  2.831268E-16
8044.20457219978  2.771262E-16
8046.18152097644  2.690385E-16
8048.15846975309  2.548201E-16
8050.13541852974  2.434868E-16
8052.11236730639  2.533336E-16
8054.08931608305  2.714832E-16
8056.0662648597  2.818923E-16
8058.04321363635  2.719035E-16
8060.020162413  2.560641E-16
8061.99711118966  2.499409E-16
8063.97405996631  2.637489E-16
8065.95100874296  2.792134E-16
8067.92795751962  2.881801E-16
8069.90490629627  2.956975E-16
8071.88185507292  3.020326E-16
8073.85880384957  3.033922E-16
8075.83575262622  2.931952E-16
8077.81270140288  2.771503E-16
8079.78965017953  2.636794E-16
8081.76659895618  2.606619E-16
8083.74354773284  2.638407E-16
8085.72049650949  2.630205E-16
8087.69744528614  2.465931E-16
8089.67439406279  2.379538E-16
8091.65134283945  2.446841E-16
8093.6282916161  2.551755E-16
8095.60524039275  2.625166E-16
8097.5821891694  2.620250E-16
8099.55913794606  2.534471E-16
8101.53608672271  2.500948E-16
8103.51303549936  2.597950E-16
8105.48998427602  2.816110E-16
8107.46693305267  3.042794E-16
8109.44388182932  3.183510E-16
8111.42083060597  3.196131E-16
8113.39777938263  3.108521E-16
8115.37472815928  3.003791E-16
8117.35167693593  2.985703E-16
8119.32862571259  2.944472E-16
8121.30557448924  2.837755E-16
8123.28252326589  2.711290E-16
8125.25947204254  2.537112E-16
8127.23642081919  2.341132E-16
8129.21336959585  2.196090E-16
8131.1903183725  2.191971E-16
8133.16726714915  2.290923E-16
8135.14421592581  2.342795E-16
8137.12116470246  2.384366E-16
8139.09811347911  2.426926E-16
8141.07506225576  2.447910E-16
8143.05201103242  2.521709E-16
8145.02895980907  2.631256E-16
8147.00590858572  2.674583E-16
8148.98285736237  2.807868E-16
8150.95980613903  3.007553E-16
8152.93675491568  3.076126E-16
8154.91370369233  2.981518E-16
8156.89065246898  2.800069E-16
8158.86760124564  2.688150E-16
8160.84455002229  2.703230E-16
8162.82149879894  2.793876E-16
8164.7984475756  2.821829E-16
8166.77539635225  2.778730E-16
8168.7523451289  2.664940E-16
8170.72929390555  2.488043E-16
8172.70624268221  2.312352E-16
8174.68319145886  2.194435E-16
8176.66014023551  2.166491E-16
8178.63708901217  2.175856E-16
8180.61403778882  2.207342E-16
8182.59098656547  2.287073E-16
8184.56793534212  2.334259E-16
8186.54488411878  2.310386E-16
8188.52183289543  2.232489E-16
8190.49878167208  2.203180E-16
8192.47573044873  2.240201E-16
8194.45267922539  2.268822E-16
8196.42962800204  2.255350E-16
8198.40657677869  2.195822E-16
8200.38352555535  2.117628E-16
8202.360474332  2.080104E-16
8204.33742310865  2.078857E-16
8206.3143718853  2.047937E-16
8208.29132066196  2.027125E-16
8210.26826943861  2.013280E-16
8212.24521821526  1.960960E-16
8214.22216699192  1.796525E-16
8216.19911576857  1.582173E-16
8218.17606454522  1.493774E-16
8220.15301332187  1.496826E-16
8222.12996209852  1.524613E-16
8224.10691087518  1.507002E-16
8226.08385965183  1.538064E-16
8228.06080842848  1.621036E-16
8230.03775720514  1.660442E-16
8232.01470598179  1.624631E-16
8233.99165475844  1.513173E-16
8235.96860353509  1.359950E-16
8237.94555231175  1.269717E-16
8239.9225010884  1.284981E-16
8241.89944986505  1.371330E-16
8243.87639864171  1.428116E-16
8245.85334741836  1.423936E-16
8247.83029619501  1.406320E-16
8249.80724497166  1.403103E-16
8251.78419374832  1.404767E-16
8253.76114252497  1.367295E-16
8255.73809130162  1.274608E-16
8257.71504007827  1.154213E-16
8259.69198885493  1.067494E-16
8261.66893763158  1.025722E-16
8263.64588640823  1.005637E-16
8265.62283518488  9.614333E-17
8267.59978396154  9.361255E-17
8269.57673273819  9.513136E-17
8271.55368151484  9.962988E-17
8273.53063029149  1.001878E-16
8275.50757906815  9.568213E-17
8277.4845278448  9.142613E-17
8279.46147662145  9.065052E-17
8281.43842539811  9.625311E-17
8283.41537417476  1.094935E-16
8285.39232295141  1.173748E-16
8287.36927172806  1.160778E-16
8289.34622050472  1.122287E-16
8291.32316928137  1.038317E-16
8293.30011805802  9.278786E-17
8295.27706683468  8.423218E-17
8297.25401561133  8.165154E-17
8299.23096438798  8.129989E-17
8301.20791316463  7.406411E-17
8303.18486194128  6.710195E-17
8305.16181071794  6.688661E-17
8307.13875949459  7.639180E-17
8309.11570827124  8.289927E-17
8311.0926570479  8.164585E-17
8313.06960582455  7.775620E-17
8315.0465546012  7.599245E-17
8317.02350337785  7.768104E-17
8319.00045215451  8.028316E-17
8320.97740093116  8.800249E-17
8322.95434970781  1.005470E-16
8324.93129848447  1.127798E-16
8326.90824726112  1.135071E-16
8328.88519603777  1.002388E-16
8330.86214481442  8.041223E-17
8332.83909359108  7.503444E-17
8334.81604236773  8.697436E-17
8336.79299114438  1.000390E-16
8338.76993992103  1.007736E-16
8340.74688869769  9.175075E-17
8342.72383747434  9.019954E-17
8344.70078625099  8.551451E-17
8346.67773502764  7.459820E-17
8348.6546838043  6.363009E-17
8350.63163258095  7.118349E-17
8352.6085813576  9.465015E-17
8354.58553013426  1.111347E-16
8356.56247891091  1.123551E-16
8358.53942768756  1.057917E-16
8360.51637646421  1.112525E-16
8362.49332524087  1.146044E-16
8364.47027401752  1.112099E-16
8366.44722279417  1.081091E-16
8368.42417157083  1.114734E-16
8370.40112034748  1.180626E-16
8372.37806912413  1.164584E-16
8374.35501790078  1.168510E-16
8376.33196667744  1.218366E-16
8378.30891545409  1.253210E-16
8380.28586423074  1.246894E-16
8382.26281300739  1.228647E-16
8384.23976178405  1.271379E-16
8386.2167105607  1.272083E-16
8388.19365933735  1.212514E-16
8390.170608114  1.166899E-16
8392.14755689066  1.211551E-16
8394.12450566731  1.299230E-16
8396.10145444396  1.279333E-16
8398.07840322062  1.193814E-16
8400.05535199727  1.132280E-16
8402.03230077392  1.195895E-16
8404.00924955057  1.318307E-16
8405.98619832723  1.433980E-16
8407.96314710388  1.505130E-16
8409.94009588053  1.553081E-16
8411.91704465718  1.598196E-16
8413.89399343384  1.648242E-16
8415.87094221049  1.682442E-16
8417.84789098714  1.694629E-16
8419.8248397638  1.695825E-16
8421.80178854045  1.653556E-16
8423.7787373171  1.573486E-16
8425.75568609375  1.497662E-16
8427.73263487041  1.476831E-16
8429.70958364706  1.482084E-16
8431.68653242371  1.419482E-16
8433.66348120036  1.326958E-16
8435.64042997702  1.275087E-16
8437.61737875367  1.337430E-16
8439.59432753032  1.410267E-16
8441.57127630698  1.422121E-16
8443.54822508363  1.363143E-16
8445.52517386028  1.403273E-16
8447.50212263693  1.540602E-16
8449.47907141359  1.601629E-16
8451.45602019024  1.582008E-16
8453.43296896689  1.556973E-16
8455.40991774354  1.650946E-16
8457.3868665202  1.761685E-16
8459.36381529685  1.843236E-16
8461.3407640735  1.924762E-16
8463.31771285015  1.930478E-16
8465.29466162681  1.876369E-16
8467.27161040346  1.864169E-16
8469.24855918011  1.943607E-16
8471.22550795677  2.095981E-16
8473.20245673342  2.240359E-16
8475.17940551007  2.258565E-16
8477.15635428672  2.165434E-16
8479.13330306337  2.100495E-16
8481.11025184003  2.035105E-16
8483.08720061668  1.965272E-16
8485.06414939333  1.916788E-16
8487.04109816999  1.875635E-16
8489.01804694664  1.827902E-16
8490.99499572329  1.769999E-16
8492.97194449995  1.824116E-16
8494.9488932766  2.025414E-16
8496.92584205325  2.304440E-16
8498.9027908299  2.516638E-16
8500.87973960656  2.605977E-16
8502.85668838321  2.622031E-16
8504.83363715986  2.705130E-16
8506.81058593651  2.835376E-16
8508.78753471317  2.842415E-16
8510.76448348982  2.813300E-16
8512.74143226647  2.824728E-16
8514.71838104312  2.910109E-16
8516.69532981978  2.931042E-16
8518.67227859643  2.829673E-16
8520.64922737308  2.657537E-16
8522.62617614974  2.531931E-16
8524.60312492639  2.533391E-16
8526.58007370304  2.673459E-16
8528.55702247969  2.780972E-16
8530.53397125635  2.774916E-16
8532.510920033  2.700290E-16
8534.48786880965  2.735545E-16
8536.4648175863  2.953849E-16
8538.44176636296  3.286944E-16
8540.41871513961  3.522182E-16
8542.39566391626  3.537819E-16
8544.37261269291  3.351653E-16
8546.34956146957  3.333233E-16
8548.32651024622  3.551077E-16
8550.30345902287  3.748775E-16
8552.28040779953  3.789059E-16
8554.25735657618  3.750786E-16
8556.23430535283  3.891404E-16
8558.21125412949  4.107649E-16
8560.18820290614  4.211282E-16
8562.16515168279  4.008880E-16
8564.14210045944  3.813153E-16
8566.1190492361  3.800927E-16
8568.09599801275  3.939983E-16
8570.0729467894  3.991731E-16
8572.04989556605  3.890077E-16
8574.0268443427  3.772390E-16
8576.00379311936  3.687778E-16
8577.98074189601  3.675307E-16
8579.95769067266  3.747733E-16
8581.93463944932  3.795321E-16
8583.91158822597  3.767227E-16
8585.88853700262  3.693350E-16
8587.86548577927  3.789717E-16
8589.84243455593  4.048195E-16
8591.81938333258  4.238906E-16
8593.79633210923  4.307662E-16
8595.77328088588  4.322948E-16
8597.75022966254  4.445539E-16
8599.72717843919  4.630401E-16
8601.70412721584  4.813434E-16
8603.6810759925  4.935108E-16
8605.65802476915  4.925208E-16
8607.6349735458  4.797967E-16
8609.61192232245  4.643057E-16
8611.58887109911  4.542779E-16
8613.56581987576  4.453576E-16
8615.54276865241  4.229917E-16
8617.51971742907  4.140756E-16
8619.49666620572  4.207464E-16
8621.47361498237  4.196127E-16
8623.45056375902  4.087183E-16
8625.42751253568  3.958490E-16
8627.40446131233  3.957287E-16
8629.38141008898  3.962860E-16
8631.35835886563  3.992104E-16
8633.33530764229  4.192096E-16
8635.31225641894  4.394153E-16
8637.28920519559  4.482462E-16
8639.26615397225  4.436457E-16
8641.2431027489  4.506408E-16
8643.22005152555  4.697315E-16
8645.1970003022  4.766764E-16
8647.17394907886  4.728676E-16
8649.15089785551  4.694515E-16
8651.12784663216  4.827245E-16
8653.10479540881  4.868490E-16
8655.08174418547  4.762794E-16
8657.05869296212  4.678242E-16
8659.03564173877  4.650882E-16
8661.01259051542  4.581752E-16
8662.98953929208  4.279624E-16
8664.96648806873  4.041928E-16
8666.94343684538  3.982700E-16
8668.92038562204  3.989441E-16
8670.89733439869  3.966511E-16
8672.87428317534  3.910827E-16
8674.85123195199  3.915729E-16
8676.82818072865  3.976055E-16
8678.8051295053  4.085926E-16
8680.78207828195  4.236885E-16
8682.75902705861  4.324896E-16
8684.73597583526  4.305581E-16
8686.71292461191  4.211046E-16
8688.68987338856  4.290983E-16
8690.66682216522  4.531345E-16
8692.64377094187  4.657787E-16
8694.62071971852  4.637036E-16
8696.59766849517  4.516028E-16
8698.57461727183  4.401180E-16
8700.55156604848  4.284744E-16
8702.52851482513  4.170060E-16
8704.50546360178  4.077722E-16
8706.48241237844  3.977630E-16
8708.45936115509  3.903959E-16
8710.43630993174  3.939869E-16
8712.4132587084  3.993823E-16
8714.39020748505  3.983693E-16
8716.3671562617  3.866451E-16
8718.34410503835  3.788328E-16
8720.321053815  3.742574E-16
8722.29800259166  3.577965E-16
8724.27495136831  3.514939E-16
8726.25190014496  3.665070E-16
8728.22884892161  3.982952E-16
8730.20579769827  4.194026E-16
8732.18274647492  4.180976E-16
8734.15969525157  4.028935E-16
8736.13664402823  4.044582E-16
8738.11359280488  4.248415E-16
8740.09054158153  4.362517E-16
8742.06749035819  4.368419E-16
8744.04443913484  4.250364E-16
8746.02138791149  4.003166E-16
8747.99833668814  3.742000E-16
8749.9752854648  3.576088E-16
8751.95223424145  3.570882E-16
8753.9291830181  3.551103E-16
8755.90613179475  3.460348E-16
8757.88308057141  3.383420E-16
8759.86002934806  3.387702E-16
8761.83697812471  3.421211E-16
8763.81392690136  3.335936E-16
8765.79087567802  3.242853E-16
8767.76782445467  3.272344E-16
8769.74477323132  3.518767E-16
8771.72172200797  3.754368E-16
8773.69867078463  3.852796E-16
8775.67561956128  3.837670E-16
8777.65256833793  3.787936E-16
8779.62951711459  3.753535E-16
8781.60646589124  3.733854E-16
8783.58341466789  3.822447E-16
8785.56036344454  3.956702E-16
8787.5373122212  3.942314E-16
8789.51426099785  3.844025E-16
8791.4912097745  3.716806E-16
8793.46815855116  3.584038E-16
8795.44510732781  3.378966E-16
8797.42205610446  3.156650E-16
8799.39900488111  3.077573E-16
8801.37595365776  3.146400E-16
8803.35290243442  3.260663E-16
8805.32985121107  3.252326E-16
8807.30679998772  3.139429E-16
8809.28374876438  3.028192E-16
8811.26069754103  3.063707E-16
8813.23764631768  3.148827E-16
8815.21459509433  3.156634E-16
8817.19154387099  2.987312E-16
8819.16849264764  2.797395E-16
8821.14544142429  2.730870E-16
8823.12239020095  2.861264E-16
8825.0993389776  3.050693E-16
8827.07628775425  3.193494E-16
8829.05323653091  3.255585E-16
8831.03018530756  3.361022E-16
8833.00713408421  3.478315E-16
8834.98408286086  3.428808E-16
8836.96103163751  3.234607E-16
8838.93798041417  3.019238E-16
8840.91492919082  2.961517E-16
8842.89187796747  2.946811E-16
8844.86882674413  2.910471E-16
8846.84577552078  2.867460E-16
8848.82272429743  2.761133E-16
8850.79967307408  2.618985E-16
8852.77662185074  2.540567E-16
8854.75357062739  2.498083E-16
8856.73051940404  2.480034E-16
8858.70746818069  2.496657E-16
8860.68441695735  2.496123E-16
8862.661365734  2.462707E-16
8864.63831451065  2.423172E-16
8866.61526328731  2.487274E-16
8868.59221206396  2.651457E-16
8870.56916084061  2.795210E-16
8872.54610961726  2.840700E-16
8874.52305839392  2.760581E-16
8876.50000717057  2.588635E-16
8878.47695594722  2.386169E-16
8880.45390472388  2.240605E-16
8882.43085350053  2.235104E-16
8884.40780227718  2.298403E-16
8886.38475105383  2.350748E-16
8888.36169983049  2.337025E-16
8890.33864860714  2.239914E-16
8892.31559738379  2.141212E-16
8894.29254616044  2.186352E-16
8896.2694949371  2.224658E-16
8898.24644371375  2.206178E-16
8900.2233924904  2.201378E-16
8902.20034126705  2.136563E-16
8904.17729004371  2.000824E-16
8906.15423882036  1.852305E-16
8908.13118759701  1.859012E-16
8910.10813637367  2.016516E-16
8912.08508515032  2.150457E-16
8914.06203392697  2.165366E-16
8916.03898270362  2.105037E-16
8918.01593148028  2.132089E-16
8919.99288025693  2.250218E-16
8921.96982903358  2.395459E-16
8923.94677781023  2.461063E-16
8925.92372658688  2.500255E-16
8927.90067536354  2.515132E-16
8929.87762414019  2.455380E-16
8931.85457291684  2.333488E-16
8933.8315216935  2.246977E-16
8935.80847047015  2.339662E-16
8937.7854192468  2.358958E-16
8939.76236802346  2.217855E-16
8941.73931680011  2.033825E-16
8943.71626557676  1.982584E-16
8945.69321435341  2.086274E-16
8947.67016313007  2.204103E-16
8949.64711190672  2.193161E-16
8951.62406068337  2.093409E-16
8953.60100946003  2.108289E-16
8955.57795823668  2.147316E-16
8957.55490701333  2.138879E-16
8959.53185578998  2.060660E-16
8961.50880456663  2.111335E-16
8963.48575334329  2.265370E-16
8965.46270211994  2.284188E-16
8967.43965089659  2.204860E-16
8969.41659967324  2.170375E-16
8971.3935484499  2.368412E-16
8973.37049722655  2.413008E-16
8975.3474460032  2.228553E-16
8977.32439477986  2.084016E-16
8979.30134355651  1.950590E-16
8981.27829233316  1.851190E-16
8983.25524110981  1.850623E-16
8985.23218988647  1.945692E-16
8987.20913866312  2.017270E-16
8989.18608743977  1.878240E-16
8991.16303621642  1.787971E-16
8993.13998499308  1.843673E-16
8995.11693376973  1.941684E-16
8997.09388254638  1.938044E-16
8999.07083132304  1.886077E-16
9001.04778009969  2.013194E-16
9003.02472887634  2.200497E-16
9005.00167765299  2.301669E-16
9006.97862642965  2.202963E-16
9008.9555752063  2.110943E-16
9010.93252398295  2.140388E-16
9012.9094727596  2.264708E-16
9014.88642153626  2.339427E-16
9016.86337031291  2.303076E-16
9018.84031908956  2.200382E-16
9020.81726786622  2.146660E-16
9022.79421664287  2.102413E-16
9024.77116541952  1.892290E-16
9026.74811419617  1.704660E-16
9028.72506297283  1.635507E-16
9030.70201174948  1.653445E-16
9032.67896052613  1.681844E-16
9034.65590930279  1.704290E-16
9036.63285807944  1.771322E-16
9038.60980685609  1.819045E-16
9040.58675563274  1.843236E-16
9042.56370440939  1.897304E-16
9044.54065318605  1.892015E-16
9046.5176019627  1.814990E-16
9048.49455073935  1.736889E-16
9050.47149951601  1.756328E-16
9052.44844829266  1.851379E-16
9054.42539706931  1.886788E-16
9056.40234584597  1.963554E-16
9058.37929462262  2.035250E-16
9060.35624339927  1.924219E-16
9062.33319217592  1.851956E-16
9064.31014095258  1.867485E-16
9066.28708972923  1.829657E-16
9068.26403850588  1.787260E-16
9070.24098728254  1.771561E-16
9072.21793605919  1.783755E-16
9074.19488483584  1.727701E-16
9076.17183361249  1.590995E-16
9078.14878238914  1.453212E-16
9080.1257311658  1.366735E-16
9082.10267994245  1.355709E-16
9084.0796287191  1.408712E-16
9086.05657749575  1.523619E-16
9088.03352627241  1.657580E-16
9090.01047504906  1.741132E-16
9091.98742382571  1.786312E-16
9093.96437260237  1.827012E-16
9095.94132137902  1.906142E-16
9097.91827015567  1.785643E-16
9099.89521893233  1.586865E-16
9101.87216770898  1.742166E-16
9103.84911648563  2.028529E-16
9105.82606526228  2.215434E-16
9107.80301403893  2.155938E-16
9109.77996281559  2.108093E-16
9111.75691159224  2.142875E-16
9113.73386036889  2.111374E-16
9115.71080914555  2.056052E-16
9117.6877579222  2.021621E-16
9119.66470669885  2.039778E-16
9121.6416554755  1.971007E-16
9123.61860425216  1.809212E-16
9125.59555302881  1.687575E-16
9127.57250180546  1.695078E-16
9129.54945058211  1.798862E-16
9131.52639935877  1.857835E-16
9133.50334813542  1.930692E-16
9135.48029691207  2.016422E-16
9137.45724568873  2.050462E-16
9139.43419446538  2.080861E-16
9141.41114324203  2.115891E-16
9143.38809201868  2.122572E-16
9145.36504079534  2.132314E-16
9147.34198957199  2.177768E-16
9149.31893834864  2.280369E-16
9151.2958871253  2.361361E-16
9153.27283590195  2.401099E-16
9155.2497846786  2.443167E-16
9157.22673345525  2.458978E-16
9159.2036822319  2.406799E-16
9161.18063100856  2.249067E-16
9163.15757978521  2.093117E-16
9165.13452856186  1.990792E-16
9167.11147733852  1.922195E-16
9169.08842611517  1.937918E-16
9171.06537489182  2.029165E-16
9173.04232366847  2.129032E-16
9175.01927244513  2.050462E-16
9176.99622122178  1.811405E-16
9178.97316999843  1.629343E-16
9180.95011877508  1.683320E-16
9182.92706755174  1.923177E-16
9184.90401632839  2.092314E-16
9186.88096510504  2.094238E-16
9188.85791388169  2.013366E-16
9190.83486265835  2.071489E-16
9192.811811435  2.239741E-16
9194.78876021165  2.350459E-16
9196.76570898831  2.170000E-16
9198.74265776496  1.862858E-16
9200.71960654161  1.661206E-16
9202.69655531826  1.771180E-16
9204.67350409492  1.763848E-16
9206.65045287157  1.552762E-16
9208.62740164822  1.432992E-16
9210.60435042488  1.474949E-16
9212.58129920153  1.588927E-16
9214.55824797818  1.556903E-16
9216.53519675483  1.461811E-16
9218.51214553149  1.358046E-16
9220.48909430814  1.249225E-16
9222.46604308479  1.157956E-16
9224.44299186144  1.127597E-16
9226.4199406381  1.206244E-16
9228.39688941475  1.229131E-16
9230.3738381914  1.136967E-16
9232.35078696805  1.001605E-16
9234.32773574471  9.806605E-17
9236.30468452136  1.097982E-16
9238.28163329801  1.234637E-16
9240.25858207466  1.409608E-16
9242.23553085132  1.602890E-16
9244.21247962797  1.756554E-16
9246.18942840462  1.737140E-16
9248.16637718128  1.571884E-16
9250.14332595793  1.438697E-16
9252.12027473458  1.382315E-16
9254.09722351123  1.386498E-16
9256.07417228789  1.385526E-16
9258.05112106454  1.369096E-16
9260.02806984119  1.343129E-16
9262.00501861785  1.324674E-16
9263.9819673945  1.374064E-16
9265.95891617115  1.441716E-16
9267.9358649478  1.384607E-16
9269.91281372446  1.420462E-16
9271.88976250111  1.497655E-16
9273.86671127776  1.322779E-16
9275.84366005441  1.105209E-16
9277.82060883107  1.094865E-16
9279.79755760772  1.484570E-16
9281.77450638437  1.800941E-16
9283.75145516102  1.917448E-16
9285.72840393768  2.099740E-16
9287.70535271433  2.223504E-16
9289.68230149098  2.218947E-16
9291.65925026764  2.092173E-16
9293.63619904429  2.068190E-16
9295.61314782094  2.112938E-16
9297.59009659759  1.949243E-16
9299.56704537425  1.689665E-16
9301.5439941509  1.452265E-16
9303.52094292755  1.321965E-16
9305.4978917042  1.197376E-16
9307.47484048086  1.137451E-16
9309.45178925751  1.334893E-16
9311.42873803416  1.725244E-16
9313.40568681081  2.003881E-16
9315.38263558747  1.746014E-16
9317.35958436412  1.335812E-16
9319.33653314077  1.125822E-16
9321.31348191743  1.295387E-16
9323.29043069408  1.470301E-16
9325.26737947073  1.503637E-16
9327.24432824738  1.538305E-16
9329.22127702404  1.608936E-16
9331.19822580069  1.661448E-16
9333.17517457734  1.568488E-16
9335.152123354  1.479273E-16
9337.12907213065  1.435483E-16
9339.1060209073  1.356425E-16
9341.08296968395  1.324682E-16
9343.05991846061  1.339452E-16
9345.03686723726  1.321549E-16
9347.01381601391  1.312970E-16
9348.99076479056  1.364441E-16
9350.96771356722  1.510725E-16
9352.94466234387  1.684983E-16
9354.92161112052  1.774945E-16
9356.89855989718  1.672321E-16
9358.87550867383  1.456488E-16
9360.85245745048  1.362453E-16
9362.82940622713  1.679461E-16
9364.80635500379  1.995534E-16
9366.78330378044  1.992701E-16
9368.76025255709  1.579256E-16
9370.73720133374  1.421128E-16
9372.7141501104  1.657978E-16
9374.69109888705  1.845661E-16
9376.6680476637  1.813519E-16
9378.64499644035  1.653121E-16
9380.62194521701  1.683115E-16
9382.59889399366  1.744162E-16
9384.57584277031  1.785546E-16
9386.55279154697  1.885085E-16
9388.52974032362  1.910733E-16
9390.50668910027  1.810118E-16
9392.48363787693  1.628736E-16
9394.46058665358  1.531821E-16
9396.43753543023  1.529451E-16
9398.41448420688  1.474118E-16
9400.39143298353  1.348699E-16
9402.36838176019  1.188344E-16
9404.34533053684  1.074254E-16
9406.32227931349  1.013679E-16
9408.29922809015  1.098616E-16
9410.2761768668  1.469884E-16
9412.25312564345  1.811956E-16
9414.2300744201  2.010296E-16
9416.20702319676  2.185002E-16
9418.18397197341  2.268703E-16
9420.16092075006  2.211384E-16
9422.13786952671  1.998272E-16
9424.11481830337  1.795639E-16
9426.09176708002  1.666896E-16
9428.06871585667  1.556420E-16
9430.04566463332  1.534362E-16
9432.02261340998  1.619001E-16
9433.99956218663  1.770912E-16
9435.97651096328  1.754843E-16
9437.95345973994  1.618813E-16
9439.93040851659  1.665964E-16
9441.90735729324  1.784359E-16
9443.88430606989  1.778856E-16
9445.86125484655  1.456559E-16
9447.8382036232  1.120793E-16
9449.81515239985  1.002218E-16
9451.79210117651  1.163765E-16
9453.76904995316  1.564531E-16
9455.74599872981  1.920421E-16
9457.72294750646  1.817613E-16
9459.69989628312  1.647001E-16
9461.67684505977  1.628393E-16
9463.65379383642  1.718633E-16
9465.63074261307  1.657362E-16
9467.60769138973  1.480406E-16
9469.58464016638  1.515918E-16
9471.56158894303  1.601357E-16
9473.53853771968  1.690488E-16
9475.51548649634  1.864735E-16
9477.49243527299  2.165591E-16
9479.46938404964  2.385287E-16
9481.4463328263  2.149703E-16
9483.42328160295  1.777371E-16
9485.4002303796  1.607798E-16
9487.37717915625  1.864614E-16
9489.35412793291  2.038203E-16
9491.33107670956  1.942703E-16
9493.30802548621  1.795884E-16
9495.28497426286  1.734105E-16
9497.26192303952  1.772663E-16
9499.23887181617  1.794935E-16
9501.21582059282  1.692852E-16
9503.19276936947  1.485269E-16
9505.16971814613  1.313089E-16
9507.14666692278  1.370810E-16
9509.12361569943  1.599489E-16
9511.10056447608  1.711927E-16
9513.07751325274  1.650836E-16
9515.05446202939  1.511675E-16
9517.03141080604  1.504590E-16
9519.0083595827  1.757427E-16
9520.98530835935  2.196814E-16
9522.962257136  2.569703E-16
9524.93920591266  2.595880E-16
9526.91615468931  2.261752E-16
9528.89310346596  1.823273E-16
9530.87005224261  1.625592E-16
9532.84700101927  1.694923E-16
9534.82394979592  1.741102E-16
9536.80089857257  1.576291E-16
9538.77784734922  1.321973E-16
9540.75479612588  1.352096E-16
9542.73174490253  1.669158E-16
9544.70869367918  1.951062E-16
9546.68564245583  1.683228E-16
9548.66259123249  1.368909E-16
9550.63954000914  1.287186E-16
9552.61648878579  1.378544E-16
9554.59343756244  1.501700E-16
9556.5703863391  1.595999E-16
9558.54733511575  1.708693E-16
9560.5242838924  1.680471E-16
9562.50123266906  1.505128E-16
9564.47818144571  1.336567E-16
9566.45513022236  1.591272E-16
9568.43207899902  2.217906E-16
9570.40902777566  2.709883E-16
9572.38597655232  2.872667E-16
9574.36292532897  2.728679E-16
9576.33987410562  2.502033E-16
9578.31682288228  2.227367E-16
9580.29377165893  2.028999E-16
9582.27072043558  2.086739E-16
9584.24766921224  2.033502E-16
9586.22461798889  1.885331E-16
9588.20156676554  2.026326E-16
9590.17851554219  2.251365E-16
9592.15546431885  2.246968E-16
9594.1324130955  1.720627E-16
9596.10936187215  1.347357E-16
9598.0863106488  1.403010E-16
9600.06325942546  1.654233E-16
9602.04020820211  1.943182E-16
9604.01715697876  2.163230E-16
9605.99410575541  2.296348E-16
9607.97105453207  2.206343E-16
9609.94800330872  1.939127E-16
9611.92495208537  1.703078E-16
9613.90190086203  1.794182E-16
9615.87884963868  2.078604E-16
9617.85579841533  2.058108E-16
9619.83274719198  1.948385E-16
9621.80969596864  2.004033E-16
9623.78664474529  2.401081E-16
9625.76359352194  2.717801E-16
9627.74054229859  2.666927E-16
9629.71749107525  2.220449E-16
9631.6944398519  1.912730E-16
9633.67138862855  1.996261E-16
9635.64833740521  2.337135E-16
9637.62528618186  2.585187E-16
9639.60223495851  2.564037E-16
9641.57918373516  2.341771E-16
9643.55613251182  2.139102E-16
9645.53308128847  2.064679E-16
9647.51003006512  2.074526E-16
9649.48697884178  2.028058E-16
9651.46392761843  1.937607E-16
9653.44087639508  1.964715E-16
9655.41782517173  2.142914E-16
9657.39477394838  2.350343E-16
9659.37172272504  2.354839E-16
9661.34867150169  2.266042E-16
9663.32562027834  2.171713E-16
9665.302569055  2.102204E-16
9667.27951783165  2.123753E-16
9669.2564666083  2.234232E-16
9671.23341538495  2.359365E-16
9673.21036416161  2.316207E-16
9675.18731293826  2.013314E-16
9677.16426171491  1.496102E-16
9679.14121049157  1.175429E-16
9681.11815926822  1.241924E-16
9683.09510804487  1.598130E-16
9685.07205682152  1.949282E-16
9687.04900559818  2.188109E-16
