3250.27085562798  0.133947
3252.2407167526  0.0962959
3254.21057787723  0.0775776
3256.18043900185  0.100853
3258.15030012647  0.127187
3260.1201612511  0.0713525
3262.09002237572  0.104409
3264.05988350034  0.154425
3266.02974462496  0.166903
3267.99960574959  0.16198
3269.96946687421  0.157057
3271.93932799883  0.152134
3273.90918912346  0.147212
3275.87905024808  0.142289
3277.8489113727  0.137366
3279.81877249733  0.137366
3281.78863362195  0.117639
3283.75849474657  0.117639
3285.72835587119  0.134513
3287.69821699582  0.129616
3289.66807812044  0.124719
3291.63793924506  0.124719
3293.60780036969  0.102421
3295.57766149431  0.079285
3297.54752261893  0.12305
3299.51738374356  0.0913271
3301.48724486818  0.0885801
3303.4571059928  0.0887983
3305.42696711742  0.0793661
3307.39682824205  0.0653797
3309.36668936667  0.0952352
3311.33655049129  0.102046
3313.30641161592  0.17522
3315.27627274054  0.167623
3317.24613386516  0.0962084
3319.21599498979  0.0677416
3321.18585611441  0.0961602
3323.15571723903  0.0411405
3325.12557836365  0.0578688
3327.09543948828  0.106046
3329.0653006129  0.162723
3331.03516173752  0.144347
3333.00502286215  0.0451654
3334.97488398677  0.0814992
3336.94474511139  0.0635977
3338.91460623602  0.175283
3340.88446736064  0.184114
3342.85432848526  0.132589
3344.82418960989  0.152685
3346.79405073451  0.120436
3348.76391185913  0.0581467
3350.73377298375  0.0511565
3352.70363410838  0.0729163
3354.673495233  0.0867186
3356.64335635762  0.0993086
3358.61321748225  0.144129
3360.58307860687  0.135547
3362.55293973149  0.0857969
3364.52280085611  0.0639194
3366.49266198074  0.058842
3368.46252310536  0.104271
3370.43238422998  0.0934976
3372.40224535461  0.109307
3374.37210647923  0.0999488
3376.34196760385  0.196664
3378.31182872848  0.0857905
3380.2816898531  0.0824154
3382.25155097772  0.14437
3384.22141210235  0.144378
3386.19127322697  0.12487
3388.16113435159  0.112494
3390.13099547621  0.106241
3392.10085660084  0.145312
3394.07071772546  0.109764
3396.04057885008  0.133312
3398.01043997471  0.140574
3399.98030109933  0.149575
3401.95016222395  0.190824
3403.92002334858  0.15416
3405.8898844732  0.1508
3407.85974559782  0.181523
3409.82960672244  0.207932
3411.79946784707  0.169295
3413.76932897169  0.174981
3415.73919009631  0.10129
3417.70905122094  0.163867
3419.67891234556  0.148058
3421.64877347018  0.19129
3423.61863459481  0.200154
3425.58849571943  0.240936
3427.55835684405  0.249009
3429.52821796867  0.181856
3431.4980790933  0.187474
3433.46794021792  0.205088
3435.43780134254  0.125635
3437.40766246717  0.195152
3439.37752359179  0.225776
3441.34738471641  0.188457
3443.31724584104  0.139106
3445.28710696566  0.149022
3447.25696809028  0.177451
3449.22682921491  0.145786
3451.19669033953  0.144514
3453.16655146415  0.172761
3455.13641258877  0.215145
3457.1062737134  0.185808
3459.07613483802  0.220098
3461.04599596264  0.192244
3463.01585708727  0.124719
3464.98571821189  0.161957
3466.95557933651  0.19807
3468.92544046114  0.132044
3470.89530158576  0.177327
3472.86516271038  0.203345
3474.835023835  0.177898
3476.80488495963  0.166846
3478.77474608425  0.150553
3480.74460720887  0.163401
3482.7144683335  0.212884
3484.68432945812  0.192377
3486.65419058274  0.190716
3488.62405170737  0.214154
3490.59391283199  0.150154
3492.56377395661  0.227357
3494.53363508124  0.205017
3496.50349620586  0.209665
3498.47335733048  0.234322
3500.4432184551  0.211678
3502.41307957973  0.192854
3504.38294070435  0.234958
3506.35280182897  0.21343
3508.3226629536  0.155717
3510.29252407822  0.178595
3512.26238520284  0.172064
3514.23224632746  0.191375
3516.20210745209  0.232655
3518.17196857671  0.257213
3520.14182970133  0.189274
3522.11169082596  0.18934
3524.08155195058  0.224582
3526.0514130752  0.247157
3528.02127419983  0.186738
3529.99113532445  0.20234
3531.96099644907  0.221222
3533.93085757369  0.180119
3535.90071869832  0.178379
3537.87057982294  0.195881
3539.84044094756  0.229301
3541.81030207219  0.209385
3543.78016319681  0.204643
3545.75002432143  0.211481
3547.71988544606  0.227322
3549.68974657068  0.201262
3551.6596076953  0.206625
3553.62946881992  0.217908
3555.59932994455  0.208724
3557.56919106917  0.177022
3559.53905219379  0.160177
3561.50891331842  0.186477
3563.47877444304  0.191895
3565.44863556766  0.211364
3567.41849669229  0.197918
3569.38835781691  0.207118
3571.35821894153  0.223992
3573.32808006615  0.217382
3575.29794119078  0.225742
3577.2678023154  0.199213
3579.23766344002  0.18827
3581.20752456465  0.236913
3583.17738568927  0.228189
3585.14724681389  0.226119
3587.11710793852  0.193826
3589.08696906314  0.227482
3591.05683018776  0.200443
3593.02669131239  0.209137
3594.99655243701  0.248511
3596.96641356163  0.225864
3598.93627468625  0.237177
3600.90613581088  0.216312
3602.8759969355  0.196839
3604.84585806012  0.195651
3606.81571918475  0.203898
3608.78558030937  0.208367
3610.75544143399  0.185223
3612.72530255862  0.171461
3614.69516368324  0.165354
3616.66502480786  0.175028
3618.63488593248  0.195337
3620.60474705711  0.194239
3622.57460818173  0.165442
3624.54446930635  0.175549
3626.51433043098  0.198417
3628.4841915556  0.231372
3630.45405268022  0.220837
3632.42391380485  0.173008
3634.39377492947  0.175847
3636.36363605409  0.17284
3638.33349717872  0.208697
3640.30335830334  0.19379
3642.27321942796  0.203435
3644.24308055258  0.17714
3646.21294167721  0.190292
3648.18280280183  0.211715
3650.15266392645  0.151888
3652.12252505108  0.174708
3654.0923861757  0.194986
3656.06224730032  0.18755
3658.03210842495  0.180113
3660.00196954957  0.172677
3661.97183067419  0.172677
3663.94169179881  0.198011
3665.91155292344  0.188922
3667.88141404806  0.174479
3669.85127517268  0.179256
3671.82113629731  0.187317
3673.79099742193  0.172808
3675.76085854655  0.154106
3677.73071967118  0.15636
3679.7005807958  0.155177
3681.67044192042  0.162657
3683.64030304504  0.134425
3685.61016416967  0.14544
3687.58002529429  0.168804
3689.54988641891  0.128683
3691.51974754354  0.104299
3693.48960866816  0.161353
3695.45946979278  0.108084
3697.42933091741  0.16711
3699.39919204203  0.161046
3701.36905316665  0.141214
3703.33891429127  0.113059
3705.3087754159  0.117016
3707.27863654052  0.112071
3709.24849766514  0.109484
3711.21835878977  0.109547
3713.18821991439  0.0970371
3715.15808103901  0.0722644
3717.12794216364  0.116081
3719.09780328826  0.116702
3721.06766441288  0.104259
3723.03752553751  0.121077
3725.00738666213  0.140055
3726.97724778675  0.157755
3728.94710891137  0.129899
3730.916970036  0.101199
3732.88683116062  0.0715312
3734.85669228524  0.0441574
3736.82655340987  0.0607565
3738.79641453449  0.0665526
3740.76627565911  0.0758427
3742.73613678373  0.0781177
3744.70599790836  0.08226
3746.67585903298  0.0848383
3748.6457201576  0.071071
3750.61558128223  0.0781379
3752.58544240685  0.0684804
3754.55530353147  0.0691309
3756.5251646561  0.0880953
3758.49502578072  0.0900043
3760.46488690534  0.0969293
3762.43474802996  0.0895451
3764.40460915459  0.0869881
3766.37447027921  0.081143
3768.34433140383  0.0760446
3770.31419252846  0.0941357
3772.28405365308  0.0773574
3774.2539147777  0.088138
3776.22377590233  0.122045
3778.19363702695  0.0924693
3780.16349815157  0.088622
3782.1333592762  0.0724862
3784.10322040082  0.0523176
3786.07308152544  0.0558549
3788.04294265006  0.0948507
3790.01280377469  0.080811
3791.98266489931  0.0938653
3793.95252602393  0.117739
3795.92238714856  0.103505
3797.89224827318  0.0938627
3799.8621093978  0.0837009
3801.83197052243  0.0860551
3803.80183164705  0.10684
3805.77169277167  0.112041
3807.74155389629  0.118476
3809.71141502092  0.11874
3811.68127614554  0.119921
3813.65113727016  0.128095
3815.62099839479  0.137767
3817.59085951941  0.15001
3819.56072064403  0.153126
3821.53058176866  0.122762
3823.50044289328  0.126739
3825.4703040179  0.113469
3827.44016514252  0.149157
3829.41002626715  0.156796
3831.37988739177  0.151545
3833.34974851639  0.156993
3835.31960964102  0.160821
3837.28947076564  0.16951
3839.25933189026  0.177181
3841.22919301489  0.177152
3843.19905413951  0.155612
3845.16891526413  0.160552
3847.13877638875  0.175953
3849.10863751338  0.164813
3851.078498638  0.17899
3853.04835976262  0.196429
3855.01822088725  0.243325
3856.98808201187  0.236536
3858.95794313649  0.228164
3860.92780426112  0.227736
3862.89766538574  0.243768
3864.86752651036  0.260713
3866.83738763499  0.232745
3868.80724875961  0.262901
3870.77710988423  0.268798
3872.74697100885  0.255445
3874.71683213348  0.256658
3876.6866932581  0.259464
3878.65655438272  0.26227
3880.62641550735  0.265076
3882.59627663197  0.267882
3884.56613775659  0.267882
3886.53599888122  0.286405
3888.50586000584  0.262392
3890.47572113046  0.271858
3892.44558225508  0.271112
3894.41544337971  0.285441
3896.38530450433  0.275887
3898.35516562895  0.267608
3900.32502675358  0.274166
3902.2948878782  0.290275
3904.26474900282  0.305125
3906.23461012745  0.294692
3908.20447125207  0.294121
3910.17433237669  0.310147
3912.14419350131  0.325051
3914.11405462594  0.314017
3916.08391575056  0.310355
3918.05377687518  0.32064
3920.02363799981  0.312465
3921.99349912443  0.324401
3923.96336024905  0.350122
3925.93322137368  0.321428
3927.9030824983  0.333376
3929.87294362292  0.331153
3931.84280474754  0.344719
3933.81266587217  0.342283
3935.78252699679  0.340825
3937.75238812141  0.380731
3939.72224924604  0.37064
3941.69211037066  0.386955
3943.66197149528  0.37234
3945.63183261991  0.38347
3947.60169374453  0.379661
3949.57155486915  0.385556
3951.54141599377  0.382965
3953.5112771184  0.365656
3955.48113824302  0.396379
3957.45099936764  0.408069
3959.42086049227  0.387558
3961.39072161689  0.41681
3963.36058274151  0.391591
3965.33044386614  0.402535
3967.30030499076  0.417951
3969.27016611538  0.415723
3971.24002724001  0.414949
3973.20988836463  0.42999
3975.17974948925  0.410018
3977.14961061387  0.41088
3979.1194717385  0.397269
3981.08933286312  0.400373
3983.05919398774  0.421106
3985.02905511237  0.425398
3986.99891623699  0.416006
3988.96877736161  0.39697
3990.93863848624  0.408884
3992.90849961086  0.432934
3994.87836073548  0.428205
3996.8482218601  0.413482
3998.81808298473  0.412117
4000.78794410935  0.425201
4002.75780523397  0.445969
4004.7276663586  0.43434
4006.69752748322  0.41124
4008.66738860784  0.401418
4010.63724973247  0.392391
4012.60711085709  0.417174
4014.57697198171  0.414178
4016.54683310633  0.390297
4018.51669423096  0.403891
4020.48655535558  0.41366
4022.4564164802  0.392078
4024.42627760483  0.400737
4026.39613872945  0.402083
4028.36599985407  0.394585
4030.3358609787  0.396376
4032.30572210332  0.394503
4034.27558322794  0.387636
4036.24544435256  0.383204
4038.21530547719  0.379
4040.18516660181  0.37662
4042.15502772643  0.369669
4044.12488885106  0.35757
4046.09474997568  0.379159
4048.0646111003  0.378262
4050.03447222493  0.335659
4052.00433334955  0.363816
4053.97419447417  0.384382
4055.9440555988  0.35835
4057.91391672342  0.342897
4059.88377784804  0.339234
4061.85363897266  0.353787
4063.82350009729  0.354161
4065.79336122191  0.353156
4067.76322234653  0.342792
4069.73308347116  0.359187
4071.70294459578  0.350304
4073.6728057204  0.336318
4075.64266684503  0.340811
4077.61252796965  0.350678
4079.58238909427  0.35928
4081.55225021889  0.352234
4083.52211134352  0.334459
4085.49197246814  0.339705
4087.46183359276  0.349098
4089.43169471739  0.334265
4091.40155584201  0.325986
4093.37141696663  0.333659
4095.34127809126  0.308274
4097.31113921588  0.310438
4099.2810003405  0.320081
4101.25086146512  0.316383
4103.22072258975  0.299624
4105.19058371437  0.293836
4107.16044483899  0.282185
4109.13030596362  0.280937
4111.10016708824  0.29937
4113.07002821286  0.299967
4115.03988933749  0.329177
4117.00975046211  0.315843
4118.97961158673  0.29975
4120.94947271135  0.31223
4122.91933383598  0.309165
4124.8891949606  0.304816
4126.85905608522  0.297958
4128.82891720985  0.274534
4130.79877833447  0.302026
4132.76863945909  0.317698
4134.73850058372  0.303993
4136.70836170834  0.304898
4138.67822283296  0.310676
4140.64808395758  0.307281
4142.61794508221  0.29268
4144.58780620683  0.289748
4146.55766733145  0.306704
4148.52752845608  0.317803
4150.4973895807  0.313737
4152.46725070532  0.303308
4154.43711182995  0.294926
4156.40697295457  0.309229
4158.37683407919  0.300001
4160.34669520381  0.273096
4162.31655632844  0.298837
4164.28641745306  0.308389
4166.25627857768  0.274677
4168.22613970231  0.270535
4170.19600082693  0.278565
4172.16586195155  0.265327
4174.13572307618  0.265925
4176.1055842008  0.284099
4178.07544532542  0.291015
4180.04530645005  0.305183
4182.01516757467  0.269433
4183.98502869929  0.270122
4185.95488982391  0.295791
4187.92475094854  0.288153
4189.89461207316  0.293435
4191.86447319778  0.282982
4193.83433432241  0.280645
4195.80419544703  0.287706
4197.77405657165  0.27469
4199.74391769628  0.281145
4201.7137788209  0.288395
4203.68363994552  0.274633
4205.65350107014  0.283371
4207.62336219477  0.290422
4209.59322331939  0.294216
4211.56308444401  0.282527
4213.53294556864  0.283543
4215.50280669326  0.28065
4217.47266781788  0.282165
4219.44252894251  0.280613
4221.41239006713  0.269592
4223.38225119175  0.286403
4225.35211231637  0.293526
4227.321973441  0.291993
4229.29183456562  0.284603
4231.26169569024  0.274944
4233.23155681487  0.28131
4235.20141793949  0.283637
4237.17127906411  0.268633
4239.14114018874  0.276822
4241.11100131336  0.277534
4243.08086243798  0.288478
4245.0507235626  0.263839
4247.02058468723  0.255201
4248.99044581185  0.260744
4250.96030693647  0.262899
4252.9301680611  0.26848
4254.90002918572  0.267885
4256.86989031034  0.236841
4258.83975143497  0.223048
4260.80961255959  0.249866
4262.77947368421  0.272931
4264.74933480884  0.264817
4266.71919593346  0.247588
4268.68905705808  0.26437
4270.6589181827  0.261785
4272.62877930733  0.25746
4274.59864043195  0.258974
4276.56850155657  0.250754
4278.5383626812  0.241876
4280.50822380582  0.248438
4282.47808493044  0.27526
4284.44794605507  0.258975
4286.41780717969  0.261281
4288.38766830431  0.252715
4290.35752942893  0.224648
4292.32739055356  0.220666
4294.29725167818  0.251386
4296.2671128028  0.239107
4298.23697392743  0.223459
4300.20683505205  0.228041
4302.17669617667  0.228051
4304.1465573013  0.229863
4306.11641842592  0.213953
4308.08627955054  0.217823
4310.05614067517  0.233685
4312.02600179979  0.222776
4313.99586292441  0.205399
4315.96572404903  0.221427
4317.93558517366  0.207844
4319.90544629828  0.206218
4321.8753074229  0.208424
4323.84516854753  0.214018
4325.81502967215  0.212439
4327.78489079677  0.216503
4329.75475192139  0.213302
4331.72461304602  0.211883
4333.69447417064  0.219943
4335.66433529527  0.209969
4337.63419641989  0.255885
4339.60405754451  0.257463
4341.57391866913  0.229027
4343.54377979376  0.233842
4345.51364091838  0.230211
4347.483502043  0.249957
4349.45336316762  0.253758
4351.42322429225  0.24263
4353.39308541687  0.217112
4355.36294654149  0.246171
4357.33280766612  0.253981
4359.30266879074  0.251497
4361.27252991536  0.265037
4363.24239103999  0.273555
4365.21225216461  0.250457
4367.18211328923  0.234874
4369.15197441386  0.245006
4371.12183553848  0.264767
4373.0916966631  0.26113
4375.06155778772  0.257974
4377.03141891235  0.258664
4379.00128003697  0.260458
4380.97114116159  0.267881
4382.94100228622  0.267155
4384.91086341084  0.258041
4386.88072453546  0.249645
4388.85058566009  0.257327
4390.82044678471  0.24612
4392.79030790933  0.257545
4394.76016903395  0.251676
4396.73003015858  0.251443
4398.6998912832  0.246615
4400.66975240782  0.239441
4402.63961353245  0.248631
4404.60947465707  0.239338
4406.57933578169  0.243641
4408.54919690632  0.242574
4410.51905803094  0.236054
4412.48891915556  0.250571
4414.45878028018  0.253157
4416.42864140481  0.245923
4418.39850252943  0.244239
4420.36836365405  0.242488
4422.33822477868  0.258336
4424.3080859033  0.249267
4426.27794702792  0.244305
4428.24780815255  0.263144
4430.21766927717  0.250929
4432.18753040179  0.248721
4434.15739152642  0.257678
4436.12725265104  0.255549
4438.09711377566  0.244612
4440.06697490028  0.246194
4442.03683602491  0.234427
4444.00669714953  0.237192
4445.97655827415  0.254983
4447.94641939878  0.275092
4449.9162805234  0.262625
4451.88614164802  0.260514
4453.85600277265  0.270669
4455.82586389727  0.279003
4457.79572502189  0.268749
4459.76558614652  0.277311
4461.73544727114  0.299218
4463.70530839576  0.302749
4465.67516952038  0.294345
4467.64503064501  0.289694
4469.61489176963  0.293737
4471.58475289425  0.291497
4473.55461401888  0.309071
4475.5244751435  0.313627
4477.49433626812  0.303404
4479.46419739275  0.309445
4481.43405851737  0.295656
4483.40391964199  0.312593
4485.37378076661  0.31298
4487.34364189124  0.298685
4489.31350301586  0.301703
4491.28336414048  0.315816
4493.25322526511  0.322341
4495.22308638973  0.323103
4497.19294751435  0.319918
4499.16280863897  0.317831
4501.1326697636  0.291864
4503.10253088822  0.338698
4505.07239201284  0.317685
4507.04225313747  0.329672
4509.01211426209  0.352884
4510.98197538671  0.34928
4512.95183651134  0.341745
4514.92169763596  0.343198
4516.89155876058  0.334781
4518.86141988521  0.337299
4520.83128100983  0.350273
4522.80114213445  0.344191
4524.77100325907  0.330082
4526.7408643837  0.341344
4528.71072550832  0.357763
4530.68058663294  0.353037
4532.65044775757  0.361299
4534.62030888219  0.36655
4536.59017000681  0.365762
4538.56003113143  0.359156
4540.52989225606  0.335035
4542.49975338068  0.365931
4544.46961450531  0.349529
4546.43947562993  0.368045
4548.40933675455  0.389014
4550.37919787917  0.382033
4552.3490590038  0.373737
4554.31892012842  0.386087
4556.28878125304  0.403821
4558.25864237766  0.411553
4560.22850350229  0.401777
4562.19836462691  0.393273
4564.16822575153  0.385973
4566.13808687616  0.394845
4568.10794800078  0.403473
4570.0778091254  0.409565
4572.04767025003  0.4138
4574.01753137465  0.414274
4575.98739249927  0.437174
4577.9572536239  0.444832
4579.92711474852  0.435786
4581.89697587314  0.429201
4583.86683699776  0.420543
4585.83669812239  0.426727
4587.80655924701  0.422071
4589.77642037163  0.438815
4591.74628149626  0.443698
4593.71614262088  0.447017
4595.6860037455  0.439585
4597.65586487013  0.431638
4599.62572599475  0.423544
4601.59558711937  0.425483
4603.56544824399  0.43639
4605.53530936862  0.441194
4607.50517049324  0.426483
4609.47503161786  0.435628
4611.44489274249  0.425721
4613.41475386711  0.417903
4615.38461499173  0.440583
4617.35447611636  0.444327
4619.32433724098  0.431611
4621.2941983656  0.446634
4623.26405949023  0.449853
4625.23392061485  0.444557
4627.20378173947  0.438367
4629.17364286409  0.452536
4631.14350398872  0.444858
4633.11336511334  0.454389
4635.08322623796  0.442818
4637.05308736259  0.458306
4639.02294848721  0.447579
4640.99280961183  0.451588
4642.96267073645  0.443224
4644.93253186108  0.445651
4646.9023929857  0.455397
4648.87225411032  0.457242
4650.84211523495  0.465119
4652.81197635957  0.437137
4654.78183748419  0.443662
4656.75169860882  0.425549
4658.72155973344  0.441602
4660.69142085806  0.436048
4662.66128198269  0.434135
4664.63114310731  0.45948
4666.60100423193  0.44619
4668.57086535655  0.440211
4670.54072648118  0.439056
4672.5105876058  0.416284
4674.48044873042  0.407476
4676.45030985505  0.406696
4678.42017097967  0.415711
4680.39003210429  0.415331
4682.35989322891  0.387633
4684.32975435354  0.376738
4686.29961547816  0.38291
4688.26947660279  0.399761
4690.23933772741  0.402089
4692.20919885203  0.379588
4694.17905997665  0.365256
4696.14892110128  0.364349
4698.1187822259  0.363108
4700.08864335052  0.366512
4702.05850447514  0.358493
4704.02836559977  0.366341
4705.99822672439  0.384609
4707.96808784901  0.357273
4709.93794897364  0.347874
4711.90781009826  0.344722
4713.87767122288  0.351449
4715.84753234751  0.35398
4717.81739347213  0.346441
4719.78725459675  0.341941
4721.75711572138  0.325313
4723.726976846  0.322734
4725.69683797062  0.313643
4727.66669909525  0.330838
4729.63656021987  0.322309
4731.60642134449  0.319905
4733.57628246911  0.299911
4735.54614359374  0.286123
4737.51600471836  0.292127
4739.48586584298  0.286238
4741.45572696761  0.279818
4743.42558809223  0.274025
4745.39544921685  0.263311
4747.36531034148  0.275811
4749.3351714661  0.277443
4751.30503259072  0.279744
4753.27489371534  0.280484
4755.24475483997  0.261125
4757.21461596459  0.240764
4759.18447708921  0.225451
4761.15433821384  0.239824
4763.12419933846  0.241731
4765.09406046308  0.230665
4767.06392158771  0.22373
4769.03378271233  0.239269
4771.00364383695  0.22524
4772.97350496158  0.217738
4774.9433660862  0.21663
4776.91322721082  0.22473
4778.88308833544  0.22224
4780.85294946007  0.219439
4782.82281058469  0.234957
4784.79267170931  0.218959
4786.76253283394  0.225316
4788.73239395856  0.224776
4790.70225508318  0.216934
4792.6721162078  0.213816
4794.64197733243  0.211271
4796.61183845705  0.206498
4798.58169958167  0.215011
4800.5515607063  0.227945
4802.52142183092  0.212747
4804.49128295554  0.204709
4806.46114408017  0.210768
4808.43100520479  0.211106
4810.40086632941  0.214035
4812.37072745403  0.210236
4814.34058857866  0.205222
4816.31044970328  0.202445
4818.2803108279  0.212351
4820.25017195253  0.201016
4822.22003307715  0.200477
4824.18989420177  0.21057
4826.1597553264  0.216191
4828.12961645102  0.217767
4830.09947757564  0.207394
4832.06933870027  0.214043
4834.03919982489  0.22021
4836.00906094951  0.213304
4837.97892207413  0.213315
4839.94878319876  0.205384
4841.91864432338  0.206983
4843.888505448  0.207785
4845.85836657263  0.202872
4847.82822769725  0.203913
4849.79808882187  0.208991
4851.76794994649  0.21034
4853.73781107112  0.212538
4855.70767219574  0.21036
4857.67753332036  0.232603
4859.64739444499  0.262843
4861.61725556961  0.266535
4863.58711669423  0.241139
4865.55697781886  0.22417
4867.52683894348  0.232184
4869.4967000681  0.239081
4871.46656119273  0.24703
4873.43642231735  0.25999
4875.40628344197  0.256273
4877.37614456659  0.258544
4879.34600569122  0.255961
4881.31586681584  0.26472
4883.28572794046  0.288487
4885.25558906509  0.306577
4887.22545018971  0.299634
4889.19531131433  0.308333
4891.16517243895  0.309979
4893.13503356358  0.30397
4895.1048946882  0.314245
4897.07475581283  0.332672
4899.04461693745  0.327006
4901.01447806207  0.341396
4902.98433918669  0.347366
4904.95420031132  0.338894
4906.92406143594  0.369872
4908.89392256056  0.395261
4910.86378368519  0.373081
4912.83364480981  0.359223
4914.80350593443  0.373955
4916.77336705906  0.372397
4918.74322818368  0.375766
4920.7130893083  0.383312
4922.68295043292  0.396753
4924.65281155755  0.403137
4926.62267268217  0.389026
4928.59253380679  0.38953
4930.56239493142  0.398859
4932.53225605604  0.407275
4934.50211718066  0.405317
4936.47197830528  0.410663
4938.44183942991  0.420659
4940.41170055453  0.40254
4942.38156167915  0.414802
4944.35142280378  0.426009
4946.3212839284  0.417226
4948.29114505302  0.427392
4950.26100617765  0.419648
4952.23086730227  0.415288
4954.20072842689  0.423103
4956.17058955151  0.41878
4958.14045067614  0.414461
4960.11031180076  0.411135
4962.08017292538  0.400571
4964.05003405001  0.398253
4966.01989517463  0.394227
4967.98975629925  0.396942
4969.95961742388  0.390407
4971.9294785485  0.399321
4973.89933967312  0.410564
4975.86920079775  0.386311
4977.83906192237  0.369964
4979.80892304699  0.361921
4981.77878417161  0.356542
4983.74864529624  0.353067
4985.71850642086  0.353758
4987.68836754548  0.345421
4989.65822867011  0.341918
4991.62808979473  0.334654
4993.59795091935  0.335604
4995.56781204397  0.341338
4997.5376731686  0.323194
4999.50753429322  0.307248
5001.47739541785  0.303473
5003.44725654247  0.310271
5005.41711766709  0.318762
5007.38697879171  0.294701
5009.35683991634  0.293501
5011.32670104096  0.31519
5013.29656216558  0.306757
5015.26642329021  0.311245
5017.23628441483  0.305727
5019.20614553945  0.303773
5021.17600666407  0.312498
5023.1458677887  0.322166
5025.11572891332  0.31707
5027.08559003794  0.306537
5029.05545116257  0.316244
5031.02531228719  0.31929
5032.99517341181  0.313144
5034.96503453644  0.307446
5036.93489566106  0.313508
5038.90475678568  0.312146
5040.87461791031  0.304009
5042.84447903493  0.318986
5044.81434015955  0.3138
5046.78420128417  0.311943
5048.7540624088  0.320936
5050.72392353342  0.320723
5052.69378465804  0.323953
5054.66364578267  0.326697
5056.63350690729  0.326736
5058.60336803191  0.318937
5060.57322915654  0.310074
5062.54309028116  0.311347
5064.51295140578  0.314962
5066.4828125304  0.321074
5068.45267365503  0.313376
5070.42253477965  0.319399
5072.39239590427  0.333616
5074.3622570289  0.334983
5076.33211815352  0.325218
5078.30197927814  0.323429
5080.27184040277  0.332399
5082.24170152739  0.327994
5084.21156265201  0.342093
5086.18142377664  0.321936
5088.15128490126  0.30177
5090.12114602588  0.315919
5092.0910071505  0.332026
5094.06086827513  0.321608
5096.03072939975  0.311918
5098.00059052437  0.312085
5099.970451649  0.330379
5101.94031277362  0.331674
5103.91017389824  0.314329
5105.88003502287  0.313815
5107.84989614749  0.320136
5109.81975727211  0.317031
5111.78961839673  0.322148
5113.75947952136  0.322274
5115.72934064598  0.320524
5117.6992017706  0.313173
5119.66906289523  0.312918
5121.63892401985  0.319349
5123.60878514447  0.323247
5125.5786462691  0.331107
5127.54850739372  0.325878
5129.51836851834  0.324831
5131.48822964296  0.31638
5133.45809076759  0.324117
5135.42795189221  0.32864
5137.39781301683  0.32055
5139.36767414146  0.317703
5141.33753526608  0.323586
5143.3073963907  0.326108
5145.27725751533  0.327833
5147.24711863995  0.326795
5149.21697976457  0.324176
5151.18684088919  0.321817
5153.15670201382  0.313392
5155.12656313844  0.310351
5157.09642426306  0.31033
5159.06628538769  0.31878
5161.03614651231  0.330849
5163.00600763693  0.318201
5164.97586876156  0.306684
5166.94572988618  0.317833
5168.9155910108  0.320133
5170.88545213542  0.328556
5172.85531326005  0.326831
5174.82517438467  0.333831
5176.79503550929  0.326923
5178.76489663392  0.34129
5180.73475775854  0.335565
5182.70461888316  0.333202
5184.67448000779  0.343698
5186.64434113241  0.35554
5188.61420225703  0.357476
5190.58406338166  0.349635
5192.55392450628  0.347348
5194.5237856309  0.346387
5196.49364675552  0.339371
5198.46350788015  0.347478
5200.43336900477  0.345831
5202.40323012939  0.351698
5204.37309125402  0.353809
5206.34295237864  0.360262
5208.31281350326  0.357897
5210.28267462789  0.358409
5212.25253575251  0.367964
5214.22239687713  0.369797
5216.19225800175  0.371287
5218.16211912638  0.377325
5220.131980251  0.375987
5222.10184137562  0.372175
5224.07170250025  0.367683
5226.04156362487  0.371493
5228.01142474949  0.38415
5229.98128587412  0.386417
5231.95114699874  0.387561
5233.92100812336  0.384279
5235.89086924798  0.386631
5237.86073037261  0.390259
5239.83059149723  0.387084
5241.80045262185  0.386393
5243.77031374648  0.387515
5245.7401748711  0.394753
5247.71003599572  0.39377
5249.67989712035  0.390037
5251.64975824497  0.3935
5253.61961936959  0.408465
5255.58948049422  0.406319
5257.55934161884  0.398254
5259.52920274346  0.404467
5261.49906386808  0.398999
5263.46892499271  0.394167
5265.43878611733  0.401167
5267.40864724195  0.406783
5269.37850836658  0.401829
5271.3483694912  0.389074
5273.31823061582  0.389232
5275.28809174044  0.38813
5277.25795286507  0.386387
5279.22781398969  0.390341
5281.19767511431  0.397035
5283.16753623894  0.409067
5285.13739736356  0.411466
5287.10725848818  0.424079
5289.07711961281  0.413892
5291.04698073743  0.423852
5293.01684186205  0.435901
5294.98670298668  0.429676
5296.9565641113  0.428897
5298.92642523592  0.435758
5300.89628636054  0.433471
5302.86614748517  0.42845
5304.83600860979  0.424126
5306.80586973441  0.434486
5308.77573085904  0.425496
5310.74559198366  0.43222
5312.71545310828  0.445854
5314.6853142329  0.430717
5316.65517535753  0.424043
5318.62503648215  0.42824
5320.59489760677  0.440397
5322.5647587314  0.445348
5324.53461985602  0.440932
5326.50448098064  0.440614
5328.47434210527  0.447146
5330.44420322989  0.459946
5332.41406435451  0.437097
5334.38392547914  0.436111
5336.35378660376  0.438331
5338.32364772838  0.430879
5340.293508853  0.431035
5342.26336997763  0.430827
5344.23323110225  0.429944
5346.20309222687  0.428177
5348.1729533515  0.426468
5350.14281447612  0.425041
5352.11267560074  0.423614
5354.08253672537  0.419888
5356.05239784999  0.41593
5358.02225897461  0.417856
5359.99212009923  0.423014
5361.96198122386  0.420303
5363.93184234848  0.404916
5365.9017034731  0.391421
5367.87156459773  0.391719
5369.84142572235  0.392017
5371.81128684697  0.388023
5373.7811479716  0.38332
5375.75100909622  0.387736
5377.72087022084  0.398344
5379.69073134547  0.403463
5381.66059247009  0.397596
5383.63045359471  0.392586
5385.60031471933  0.398861
5387.57017584396  0.405137
5389.54003696858  0.413198
5391.5098980932  0.421683
5393.47975921783  0.423042
5395.44962034245  0.418466
5397.41948146707  0.416928
5399.3893425917  0.423081
5401.35920371632  0.429119
5403.32906484094  0.429657
5405.29892596556  0.430195
5407.26878709019  0.435591
5409.23864821481  0.442537
5411.20850933943  0.446017
5413.17837046406  0.44597
5415.14823158868  0.443836
5417.1180927133  0.434839
5419.08795383793  0.425841
5421.05781496255  0.423107
5423.02767608717  0.420562
5424.99753721179  0.425792
5426.96739833642  0.434226
5428.93725946104  0.438155
5430.90712058566  0.436482
5432.87698171029  0.435804
5434.84684283491  0.439561
5436.81670395953  0.443318
5438.78656508416  0.443203
5440.75642620878  0.442756
5442.7262873334  0.441435
5444.69614845802  0.439662
5446.66600958265  0.439308
5448.63587070727  0.441121
5450.6057318319  0.442786
5452.57559295652  0.443477
5454.54545408114  0.444169
5456.51531520576  0.449923
5458.48517633038  0.456428
5460.45503745501  0.456618
5462.42489857963  0.45274
5464.39475970425  0.44808
5466.36462082888  0.44194
5468.3344819535  0.436408
5470.30434307812  0.437563
5472.27420420275  0.438718
5474.24406532737  0.436665
5476.21392645199  0.433913
5478.18378757662  0.430647
5480.15364870124  0.426977
5482.12350982586  0.424101
5484.09337095049  0.423119
5486.06323207511  0.422092
5488.03309319973  0.419779
5490.00295432435  0.417465
5491.97281544898  0.416234
5493.9426765736  0.415323
5495.91253769822  0.411774
5497.88239882285  0.405674
5499.85225994747  0.399393
5501.82212107209  0.39256
5503.79198219672  0.385727
5505.76184332134  0.388493
5507.73170444596  0.39142
5509.70156557058  0.393586
5511.67142669521  0.395457
5513.64128781983  0.39529
5515.61114894445  0.392714
5517.58101006908  0.390401
5519.5508711937  0.389166
5521.52073231832  0.38793
5523.49059344295  0.385196
5525.46045456757  0.382356
5527.43031569219  0.381658
5529.40017681681  0.382011
5531.37003794144  0.381281
5533.33989906606  0.378983
5535.30976019068  0.376883
5537.27962131531  0.375952
5539.24948243993  0.375021
5541.21934356455  0.374529
5543.18920468918  0.374096
5545.1590658138  0.37123
5547.12892693842  0.366878
5549.09878806305  0.362307
5551.06864918767  0.357343
5553.03851031229  0.353097
5555.00837143691  0.355617
5556.97823256154  0.358138
5558.94809368616  0.360455
5560.91795481078  0.362731
5562.88781593541  0.360898
5564.85767706003  0.355977
5566.82753818465  0.350626
5568.79739930927  0.34431
5570.7672604339  0.337947
5572.73712155852  0.330601
5574.70698268314  0.323254
5576.67684380777  0.316264
5578.64670493239  0.309372
5580.61656605701  0.304955
5582.58642718164  0.302813
5584.55628830626  0.300277
5586.52614943088  0.296614
5588.4960105555  0.29295
5590.46587168013  0.28911
5592.43573280475  0.285269
5594.40559392938  0.276742
5596.375455054  0.266512
5598.34531617862  0.254858
5600.31517730324  0.241602
5602.28503842786  0.230925
5604.25489955249  0.230032
5606.22476067711  0.229139
5608.19462180173  0.224019
5610.16448292636  0.218658
5612.13434405098  0.209404
5614.1042051756  0.198348
5616.07406630023  0.191936
5618.04392742485  0.191907
5620.01378854947  0.191733
5621.9836496741  0.190786
5623.95351079872  0.189838
5625.92337192334  0.188815
5627.89323304797  0.187783
5629.86309417259  0.18441
5631.83295529721  0.179684
5633.80281642183  0.174255
5635.77267754646  0.167636
5637.74253867108  0.161404
5639.7123997957  0.158362
5641.68226092033  0.15532
5643.65212204495  0.152994
5645.62198316957  0.150797
5647.5918442942  0.149341
5649.56170541882  0.148413
5651.53156654344  0.149868
5653.50142766806  0.156358
5655.47128879269  0.162597
5657.44114991731  0.164805
5659.41101104193  0.167014
5661.38087216656  0.164215
5663.35073329118  0.160135
5665.3205944158  0.160112
5667.29045554043  0.163633
5669.26031666505  0.167533
5671.23017778967  0.172449
5673.20003891429  0.177385
5675.16990003892  0.184459
5677.13976116354  0.191533
5679.10962228816  0.195832
5681.07948341279  0.199187
5683.04934453741  0.203571
5685.01920566203  0.209052
5686.98906678666  0.213545
5688.95892791128  0.214558
5690.9287890359  0.215571
5692.89865016053  0.222588
5694.86851128515  0.229864
5696.83837240977  0.235028
5698.80823353439  0.239272
5700.77809465902  0.245394
5702.74795578364  0.253969
5704.71781690826  0.261984
5706.68767803289  0.267294
5708.65753915751  0.272605
5710.62740028213  0.281972
5712.59726140675  0.291747
5714.56712253138  0.296418
5716.536983656  0.298296
5718.50684478062  0.304001
5720.47670590525  0.315848
5722.44656702987  0.32719
5724.41642815449  0.334875
5726.38628927912  0.342559
5728.35615040374  0.34772
5730.32601152836  0.352465
5732.29587265299  0.359644
5734.26573377761  0.368469
5736.23559490223  0.375253
5738.20545602686  0.377963
5740.17531715148  0.381157
5742.1451782761  0.390651
5744.11503940072  0.400144
5746.08490052535  0.401088
5748.05476164997  0.400012
5750.02462277459  0.400426
5751.99448389922  0.402075
5753.96434502384  0.406578
5755.93420614846  0.418276
5757.90406727309  0.429833
5759.87392839771  0.434969
5761.84378952233  0.440105
5763.81365064695  0.442699
5765.78351177158  0.444486
5767.7533728962  0.444105
5769.72323402082  0.441525
5771.69309514545  0.440072
5773.66295627007  0.442305
5775.63281739469  0.444538
5777.60267851931  0.448906
5779.57253964394  0.453336
5781.54240076856  0.458939
5783.51226189318  0.465024
5785.48212301781  0.468797
5787.45198414243  0.469707
5789.42184526705  0.470169
5791.39170639168  0.46865
5793.3615675163  0.46713
5795.33142864092  0.461015
5797.30128976554  0.454509
5799.27115089017  0.454072
5801.24101201479  0.456777
5803.21087313941  0.459775
5805.18073426404  0.463218
5807.15059538866  0.465811
5809.12045651328  0.462907
5811.09031763791  0.460003
5813.06017876253  0.456464
5815.03003988715  0.45283
5816.99990101177  0.450946
5818.9697621364  0.450185
5820.93962326102  0.451615
5822.90948438564  0.457178
5824.87934551027  0.462418
5826.84920663489  0.464156
5828.81906775951  0.465894
5830.78892888414  0.459182
5832.75879000876  0.450635
5834.72865113338  0.449943
5836.69851225801  0.455447
5838.66837338263  0.459536
5840.63823450725  0.460271
5842.60809563187  0.46088
5844.5779567565  0.457938
5846.54781788112  0.454997
5848.51767900574  0.450835
5850.48754013037  0.446313
5852.45740125499  0.445726
5854.42726237961  0.448933
5856.39712350424  0.451796
5858.36698462886  0.453612
5860.33684575348  0.455428
5862.30670687811  0.456457
5864.27656800273  0.457473
5866.24642912735  0.460791
5868.21629025197  0.464996
5870.1861513766  0.466642
5872.15601250122  0.465271
5874.12587362584  0.464956
5876.09573475047  0.468952
5878.06559587509  0.472948
5880.03545699971  0.46927
5882.00531812434  0.46505
5883.97517924896  0.45913
5885.94504037358  0.452379
5887.9149014982  0.448775
5889.88476262283  0.449713
5891.85462374745  0.450313
5893.82448487207  0.448945
5895.7943459967  0.447577
5897.76420712132  0.451255
5899.73406824594  0.455594
5901.70392937057  0.457174
5903.67379049519  0.457076
5905.64365161981  0.457586
5907.61351274444  0.45918
5909.58337386906  0.460043
5911.55323499368  0.454074
5913.5230961183  0.448105
5915.49295724293  0.447856
5917.46281836755  0.448744
5919.43267949217  0.449078
5921.40254061679  0.448998
5923.37240174142  0.44719
5925.34226286604  0.441522
5927.31212399066  0.435916
5929.28198511529  0.431581
5931.25184623991  0.427247
5933.22170736453  0.427568
5935.19156848916  0.429169
5937.16142961378  0.429013
5939.1312907384  0.427247
5941.10115186303  0.423721
5943.07101298765  0.415168
5945.04087411227  0.406615
5947.01073523689  0.406059
5948.98059636152  0.405529
5950.95045748614  0.408494
5952.92031861076  0.412723
5954.89017973539  0.413503
5956.86004086001  0.410422
5958.82990198463  0.407636
5960.79976310926  0.405962
5962.76962423388  0.404288
5964.7394853585  0.405203
5966.70934648312  0.406262
5968.67920760775  0.407262
5970.64906873237  0.408235
5972.618929857  0.408334
5974.58879098162  0.407237
5976.55865210624  0.4055
5978.52851323086  0.400388
5980.49837435549  0.395276
5982.46823548011  0.390891
5984.43809660473  0.386589
5986.40795772935  0.382246
5988.37781885398  0.37788
5990.3476799786  0.376388
5992.31754110322  0.379751
5994.28740222785  0.382917
5996.25726335247  0.38448
5998.22712447709  0.386042
6000.19698560172  0.382809
6002.16684672634  0.378709
6004.13670785096  0.377669
6006.10656897559  0.378805
6008.07643010021  0.379743
6010.04629122483  0.380266
6012.01615234946  0.380882
6013.98601347408  0.382964
6015.9558745987  0.385047
6017.92573572332  0.384911
6019.89559684795  0.384211
6021.86545797257  0.384187
6023.83531909719  0.38475
6025.80518022182  0.385061
6027.77504134644  0.384694
6029.74490247106  0.384289
6031.71476359569  0.379833
6033.68462472031  0.375376
6035.65448584493  0.374126
6037.62434696955  0.373963
6039.59420809418  0.372954
6041.5640692188  0.371046
6043.53393034342  0.369281
6045.50379146805  0.368018
6047.47365259267  0.366755
6049.44351371729  0.366716
6051.41337484192  0.366728
6053.38323596654  0.365256
6055.35309709116  0.363138
6057.32295821578  0.361193
6059.29281934041  0.359475
6061.26268046503  0.35723
6063.23254158965  0.352447
6065.20240271428  0.347664
6067.1722638389  0.34389
6069.14212496352  0.340216
6071.11198608814  0.339269
6073.08184721277  0.339809
6075.05170833739  0.33922
6077.02156946201  0.336822
6078.99143058664  0.334658
6080.96129171126  0.33417
6082.93115283589  0.333682
6084.90101396051  0.334255
6086.87087508513  0.335001
6088.84073620975  0.333842
6090.81059733437  0.331398
6092.780458459  0.331341
6094.75031958362  0.336033
6096.72018070824  0.340654
6098.69004183287  0.344357
6100.65990295749  0.348061
6102.62976408211  0.346721
6104.59962520674  0.344195
6106.56948633136  0.343763
6108.53934745598  0.345064
6110.5092085806  0.346093
6112.47906970523  0.346436
6114.44893082985  0.346773
6116.41879195448  0.34677
6118.3886530791  0.346767
6120.35851420372  0.350555
6122.32837532834  0.355542
6124.29823645297  0.357671
6126.26809757759  0.356907
6128.23795870221  0.355777
6130.20781982683  0.353449
6132.17768095146  0.35112
6134.14754207608  0.353093
6136.1174032007  0.355189
6138.08726432533  0.354604
6140.05712544995  0.352922
6142.02698657457  0.350091
6143.9968476992  0.345837
6145.96670882382  0.342433
6147.93656994844  0.342774
6149.90643107307  0.343114
6151.87629219769  0.342397
6153.84615332231  0.34159
6155.81601444693  0.340627
6157.78587557156  0.339582
6159.75573669618  0.337322
6161.7255978208  0.333217
6163.69545894543  0.329347
6165.66532007005  0.326986
6167.63518119467  0.324626
6169.6050423193  0.322181
6171.57490344392  0.319725
6173.54476456854  0.315996
6175.51462569317  0.311453
6177.48448681779  0.308145
6179.45434794241  0.30716
6181.42420906703  0.306065
6183.39407019166  0.303787
6185.36393131628  0.301508
6187.3337924409  0.301792
6189.30365356553  0.30263
6191.27351469015  0.302358
6193.24337581477  0.301213
6195.2132369394  0.300363
6197.18309806402  0.300209
6199.15295918864  0.30002
6201.12282031326  0.298869
6203.09268143789  0.297718
6205.06254256251  0.297581
6207.03240368713  0.297743
6209.00226481176  0.299165
6210.97212593638  0.301799
6212.941987061  0.302372
6214.91184818563  0.296675
6216.88170931025  0.290978
6218.85157043487  0.293865
6220.8214315595  0.296885
6222.79129268412  0.299471
6224.76115380874  0.30189
6226.73101493337  0.3025
6228.70087605799  0.300987
6230.67073718261  0.300909
6232.64059830723  0.30667
6234.61045943185  0.312431
6236.58032055648  0.313695
6238.5501816811  0.314646
6240.52004280572  0.313611
6242.48990393035  0.311608
6244.45976505497  0.310316
6246.42962617959  0.310048
6248.39948730422  0.309557
6250.36934842884  0.307776
6252.33920955346  0.305995
6254.30907067809  0.303499
6256.27893180271  0.300911
6258.24879292733  0.301648
6260.21865405196  0.304404
6262.18851517658  0.304197
6264.1583763012  0.298722
6266.12823742582  0.293474
6268.09809855045  0.290322
6270.06795967507  0.287169
6272.03782079969  0.286804
6274.00768192432  0.286988
6275.97754304894  0.289137
6277.94740417356  0.292751
6279.91726529818  0.29622
6281.88712642281  0.299366
6283.85698754743  0.302412
6285.82684867205  0.303459
6287.79670979668  0.304506
6289.7665709213  0.305148
6291.73643204592  0.305678
6293.70629317055  0.305019
6295.67615429517  0.303275
6297.64601541979  0.301929
6299.61587654442  0.301719
6301.58573766904  0.301509
6303.55559879366  0.301509
6305.52545991828  0.301509
6307.49532104291  0.300638
6309.46518216753  0.299453
6311.43504329215  0.299484
6313.40490441678  0.300872
6315.3747655414  0.301502
6317.34462666602  0.299283
6319.31448779065  0.297063
6321.28434891527  0.29789
6323.25421003989  0.298885
6325.22407116452  0.299709
6327.19393228914  0.300455
6329.16379341376  0.299066
6331.13365453838  0.294759
6333.10351566301  0.291457
6335.07337678763  0.293426
6337.04323791225  0.295395
6339.01309903688  0.296159
6340.9829601615  0.296786
6342.95282128612  0.294342
6344.92268241075  0.290133
6346.89254353537  0.288546
6348.86240465999  0.291372
6350.83226578461  0.293819
6352.80212690924  0.293211
6354.77198803386  0.292602
6356.74184915848  0.292839
6358.71171028311  0.293227
6360.68157140773  0.293164
6362.65143253235  0.292782
6364.62129365698  0.290949
6366.5911547816  0.28607
6368.56101590622  0.281176
6370.53087703085  0.276055
6372.50073815547  0.270934
6374.47059928009  0.270138
6376.44046040471  0.270437
6378.41032152934  0.269921
6380.38018265396  0.268695
6382.35004377858  0.266515
6384.3199049032  0.261791
6386.28976602783  0.257078
6388.25962715245  0.2535
6390.22948827707  0.249922
6392.1993494017  0.247479
6394.16921052632  0.245419
6396.13907165094  0.242603
6398.10893277557  0.238984
6400.07879390019  0.235408
6402.04865502481  0.231983
6404.01851614944  0.228557
6405.98837727406  0.227058
6407.95823839868  0.225639
6409.9280995233  0.222717
6411.89796064793  0.219144
6413.86782177255  0.21676
6415.83768289717  0.215918
6417.8075440218  0.214301
6419.77740514642  0.208977
6421.74726627104  0.203652
6423.71712739567  0.201732
6425.68698852029  0.200146
6427.65684964491  0.198507
6429.62671076953  0.196837
6431.59657189416  0.195123
6433.56643301878  0.19334
6435.5362941434  0.191128
6437.50615526803  0.185862
6439.47601639265  0.180596
6441.44587751727  0.181812
6443.41573864189  0.184079
6445.38559976652  0.184731
6447.35546089114  0.184296
6449.32532201576  0.184969
6451.29518314039  0.187839
6453.26504426501  0.190657
6455.23490538963  0.192816
6457.20476651426  0.194976
6459.17462763888  0.195097
6461.1444887635  0.194741
6463.11434988813  0.197084
6465.08421101275  0.201653
6467.05407213737  0.205724
6469.02393326199  0.208548
6470.99379438662  0.211331
6472.96365551124  0.212316
6474.93351663586  0.213301
6476.90337776049  0.218919
6478.87323888511  0.225996
6480.84310000973  0.231128
6482.81296113436  0.234297
6484.78282225898  0.237799
6486.7526833836  0.242381
6488.72254450823  0.246963
6490.69240563285  0.252259
6492.66226675747  0.257576
6494.63212788209  0.264154
6496.60198900672  0.271247
6498.57185013134  0.276367
6500.54171125596  0.279057
6502.51157238059  0.281751
6504.48143350521  0.284459
6506.45129462983  0.287167
6508.42115575446  0.288578
6510.39101687908  0.289881
6512.3608780037  0.29629
6514.33073912833  0.305323
6516.30060025295  0.313497
6518.27046137757  0.320372
6520.24032250219  0.326353
6522.21018362682  0.326625
6524.18004475144  0.326898
6526.14990587606  0.32644
6528.11976700068  0.325876
6530.08962812531  0.329185
6532.05948924993  0.334965
6534.02935037456  0.341009
6535.99921149918  0.347545
6537.9690726238  0.353442
6539.93893374842  0.352504
6541.90879487305  0.351565
6543.87865599767  0.355774
6545.84851712229  0.361089
6547.81837824692  0.366077
6549.78823937154  0.370807
6551.75810049616  0.376193
6553.72796162079  0.383118
6555.69782274541  0.390703
6557.66768387003  0.416127
6559.63754499465  0.441551
6561.60740611928  0.453646
6563.5772672439  0.461829
6565.54712836852  0.454123
6567.51698949315  0.431189
6569.48685061777  0.411208
6571.45671174239  0.40017
6573.42657286701  0.389132
6575.39643399164  0.395163
6577.36629511626  0.401444
6579.33615624088  0.408827
6581.30601736551  0.416634
6583.27587849013  0.418588
6585.24573961475  0.413693
6587.21560073938  0.407531
6589.185461864  0.39625
6591.15532298862  0.384968
6593.12518411324  0.383182
6595.09504523787  0.382047
6597.06490636249  0.382043
6599.03476748711  0.382586
6601.00462861174  0.381211
6602.97448973636  0.377081
6604.94435086098  0.373407
6606.91421198561  0.372345
6608.88407311023  0.371284
6610.85393423485  0.368199
6612.82379535948  0.364854
6614.7936564841  0.363595
6616.76351760872  0.363599
6618.73337873334  0.364537
6620.70323985797  0.367131
6622.67310098259  0.369378
6624.64296210721  0.36844
6626.61282323184  0.367502
6628.58268435646  0.365093
6630.55254548108  0.362396
6632.52240660571  0.358989
6634.49226773033  0.355054
6636.46212885495  0.352241
6638.43198997957  0.351918
6640.4018511042  0.351685
6642.37171222882  0.35323
6644.34157335344  0.354775
6646.31143447807  0.355966
6648.28129560269  0.35706
6650.25115672731  0.355908
6652.22101785194  0.35271
6654.19087897656  0.349558
6656.16074010118  0.346537
6658.13060122581  0.343517
6660.10046235043  0.345317
6662.07032347505  0.347126
6664.04018459967  0.349328
6666.0100457243  0.351672
6667.97990684892  0.351193
6669.94976797354  0.347573
6671.91962909817  0.344644
6673.88949022279  0.344295
6675.85935134741  0.343946
6677.82921247204  0.344413
6679.79907359666  0.344924
6681.76893472128  0.345002
6683.73879584591  0.344881
6685.70865697053  0.344824
6687.67851809515  0.344852
6689.64837921977  0.34485
6691.6182403444  0.344692
6693.58810146902  0.344535
6695.55796259364  0.3432
6697.52782371827  0.341732
6699.49768484289  0.33894
6701.46754596751  0.33539
6703.43740709213  0.333569
6705.40726821676  0.334648
6707.37712934138  0.336344
6709.346990466  0.342982
6711.31685159063  0.34962
6713.28671271525  0.350102
6715.25657383987  0.349485
6717.2264349645  0.344387
6719.19629608912  0.336123
6721.16615721374  0.329372
6723.13601833836  0.325786
6725.10587946299  0.322761
6727.07574058761  0.328376
6729.04560171223  0.333991
6731.01546283686  0.334215
6732.98532396148  0.333077
6734.9551850861  0.32899
6736.92504621073  0.322349
6738.89490733535  0.316543
6740.86476845997  0.312957
6742.83462958459  0.30936
6744.80449070922  0.304845
6746.77435183384  0.300331
6748.74421295846  0.297546
6750.71407408309  0.295342
6752.68393520771  0.294681
6754.65379633233  0.295653
6756.62365745696  0.295806
6758.59351858158  0.293118
6760.5633797062  0.29043
6762.53324083082  0.284991
6764.50310195545  0.27944
6766.47296308007  0.273663
6768.44282420469  0.267788
6770.41268532932  0.265944
6772.38254645394  0.269312
6774.35240757856  0.271015
6776.32226870319  0.264792
6778.29212982781  0.258569
6780.26199095243  0.251945
6782.23185207706  0.245281
6784.20171320168  0.24153
6786.1715743263  0.239356
6788.14143545092  0.23836
6790.11129657555  0.239237
6792.08115770017  0.239894
6794.05101882479  0.238997
6796.02087994942  0.238101
6797.99074107404  0.236911
6799.96060219866  0.235674
6801.93046332329  0.231558
6803.90032444791  0.225511
6805.87018557253  0.221095
6807.84004669716  0.2199
6809.80990782178  0.21882
6811.7797689464  0.219193
6813.74963007102  0.219565
6815.71949119565  0.219743
6817.68935232027  0.219876
6819.65921344489  0.219332
6821.62907456952  0.218231
6823.59893569414  0.217535
6825.56879681876  0.217851
6827.53865794338  0.218165
6829.50851906801  0.218365
6831.47838019263  0.218566
6833.44824131725  0.217133
6835.41810244188  0.215187
6837.3879635665  0.216339
6839.35782469112  0.220605
6841.32768581575  0.224571
6843.29754694037  0.227566
6845.26740806499  0.230562
6847.23726918961  0.231836
6849.20713031424  0.233064
6851.17699143886  0.236608
6853.14685256348  0.241093
6855.11671368811  0.244615
6857.08657481273  0.246954
6859.05643593735  0.249333
6861.02629706197  0.251889
6862.9961581866  0.254445
6864.96601931122  0.261002
6866.93588043584  0.267888
6868.90574156047  0.274196
6870.87560268509  0.280209
6872.84546380971  0.284566
6874.81532493434  0.28643
6876.78518605896  0.288305
6878.75504718358  0.290248
6880.72490830821  0.29219
6882.69476943283  0.296901
6884.66463055745  0.302012
6886.63449168207  0.306183
6888.6043528067  0.309758
6890.57421393132  0.312107
6892.54407505594  0.31217
6894.51393618057  0.312528
6896.48379730519  0.315999
6898.45365842981  0.319469
6900.42351955444  0.323068
6902.39338067906  0.326694
6904.36324180368  0.327978
6906.33310292831  0.327434
6908.30296405293  0.327743
6910.27282517755  0.330056
6912.24268630217  0.332396
6914.2125474268  0.335443
6916.18240855142  0.33849
6918.15226967604  0.338844
6920.12213080067  0.33841
6922.09199192529  0.339396
6924.06185304991  0.34174
6926.03171417453  0.344588
6928.00157529916  0.348959
6929.97143642378  0.35333
6931.9412975484  0.350779
6933.91115867303  0.348132
6935.88101979765  0.345792
6937.85088092227  0.343568
6939.8207420469  0.344176
6941.79060317152  0.348091
6943.76046429614  0.351944
6945.73032542077  0.355547
6947.70018654539  0.359151
6949.67004767001  0.357599
6951.63990879463  0.355698
6953.60976991926  0.356415
6955.57963104388  0.3584
6957.5494921685  0.359658
6959.51935329313  0.359878
6961.48921441775  0.359419
6963.45907554237  0.355081
6965.428936667  0.350742
6967.39879779162  0.350082
6969.36865891624  0.349893
6971.33852004087  0.350867
6973.30838116549  0.352542
6975.27824229011  0.351999
6977.24810341473  0.347539
6979.21796453936  0.34335
6981.18782566398  0.341626
6983.1576867886  0.339901
6985.12754791323  0.33836
6987.09740903785  0.336855
6989.06727016247  0.336616
6991.0371312871  0.337318
6993.00699241172  0.336858
6994.97685353634  0.333834
6996.94671466096  0.330998
6998.91657578559  0.331823
7000.88643691021  0.332647
7002.85629803483  0.32853
7004.82615915946  0.323073
7006.79602028408  0.318222
7008.7658814087  0.313922
7010.73574253333  0.311022
7012.70560365795  0.312074
7014.67546478257  0.313125
7016.64532590719  0.313491
7018.61518703182  0.313857
7020.58504815644  0.313616
7022.55490928107  0.313159
7024.52477040569  0.311235
7026.49463153031  0.307684
7028.46449265493  0.304443
7030.43435377955  0.302356
7032.40421490418  0.300269
7034.3740760288  0.300414
7036.34393715342  0.300679
7038.31379827805  0.300488
7040.28365940267  0.300089
7042.2535205273  0.298625
7044.22338165192  0.295713
7046.19324277654  0.293275
7048.16310390116  0.293289
7050.13296502579  0.293302
7052.10282615041  0.295625
7054.07268727503  0.298206
7056.04254839966  0.296039
7058.01240952428  0.291161
7059.9822706489  0.288043
7061.95213177352  0.287868
7063.92199289815  0.288062
7065.89185402277  0.29119
7067.86171514739  0.294318
7069.83157627202  0.294982
7071.80143739664  0.295208
7073.77129852126  0.298467
7075.74115964589  0.303863
7077.71102077051  0.307182
7079.68088189513  0.306175
7081.65074301975  0.30532
7083.62060414438  0.306766
7085.590465269  0.308213
7087.56032639362  0.308718
7089.53018751825  0.308988
7091.50004864287  0.307324
7093.46990976749  0.303993
7095.43977089212  0.302856
7097.40963201674  0.307523
7099.37949314136  0.312137
7101.34935426598  0.312201
7103.31921539061  0.312265
7105.28907651523  0.310135
7107.25893763985  0.307271
7109.22879876448  0.305439
7111.1986598891  0.304697
7113.16852101372  0.304259
7115.13838213835  0.304873
7117.10824326297  0.305486
7119.07810438759  0.3086
7121.04796551221  0.311814
7123.01782663684  0.314245
7124.98768776146  0.31634
7126.95754888608  0.319186
7128.92741001071  0.323
7130.89727113533  0.327123
7132.86713225995  0.332709
7134.83699338458  0.338294
7136.8068545092  0.333614
7138.77671563382  0.327941
7140.74657675845  0.321945
7142.71643788307  0.315775
7144.68629900769  0.313003
7146.65616013231  0.315616
7148.62602125694  0.317909
7150.59588238156  0.317944
7152.56574350618  0.317979
7154.53560463081  0.32019
7156.50546575543  0.32275
7158.47532688005  0.323953
7160.44518800468  0.324249
7162.4150491293  0.325394
7164.38491025392  0.328211
7166.35477137855  0.331028
7168.32463250317  0.333856
7170.29449362779  0.336683
7172.26435475241  0.332972
7174.23421587704  0.327746
7176.20407700166  0.323127
7178.17393812628  0.319007
7180.14379925091  0.316017
7182.11366037553  0.315839
7184.08352150015  0.315787
7186.05338262478  0.320803
7188.0232437494  0.325819
7189.99310487402  0.324728
7191.96296599864  0.321729
7193.93282712327  0.319925
7195.90268824789  0.319319
7197.87254937251  0.318485
7199.84241049714  0.31692
7201.81227162176  0.315355
7203.78213274638  0.31205
7205.751993871  0.3087
7207.72185499563  0.310125
7209.69171612025  0.313481
7211.66157724487  0.314892
7213.6314383695  0.313922
7215.60129949412  0.312649
7217.57116061874  0.310058
7219.54102174337  0.307467
7221.51088286799  0.302252
7223.48074399261  0.296822
7225.45060511723  0.294023
7227.42046624186  0.292568
7229.39032736648  0.292983
7231.3601884911  0.296208
7233.33004961573  0.298649
7235.29991074035  0.296155
7237.26977186497  0.29366
7239.23963298959  0.293751
7241.20949411422  0.294212
7243.17935523884  0.294508
7245.14921636346  0.294699
7247.11907748809  0.293879
7249.08893861271  0.291178
7251.05879973733  0.288872
7253.02866086196  0.290694
7254.99852198658  0.292516
7256.9683831112  0.29139
7258.93824423583  0.289636
7260.90810536045  0.287436
7262.87796648507  0.284889
7264.84782760969  0.283606
7266.81768873432  0.285278
7268.78754985894  0.286859
7270.75741098356  0.286118
7272.72727210819  0.285377
7274.69713323281  0.286243
7276.66699435743  0.287577
7278.63685548206  0.289224
7280.60671660668  0.291168
7282.5765777313  0.291734
7284.54643885593  0.288152
7286.51629998055  0.28457
7288.48616110517  0.284302
7290.45602222979  0.284077
7292.42588335442  0.286099
7294.39574447904  0.288975
7296.36560560366  0.290473
7298.33546672829  0.290369
7300.30532785291  0.290047
7302.27518897753  0.288855
7304.24505010216  0.287664
7306.21491122678  0.285267
7308.1847723514  0.28279
7310.15463347603  0.282085
7312.12449460065  0.282236
7314.09435572527  0.282419
7316.06421684989  0.282649
7318.03407797452  0.2831
7320.00393909914  0.284809
7321.97380022376  0.286517
7323.94366134839  0.286356
7325.91352247301  0.285958
7327.88338359763  0.284837
7329.85324472226  0.283284
7331.82310584688  0.283479
7333.7929669715  0.286752
7335.76282809612  0.289753
7337.73268922075  0.290295
7339.70255034537  0.290838
7341.67241146999  0.289687
7343.64227259462  0.288207
7345.61213371924  0.287308
7347.58199484386  0.286839
7349.55185596848  0.286792
7351.52171709311  0.287671
7353.49157821773  0.288478
7355.46143934235  0.287898
7357.43130046698  0.287317
7359.4011615916  0.288345
7361.37102271622  0.289808
7363.34088384085  0.289152
7365.31074496547  0.286578
7367.28060609009  0.284914
7369.25046721471  0.28581
7371.22032833934  0.286707
7373.19018946396  0.286916
7375.16005058858  0.287125
7377.12991171321  0.289279
7379.09977283783  0.292125
7381.06963396245  0.292886
7383.03949508708  0.291342
7385.0093562117  0.290305
7386.97921733632  0.29115
7388.94907846094  0.291994
7390.91893958557  0.291547
7392.88880071019  0.291031
7394.85866183481  0.290772
7396.82852295944  0.29063
7398.79838408406  0.288211
7400.76824520868  0.282711
7402.73810633331  0.278388
7404.70796745793  0.280131
7406.67782858255  0.281873
7408.64768970718  0.28372
7410.6175508318  0.285578
7412.58741195642  0.285804
7414.55727308104  0.285101
7416.52713420567  0.285183
7418.49699533029  0.286575
7420.46685645491  0.287316
7422.43671757954  0.282926
7424.40657870416  0.278535
7426.37643982878  0.276738
7428.34630095341  0.275398
7430.31616207803  0.276638
7432.28602320265  0.27969
7434.25588432728  0.282008
7436.2257454519  0.2828
7438.19560657652  0.283443
7440.16546770114  0.281828
7442.13532882577  0.280214
7444.10518995039  0.277447
7446.07505107501  0.274392
7448.04491219964  0.273353
7450.01477332426  0.274048
7451.98463444888  0.27469
7453.95449557351  0.275191
7455.92435669813  0.27568
7457.89421782275  0.275278
7459.86407894737  0.274875
7461.833940072  0.276232
7463.80380119662  0.278176
7465.77366232124  0.278876
7467.74352344587  0.278268
7469.71338457049  0.277465
7471.68324569511  0.275988
7473.65310681974  0.27451
7475.62296794436  0.272683
7477.59282906898  0.270842
7479.56269019361  0.260942
7481.53255131823  0.247592
7483.50241244285  0.238947
7485.47227356747  0.236354
7487.4421346921  0.235975
7489.41199581672  0.246032
7491.38185694134  0.256087
7493.35171806596  0.256262
7495.32157919059  0.255492
7497.29144031521  0.261355
7499.26130143983  0.270789
7501.23116256446  0.273977
7503.20102368908  0.267298
7505.1708848137  0.260179
7507.14074593833  0.249983
7509.11060706295  0.239788
7511.08046818757  0.239214
7513.0503293122  0.240172
7515.02019043682  0.240522
7516.99005156144  0.240466
7518.95991268606  0.240475
7520.92977381069  0.240611
7522.89963493531  0.240348
7524.86949605993  0.235179
7526.83935718456  0.230009
7528.80921830918  0.230878
7530.7790794338  0.233139
7532.74894055843  0.234185
7534.71880168305  0.234237
7536.68866280767  0.234111
7538.65852393229  0.233544
7540.62838505692  0.233033
7542.59824618154  0.234682
7544.56810730617  0.236332
7546.53796843079  0.238024
7548.50782955541  0.239729
7550.47769068003  0.239186
7552.44755180466  0.236398
7554.41741292928  0.23468
7556.3872740539  0.236391
7558.35713517853  0.238102
7560.32699630315  0.237014
7562.29685742777  0.235856
7564.26671855239  0.235358
7566.23657967702  0.235127
7568.20644080164  0.234074
7570.17630192626  0.232019
7572.14616305089  0.230418
7574.11602417551  0.230777
7576.08588530013  0.231137
7578.05574642476  0.234187
7580.02560754938  0.237455
7581.995468674  0.239687
7583.96532979863  0.241391
7585.93519092325  0.242189
7587.90505204787  0.241629
7589.87491317249  0.240746
7591.84477429712  0.237843
7593.81463542174  0.23494
7595.78449654636  0.239514
7597.75435767099  0.245151
7599.72421879561  0.250452
7601.69407992023  0.255538
7603.66394104486  0.257252
7605.63380216948  0.252709
7607.6036632941  0.248596
7609.57352441872  0.248931
7611.54338554335  0.249266
7613.51324666797  0.250707
7615.48310779259  0.252381
7617.45296891722  0.253238
7619.42283004184  0.253458
7621.39269116646  0.254074
7623.36255229108  0.255611
7625.33241341571  0.257286
7627.30227454033  0.262459
7629.27213566495  0.267633
7631.24199678958  0.269533
7633.2118579142  0.270485
7635.18171903882  0.268959
7637.15158016345  0.265078
7639.12144128807  0.262389
7641.09130241269  0.263267
7643.06116353731  0.264145
7645.03102466194  0.266479
7647.00088578656  0.268831
7648.97074691118  0.270686
7650.94060803581  0.272354
7652.91046916043  0.272416
7654.88033028505  0.270615
7656.85019140968  0.269105
7658.8200525343  0.268755
7660.78991365892  0.268405
7662.75977478354  0.26666
7664.72963590817  0.264823
7666.69949703279  0.263398
7668.66935815741  0.262171
7670.63921928204  0.262593
7672.60908040666  0.265357
7674.57894153128  0.267368
7676.54880265591  0.265121
7678.51866378053  0.262874
7680.48852490515  0.266163
7682.45838602977  0.27015
7684.4282471544  0.273322
7686.39810827902  0.276006
7688.36796940364  0.277319
7690.33783052827  0.276227
7692.30769165289  0.27563
7694.27755277751  0.279463
7696.24741390214  0.283296
7698.21727502676  0.290543
7700.18713615138  0.298448
7702.156997276  0.298912
7704.12685840063  0.293888
7706.09671952525  0.290174
7708.06658064987  0.289337
7710.0364417745  0.288362
7712.00630289912  0.284781
7713.97616402374  0.281201
7715.94602514837  0.279587
7717.91588627299  0.278503
7719.88574739761  0.27754
7721.85560852224  0.276686
7723.82546964686  0.27605
7725.79533077148  0.276028
7727.7651918961  0.27601
7729.73505302073  0.284445
7731.70491414535  0.292881
7733.67477526997  0.300352
7735.6446363946  0.307481
7737.61449751922  0.308802
7739.58435864384  0.303718
7741.55421976847  0.29808
7743.52408089309  0.29039
7745.49394201771  0.2827
7747.46380314233  0.28413
7749.43366426696  0.286033
7751.40352539158  0.288036
7753.3733865162  0.290084
7755.34324764083  0.291738
7757.31310876545  0.292859
7759.28296989007  0.294084
7761.2528310147  0.29584
7763.22269213932  0.297597
7765.19255326394  0.296005
7767.16241438857  0.294044
7769.13227551319  0.295053
7771.10213663781  0.297747
7773.07199776243  0.299142
7775.04185888706  0.29838
7777.01172001168  0.297781
7778.9815811363  0.298459
7780.95144226093  0.299137
7782.92130338555  0.294654
7784.89116451017  0.289266
7786.8610256348  0.28689
7788.83088675942  0.286623
7790.80074788404  0.286362
7792.77060900867  0.286115
7794.74047013329  0.285617
7796.71033125791  0.281404
7798.68019238253  0.277192
7800.65005350716  0.275817
7802.61991463178  0.275148
7804.5897757564  0.277354
7806.55963688102  0.282027
7808.52949800565  0.287277
7810.49935913027  0.294049
7812.46922025489  0.300696
7814.43908137952  0.298176
7816.40894250414  0.295655
7818.37880362876  0.296844
7820.34866475339  0.299266
7822.31852587801  0.299473
7824.28838700263  0.29736
7826.25824812726  0.294797
7828.22810925188  0.290689
7830.1979703765  0.286582
7832.16783150113  0.286543
7834.13769262575  0.28666
7836.10755375037  0.285307
7838.07741487499  0.283326
7840.04727599962  0.280799
7842.01713712424  0.277571
7843.98699824886  0.275069
7845.95685937349  0.27597
7847.92672049811  0.276872
7849.89658162273  0.277561
7851.86644274736  0.278231
7853.83630387198  0.279148
7855.8061649966  0.280199
7857.77602612122  0.281412
7859.74588724585  0.282878
7861.71574837047  0.283854
7863.68560949509  0.281429
7865.65547061972  0.279003
7867.62533174434  0.279532
7869.59519286896  0.280528
7871.56505399359  0.280876
7873.53491511821  0.280793
7875.50477624283  0.280555
7877.47463736745  0.280015
7879.44449849208  0.279454
7881.4143596167  0.278648
7883.38422074132  0.277842
7885.35408186595  0.276952
7887.32394299057  0.276043
7889.29380411519  0.276304
7891.26366523982  0.277519
7893.23352636444  0.277309
7895.20338748906  0.273586
7897.17324861369  0.269944
7899.14310973831  0.269335
7901.11297086293  0.268726
7903.08283198755  0.271364
7905.05269311218  0.275008
7907.0225542368  0.275349
7908.99241536142  0.272399
7910.96227648605  0.269668
7912.93213761067  0.267638
7914.90199873529  0.265608
7916.87185985991  0.263905
7918.84172098454  0.262209
7920.81158210916  0.260056
7922.78144323378  0.257719
7924.75130435841  0.257544
7926.72116548303  0.260002
7928.69102660765  0.262418
7930.66088773228  0.264662
7932.6307488569  0.266905
7934.60060998152  0.265718
7936.57047110615  0.264256
7938.54033223077  0.262728
7940.51019335539  0.261166
7942.48005448001  0.26078
7944.44991560464  0.262153
7946.41977672926  0.26324
7948.38963785388  0.262554
7950.35949897851  0.261869
7952.32936010313  0.25723
7954.29922122775  0.252032
7956.26908235238  0.250586
7958.238943477  0.251504
7960.20880460162  0.251929
7962.17866572625  0.251446
7964.14852685087  0.251422
7966.11838797549  0.256123
7968.08824910011  0.260824
7970.05811022474  0.259661
7972.02797134936  0.257264
7973.99783247398  0.257556
7975.96769359861  0.25993
7977.93755472323  0.261641
7979.90741584785  0.261813
7981.87727697247  0.261756
7983.8471380971  0.255994
7985.81699922172  0.250232
7987.78686034634  0.248556
7989.75672147097  0.248058
7991.72658259559  0.24691
7993.69644372021  0.245148
7995.66630484484  0.243567
7997.63616596946  0.242526
7999.60602709408  0.241486
8001.57588821871  0.23971
8003.54574934333  0.237927
8005.51561046795  0.239457
8007.48547159257  0.242237
8009.4553327172  0.243619
8011.42519384182  0.243383
8013.39505496644  0.243257
8015.36491609106  0.243571
8017.33477721569  0.243885
8019.30463834031  0.243195
8021.27449946493  0.24244
8023.24436058956  0.24132
8025.21422171418  0.240026
8027.1840828388  0.241277
8029.15394396343  0.246135
8031.12380508805  0.250191
8033.09366621267  0.249748
8035.0635273373  0.249306
8037.03338846192  0.246088
8039.00324958654  0.242522
8040.97311071116  0.242415
8042.94297183579  0.24437
8044.91283296041  0.245857
8046.88269408503  0.246523
8048.85255520966  0.246848
8050.82241633428  0.244151
8052.7922774589  0.241453
8054.76213858353  0.242036
8056.73199970815  0.243248
8058.70186083277  0.244333
8060.67172195739  0.245324
8062.64158308202  0.243737
8064.61144420664  0.236516
8066.58130533126  0.22989
8068.55116645589  0.234264
8070.52102758051  0.238638
8072.49088870513  0.242395
8074.46074982976  0.245988
8076.43061095438  0.247927
8078.400472079  0.248378
8080.37033320363  0.246291
8082.34019432825  0.237125
8084.31005545287  0.227967
8086.27991657749  0.225604
8088.24977770212  0.223241
8090.21963882674  0.224998
8092.18949995136  0.22821
8094.15936107599  0.229741
8096.12922220061  0.229421
8098.09908332523  0.228464
8100.06894444986  0.225166
8102.03880557448  0.221869
8104.0086666991  0.224957
8105.97852782372  0.228371
8107.94838894835  0.231694
8109.91825007297  0.234975
8111.88811119759  0.234535
8113.85797232222  0.229087
8115.82783344684  0.224146
8117.79769457146  0.22179
8119.76755569608  0.219435
8121.73741682071  0.217954
8123.70727794533  0.216569
8125.67713906995  0.21623
8127.64700019458  0.216482
8129.6168613192  0.21563
8131.58672244382  0.212947
8133.55658356845  0.210268
8135.52644469307  0.20761
8137.49630581769  0.204952
8139.46616694232  0.204144
8141.43602806694  0.203659
8143.40588919156  0.202682
8145.37575031618  0.201363
8147.34561144081  0.199369
8149.31547256543  0.195979
8151.28533369005  0.193004
8153.25519481468  0.196076
8155.2250559393  0.199147
8157.19491706392  0.199022
8159.16477818855  0.198105
8161.13463931317  0.193948
8163.10450043779  0.187018
8165.07436156241  0.184689
8167.04422268704  0.194389
8169.01408381166  0.20395
8170.98394493628  0.203688
8172.95380606091  0.203426
8174.92366718553  0.190765
8176.89352831015  0.174002
8178.86338943478  0.164235
8180.8332505594  0.161776
8182.80311168402  0.160057
8184.77297280865  0.160868
8186.74283393327  0.161679
8188.71269505789  0.156554
8190.68255618251  0.151208
8192.65241730714  0.146977
8194.62227843176  0.143222
8196.59213955638  0.139974
8198.56200068101  0.137375
8200.53186180563  0.134988
8202.50172293025  0.133593
8204.47158405488  0.132198
8206.4414451795  0.12809
8208.41130630412  0.123728
8210.38116742874  0.117805
8212.35102855337  0.11105
8214.32088967799  0.108856
8216.29075080261  0.113823
8218.26061192724  0.118263
8220.23047305186  0.11908
8222.20033417648  0.119898
8224.17019530111  0.115034
8226.14005642573  0.109277
8228.10991755035  0.110503
8230.07977867497  0.116352
8232.0496397996  0.118425
8234.01950092422  0.113138
8235.98936204884  0.107889
8237.95922317347  0.103095
8239.92908429809  0.0983005
8241.89894542271  0.0982732
8243.86880654734  0.0993334
8245.83866767196  0.099725
8247.80852879658  0.0995734
8249.77838992121  0.0987955
8251.74825104583  0.0964781
8253.71811217045  0.0943322
8255.68797329507  0.098419
8257.6578344197  0.102506
8259.62769554432  0.104314
8261.59755666894  0.10542
8263.56741779357  0.106713
8265.53727891819  0.108192
8267.50714004281  0.110921
8269.47700116744  0.117618
8271.44686229206  0.124317
8273.41672341668  0.119246
8275.38658454131  0.113896
8277.35644566593  0.114777
8279.32630679055  0.11815
8281.29616791517  0.120954
8283.2660290398  0.123067
8285.23589016442  0.125957
8287.20575128904  0.132168
8289.17561241367  0.138379
8291.14547353829  0.141114
8293.11533466291  0.143573
8295.08519578754  0.147494
8297.05505691216  0.152152
8299.02491803678  0.154943
8300.9947791614  0.154951
8302.96464028602  0.153531
8304.93450141065  0.143292
8306.90436253527  0.133055
8308.8742236599  0.128723
8310.84408478452  0.125221
8312.81394590914  0.126694
8314.78380703376  0.131289
8316.75366815839  0.133755
8318.72352928301  0.132294
8320.69339040764  0.130922
8322.66325153226  0.130456
8324.63311265688  0.129989
8326.6029737815  0.135052
8328.57283490612  0.141273
8330.54269603075  0.142354
8332.51255715537  0.139469
8334.48241828  0.136232
8336.45227940462  0.132184
8338.42214052924  0.128482
8340.39200165386  0.133214
8342.36186277849  0.137947
8344.33172390311  0.14023
8346.30158502774  0.141811
8348.27144615236  0.142127
8350.24130727698  0.141251
8352.2111684016  0.140975
8354.18102952622  0.142485
8356.15089065085  0.143994
8358.12075177547  0.145262
8360.0906129001  0.146527
8362.06047402472  0.147568
8364.03033514934  0.148524
8366.00019627396  0.149527
8367.97005739859  0.150583
8369.93991852321  0.150701
8371.90977964783  0.147117
8373.87964077245  0.143531
8375.84950189708  0.142745
8377.8193630217  0.142139
8379.78922414632  0.142959
8381.75908527095  0.144458
8383.72894639557  0.146912
8385.69880752019  0.150714
8387.66866864482  0.154485
8389.63852976944  0.158085
8391.60839089406  0.161686
8393.57825201869  0.16141
8395.54811314331  0.160653
8397.51797426793  0.160276
8399.48783539255  0.160125
8401.45769651718  0.161363
8403.4275576418  0.165023
8405.39741876642  0.168387
8407.36727989105  0.169137
8409.33714101567  0.169888
8411.30700214029  0.175885
8413.27686326492  0.182883
8415.24672438954  0.187752
8417.21658551416  0.19106
8419.18644663878  0.193043
8421.15630776341  0.19214
8423.12616888803  0.191328
8425.09603001265  0.192161
8427.06589113728  0.192994
8429.0357522619  0.195358
8431.00561338652  0.198129
8432.97547451115  0.200615
8434.94533563577  0.202845
8436.91519676039  0.205082
8438.88505788501  0.207341
8440.85491900964  0.209601
8442.82478013426  0.212886
8444.79464125888  0.21617
8446.76450238351  0.219929
8448.73436350813  0.223856
8450.70422463275  0.225316
8452.67408575737  0.224073
8454.643946882  0.222996
8456.61380800662  0.222528
8458.58366913125  0.22206
8460.55353025587  0.226304
8462.52339138049  0.230785
8464.49325250511  0.233793
8466.46311362974  0.236139
8468.43297475436  0.239609
8470.40283587898  0.244585
8472.37269700361  0.249586
8474.34255812823  0.254708
8476.31241925285  0.25983
8478.28228037747  0.261617
8480.2521415021  0.263043
8482.22200262672  0.265721
8484.19186375135  0.269104
8486.16172487597  0.272456
8488.13158600059  0.275759
8490.10144712521  0.279034
8492.07130824984  0.282095
8494.04116937446  0.285156
8496.01103049908  0.280641
8497.98089162371  0.274813
8499.95075274833  0.273557
8501.92061387295  0.275481
8503.89047499757  0.277286
8505.8603361222  0.278841
8507.83019724682  0.28011
8509.80005837144  0.277238
8511.76991949607  0.274365
8513.73978062069  0.277189
8515.70964174531  0.281415
8517.67950286994  0.285664
8519.64936399456  0.289931
8521.61922511918  0.291903
8523.5890862438  0.287894
8525.55894736843  0.284032
8527.52880849305  0.290011
8529.49866961767  0.295989
8531.4685307423  0.296431
8533.43839186692  0.295051
8535.40825299154  0.293323
8537.37811411617  0.291235
8539.34797524079  0.289443
8541.31783636541  0.288657
8543.28769749003  0.28787
8545.25755861466  0.292247
8547.22741973928  0.296812
8549.1972808639  0.297362
8551.16714198853  0.29621
8553.13700311315  0.294422
8555.10686423777  0.291824
8557.0767253624  0.29016
8559.04658648702  0.29283
8561.01644761164  0.2955
8562.98630873627  0.298813
8564.95616986089  0.302186
8566.92603098551  0.304825
8568.89589211013  0.307074
8570.86575323476  0.308187
8572.83561435938  0.307526
8574.805475484  0.306672
8576.77533660863  0.304507
8578.74519773325  0.302342
8580.71505885787  0.302175
8582.6849199825  0.302321
8584.65478110712  0.30278
8586.62464223174  0.303445
8588.59450335637  0.304185
8590.56436448099  0.30507
8592.53422560561  0.305845
8594.50408673023  0.305315
8596.47394785486  0.304785
8598.44380897948  0.301819
8600.4136701041  0.2983
8602.38353122873  0.296489
8604.35339235335  0.296063
8606.32325347797  0.295982
8608.2931146026  0.296749
8610.26297572722  0.297596
8612.23283685184  0.301264
8614.20269797646  0.304931
8616.17255910108  0.305807
8618.14242022571  0.305826
8620.11228135033  0.301329
8622.08214247496  0.292362
8624.05200359958  0.286727
8626.0218647242  0.291636
8627.99172584882  0.296545
8629.96158697345  0.305002
8631.93144809807  0.313539
8633.9013092227  0.316828
8635.87117034732  0.318025
8637.84103147194  0.318586
8639.81089259656  0.318378
8641.78075372118  0.319242
8643.75061484581  0.324672
8645.72047597043  0.330102
8647.69033709506  0.330273
8649.66019821968  0.330034
8651.6300593443  0.324325
8653.59992046892  0.31586
8655.56978159355  0.309887
8657.53964271817  0.307611
8659.5095038428  0.305796
8661.47936496742  0.30682
8663.44922609204  0.307843
8665.41908721666  0.311357
8667.38894834128  0.31522
8669.35880946591  0.31654
8671.32867059053  0.316269
8673.29853171515  0.316179
8675.26839283978  0.316421
8677.2382539644  0.316643
8679.20811508902  0.316666
8681.17797621365  0.316689
8683.14783733827  0.317127
8685.11769846289  0.317652
8687.08755958751  0.32675
8689.05742071214  0.342442
8691.02728183676  0.353291
8692.99714296138  0.352981
8694.96700408601  0.352226
8696.93686521063  0.340846
8698.90672633525  0.329465
8700.87658745988  0.32525
8702.8464485845  0.323084
8704.81630970912  0.317742
8706.78617083375  0.309413
8708.75603195837  0.302892
8710.72589308299  0.30172
8712.69575420761  0.300548
8714.66561533224  0.30846
8716.63547645686  0.316461
8718.60533758148  0.31635
8720.57519870611  0.313202
8722.54505983073  0.309208
8724.51492095535  0.30424
8726.48478207998  0.299746
8728.4546432046  0.297114
8730.42450432922  0.294482
8732.39436545385  0.289413
8734.36422657847  0.28419
8736.33408770309  0.283821
8738.30394882771  0.285761
8740.27380995234  0.286599
8742.24367107696  0.285889
8744.21353220158  0.285844
8746.18339332621  0.289493
8748.15325445083  0.293141
8750.12311557545  0.300359
8752.09297670008  0.308017
8754.0628378247  0.308171
8756.03269894932  0.303877
8758.00256007394  0.30047
8759.97242119857  0.298605
8761.94228232319  0.296924
8763.91214344781  0.296841
8765.88200457244  0.296758
8767.85186569706  0.295752
8769.82172682168  0.294569
8771.79158794631  0.289759
8773.76144907093  0.282297
8775.73131019555  0.27707
8777.70117132017  0.276697
8779.6710324448  0.276499
8781.64089356942  0.279441
8783.61075469404  0.282382
8785.58061581867  0.279639
8787.55047694329  0.275386
8789.52033806791  0.268872
8791.49019919253  0.260337
8793.46006031716  0.255195
8795.42992144178  0.259447
8797.39978256641  0.263695
8799.36964369103  0.266409
8801.33950481565  0.269123
8803.30936594027  0.262308
8805.2792270649  0.252155
8807.24908818952  0.242859
8809.21894931414  0.234502
8811.18881043876  0.230042
8813.15867156339  0.239778
8815.12853268801  0.249512
8817.09839381263  0.281325
8819.06825493726  0.314224
8821.03811606188  0.314802
8823.0079771865  0.300886
8824.97783831113  0.288882
8826.94769943575  0.279436
8828.91756056037  0.270643
8830.887421685  0.265138
8832.85728280962  0.259633
8834.82714393424  0.253802
8836.79700505886  0.247938
8838.76686618349  0.244657
8840.73672730811  0.242827
8842.70658843273  0.242758
8844.67644955736  0.245588
8846.64631068198  0.247835
8848.6161718066  0.245619
8850.58603293123  0.243404
8852.55589405585  0.242606
8854.52575518047  0.242052
8856.4956163051  0.246125
8858.46547742972  0.253409
8860.43533855434  0.256126
8862.40519967896  0.249488
8864.37506080359  0.243461
8866.34492192821  0.246141
8868.31478305283  0.248821
8870.28464417746  0.250507
8872.25450530208  0.25195
8874.2243664267  0.25027
8876.19422755133  0.245936
8878.16408867595  0.24361
8880.13394980057  0.246496
8882.10381092519  0.24927
8884.07367204982  0.244949
8886.04353317444  0.240627
8888.01339429906  0.240443
8889.98325542369  0.241614
8891.95311654831  0.242947
8893.92297767293  0.244447
8895.89283879756  0.244587
8897.86269992218  0.240124
8899.8325610468  0.235659
8901.80242217143  0.23738
8903.77228329605  0.23932
8905.74214442067  0.238553
8907.71200554529  0.236643
8909.68186666992  0.234982
8911.65172779454  0.233636
8913.62158891916  0.231477
8915.59145004378  0.22556
8917.56131116841  0.219644
8919.53117229303  0.222244
8921.50103341766  0.225629
8923.47089454228  0.229697
8925.4407556669  0.234127
8927.41061679152  0.235279
8929.38047791615  0.231318
8931.35033904077  0.227809
8933.32020016539  0.227377
8935.29006129002  0.226945
8937.25992241464  0.227523
8939.22978353926  0.228257
8941.19964466388  0.230994
8943.16950578851  0.235049
8945.13936691313  0.236243
8947.10922803776  0.2319
8949.07908916238  0.227654
8951.048950287  0.224538
8953.01881141162  0.221422
8954.98867253624  0.218523
8956.95853366087  0.215673
8958.92839478549  0.215043
8960.89825591012  0.216207
8962.86811703474  0.216358
8964.83797815936  0.21404
8966.80783928398  0.211796
8968.77770040861  0.212128
8970.74756153323  0.212461
8972.71742265786  0.208762
8974.68728378248  0.203829
8976.6571449071  0.201535
8978.62700603172  0.201844
8980.59686715634  0.202681
8982.56672828097  0.205186
8984.53658940559  0.207692
8986.50645053021  0.206584
8988.47631165484  0.205397
8990.44617277946  0.207495
8992.41603390408  0.210898
8994.38589502871  0.212319
8996.35575615333  0.211349
8998.32561727795  0.21024
9000.29547840257  0.208542
9002.2653395272  0.206843
9004.23520065182  0.208653
9006.20506177644  0.210733
9008.17492290107  0.206253
9010.14478402569  0.198481
9012.11464515031  0.194239
9014.08450627494  0.195222
9016.05436739956  0.197083
9018.02422852418  0.204299
9019.99408964881  0.211514
9021.96395077343  0.209464
9023.93381189805  0.20613
9025.90367302267  0.202722
9027.8735341473  0.199269
9029.84339527192  0.195715
9031.81325639654  0.191975
9033.78311752117  0.188968
9035.75297864579  0.193289
9037.72283977041  0.197611
9039.69270089504  0.203894
9041.66256201966  0.210583
9043.63242314428  0.213327
9045.60228426891  0.213047
9047.57214539353  0.212193
9049.54200651815  0.210026
9051.51186764277  0.207788
9053.4817287674  0.203892
9055.45158989202  0.199996
9057.42145101664  0.201238
9059.39131214127  0.203942
9061.36117326589  0.206937
9063.33103439051  0.210204
9065.30089551513  0.213364
9067.27075663976  0.216212
9069.24061776438  0.219059
9071.210478889  0.218852
9073.18034001363  0.218616
9075.15020113825  0.222053
9077.12006226287  0.226859
9079.0899233875  0.230497
9081.05978451212  0.232797
9083.02964563674  0.233703
9084.99950676137  0.229156
9086.96936788599  0.224607
9088.93922901061  0.218164
9090.90909013523  0.2116
9092.87895125986  0.210296
9094.84881238448  0.211484
9096.8186735091  0.210738
9098.78853463373  0.207277
9100.75839575835  0.204808
9102.72825688297  0.207808
9104.69811800759  0.210808
9106.66797913222  0.215541
9108.63784025684  0.220486
9110.60770138147  0.220743
9112.57756250609  0.218229
9114.54742363071  0.215923
9116.51728475533  0.213979
9118.48714587996  0.212427
9120.45700700458  0.214277
9122.4268681292  0.216125
9124.39672925383  0.216082
9126.36659037845  0.215681
9128.33645150307  0.21524
9130.30631262769  0.214771
9132.27617375232  0.215369
9134.24603487694  0.218276
9136.21589600156  0.220783
9138.18575712619  0.216246
9140.15561825081  0.21171
9142.12547937543  0.21113
9144.09534050006  0.211595
9146.06520162468  0.216138
9148.0350627493  0.224319
9150.00492387393  0.227711
9151.97478499855  0.217901
9153.94464612317  0.208119
9155.91450724779  0.205802
9157.88436837242  0.203484
9159.85422949704  0.20902
9161.82409062166  0.217299
9163.79395174629  0.221876
9165.76381287091  0.222422
9167.73367399553  0.227057
9169.70353512015  0.246522
9171.67339624478  0.265986
9173.6432573694  0.272312
9175.61311849402  0.278001
9177.58297961865  0.264153
9179.55284074327  0.241574
9181.52270186789  0.231399
9183.49256299252  0.237751
9185.46242411714  0.243654
9187.43228524176  0.247301
9189.40214636639  0.250949
9191.37200749101  0.24506
9193.34186861563  0.238155
9195.31172974025  0.235137
9197.28159086488  0.234293
9199.2514519895  0.241036
9201.22131311412  0.260218
9203.19117423874  0.275664
9205.16103536337  0.26269
9207.13089648799  0.249715
9209.10075761262  0.239755
9211.07061873724  0.230313
9213.04047986186  0.23142
9215.01034098649  0.239818
9216.98020211111  0.245304
9218.95006323573  0.244841
9220.91992436035  0.244064
9222.88978548498  0.238867
9224.8596466096  0.23367
9226.82950773422  0.242819
9228.79936885884  0.255469
9230.76922998347  0.256898
9232.73909110809  0.248817
9234.70895223272  0.247432
9236.67881335734  0.263363
9238.64867448196  0.27854
9240.61853560658  0.248306
9242.58839673121  0.218076
9244.55825785583  0.220159
9246.52811898045  0.232797
9248.49798010508  0.232809
9250.4678412297  0.219753
9252.43770235432  0.208738
9254.40756347894  0.204597
9256.37742460357  0.200456
9258.34728572819  0.221424
9260.31714685282  0.243268
9262.28700797744  0.247962
9264.25686910206  0.245442
9266.22673022668  0.239604
9268.19659135131  0.229565
9270.16645247593  0.221513
9272.13631360055  0.222578
9274.10617472517  0.223643
9276.0760358498  0.223842
9278.04589697442  0.223962
9280.01575809904  0.216283
9281.98561922367  0.204474
9283.95548034829  0.199435
9285.92534147291  0.204919
9287.89520259754  0.208334
9289.86506372216  0.197773
9291.83492484678  0.18721
9293.8047859714  0.185427
9295.77464709603  0.184997
9297.74450822065  0.206937
9299.71436934527  0.243539
9301.6842304699  0.268715
9303.65409159452  0.271848
9305.62395271914  0.272968
9307.59381384377  0.250614
9309.56367496839  0.228257
9311.53353609301  0.245893
9313.50339721763  0.272514
9315.47325834226  0.292001
9317.44311946688  0.305738
9319.4129805915  0.302248
9321.38284171613  0.256884
9323.35270284075  0.212937
9325.32256396537  0.21665
9327.29242509  0.220362
9329.26228621462  0.230277
9331.23214733924  0.242079
9333.20200846387  0.232735
9335.17186958849  0.202581
9337.14173071311  0.177543
9339.11159183773  0.168559
9341.08145296236  0.159577
9343.05131408698  0.178248
9345.0211752116  0.197509
9346.99103633623  0.212085
9348.96089746085  0.224806
9350.93075858547  0.240894
9352.9006197101  0.261035
9354.87048083472  0.275405
9356.84034195934  0.26543
9358.81020308397  0.255456
9360.78006420859  0.242214
9362.74992533321  0.228723
9364.71978645783  0.220358
9366.68964758246  0.214554
9368.65950870708  0.213223
9370.6293698317  0.218487
9372.59923095633  0.222408
9374.56909208095  0.218189
9376.53895320557  0.21397
9378.50881433019  0.213297
9380.47867545482  0.213111
9382.44853657944  0.216397
9384.41839770406  0.221843
9386.38825882869  0.227046
9388.35811995331  0.231806
9390.32798107793  0.235788
9392.29784220256  0.232044
9394.26770332718  0.228299
9396.2375644518  0.221538
9398.20742557643  0.214154
9400.17728670105  0.211822
9402.14714782567  0.213352
9404.11700895029  0.21587
9406.08687007492  0.220646
9408.05673119954  0.225453
9410.02659232416  0.230968
9411.99645344879  0.236483
9413.96631457341  0.235016
9415.93617569803  0.23157
9417.90603682265  0.229049
9419.87589794728  0.227395
9421.8457590719  0.231774
9423.81562019652  0.253854
9425.78548132115  0.275932
9427.75534244577  0.266203
9429.72520357039  0.256209
9431.69506469502  0.237831
9433.66492581964  0.216343
9435.63478694426  0.202067
9437.60464806889  0.196034
9439.57450919351  0.193736
9441.54437031813  0.205986
9443.51423144275  0.218235
9445.48409256738  0.222409
9447.453953692  0.226082
9449.42381481662  0.224605
9451.39367594125  0.220696
9453.36353706587  0.218077
9455.33339819049  0.217264
9457.30325931512  0.215404
9459.27312043974  0.207806
9461.24298156436  0.20021
9463.21284268899  0.196304
9465.18270381361  0.192847
9467.15256493823  0.189369
9469.12242606285  0.185879
9471.09228718748  0.185597
9473.0621483121  0.190855
9475.03200943672  0.19662
9477.00187056135  0.20674
9478.97173168597  0.216861
9480.94159281059  0.21005
9482.91145393522  0.200056
9484.88131505984  0.195003
9486.85117618446  0.193536
9488.82103730908  0.190923
9490.79089843371  0.185841
9492.76075955833  0.180974
9494.73062068295  0.179848
9496.70048180758  0.178721
9498.6703429322  0.184419
9500.64020405682  0.191912
9502.61006518145  0.196526
9504.57992630607  0.198581
9506.54978743069  0.196964
9508.51964855532  0.185262
9510.48950967994  0.173588
9512.45937080456  0.168742
9514.42923192918  0.163896
9516.39909305381  0.175857
9518.36895417843  0.193662
9520.33881530305  0.201656
9522.30867642768  0.198992
9524.2785375523  0.198877
9526.24839867692  0.207961
9528.21825980154  0.217044
9530.18812092617  0.228762
9532.15798205079  0.240604
9534.12784317542  0.231291
9536.09770430004  0.212561
9538.06756542466  0.202416
9540.03742654928  0.203681
9542.00728767391  0.205222
9543.97714879853  0.208136
9545.94700992315  0.211051
9547.91687104778  0.212957
9549.8867321724  0.214756
9551.85659329702  0.221961
9553.82645442164  0.23218
9555.79631554627  0.232674
9557.76617667089  0.217266
9559.73603779551  0.203331
9561.70589892014  0.200502
9563.67576004476  0.197672
9565.64562116938  0.198365
9567.61548229401  0.199659
9569.58534341863  0.204315
9571.55520454325  0.211284
9573.52506566788  0.215725
9575.4949267925  0.215014
9577.46478791712  0.213767
9579.43464904174  0.205048
9581.40451016637  0.196333
9583.37437129099  0.188031
9585.34423241561  0.179831
9587.31409354023  0.169079
9589.28395466486  0.156172
9591.25381578948  0.147096
9593.2236769141  0.147882
9595.19353803873  0.14881
9597.16339916335  0.157904
9599.13326028797  0.166996
9601.1031214126  0.170155
9603.07298253722  0.171384
9605.04284366184  0.176942
9607.01270478647  0.186969
9608.98256591109  0.194364
9610.95242703571  0.192931
9612.92228816033  0.191497
9614.89214928496  0.185593
9616.86201040958  0.179536
9618.8318715342  0.179944
9620.80173265883  0.183062
9622.77159378345  0.183302
9624.74145490807  0.179913
9626.71131603269  0.178766
9628.68117715732  0.187864
9630.65103828194  0.196963
9632.62089940656  0.194321
9634.59076053119  0.190619
9636.56062165581  0.18659
9638.53048278043  0.182388
9640.50034390506  0.173409
9642.47020502968  0.157026
9644.4400661543  0.145395
9646.40992727893  0.165607
9648.37978840355  0.185825
9650.34964952817  0.183491
9652.31951065279  0.177704
9654.28937177742  0.179615
9656.25923290204  0.186556
9658.22909402666  0.190176
9660.19895515129  0.18741
9662.16881627591  0.184621
9664.13867740053  0.181576
9666.10853852515  0.17853
9668.07839964978  0.17589
9670.0482607744  0.17334
9672.01812189903  0.176355
9673.98798302365  0.183833
9675.95784414827  0.190339
9677.92770527289  0.194488
9679.89756639752  0.198441
9681.86742752214  0.196023
9683.83728864676  0.193606
9685.80714977139  0.19125
9687.77701089601  0.188912
9689.74687202063  0.182896
9691.71673314525  0.173272
9693.68659426988  0.166481
9695.6564553945  0.168543
9697.62631651912  0.170605
9699.59617764375  0.187962
9701.56603876837  0.205628
9703.53589989299  0.198168
9705.50576101762  0.180798
9707.47562214224  0.164787
9709.44548326686  0.150403
9711.41534439149  0.139362
9713.38520551611  0.14235
9715.35506664073  0.145338
9717.32492776535  0.139579
9719.29478888998  0.133159
9721.2646500146  0.148393
9723.23451113922  0.174424
9725.20437226385  0.187067
9727.17423338847  0.18003
9729.14409451309  0.173442
9731.11395563771  0.169549
9733.08381676234  0.165656
9735.05367788696  0.189027
9737.02353901158  0.21612
9738.99340013621  0.21479
9740.96326126083  0.195844
9742.93312238545  0.179822
9744.90298351008  0.169113
9746.8728446347  0.159711
9748.84270575932  0.163137
9750.81256688395  0.166563
9752.78242800857  0.17481
9754.75228913319  0.184046
9756.72215025781  0.210078
9758.69201138244  0.248897
9760.66187250706  0.272083
9762.63173363168  0.259598
9764.60159475631  0.247565
9766.57145588093  0.245699
9768.54131700555  0.243833
9770.51117813018  0.221205
9772.4810392548  0.192719
9774.45090037942  0.181221
9776.42076150405  0.18556
9778.39062262867  0.193078
9780.36048375329  0.209884
9782.33034487791  0.22669
9784.30020600254  0.228215
9786.27006712716  0.229625
9788.23992825178  0.227756
9790.20978937641  0.224674
9792.17965050103  0.224284
9794.14951162565  0.22696
9796.11937275028  0.225801
9798.0892338749  0.209769
9800.05909499952  0.193737
9802.02895612414  0.1684
9803.99881724877  0.142502
9805.96867837339  0.138719
9807.93853949801  0.14535
9809.90840062264  0.152517
9811.87826174726  0.160432
9813.84812287188  0.167692
9815.81798399651  0.171397
9817.78784512113  0.175101
9819.75770624575  0.18532
9821.72756737038  0.196324
9823.697428495  0.200566
9825.66728961962  0.200842
9827.63715074424  0.19796
9829.60701186887  0.189645
9831.57687299349  0.181269
9833.54673411811  0.172366
9835.51659524274  0.163461
9837.48645636736  0.165091
9839.45631749198  0.168689
9841.4261786166  0.173386
9843.39603974123  0.178882
9845.36590086585  0.177261
9847.33576199048  0.160349
9849.3056231151  0.143678
9851.27548423972  0.131131
9853.24534536434  0.118581
9855.21520648897  0.122692
9857.18506761359  0.131164
9859.15492873821  0.130525
9861.12478986284  0.121818
9863.09465098746  0.118039
9865.06451211208  0.127755
9867.0343732367  0.137491
9869.00423436133  0.151204
9870.97409548595  0.164921
9872.94395661057  0.166607
9874.9138177352  0.164124
9876.88367885982  0.170104
9878.85353998444  0.185239
9880.82340110907  0.196088
9882.79326223369  0.191517
9884.76312335831  0.186945
9886.73298448294  0.176349
9888.70284560756  0.165475
9890.67270673218  0.159539
9892.6425678568  0.155797
9894.61242898143  0.155392
9896.58229010605  0.159409
9898.55215123067  0.159958
9900.5220123553  0.143296
9902.49187347992  0.126634
9904.46173460454  0.119191
9906.43159572916  0.112715
9908.40145685379  0.12004
9910.37131797841  0.13504
9912.34117910303  0.141757
9914.31104022766  0.134973
9916.28090135228  0.13132
9918.2507624769  0.151132
9920.22062360153  0.170944
9922.19048472615  0.170872
9924.16034585077  0.167437
9926.1302069754  0.160577
9928.10006810002  0.151363
9930.06992922464  0.154205
9932.03979034926  0.181494
9934.00965147389  0.204831
9935.97951259851  0.173964
9937.94937372313  0.143088
9939.91923484776  0.13597
9941.88909597238  0.134596
9943.858957097  0.137301
9945.82881822162  0.143442
9947.79867934625  0.145859
9949.76854047087  0.138712
9951.7384015955  0.13222
9953.70826272012  0.161585
9955.67812384474  0.190957
9957.64798496936  0.198289
9959.61784609399  0.198479
9961.58770721861  0.182412
9963.55756834323  0.14963
9965.52742946786  0.127256
9967.49729059248  0.139687
9969.4671517171  0.152119
9971.43701284172  0.144971
9973.40687396635  0.137178
9975.37673509097  0.122604
9977.34659621559  0.105197
9979.31645734021  0.0986451
9981.28631846484  0.105741
9983.25617958946  0.112941
9985.22604071409  0.1206
9987.19590183871  0.12826
9989.16576296333  0.125348
9991.13562408795  0.121493
9993.10548521258  0.116466
9995.0753463372  0.110823
9997.04520746182  0.12881
9999.01506858645  0.183297
10000.9849297111  0.224695
10002.9547908357  0.17889
10004.9246519603  0.133085
10006.8945130849  0.120709
10008.8643742096  0.113419
10010.8342353342  0.116318
10012.8040964588  0.125861
10014.7739575834  0.128526
10016.7438187081  0.118019
10018.7136798327  0.110691
10020.6835409573  0.139697
10022.6534020819  0.168703
10024.6232632065  0.158102
10026.5931243312  0.138689
10028.5629854558  0.128957
10030.5328465804  0.126965
10032.502707705  0.129594
10034.4725688297  0.143372
10036.4424299543  0.15681
10038.4122910789  0.159523
10040.3821522035  0.162238
10042.3520133282  0.13375
10044.3218744528  0.0958388
10046.2917355774  0.077923
