3270.56491701399  0.12507
3272.54707756976  0.0819008
3274.52923812552  0.0844441
3276.51139868129  0.165886
3278.49355923705  0.0933391
3280.47571979282  0.116477
3282.45788034859  0.145222
3284.44004090435  -0.0202048
3286.42220146012  -0.03848
3288.40436201588  -0.0674949
3290.38652257165  0.224397
3292.36868312742  0.0688798
3294.35084368318  0.126731
3296.33300423895  -0.00142701
3298.31516479471  0.0349027
3300.29732535048  0.181604
3302.27948590625  0.0918153
3304.26164646201  0.0344661
3306.24380701778  0.163805
3308.22596757354  0.1192
3310.20812812931  0.161595
3312.19028868508  0.208181
3314.17244924084  0.171768
3316.15460979661  0.135077
3318.13677035238  0.071853
3320.11893090814  0.00990079
3322.10109146391  0.0502985
3324.08325201967  0.155588
3326.06541257544  0.163806
3328.04757313121  0.113894
3330.02973368697  0.0710903
3332.01189424274  0.138266
3333.9940547985  0.197311
3335.97621535427  0.249913
3337.95837591004  0.100853
3339.9405364658  0.111257
3341.92269702157  -0.0104494
3343.90485757733  -0.0592421
3345.8870181331  0.0438362
3347.86917868887  0.138675
3349.85133924463  0.182492
3351.8334998004  0.0961542
3353.81566035616  0.0800666
3355.79782091193  0.192164
3357.7799814677  0.168282
3359.76214202346  0.125638
3361.74430257923  0.108862
3363.72646313499  0.207595
3365.70862369076  0.139647
3367.69078424653  0.100319
3369.67294480229  0.178582
3371.65510535806  0.0434626
3373.63726591382  0.0703809
3375.61942646959  0.0965919
3377.60158702536  0.0421969
3379.58374758112  0.143888
3381.56590813689  0.179551
3383.54806869265  0.0345562
3385.53022924842  0.10928
3387.51238980419  0.077185
3389.49455035995  0.100717
3391.47671091572  0.163925
3393.45887147149  0.0818754
3395.44103202725  0.132797
3397.42319258302  0.115692
3399.40535313878  0.125786
3401.38751369455  0.14331
3403.36967425032  -0.0258149
3405.35183480608  0.0270789
3407.33399536185  0.0814516
3409.31615591761  0.171954
3411.29831647338  0.166427
3413.28047702915  0.139416
3415.26263758491  0.119799
3417.24479814068  0.245128
3419.22695869644  0.0755777
3421.20911925221  0.173486
3423.19127980798  0.197853
3425.17344036374  0.193213
3427.15560091951  0.192263
3429.13776147527  0.127805
3431.11992203104  0.123211
3433.10208258681  0.166673
3435.08424314257  0.147501
3437.06640369834  0.121994
3439.0485642541  0.142674
3441.03072480987  0.150964
3443.01288536564  0.135236
3444.9950459214  0.146374
3446.97720647717  0.140525
3448.95936703293  0.119219
3450.9415275887  0.134075
3452.92368814447  0.160308
3454.90584870023  0.179334
3456.888009256  0.231935
3458.87016981176  0.215883
3460.85233036753  0.187814
3462.8344909233  0.155405
3464.81665147906  0.148067
3466.79881203483  0.141301
3468.78097259059  0.13178
3470.76313314636  0.151777
3472.74529370213  0.173873
3474.72745425789  0.164007
3476.70961481366  0.190182
3478.69177536943  0.161131
3480.67393592519  0.102981
3482.65609648096  0.129413
3484.63825703672  0.165204
3486.62041759249  0.137785
3488.60257814826  0.105869
3490.58473870402  0.112243
3492.56689925979  0.207962
3494.54905981555  0.137962
3496.53122037132  0.152615
3498.51338092709  0.0811241
3500.49554148285  0.139901
3502.47770203862  0.12059
3504.45986259438  0.100879
3506.44202315015  0.141438
3508.42418370592  0.11952
3510.40634426168  0.135286
3512.38850481745  0.182805
3514.37066537321  0.23031
3516.35282592898  0.156387
3518.33498648475  0.099707
3520.31714704051  0.170173
3522.29930759628  0.216491
3524.28146815204  0.160704
3526.26362870781  0.150925
3528.24578926358  0.128251
3530.22794981934  0.167309
3532.21011037511  0.139515
3534.19227093087  0.135556
3536.17443148664  0.14217
3538.15659204241  0.202001
3540.13875259817  0.172435
3542.12091315394  0.123984
3544.10307370971  0.126011
3546.08523426547  0.108212
3548.06739482124  0.127753
3550.049555377  0.16494
3552.03171593277  0.112699
3554.01387648854  0.153963
3555.9960370443  0.128209
3557.97819760007  0.194947
3559.96035815583  0.16824
3561.9425187116  0.209893
3563.92467926737  0.175239
3565.90683982313  0.183772
3567.8890003789  0.169569
3569.87116093466  0.180949
3571.85332149043  0.14701
3573.8354820462  0.183658
3575.81764260196  0.187957
3577.79980315773  0.185143
3579.78196371349  0.185447
3581.76412426926  0.1961
3583.74628482503  0.255071
3585.72844538079  0.213694
3587.71060593656  0.148951
3589.69276649232  0.208248
3591.67492704809  0.17495
3593.65708760386  0.167117
3595.63924815962  0.199413
3597.62140871539  0.135632
3599.60356927115  0.171078
3601.58572982692  0.174642
3603.56789038269  0.163208
3605.55005093845  0.161614
3607.53221149422  0.119403
3609.51437204998  0.184982
3611.49653260575  0.219207
3613.47869316152  0.176231
3615.46085371728  0.178724
3617.44301427305  0.245548
3619.42517482882  0.194046
3621.40733538458  0.200066
3623.38949594035  0.132276
3625.37165649611  0.120439
3627.35381705188  0.148632
3629.33597760765  0.168997
3631.31813816341  0.183719
3633.30029871918  0.201515
3635.28245927494  0.178991
3637.26461983071  0.158952
3639.24678038648  0.177103
3641.22894094224  0.207096
3643.21110149801  0.220564
3645.19326205377  0.192178
3647.17542260954  0.192725
3649.15758316531  0.232271
3651.13974372107  0.252011
3653.12190427684  0.208716
3655.1040648326  0.162146
3657.08622538837  0.183593
3659.06838594414  0.173814
3661.0505464999  0.198194
3663.03270705567  0.18619
3665.01486761143  0.168992
3666.9970281672  0.186177
3668.97918872297  0.174487
3670.96134927873  0.166077
3672.9435098345  0.167823
3674.92567039026  0.161582
3676.90783094603  0.128349
3678.8899915018  0.140077
3680.87215205756  0.180849
3682.85431261333  0.184707
3684.83647316909  0.155032
3686.81863372486  0.169044
3688.80079428063  0.154962
3690.78295483639  0.1561
3692.76511539216  0.167409
3694.74727594792  0.165838
3696.72943650369  0.139352
3698.71159705946  0.114229
3700.69375761522  0.134159
3702.67591817099  0.211976
3704.65807872676  0.160924
3706.64023928252  0.142512
3708.62239983829  0.0946876
3710.60456039405  0.093668
3712.58672094982  0.105881
3714.56888150559  0.0996207
3716.55104206135  0.0641489
3718.53320261712  0.0611487
3720.51536317288  0.0728918
3722.49752372865  0.114326
3724.47968428442  0.138078
3726.46184484018  0.0967047
3728.44400539595  0.119335
3730.42616595171  0.144206
3732.40832650748  0.0983353
3734.39048706325  0.0896794
3736.37264761901  0.0513892
3738.35480817478  0.0546056
3740.33696873054  0.123193
3742.31912928631  0.0845801
3744.30128984208  0.0680691
3746.28345039784  0.0489032
3748.26561095361  0.0666119
3750.24777150937  0.0776384
3752.22993206514  0.0697888
3754.21209262091  0.100205
3756.19425317667  0.115231
3758.17641373244  0.0663754
3760.1585742882  0.0834377
3762.14073484397  0.0875758
3764.12289539974  0.0648145
3766.1050559555  0.0362615
3768.08721651127  0.0428335
3770.06937706703  0.0505569
3772.0515376228  0.0337153
3774.03369817857  0.0388188
3776.01585873433  0.0669765
3777.9980192901  0.0802975
3779.98017984587  0.0447939
3781.96234040163  0.0865617
3783.9445009574  0.0731552
3785.92666151316  0.0457663
3787.90882206893  0.0498365
3789.8909826247  0.0664768
3791.87314318046  0.0830705
3793.85530373623  0.0604378
3795.83746429199  0.0729421
3797.81962484776  0.0696122
3799.80178540353  0.0616226
3801.78394595929  0.0804668
3803.76610651506  0.0663196
3805.74826707082  0.0486484
3807.73042762659  0.0852841
3809.71258818236  0.0635546
3811.69474873812  0.0271583
3813.67690929389  0.0721725
3815.65906984965  0.0540026
3817.64123040542  0.0872321
3819.62339096119  0.0731685
3821.60555151695  0.0718233
3823.58771207272  0.0973321
3825.56987262848  0.121069
3827.55203318425  0.107706
3829.53419374002  0.113634
3831.51635429578  0.102867
3833.49851485155  0.0523163
3835.48067540731  0.0449358
3837.46283596308  0.0795998
3839.44499651885  0.0896014
3841.42715707461  0.0971748
3843.40931763038  0.101383
3845.39147818614  0.0928213
3847.37363874191  0.0846728
3849.35579929768  0.0848099
3851.33795985344  0.0981915
3853.32012040921  0.137336
3855.30228096498  0.128632
3857.28444152074  0.132966
3859.26660207651  0.125215
3861.24876263227  0.13502
3863.23092318804  0.159607
3865.2130837438  0.136816
3867.19524429957  0.135122
3869.17740485534  0.167509
3871.1595654111  0.181077
3873.14172596687  0.166348
3875.12388652264  0.174973
3877.1060470784  0.135397
3879.08820763417  0.177077
3881.07036818993  0.203764
3883.0525287457  0.214652
3885.03468930147  0.249705
3887.01684985723  0.237384
3888.999010413  0.234638
3890.98117096876  0.263132
3892.96333152453  0.262897
3894.9454920803  0.25986
3896.92765263606  0.271175
3898.90981319183  0.248007
3900.89197374759  0.239782
3902.87413430336  0.256638
3904.85629485913  0.245021
3906.83845541489  0.244835
3908.82061597066  0.25998
3910.80277652642  0.273902
3912.78493708219  0.275328
3914.76709763796  0.243114
3916.74925819372  0.248001
3918.73141874949  0.265002
3920.71357930525  0.26681
3922.69573986102  0.320707
3924.67790041679  0.310358
3926.66006097255  0.299729
3928.64222152832  0.290806
3930.62438208408  0.325173
3932.60654263985  0.320449
3934.58870319562  0.318945
3936.57086375138  0.339193
3938.55302430715  0.354035
3940.53518486292  0.360963
3942.51734541868  0.370502
3944.49950597445  0.377172
3946.48166653021  0.359241
3948.46382708598  0.3812
3950.44598764175  0.382456
3952.42814819751  0.352426
3954.41030875328  0.365803
3956.39246930904  0.391107
3958.37462986481  0.394887
3960.35679042057  0.413664
3962.33895097634  0.435365
3964.32111153211  0.451333
3966.30327208787  0.441601
3968.28543264364  0.486875
3970.26759319941  0.471802
3972.24975375517  0.452986
3974.23191431094  0.469853
3976.2140748667  0.452482
3978.19623542247  0.472147
3980.17839597824  0.492757
3982.160556534  0.483478
3984.14271708977  0.52123
3986.12487764553  0.519659
3988.1070382013  0.480269
3990.08919875707  0.50545
3992.07135931283  0.51268
3994.0535198686  0.486936
3996.03568042436  0.502654
3998.01784098013  0.496506
4000.0000015359  0.49136
4001.98216209166  0.507001
4003.96432264743  0.492959
4005.94648320319  0.518725
4007.92864375896  0.548679
4009.91080431473  0.579887
4011.89296487049  0.582236
4013.87512542626  0.480339
4015.85728598203  0.498576
4017.83944653779  0.562377
4019.82160709356  0.558288
4021.80376764932  0.53011
4023.78592820509  0.522901
4025.76808876086  0.516957
4027.75024931662  0.539897
4029.73240987239  0.54431
4031.71457042815  0.527117
4033.69673098392  0.506396
4035.67889153969  0.523896
4037.66105209545  0.499115
4039.64321265122  0.488026
4041.62537320698  0.50075
4043.60753376275  0.475224
4045.58969431852  0.528703
4047.57185487428  0.515421
4049.55401543005  0.50177
4051.53617598581  0.513983
4053.51833654158  0.537149
4055.50049709735  0.526517
4057.48265765311  0.538413
4059.46481820888  0.565014
4061.44697876464  0.534169
4063.42913932041  0.490928
4065.41129987618  0.50954
4067.39346043194  0.528064
4069.37562098771  0.524818
4071.35778154347  0.500622
4073.33994209924  0.477695
4075.32210265501  0.501928
4077.30426321077  0.496274
4079.28642376654  0.464137
4081.26858432231  0.488383
4083.25074487807  0.457968
4085.23290543384  0.449589
4087.2150659896  0.450772
4089.19722654537  0.4532
4091.17938710113  0.461573
4093.1615476569  0.416941
4095.14370821267  0.406387
4097.12586876843  0.417241
4099.1080293242  0.440688
4101.09018987996  0.460228
4103.07235043573  0.447815
4105.0545109915  0.43049
4107.03667154726  0.428588
4109.01883210303  0.424873
4111.0009926588  0.392452
4112.98315321456  0.416838
4114.96531377033  0.440953
4116.94747432609  0.441944
4118.92963488186  0.432293
4120.91179543763  0.461423
4122.89395599339  0.447331
4124.87611654916  0.427383
4126.85827710492  0.467096
4128.84043766069  0.451108
4130.82259821646  0.430655
4132.80475877222  0.417974
4134.78691932799  0.410694
4136.76907988375  0.397521
4138.75124043952  0.404738
4140.73340099529  0.405198
4142.71556155105  0.384019
4144.69772210682  0.365924
4146.67988266258  0.367994
4148.66204321835  0.39087
4150.64420377412  0.34132
4152.62636432988  0.356727
4154.60852488565  0.343048
4156.59068544141  0.351954
4158.57284599718  0.379687
4160.55500655295  0.34929
4162.53716710871  0.349525
4164.51932766448  0.361187
4166.50148822025  0.401453
4168.48364877601  0.391091
4170.46580933178  0.329955
4172.44796988754  0.262833
4174.43013044331  0.340036
4176.41229099907  0.382247
4178.39445155484  0.389085
4180.37661211061  0.397392
4182.35877266637  0.381064
4184.34093322214  0.369955
4186.3230937779  0.381255
4188.30525433367  0.384952
4190.28741488944  0.378195
4192.2695754452  0.381354
4194.25173600097  0.369121
4196.23389655674  0.368344
4198.2160571125  0.366256
4200.19821766827  0.364596
4202.18037822403  0.375598
4204.1625387798  0.354863
4206.14469933557  0.318915
4208.12685989133  0.317616
4210.1090204471  0.310232
4212.09118100286  0.345093
4214.07334155863  0.334685
4216.0555021144  0.326361
4218.03766267016  0.331523
4220.01982322593  0.341866
4222.00198378169  0.347261
4223.98414433746  0.343817
4225.96630489323  0.333513
4227.94846544899  0.317356
4229.93062600476  0.329405
4231.91278656052  0.321771
4233.89494711629  0.334042
4235.87710767206  0.349447
4237.85926822782  0.329385
4239.84142878359  0.339148
4241.82358933935  0.339287
4243.80574989512  0.315555
4245.78791045089  0.326281
4247.77007100665  0.358589
4249.75223156242  0.368614
4251.73439211819  0.333938
4253.71655267395  0.3392
4255.69871322972  0.356806
4257.68087378548  0.340485
4259.66303434125  0.325303
4261.64519489702  0.320873
4263.62735545278  0.354462
4265.60951600855  0.36314
4267.59167656431  0.353875
4269.57383712008  0.35947
4271.55599767585  0.32548
4273.53815823161  0.315854
4275.52031878738  0.325401
4277.50247934314  0.337617
4279.48463989891  0.359845
4281.46680045468  0.336551
4283.44896101044  0.337156
4285.43112156621  0.346018
4287.41328212197  0.333451
4289.39544267774  0.34556
4291.37760323351  0.347218
4293.35976378927  0.343011
4295.34192434504  0.316625
4297.3240849008  0.325317
4299.30624545657  0.339981
4301.28840601234  0.327258
4303.2705665681  0.318941
4305.25272712387  0.309661
4307.23488767963  0.3115
4309.2170482354  0.328741
4311.19920879117  0.317992
4313.18136934693  0.312125
4315.1635299027  0.305663
4317.14569045846  0.321877
4319.12785101423  0.351528
4321.11001157  0.327524
4323.09217212576  0.292575
4325.07433268153  0.281611
4327.0564932373  0.281276
4329.03865379306  0.284678
4331.02081434883  0.293955
4333.00297490459  0.269377
4334.98513546036  0.267671
4336.96729601613  0.276822
4338.94945657189  0.25126
4340.93161712766  0.255986
4342.91377768342  0.250737
4344.89593823919  0.244123
4346.87809879496  0.242774
4348.86025935072  0.248002
4350.84241990649  0.222794
4352.82458046225  0.210963
4354.80674101802  0.224513
4356.78890157379  0.224345
4358.77106212955  0.220669
4360.75322268532  0.250874
4362.73538324108  0.244945
4364.71754379685  0.233579
4366.69970435262  0.239525
4368.68186490838  0.265943
4370.66402546415  0.255913
4372.64618601991  0.221715
4374.62834657568  0.255255
4376.61050713145  0.266129
4378.59266768721  0.281679
4380.57482824298  0.27945
4382.55698879874  0.284893
4384.53914935451  0.28814
4386.52130991028  0.29658
4388.50347046604  0.309724
4390.48563102181  0.314368
4392.46779157758  0.305456
4394.44995213334  0.277537
4396.43211268911  0.320932
4398.41427324487  0.328226
4400.39643380064  0.315912
4402.3785943564  0.311627
4404.36075491217  0.325963
4406.34291546794  0.345006
4408.3250760237  0.316415
4410.30723657947  0.327796
4412.28939713523  0.350561
4414.271557691  0.325941
4416.25371824677  0.33631
4418.23587880253  0.356567
4420.2180393583  0.344344
4422.20019991406  0.357942
4424.18236046983  0.347669
4426.1645210256  0.358322
4428.14668158136  0.366633
4430.12884213713  0.341233
4432.1110026929  0.371871
4434.09316324866  0.345762
4436.07532380443  0.337264
4438.05748436019  0.359149
4440.03964491596  0.353336
4442.02180547173  0.344555
4444.00396602749  0.330035
4445.98612658326  0.345096
4447.96828713902  0.358896
4449.95044769479  0.34949
4451.93260825056  0.328633
4453.91476880632  0.361997
4455.89692936209  0.373777
4457.87908991785  0.363974
4459.86125047362  0.378727
4461.84341102939  0.388407
4463.82557158515  0.389054
4465.80773214092  0.379056
4467.78989269668  0.361123
4469.77205325245  0.372847
4471.75421380822  0.378108
4473.73637436398  0.389207
4475.71853491975  0.385787
4477.70069547551  0.37301
4479.68285603128  0.367657
4481.66501658705  0.381257
4483.64717714281  0.391071
4485.62933769858  0.397982
4487.61149825435  0.417949
4489.59365881011  0.415364
4491.57581936588  0.417103
4493.55797992164  0.410698
4495.54014047741  0.436605
4497.52230103317  0.447065
4499.50446158894  0.445769
4501.48662214471  0.447768
4503.46878270047  0.451882
4505.45094325624  0.465297
4507.43310381201  0.496956
4509.41526436777  0.495983
4511.39742492354  0.480338
4513.3795854793  0.487015
4515.36174603507  0.507992
4517.34390659084  0.518954
4519.3260671466  0.522699
4521.30822770237  0.531902
4523.29038825813  0.528077
4525.2725488139  0.553342
4527.25470936967  0.551175
4529.23686992543  0.566631
4531.2190304812  0.560905
4533.20119103696  0.558606
4535.18335159273  0.560379
4537.1655121485  0.569783
4539.14767270426  0.567091
4541.12983326003  0.596311
4543.11199381579  0.60983
4545.09415437156  0.595677
4547.07631492733  0.580961
4549.05847548309  0.57058
4551.04063603886  0.592002
4553.02279659462  0.589986
4555.00495715039  0.605197
4556.98711770616  0.61798
4558.96927826192  0.591524
4560.95143881769  0.595354
4562.93359937346  0.646997
4564.91575992922  0.644223
4566.89792048499  0.650843
4568.88008104075  0.644222
4570.86224159652  0.653046
4572.84440215229  0.646454
4574.82656270805  0.6352
4576.80872326382  0.668493
4578.79088381958  0.675918
4580.77304437535  0.655972
4582.75520493112  0.64904
4584.73736548688  0.650004
4586.71952604265  0.638882
4588.70168659841  0.651073
4590.68384715418  0.675514
4592.66600770995  0.655002
4594.64816826571  0.62767
4596.63032882148  0.663211
4598.61248937724  0.686341
4600.59464993301  0.666218
4602.57681048878  0.658205
4604.55897104454  0.682285
4606.54113160031  0.700353
4608.52329215607  0.698137
4610.50545271184  0.689227
4612.48761326761  0.670748
4614.46977382337  0.704146
4616.45193437914  0.693005
4618.4340949349  0.695004
4620.41625549067  0.699538
4622.39841604644  0.682228
4624.3805766022  0.721604
4626.36273715797  0.718663
4628.34489771373  0.706107
4630.3270582695  0.726893
4632.30921882527  0.726758
4634.29137938103  0.717666
4636.2735399368  0.724571
4638.25570049256  0.726392
4640.23786104833  0.698057
4642.2200216041  0.696547
4644.20218215986  0.72288
4646.18434271563  0.728662
4648.16650327139  0.724134
4650.14866382716  0.709054
4652.13082438293  0.692253
4654.11298493869  0.717786
4656.09514549446  0.714552
4658.07730605023  0.707553
4660.05946660599  0.712812
4662.04162716176  0.695757
4664.02378771752  0.729241
4666.00594827329  0.731652
4667.98810882906  0.696374
4669.97026938482  0.730605
4671.95242994059  0.757976
4673.93459049635  0.748621
4675.91675105212  0.752622
4677.89891160789  0.747009
4679.88107216365  0.750034
4681.86323271942  0.722921
4683.84539327518  0.749151
4685.82755383095  0.739576
4687.80971438672  0.72364
4689.79187494248  0.727028
4691.77403549825  0.709168
4693.75619605401  0.704904
4695.73835660978  0.712897
4697.72051716555  0.709304
4699.70267772131  0.681142
4701.68483827708  0.688107
4703.66699883284  0.682134
4705.64915938861  0.675331
4707.63131994438  0.672165
4709.61348050014  0.662617
4711.59564105591  0.66573
4713.57780161168  0.680359
4715.55996216744  0.638652
4717.54212272321  0.666013
4719.52428327897  0.664349
4721.50644383474  0.667607
4723.4886043905  0.657626
4725.47076494627  0.649093
4727.45292550204  0.647869
4729.4350860578  0.630883
4731.41724661357  0.618522
4733.39940716934  0.595006
4735.3815677251  0.610018
4737.36372828087  0.610367
4739.34588883663  0.596454
4741.3280493924  0.589101
4743.31020994817  0.582711
4745.29237050393  0.58385
4747.2745310597  0.603971
4749.25669161546  0.602327
4751.23885217123  0.589517
4753.22101272699  0.572871
4755.20317328276  0.575623
4757.18533383853  0.593018
4759.16749439429  0.573922
4761.14965495006  0.562463
4763.13181550583  0.558209
4765.11397606159  0.524063
4767.09613661736  0.511664
4769.07829717313  0.529273
4771.06045772889  0.521957
4773.04261828466  0.525808
4775.02477884042  0.538127
4777.00693939619  0.523577
4778.98909995195  0.505927
4780.97126050772  0.492346
4782.95342106349  0.487327
4784.93558161925  0.469687
4786.91774217502  0.466745
4788.89990273079  0.468827
4790.88206328655  0.446296
4792.86422384232  0.450474
4794.84638439808  0.439066
4796.82854495385  0.461188
4798.81070550962  0.46715
4800.79286606538  0.407009
4802.77502662115  0.406356
4804.75718717691  0.409532
4806.73934773268  0.402952
4808.72150828844  0.391642
4810.70366884421  0.373893
4812.68582939998  0.368353
4814.66798995574  0.378313
4816.65015051151  0.37786
4818.63231106728  0.365782
4820.61447162304  0.364256
4822.59663217881  0.376802
4824.57879273457  0.378709
4826.56095329034  0.358156
4828.54311384611  0.355448
4830.52527440187  0.364048
4832.50743495764  0.377578
4834.4895955134  0.385304
4836.47175606917  0.373224
4838.45391662494  0.366344
4840.4360771807  0.34661
4842.41823773647  0.349144
4844.40039829223  0.348063
4846.382558848  0.344364
4848.36471940377  0.354428
4850.34687995953  0.343248
4852.3290405153  0.342078
4854.31120107106  0.326013
4856.29336162683  0.335306
4858.2755221826  0.314118
4860.25768273836  0.347887
4862.23984329413  0.33533
4864.22200384989  0.313995
4866.20416440566  0.30662
4868.18632496143  0.309448
4870.16848551719  0.314236
4872.15064607296  0.291122
4874.13280662872  0.303439
4876.11496718449  0.310529
4878.09712774026  0.316562
4880.07928829602  0.301612
4882.06144885179  0.309205
4884.04360940755  0.310057
4886.02576996332  0.317515
4888.00793051909  0.330401
4889.99009107485  0.338861
4891.97225163062  0.352385
4893.95441218639  0.35666
4895.93657274215  0.350244
4897.91873329792  0.352283
4899.90089385368  0.379767
4901.88305440945  0.388118
4903.86521496522  0.392655
4905.84737552098  0.431849
4907.82953607675  0.437807
4909.81169663251  0.429134
4911.79385718828  0.432865
4913.77601774405  0.439948
4915.75817829981  0.438298
4917.74033885558  0.454294
4919.72249941134  0.495059
4921.70465996711  0.495491
4923.68682052288  0.508413
4925.66898107864  0.539928
4927.65114163441  0.532157
4929.63330219017  0.541111
4931.61546274594  0.54839
4933.59762330171  0.583625
4935.57978385747  0.614047
4937.56194441324  0.619927
4939.544104969  0.610816
4941.52626552477  0.629886
4943.50842608054  0.646246
4945.4905866363  0.670814
4947.47274719207  0.705859
4949.45490774783  0.730947
4951.4370683036  0.757111
4953.41922885937  0.742397
4955.40138941513  0.746731
4957.3835499709  0.80169
4959.36571052666  0.807545
4961.34787108243  0.793506
4963.3300316382  0.812867
4965.31219219396  0.783676
4967.29435274973  0.788909
4969.2765133055  0.825722
4971.25867386126  0.825544
4973.24083441703  0.82759
4975.22299497279  0.84251
4977.20515552856  0.830908
4979.18731608432  0.841077
4981.16947664009  0.843124
4983.15163719586  0.856701
4985.13379775162  0.854114
4987.11595830739  0.828909
4989.09811886316  0.837284
4991.08027941892  0.87264
4993.06243997469  0.841555
4995.04460053045  0.830703
4997.02676108622  0.849316
4999.00892164199  0.845879
5000.99108219775  0.844626
5002.97324275352  0.845248
5004.95540330928  0.855506
5006.93756386505  0.839356
5008.91972442082  0.835716
5010.90188497658  0.833267
5012.88404553235  0.83182
5014.86620608812  0.829251
5016.84836664388  0.826838
5018.83052719965  0.834978
5020.81268775541  0.825663
5022.79484831118  0.788404
5024.77700886695  0.772332
5026.75916942271  0.784278
5028.74132997848  0.767257
5030.72349053424  0.75917
5032.70565109001  0.756858
5034.68781164578  0.737693
5036.66997220154  0.759878
5038.65213275731  0.75439
5040.63429331307  0.750063
5042.61645386884  0.726362
5044.59861442461  0.687383
5046.58077498037  0.688337
5048.56293553614  0.689288
5050.5450960919  0.659359
5052.52725664767  0.641452
5054.50941720344  0.607276
5056.4915777592  0.596858
5058.47373831497  0.615785
5060.45589887073  0.607555
5062.4380594265  0.578609
5064.42021998227  0.583346
5066.40238053803  0.601984
5068.3845410938  0.588387
5070.36670164956  0.58733
5072.34886220533  0.548752
5074.3310227611  0.558721
5076.31318331686  0.602862
5078.29534387263  0.603191
5080.27750442839  0.5903
5082.25966498416  0.585921
5084.24182553993  0.59538
5086.22398609569  0.600712
5088.20614665146  0.592458
5090.18830720722  0.626462
5092.17046776299  0.617371
5094.15262831876  0.589261
5096.13478887452  0.594271
5098.11694943029  0.606376
5100.09910998605  0.626607
5102.08127054182  0.645619
5104.06343109759  0.618723
5106.04559165335  0.614222
5108.02775220912  0.647367
5110.00991276489  0.663336
5111.99207332065  0.653314
5113.97423387642  0.637029
5115.95639443218  0.644951
5117.93855498795  0.62528
5119.92071554372  0.616404
5121.90287609948  0.621276
5123.88503665525  0.645469
5125.86719721101  0.639437
5127.84935776678  0.644934
5129.83151832255  0.663454
5131.81367887831  0.659311
5133.79583943408  0.64909
5135.77799998984  0.645793
5137.76016054561  0.639521
5139.74232110138  0.639049
5141.72448165714  0.619362
5143.70664221291  0.661489
5145.68880276867  0.665221
5147.67096332444  0.64737
5149.6531238802  0.653117
5151.63528443597  0.662782
5153.61744499174  0.657123
5155.5996055475  0.647696
5157.58176610327  0.646866
5159.56392665904  0.656512
5161.5460872148  0.676522
5163.52824777057  0.684986
5165.51040832633  0.67339
5167.4925688821  0.676602
5169.47472943787  0.68613
5171.45688999363  0.680214
5173.4390505494  0.683784
5175.42121110516  0.689503
5177.40337166093  0.667317
5179.3855322167  0.671295
5181.36769277246  0.671272
5183.34985332823  0.665715
5185.332013884  0.654906
5187.31417443976  0.652566
5189.29633499553  0.667747
5191.27849555129  0.668468
5193.26065610706  0.666368
5195.24281666283  0.662098
5197.22497721859  0.653732
5199.20713777436  0.645318
5201.18929833012  0.648545
5203.17145888589  0.65692
5205.15361944166  0.664783
5207.13577999742  0.666863
5209.11794055319  0.666093
5211.10010110895  0.674262
5213.08226166472  0.674302
5215.06442222049  0.664388
5217.04658277625  0.657652
5219.02874333202  0.6577
5221.01090388778  0.675356
5222.99306444355  0.684968
5224.97522499932  0.674262
5226.95738555508  0.654786
5228.93954611085  0.654311
5230.92170666661  0.675806
5232.90386722238  0.684886
5234.88602777815  0.683938
5236.86818833391  0.692284
5238.85034888968  0.690185
5240.83250944545  0.691688
5242.81467000121  0.712705
5244.79683055698  0.715343
5246.77899111274  0.706653
5248.76115166851  0.691134
5250.74331222428  0.716385
5252.72547278004  0.738972
5254.70763333581  0.733525
5256.68979389157  0.725573
5258.67195444734  0.733923
5260.65411500311  0.741762
5262.63627555887  0.748277
5264.61843611464  0.753515
5266.6005966704  0.752211
5268.58275722617  0.774379
5270.56491778194  0.762261
5272.5470783377  0.761905
5274.52923889347  0.73673
5276.51139944923  0.746881
5278.493560005  0.773456
5280.47572056077  0.765781
5282.45788111653  0.768931
5284.4400416723  0.773427
5286.42220222806  0.770069
5288.40436278383  0.783085
5290.3865233396  0.803806
5292.36868389536  0.804533
5294.35084445113  0.781798
5296.33300500689  0.812261
5298.31516556266  0.825405
5300.29732611843  0.809898
5302.27948667419  0.819122
5304.26164722996  0.824679
5306.24380778573  0.812218
5308.22596834149  0.831311
5310.20812889726  0.814764
5312.19028945302  0.818728
5314.17245000879  0.829627
5316.15461056455  0.840617
5318.13677112032  0.842314
5320.11893167609  0.847415
5322.10109223185  0.835311
5324.08325278762  0.839026
5326.06541334338  0.841946
5328.04757389915  0.843246
5330.02973445492  0.843839
5332.01189501068  0.844972
5333.99405556645  0.848644
5335.97621612222  0.860255
5337.95837667798  0.871938
5339.94053723375  0.877502
5341.92269778951  0.879526
5343.90485834528  0.882518
5345.88701890105  0.887297
5347.86917945681  0.88977
5349.85134001258  0.885645
5351.83350056834  0.880751
5353.81566112411  0.880458
5355.79782167987  0.881436
5357.77998223564  0.880451
5359.76214279141  0.877222
5361.74430334717  0.873415
5363.72646390294  0.870979
5365.70862445871  0.871928
5367.69078501447  0.883039
5369.67294557024  0.895547
5371.655106126  0.904186
5373.63726668177  0.906731
5375.61942723754  0.904521
5377.6015877933  0.898147
5379.58374834907  0.889307
5381.56590890483  0.879117
5383.5480694606  0.871073
5385.53023001637  0.871201
5387.51239057213  0.87388
5389.4945511279  0.871542
5391.47671168366  0.861972
5393.45887223943  0.852901
5395.4410327952  0.852374
5397.42319335096  0.854233
5399.40535390673  0.857131
5401.38751446249  0.85813
5403.36967501826  0.855123
5405.35183557403  0.847163
5407.33399612979  0.835493
5409.31615668556  0.821289
5411.29831724132  0.807631
5413.28047779709  0.798037
5415.26263835286  0.79327
5417.24479890862  0.795392
5419.22695946439  0.802634
5421.20912002016  0.812974
5423.19128057592  0.822987
5425.17344113169  0.831623
5427.15560168745  0.83473
5429.13776224322  0.834761
5431.11992279898  0.829465
5433.10208335475  0.825032
5435.08424391052  0.829061
5437.06640446628  0.842907
5439.04856502205  0.855349
5441.03072557782  0.851757
5443.01288613358  0.846985
5444.99504668935  0.850569
5446.97720724511  0.859409
5448.95936780088  0.870103
5450.94152835665  0.880132
5452.92368891241  0.889563
5454.90584946818  0.897097
5456.88801002394  0.904748
5458.87017057971  0.91575
5460.85233113548  0.925997
5462.83449169124  0.931119
5464.81665224701  0.932789
5466.79881280278  0.935428
5468.78097335854  0.943094
5470.76313391431  0.952997
5472.74529447007  0.966107
5474.72745502584  0.977457
5476.7096155816  0.982888
5478.69177613737  0.982817
5480.67393669314  0.978574
5482.6560972489  0.972848
5484.63825780467  0.967983
5486.62041836043  0.969283
5488.6025789162  0.972515
5490.58473947197  0.977183
5492.56690002773  0.980307
5494.5490605835  0.979874
5496.53122113927  0.97449
5498.51338169503  0.965876
5500.4955422508  0.955038
5502.47770280656  0.941927
5504.45986336233  0.924338
5506.4420239181  0.908305
5508.42418447386  0.898807
5510.40634502963  0.896828
5512.38850558539  0.90038
5514.37066614116  0.906336
5516.35282669693  0.908712
5518.33498725269  0.892821
5520.31714780846  0.874297
5522.29930836422  0.863037
5524.28146891999  0.859431
5526.26362947575  0.858404
5528.24579003152  0.856952
5530.22795058729  0.856028
5532.21011114305  0.854227
5534.19227169882  0.854138
5536.17443225459  0.860744
5538.15659281035  0.867141
5540.13875336612  0.865238
5542.12091392188  0.853324
5544.10307447765  0.839833
5546.08523503341  0.83321
5548.06739558918  0.829677
5550.04955614495  0.830982
5552.03171670071  0.832718
5554.01387725648  0.830771
5555.99603781225  0.824921
5557.97819836801  0.819247
5559.96035892378  0.81678
5561.94251947954  0.813721
5563.92468003531  0.805697
5565.90684059108  0.796879
5567.88900114684  0.788581
5569.87116170261  0.783796
5571.85332225837  0.78513
5573.83548281414  0.793329
5575.81764336991  0.802118
5577.79980392567  0.802429
5579.78196448144  0.800063
5581.76412503721  0.796273
5583.74628559297  0.792363
5585.72844614874  0.788301
5587.7106067045  0.785298
5589.69276726027  0.784137
5591.67492781604  0.787004
5593.6570883718  0.788963
5595.63924892757  0.784774
5597.62140948333  0.777646
5599.6035700391  0.771054
5601.58573059486  0.765448
5603.56789115063  0.757999
5605.5500517064  0.74653
5607.53221226216  0.733883
5609.51437281793  0.721885
5611.49653337369  0.710924
5613.47869392946  0.702044
5615.46085448523  0.694358
5617.44301504099  0.686817
5619.42517559676  0.677704
5621.40733615253  0.66655
5623.38949670829  0.649751
5625.37165726406  0.632559
5627.35381781982  0.618368
5629.33597837559  0.606928
5631.31813893136  0.597114
5633.30029948712  0.587341
5635.28246004289  0.576291
5637.26462059865  0.560481
5639.24678115442  0.545631
5641.22894171019  0.536998
5643.21110226595  0.531686
5645.19326282172  0.526911
5647.17542337749  0.520806
5649.15758393325  0.514259
5651.13974448902  0.507075
5653.12190504478  0.499471
5655.10406560055  0.491086
5657.08622615631  0.483088
5659.06838671208  0.477034
5661.05054726785  0.471949
5663.03270782361  0.465892
5665.01486837938  0.45703
5666.99702893515  0.446868
5668.97918949091  0.435637
5670.96135004668  0.424618
5672.94351060244  0.415218
5674.92567115821  0.40692
5676.90783171397  0.398427
5678.88999226974  0.389258
5680.87215282551  0.380607
5682.85431338127  0.373829
5684.83647393704  0.367877
5686.81863449281  0.362527
5688.80079504857  0.357302
5690.78295560434  0.350915
5692.7651161601  0.344695
5694.74727671587  0.341841
5696.72943727164  0.346532
5698.7115978274  0.35216
5700.69375838317  0.352276
5702.67591893893  0.350665
5704.6580794947  0.350126
5706.64024005047  0.351777
5708.62240060623  0.354865
5710.604561162  0.358886
5712.58672171777  0.362233
5714.56888227353  0.360689
5716.5510428293  0.359556
5718.53320338506  0.362685
5720.51536394083  0.369592
5722.4975244966  0.378144
5724.47968505236  0.386319
5726.46184560813  0.393943
5728.44400616389  0.398633
5730.42616671966  0.403713
5732.40832727543  0.410876
5734.39048783119  0.420933
5736.37264838696  0.435007
5738.35480894272  0.451772
5740.33696949849  0.468001
5742.31913005425  0.479138
5744.30129061002  0.488795
5746.28345116579  0.497972
5748.26561172155  0.508119
5750.24777227732  0.520377
5752.22993283308  0.535044
5754.21209338885  0.551184
5756.19425394462  0.567984
5758.17641450038  0.585151
5760.15857505615  0.601455
5762.14073561192  0.618138
5764.12289616768  0.636223
5766.10505672345  0.655408
5768.08721727921  0.675176
5770.06937783498  0.694574
5772.05153839075  0.712956
5774.03369894651  0.727556
5776.01585950228  0.742426
5777.99802005804  0.76172
5779.98018061381  0.781983
5781.96234116958  0.798152
5783.94450172534  0.809046
5785.92666228111  0.819851
5787.90882283687  0.835937
5789.89098339264  0.855173
5791.87314394841  0.878961
5793.85530450417  0.904404
5795.83746505994  0.929782
5797.8196256157  0.952987
5799.80178617147  0.974269
5801.78394672724  0.99268
5803.766107283  1.0089
5805.74826783877  1.02272
5807.73042839453  1.03529
5809.7125889503  1.04737
5811.69474950607  1.05943
5813.67691006183  1.0713
5815.6590706176  1.08294
5817.64123117336  1.09385
5819.62339172913  1.10419
5821.6055522849  1.11205
5823.58771284066  1.115
5825.56987339643  1.11484
5827.5520339522  1.11447
5829.53419450796  1.11486
5831.51635506373  1.11292
5833.49851561949  1.1051
5835.48067617526  1.09471
5837.46283673103  1.07989
5839.44499728679  1.06855
5841.42715784256  1.06733
5843.40931839832  1.07887
5845.39147895409  1.09899
5847.37363950986  1.12422
5849.35580006562  1.14642
5851.33796062139  1.1502
5853.32012117715  1.14828
5855.30228173292  1.14979
5857.28444228869  1.15719
5859.26660284445  1.16693
5861.24876340022  1.17596
5863.23092395598  1.18072
5865.21308451175  1.17004
5867.19524506752  1.15749
5869.17740562328  1.15135
5871.15956617905  1.15205
5873.14172673481  1.15642
5875.12388729058  1.16162
5877.10604784635  1.16629
5879.08820840211  1.16717
5881.07036895788  1.16436
5883.05252951364  1.1553
5885.03469006941  1.14319
5887.01685062518  1.12983
5888.99901118094  1.11868
5890.98117173671  1.1105
5892.96333229247  1.10821
5894.94549284824  1.10995
5896.92765340401  1.116
5898.90981395977  1.12431
5900.89197451554  1.13428
5902.8741350713  1.14359
5904.85629562707  1.15149
5906.83845618284  1.15589
5908.8206167386  1.15718
5910.80277729437  1.15238
5912.78493785014  1.14722
5914.7670984059  1.1463
5916.74925896167  1.14901
5918.73141951743  1.15167
5920.7135800732  1.1529
5922.69574062897  1.15596
5924.67790118473  1.16591
5926.6600617405  1.17588
5928.64222229626  1.1823
5930.62438285203  1.18372
5932.6065434078  1.17961
5934.58870396356  1.17049
5936.57086451933  1.15826
5938.55302507509  1.14511
5940.53518563086  1.13434
5942.51734618663  1.13206
5944.49950674239  1.1337
5946.48166729816  1.13685
5948.46382785392  1.13756
5950.44598840969  1.13358
5952.42814896546  1.12213
5954.41030952122  1.11184
5956.39247007699  1.1162
5958.37463063276  1.12201
5960.35679118852  1.11948
5962.33895174429  1.1098
5964.32111230005  1.09959
5966.30327285582  1.09382
5968.28543341159  1.09009
5970.26759396735  1.08965
5972.24975452312  1.08904
5974.23191507888  1.08478
5976.21407563465  1.07891
5978.19623619041  1.075
5980.17839674618  1.07372
5982.16055730195  1.07145
5984.14271785771  1.06416
5986.12487841348  1.05466
5988.10703896925  1.04304
5990.08919952501  1.03152
5992.07136008078  1.02201
5994.05352063654  1.01492
5996.03568119231  1.00839
5998.01784174808  1.00092
6000.00000230384  0.993887
6001.98216285961  0.988837
6003.96432341537  0.983799
6005.94648397114  0.977281
6007.92864452691  0.969151
6009.91080508267  0.960278
6011.89296563844  0.951312
6013.8751261942  0.942184
6015.85728674997  0.932678
6017.83944730573  0.924056
6019.8216078615  0.917246
6021.80376841727  0.91239
6023.78592897303  0.909601
6025.7680895288  0.908217
6027.75025008457  0.907209
6029.73241064033  0.905295
6031.7145711961  0.900972
6033.69673175186  0.889365
6035.67889230763  0.877125
6037.6610528634  0.872307
6039.64321341916  0.874269
6041.62537397493  0.873138
6043.6075345307  0.85899
6045.58969508646  0.843605
6047.57185564223  0.83684
6049.55401619799  0.833513
6051.53617675376  0.829723
6053.51833730953  0.825191
6055.50049786529  0.822195
6057.48265842106  0.822278
6059.46481897682  0.824429
6061.44697953259  0.831068
6063.42914008835  0.835337
6065.41130064412  0.828294
6067.39346119989  0.81754
6069.37562175565  0.81448
6071.35778231142  0.825033
6073.33994286719  0.83838
6075.32210342295  0.845829
6077.30426397872  0.845906
6079.28642453448  0.827551
6081.26858509025  0.805061
6083.25074564602  0.79299
6085.23290620178  0.796684
6087.21506675755  0.803917
6089.19722731331  0.804756
6091.17938786908  0.804486
6093.16154842485  0.804851
6095.14370898061  0.804125
6097.12586953638  0.800243
6099.10803009214  0.794053
6101.09019064791  0.787862
6103.07235120368  0.783904
6105.05451175944  0.780417
6107.03667231521  0.776373
6109.01883287097  0.772269
6111.00099342674  0.768397
6112.98315398251  0.764574
6114.96531453827  0.76026
6116.94747509404  0.755508
6118.9296356498  0.751407
6120.91179620557  0.750518
6122.89395676134  0.748769
6124.8761173171  0.742274
6126.85827787287  0.73367
6128.84043842863  0.726012
6130.8225989844  0.721207
6132.80475954017  0.71771
6134.78692009593  0.715019
6136.7690806517  0.712304
6138.75124120747  0.707793
6140.73340176323  0.703218
6142.715562319  0.699882
6144.69772287476  0.698553
6146.67988343053  0.69863
6148.66204398629  0.700036
6150.64420454206  0.702973
6152.62636509783  0.708708
6154.60852565359  0.714611
6156.59068620936  0.71788
6158.57284676513  0.719906
6160.55500732089  0.724215
6162.53716787666  0.732427
6164.51932843242  0.740309
6166.50148898819  0.742141
6168.48364954396  0.742397
6170.46581009972  0.741639
6172.44797065549  0.74262
6174.43013121126  0.747998
6176.41229176702  0.757981
6178.39445232279  0.768398
6180.37661287855  0.77448
6182.35877343432  0.77786
6184.34093399009  0.777089
6186.32309454585  0.774652
6188.30525510162  0.771974
6190.28741565738  0.771025
6192.26957621315  0.772509
6194.25173676892  0.777643
6196.23389732468  0.781396
6198.21605788045  0.77613
6200.19821843621  0.76874
6202.18037899198  0.763998
6204.16253954774  0.762759
6206.14470010351  0.762918
6208.12686065928  0.762702
6210.10902121504  0.76109
6212.09118177081  0.753605
6214.07334232658  0.745995
6216.05550288234  0.741866
6218.03766343811  0.740898
6220.01982399387  0.7414
6222.00198454964  0.742171
6223.9841451054  0.743359
6225.96630566117  0.744484
6227.94846621694  0.745225
6229.9306267727  0.745007
6231.91278732847  0.744037
6233.89494788423  0.74261
6235.87710844  0.740782
6237.85926899577  0.738397
6239.84142955153  0.735315
6241.8235901073  0.73146
6243.80575066307  0.725517
6245.78791121883  0.720253
6247.7700717746  0.718332
6249.75223233036  0.719316
6251.73439288613  0.720929
6253.7165534419  0.721075
6255.69871399766  0.720544
6257.68087455343  0.718583
6259.66303510919  0.716532
6261.64519566496  0.715453
6263.62735622073  0.715102
6265.60951677649  0.714763
6267.59167733226  0.713973
6269.57383788802  0.713031
6271.55599844379  0.711873
6273.53815899956  0.711046
6275.52031955532  0.710955
6277.50248011109  0.711729
6279.48464066685  0.713737
6281.46680122262  0.716429
6283.44896177839  0.718857
6285.43112233415  0.719665
6287.41328288992  0.719407
6289.39544344569  0.717873
6291.37760400145  0.715485
6293.35976455722  0.712579
6295.34192511298  0.709253
6297.32408566875  0.70486
6299.30624622451  0.699431
6301.28840678028  0.69499
6303.27056733605  0.69544
6305.25272789181  0.696783
6307.23488844758  0.696651
6309.21704900335  0.6946
6311.19920955911  0.691551
6313.18137011488  0.68806
6315.16353067064  0.684357
6317.14569122641  0.681131
6319.12785178218  0.67808
6321.11001233794  0.675328
6323.09217289371  0.672562
6325.07433344947  0.669389
6327.05649400524  0.66582
6329.03865456101  0.662502
6331.02081511677  0.660255
6333.00297567254  0.657605
6334.9851362283  0.652671
6336.96729678407  0.647251
6338.94945733984  0.642384
6340.9316178956  0.639423
6342.91377845137  0.638569
6344.89593900713  0.640626
6346.8780995629  0.64445
6348.86026011867  0.65037
6350.84242067443  0.655535
6352.8245812302  0.656926
6354.80674178596  0.655666
6356.78890234173  0.65467
6358.7710628975  0.656049
6360.75322345326  0.657775
6362.73538400903  0.658465
6364.71754456479  0.658636
6366.69970512056  0.657383
6368.68186567633  0.656555
6370.66402623209  0.65831
6372.64618678786  0.663184
6374.62834734363  0.668551
6376.61050789939  0.671548
6378.59266845516  0.673905
6380.57482901092  0.676995
6382.55698956669  0.678852
6384.53915012246  0.677131
6386.52131067822  0.672241
6388.50347123399  0.666774
6390.48563178975  0.663439
6392.46779234552  0.660693
6394.44995290129  0.658454
6396.43211345705  0.656069
6398.41427401282  0.653307
6400.39643456858  0.649494
6402.37859512435  0.643742
6404.36075568012  0.636053
6406.34291623588  0.629138
6408.32507679165  0.628617
6410.30723734741  0.628378
6412.28939790318  0.624082
6414.27155845895  0.617631
6416.25371901471  0.612662
6418.23587957048  0.610906
6420.21804012625  0.609646
6422.20020068201  0.606467
6424.18236123778  0.603067
6426.16452179354  0.600688
6428.14668234931  0.598006
6430.12884290507  0.593419
6432.11100346084  0.586941
6434.09316401661  0.580138
6436.07532457237  0.574652
6438.05748512814  0.570148
6440.03964568391  0.567917
6442.02180623967  0.565844
6444.00396679544  0.562909
6445.9861273512  0.557611
6447.96828790697  0.549161
6449.95044846274  0.536997
6451.9326090185  0.524188
6453.91476957427  0.514766
6455.89693013003  0.506697
6457.8790906858  0.500498
6459.86125124157  0.493767
6461.84341179733  0.483627
6463.8255723531  0.469274
6465.80773290886  0.455255
6467.78989346463  0.447782
6469.77205402039  0.441332
6471.75421457616  0.432687
6473.73637513193  0.423026
6475.71853568769  0.413853
6477.70069624346  0.406245
6479.68285679923  0.399846
6481.66501735499  0.394927
6483.64717791076  0.39164
6485.62933846652  0.391061
6487.61149902229  0.391322
6489.59365957806  0.390289
6491.57582013382  0.38868
6493.55798068959  0.389011
6495.54014124535  0.39348
6497.52230180112  0.39969
6499.50446235689  0.406507
6501.48662291265  0.412919
6503.46878346842  0.417523
6505.45094402419  0.42089
6507.43310457995  0.424602
6509.41526513572  0.429284
6511.39742569148  0.433115
6513.37958624725  0.432326
6515.36174680301  0.433268
6517.34390735878  0.441982
6519.32606791455  0.45456
6521.30822847031  0.466512
6523.29038902608  0.4747
6525.27254958184  0.481125
6527.25471013761  0.486054
6529.23687069338  0.490295
6531.21903124914  0.494026
6533.20119180491  0.498886
6535.18335236068  0.506736
6537.16551291644  0.517019
6539.14767347221  0.527079
6541.12983402797  0.534635
6543.11199458374  0.543114
6545.09415513951  0.557485
6547.07631569527  0.572024
6549.05847625104  0.582553
6551.0406368068  0.589052
6553.02279736257  0.593482
6555.00495791834  0.598131
6556.9871184741  0.604272
6558.96927902987  0.616359
6560.95143958563  0.629984
6562.9336001414  0.642893
6564.91576069717  0.655117
6566.89792125293  0.667926
6568.8800818087  0.681234
6570.86224236446  0.693851
6572.84440292023  0.704112
6574.826563476  0.714076
6576.80872403176  0.72547
6578.79088458753  0.737306
6580.77304514329  0.748164
6582.75520569906  0.758396
6584.73736625483  0.770109
6586.71952681059  0.785043
6588.70168736636  0.798439
6590.68384792213  0.802169
6592.66600847789  0.805588
6594.64816903366  0.816925
6596.63032958942  0.834637
6598.61249014519  0.852978
6600.59465070095  0.865736
6602.57681125672  0.87269
6604.55897181249  0.86565
6606.54113236825  0.855855
6608.52329292402  0.847961
6610.50545347979  0.846731
6612.48761403555  0.8554
6614.46977459132  0.873372
6616.45193514708  0.891963
6618.43409570285  0.899231
6620.41625625862  0.903552
6622.39841681438  0.908617
6624.38057737015  0.913266
6626.36273792591  0.915664
6628.34489848168  0.915573
6630.32705903745  0.914173
6632.30921959321  0.912536
6634.29138014898  0.910154
6636.27354070475  0.906515
6638.25570126051  0.902729
6640.23786181627  0.898989
6642.22002237204  0.896732
6644.20218292781  0.897367
6646.18434348358  0.90186
6648.16650403934  0.906753
6650.14866459511  0.907094
6652.13082515087  0.906628
6654.11298570664  0.908262
6656.0951462624  0.909957
6658.07730681817  0.907639
6660.05946737394  0.900459
6662.0416279297  0.893859
6664.02378848547  0.895095
6666.00594904124  0.898593
6667.988109597  0.902996
6669.97027015277  0.906159
6671.95243070853  0.90754
6673.9345912643  0.905211
6675.91675182006  0.898165
6677.89891237583  0.884105
6679.8810729316  0.870478
6681.86323348736  0.866559
6683.84539404313  0.865792
6685.82755459889  0.86194
6687.80971515466  0.8552
6689.79187571043  0.851302
6691.77403626619  0.854045
6693.75619682196  0.856847
6695.73835737773  0.85088
6697.72051793349  0.844567
6699.70267848926  0.844242
6701.68483904502  0.848031
6703.66699960079  0.850613
6705.64916015656  0.848863
6707.63132071232  0.846751
6709.61348126809  0.84831
6711.59564182385  0.849815
6713.57780237962  0.848366
6715.55996293538  0.846252
6717.54212349115  0.846366
6719.52428404692  0.84982
6721.50644460268  0.854438
6723.48860515845  0.858537
6725.47076571422  0.861344
6727.45292626998  0.860231
6729.43508682575  0.857902
6731.41724738151  0.856329
6733.39940793728  0.856855
6735.38156849305  0.859231
6737.36372904881  0.863469
6739.34588960458  0.866811
6741.32805016034  0.86445
6743.31021071611  0.860798
6745.29237127188  0.858389
6747.27453182764  0.85827
6749.25669238341  0.860475
6751.23885293917  0.864102
6753.22101349494  0.866001
6755.20317405071  0.858763
6757.18533460647  0.850835
6759.16749516224  0.847615
6761.14965571801  0.847574
6763.13181627377  0.848143
6765.11397682954  0.846634
6767.0961373853  0.842532
6769.07829794107  0.833124
6771.06045849683  0.822278
6773.0426190526  0.811843
6775.02477960837  0.803461
6777.00694016413  0.799154
6778.9891007199  0.79777
6780.97126127567  0.79549
6782.95342183143  0.788343
6784.9355823872  0.781482
6786.91774294296  0.78091
6788.89990349873  0.780831
6790.8820640545  0.777141
6792.86422461026  0.769084
6794.84638516603  0.758167
6796.82854572179  0.746215
6798.81070627756  0.73542
6800.79286683333  0.73206
6802.77502738909  0.72937
6804.75718794486  0.723496
6806.73934850062  0.714557
6808.72150905639  0.704282
6810.70366961216  0.693771
6812.68583016792  0.682778
6814.66799072369  0.671309
6816.65015127945  0.661148
6818.63231183522  0.656847
6820.61447239099  0.651963
6822.59663294675  0.639039
6824.57879350252  0.618013
6826.56095405829  0.596926
6828.54311461405  0.583947
6830.52527516982  0.573847
6832.50743572558  0.566157
6834.48959628135  0.557984
6836.47175683712  0.545762
6838.45391739288  0.531167
6840.43607794865  0.518777
6842.41823850441  0.512332
6844.40039906018  0.507387
6846.38255961595  0.500559
6848.36472017171  0.492574
6850.34688072748  0.48216
6852.32904128324  0.47136
6854.31120183901  0.462232
6856.29336239477  0.456697
6858.27552295054  0.453367
6860.25768350631  0.452137
6862.23984406207  0.451544
6864.22200461784  0.450684
6866.2041651736  0.448603
6868.18632572937  0.443737
6870.16848628514  0.437386
6872.1506468409  0.432896
6874.13280739667  0.434716
6876.11496795244  0.439512
6878.0971285082  0.447386
6880.07928906397  0.454823
6882.06144961973  0.458058
6884.0436101755  0.457985
6886.02577073127  0.45865
6888.00793128703  0.463907
6889.9900918428  0.471482
6891.97225239856  0.482478
6893.95441295433  0.492812
6895.9365735101  0.497994
6897.91873406586  0.500379
6899.90089462163  0.504157
6901.88305517739  0.512878
6903.86521573316  0.524375
6905.84737628893  0.539355
6907.82953684469  0.554082
6909.81169740046  0.56433
6911.79385795622  0.572726
6913.77601851199  0.582369
6915.75817906776  0.595422
6917.74033962352  0.610661
6919.72250017929  0.628188
6921.70466073505  0.645956
6923.68682129082  0.662541
6925.66898184659  0.676767
6927.65114240235  0.687405
6929.63330295812  0.694834
6931.61546351388  0.700404
6933.59762406965  0.705887
6935.57978462542  0.712155
6937.56194518118  0.721383
6939.54410573695  0.732675
6941.52626629271  0.746807
6943.50842684848  0.761444
6945.49058740425  0.773823
6947.47274796001  0.782101
6949.45490851578  0.790222
6951.43706907155  0.803543
6953.41922962731  0.817457
6955.40139018308  0.830257
6957.38355073884  0.841114
6959.36571129461  0.850254
6961.34787185038  0.857323
6963.33003240614  0.862406
6965.31219296191  0.865287
6967.29435351767  0.866683
6969.27651407344  0.864191
6971.25867462921  0.864529
6973.24083518497  0.875737
6975.22299574074  0.895952
6977.2051562965  0.915182
6979.18731685227  0.922935
6981.16947740804  0.926864
6983.1516379638  0.930311
6985.13379851957  0.932844
6987.11595907533  0.934034
6989.0981196311  0.934636
6991.08028018687  0.935552
6993.06244074263  0.937328
6995.0446012984  0.938259
6997.02676185416  0.935787
6999.00892240993  0.932087
7000.9910829657  0.927943
7002.97324352146  0.923931
7004.95540407723  0.920528
7006.937564633  0.917383
7008.91972518876  0.912602
7010.90188574453  0.902295
7012.88404630029  0.893892
7014.86620685606  0.894508
7016.84836741182  0.900218
7018.83052796759  0.908439
7020.81268852336  0.914395
7022.79484907912  0.915597
7024.77700963489  0.906946
7026.75917019066  0.896566
7028.74133074642  0.893334
7030.72349130219  0.890573
7032.70565185795  0.882027
7034.68781241372  0.868842
7036.66997296949  0.856458
7038.65213352525  0.8494
7040.63429408102  0.844041
7042.61645463678  0.838074
7044.59861519255  0.832916
7046.58077574832  0.830246
7048.56293630408  0.827922
7050.54509685985  0.822752
7052.52725741561  0.81372
7054.50941797138  0.80524
7056.49157852715  0.803404
7058.47373908291  0.802312
7060.45589963868  0.799187
7062.43806019444  0.79344
7064.42022075021  0.785029
7066.40238130598  0.774437
7068.38454186174  0.762668
7070.36670241751  0.751095
7072.34886297328  0.740585
7074.33102352904  0.732827
7076.31318408481  0.72727
7078.29534464057  0.723425
7080.27750519634  0.721218
7082.2596657521  0.7213
7084.24182630787  0.723662
7086.22398686364  0.726158
7088.2061474194  0.725223
7090.18830797517  0.723739
7092.17046853093  0.722806
7094.1526290867  0.723703
7096.13478964247  0.727048
7098.11695019824  0.733144
7100.099110754  0.740184
7102.08127130976  0.745614
7104.06343186553  0.751305
7106.0455924213  0.758631
7108.02775297706  0.766225
7110.00991353283  0.772772
7111.9920740886  0.777202
7113.97423464436  0.779767
7115.95639520013  0.779781
7117.93855575589  0.781369
7119.92071631166  0.790877
7121.90287686743  0.802293
7123.88503742319  0.809957
7125.86719797896  0.812902
7127.84935853472  0.815758
7129.83151909049  0.821756
7131.81367964626  0.826811
7133.79584020202  0.826428
7135.77800075779  0.824593
7137.76016131355  0.823056
7139.74232186932  0.823816
7141.72448242509  0.828061
7143.70664298085  0.836042
7145.68880353662  0.843729
7147.67096409238  0.844767
7149.65312464815  0.843666
7151.63528520392  0.842284
7153.61744575968  0.840259
7155.59960631545  0.83548
7157.58176687122  0.828894
7159.56392742698  0.82373
7161.54608798275  0.824478
7163.52824853851  0.829176
7165.51040909428  0.840067
7167.49256965004  0.851937
7169.47473020581  0.860713
7171.45689076158  0.864145
7173.43905131734  0.864611
7175.42121187311  0.863329
7177.40337242887  0.861433
7179.38553298464  0.861676
7181.36769354041  0.861683
7183.34985409617  0.859416
7185.33201465194  0.855261
7187.31417520771  0.850856
7189.29633576347  0.84755
7191.27849631924  0.844497
7193.260656875  0.841659
7195.24281743077  0.838523
7197.22497798654  0.834166
7199.2071385423  0.829571
7201.18929909807  0.824695
7203.17145965383  0.821843
7205.1536202096  0.823838
7207.13578076537  0.837198
7209.11794132113  0.852612
7211.1001018769  0.863801
7213.08226243266  0.871238
7215.06442298843  0.876494
7217.04658354419  0.880171
7219.02874409996  0.882245
7221.01090465573  0.883052
7222.99306521149  0.882524
7224.97522576726  0.879468
7226.95738632303  0.876864
7228.93954687879  0.877953
7230.92170743456  0.881669
7232.90386799032  0.884581
7234.88602854609  0.883625
7236.86818910186  0.881169
7238.85034965762  0.878905
7240.83251021339  0.875296
7242.81467076916  0.868545
7244.79683132492  0.860494
7246.77899188069  0.852449
7248.76115243645  0.847274
7250.74331299222  0.846246
7252.72547354799  0.854368
7254.70763410375  0.864716
7256.68979465952  0.874397
7258.67195521528  0.880241
7260.65411577105  0.879386
7262.63627632682  0.872576
7264.61843688258  0.86508
7266.60059743835  0.863139
7268.58275799411  0.862912
7270.56491854988  0.865348
7272.54707910565  0.865586
7274.52923966141  0.857986
7276.51140021718  0.844503
7278.49356077294  0.831178
7280.47572132871  0.824554
7282.45788188448  0.82253
7284.44004244024  0.82967
7286.42220299601  0.837231
7288.40436355178  0.837839
7290.38652410754  0.832973
7292.3686846633  0.828043
7294.35084521907  0.826895
7296.33300577484  0.827134
7298.3151663306  0.82934
7300.29732688637  0.829922
7302.27948744214  0.824353
7304.2616479979  0.816086
7306.24380855367  0.808838
7308.22596910944  0.805428
7310.2081296652  0.804481
7312.19029022097  0.806488
7314.17245077673  0.807529
7316.1546113325  0.802069
7318.13677188826  0.794544
7320.11893244403  0.789029
7322.1010929998  0.786562
7324.08325355556  0.784375
7326.06541411133  0.780624
7328.04757466709  0.776815
7330.02973522286  0.7734
7332.01189577863  0.771045
7333.99405633439  0.770881
7335.97621689016  0.771994
7337.95837744593  0.7733
7339.94053800169  0.773204
7341.92269855746  0.771557
7343.90485911322  0.765998
7345.88701966899  0.759858
7347.86918022475  0.754736
7349.85134078052  0.751521
7351.83350133629  0.75097
7353.81566189205  0.752268
7355.79782244782  0.75247
7357.77998300359  0.746739
7359.76214355935  0.742057
7361.74430411512  0.745638
7363.72646467088  0.751761
7365.70862522665  0.754203
7367.69078578242  0.752126
7369.67294633818  0.751173
7371.65510689395  0.755926
7373.63726744971  0.760268
7375.61942800548  0.758004
7377.60158856125  0.75366
7379.58374911701  0.750341
7381.56590967278  0.748623
7383.54807022854  0.746644
7385.53023078431  0.743672
7387.51239134008  0.741023
7389.49455189584  0.740584
7391.47671245161  0.74046
7393.45887300737  0.739952
7395.44103356314  0.738362
7397.42319411891  0.73509
7399.40535467467  0.730388
7401.38751523044  0.725905
7403.3696757862  0.723972
7405.35183634197  0.723194
7407.33399689774  0.725018
7409.3161574535  0.725369
7411.29831800927  0.719179
7413.28047856504  0.707407
7415.2626391208  0.696986
7417.24479967657  0.695521
7419.22696023233  0.695935
7421.2091207881  0.692574
7423.19128134386  0.689697
7425.17344189963  0.691452
7427.1556024554  0.696899
7429.13776301116  0.702412
7431.11992356693  0.70468
7433.10208412269  0.705695
7435.08424467846  0.706271
7437.06640523423  0.70567
7439.04856578999  0.703054
7441.03072634576  0.699249
7443.01288690153  0.694867
7444.99504745729  0.69119
7446.97720801306  0.688666
7448.95936856882  0.688792
7450.94152912459  0.690734
7452.92368968036  0.696585
7454.90585023612  0.701373
7456.88801079189  0.699593
7458.87017134765  0.690664
7460.85233190342  0.680969
7462.83449245919  0.67717
7464.81665301495  0.675603
7466.79881357072  0.67598
7468.78097412648  0.677122
7470.76313468225  0.678154
7472.74529523802  0.678698
7474.72745579378  0.679541
7476.70961634955  0.680956
7478.69177690531  0.681988
7480.67393746108  0.682029
7482.65609801685  0.680317
7484.63825857261  0.675292
7486.62041912838  0.668473
7488.60257968415  0.661317
7490.58474023991  0.656167
7492.56690079568  0.653447
7494.54906135144  0.65722
7496.53122190721  0.660759
7498.51338246298  0.658366
7500.49554301874  0.65278
7502.47770357451  0.647969
7504.45986413027  0.646035
7506.44202468604  0.644898
7508.42418524181  0.643577
7510.40634579757  0.641266
7512.38850635334  0.635511
7514.3706669091  0.629221
7516.35282746487  0.626537
7518.33498802064  0.625484
7520.3171485764  0.619712
7522.29930913217  0.603492
7524.28146968793  0.586703
7526.2636302437  0.578659
7528.24579079947  0.57588
7530.22795135523  0.578771
7532.210111911  0.58342
7534.19227246677  0.587195
7536.17443302253  0.585698
7538.1565935783  0.579706
7540.13875413406  0.561932
7542.12091468983  0.547189
7544.10307524559  0.548208
7546.08523580136  0.559397
7548.06739635713  0.573309
7550.04955691289  0.582006
7552.03171746866  0.585202
7554.01387802442  0.576438
7555.99603858019  0.565102
7557.97819913596  0.558242
7559.96035969172  0.554134
7561.94252024749  0.549947
7563.92468080325  0.54569
7565.90684135902  0.543694
7567.88900191479  0.545883
7569.87116247055  0.548027
7571.85332302632  0.545744
7573.83548358208  0.541036
7575.81764413785  0.534012
7577.79980469362  0.527002
7579.78196524938  0.522466
7581.76412580515  0.522185
7583.74628636092  0.521614
7585.72844691668  0.513667
7587.71060747245  0.505275
7589.69276802821  0.499931
7591.67492858398  0.498199
7593.65708913975  0.49912
7595.63924969551  0.501891
7597.62141025128  0.505669
7599.60357080704  0.508749
7601.58573136281  0.512353
7603.56789191858  0.518674
7605.55005247434  0.523923
7607.53221303011  0.523921
7609.51437358587  0.518375
7611.49653414164  0.511675
7613.47869469741  0.508215
7615.46085525317  0.505836
7617.44301580894  0.504497
7619.4251763647  0.503708
7621.40733692047  0.502456
7623.38949747624  0.501765
7625.371658032  0.503943
7627.35381858777  0.510284
7629.33597914353  0.516355
7631.3181396993  0.516667
7633.30030025507  0.514027
7635.28246081083  0.507825
7637.2646213666  0.501351
7639.24678192236  0.497394
7641.22894247813  0.498421
7643.2111030339  0.501633
7645.19326358966  0.505155
7647.17542414543  0.509195
7649.1575847012  0.513485
7651.13974525696  0.517552
7653.12190581273  0.520896
7655.10406636849  0.523664
7657.08622692426  0.526563
7659.06838748002  0.530433
7661.05054803579  0.536069
7663.03270859156  0.545399
7665.01486914732  0.556614
7666.99702970309  0.569472
7668.97919025886  0.581353
7670.96135081462  0.590348
7672.94351137039  0.593729
7674.92567192615  0.594473
7676.90783248192  0.592712
7678.88999303769  0.592798
7680.87215359345  0.59938
7682.85431414922  0.610794
7684.83647470498  0.623559
7686.81863526075  0.634042
7688.80079581652  0.642648
7690.78295637228  0.646804
7692.76511692805  0.649377
7694.74727748381  0.651816
7696.72943803958  0.654416
7698.71159859535  0.656478
7700.69375915111  0.658551
7702.67591970688  0.661605
7704.65808026265  0.667201
7706.64024081841  0.673623
7708.62240137418  0.680764
7710.60456192994  0.686557
7712.58672248571  0.688792
7714.56888304148  0.687894
7716.55104359724  0.686288
7718.53320415301  0.686567
7720.51536470877  0.688089
7722.49752526454  0.693305
7724.47968582031  0.697663
7726.46184637607  0.696954
7728.44400693184  0.692273
7730.4261674876  0.686967
7732.40832804337  0.684053
7734.39048859914  0.682417
7736.3726491549  0.684912
7738.35480971067  0.685207
7740.33697026643  0.676795
7742.3191308222  0.664126
7744.30129137797  0.651839
7746.28345193373  0.64537
7748.2656124895  0.64475
7750.24777304526  0.654413
7752.22993360103  0.666737
7754.2120941568  0.677279
7756.19425471256  0.683875
7758.17641526833  0.684575
7760.15857582409  0.680302
7762.14073637986  0.674464
7764.12289693563  0.671116
7766.10505749139  0.669744
7768.08721804716  0.672132
7770.06937860292  0.677211
7772.05153915869  0.686054
7774.03369971446  0.695188
7776.01586027022  0.700989
7777.99802082599  0.699828
7779.98018138175  0.696174
7781.96234193752  0.692392
7783.94450249329  0.690605
7785.92666304905  0.696287
7787.90882360482  0.70333
7789.89098416058  0.703824
7791.87314471635  0.69368
7793.85530527212  0.68045
7795.83746582788  0.670236
7797.81962638365  0.663798
7799.80178693941  0.665298
7801.78394749518  0.672127
7803.76610805095  0.683233
7805.74826860671  0.694491
7807.73042916248  0.703227
7809.71258971825  0.704254
7811.69475027401  0.701808
7813.67691082978  0.696229
7815.65907138554  0.691438
7817.64123194131  0.691892
7819.62339249708  0.696016
7821.60555305284  0.698943
7823.58771360861  0.696031
7825.56987416437  0.690074
7827.55203472014  0.680966
7829.53419527591  0.670773
7831.51635583167  0.660336
7833.49851638744  0.651459
7835.4806769432  0.644496
7837.46283749897  0.640946
7839.44499805474  0.640921
7841.4271586105  0.646104
7843.40931916627  0.654043
7845.39147972203  0.664969
7847.3736402778  0.674984
7849.35580083357  0.68114
7851.33796138933  0.681596
7853.3201219451  0.678658
7855.30228250086  0.673672
7857.28444305663  0.66876
7859.2666036124  0.666516
7861.24876416816  0.667115
7863.23092472393  0.67138
7865.21308527969  0.678036
7867.19524583546  0.685343
7869.17740639123  0.690954
7871.15956694699  0.695481
7873.14172750276  0.699803
7875.12388805853  0.700537
7877.10604861429  0.693513
7879.08820917006  0.681498
7881.07036972582  0.667371
7883.05253028159  0.656481
7885.03469083736  0.651149
7887.01685139312  0.661883
7888.99901194889  0.674673
7890.98117250465  0.682123
7892.96333306042  0.681966
7894.94549361619  0.672839
7896.92765417195  0.657791
7898.90981472772  0.644415
7900.89197528348  0.644035
7902.87413583925  0.645293
7904.85629639502  0.640347
7906.83845695078  0.63265
7908.82061750655  0.62406
7910.80277806231  0.618285
7912.78493861808  0.618154
7914.76709917385  0.62726
7916.74925972961  0.637103
7918.73142028538  0.636807
7920.71358084114  0.634738
7922.69574139691  0.637708
7924.67790195268  0.643698
7926.66006250844  0.646371
7928.64222306421  0.641742
7930.62438361998  0.635376
7932.60654417574  0.63298
7934.58870473151  0.631057
7936.57086528727  0.627351
7938.55302584304  0.624385
7940.53518639881  0.626129
7942.51734695457  0.632841
7944.49950751034  0.639323
7946.4816680661  0.639414
7948.46382862187  0.635836
7950.44598917764  0.626527
7952.4281497334  0.616424
7954.41031028917  0.609569
7956.39247084493  0.607859
7958.3746314007  0.608599
7960.35679195647  0.610072
7962.33895251223  0.611582
7964.321113068  0.611659
7966.30327362376  0.610185
7968.28543417953  0.606775
7970.26759473529  0.601693
7972.24975529106  0.594292
7974.23191584683  0.585964
7976.21407640259  0.581017
7978.19623695836  0.589908
7980.17839751413  0.600931
7982.16055806989  0.608516
7984.14271862566  0.610021
7986.12487918142  0.605212
7988.10703973719  0.594976
7990.08920029296  0.583602
7992.07136084872  0.577614
7994.05352140449  0.572123
7996.03568196025  0.563423
7998.01784251602  0.555243
8000.00000307179  0.551813
8001.98216362755  0.553895
8003.96432418332  0.557972
8005.94648473908  0.560738
8007.92864529485  0.561829
8009.91080585062  0.558168
8011.89296640638  0.552674
8013.87512696215  0.546036
8015.85728751791  0.541641
8017.83944807368  0.542108
8019.82160862945  0.550206
8021.80376918521  0.560409
8023.78592974098  0.566934
8025.76809029675  0.572186
8027.75025085251  0.5774
8029.73241140828  0.581392
8031.71457196404  0.582692
8033.69673251981  0.580205
8035.67889307558  0.575101
8037.66105363134  0.567542
8039.64321418711  0.559543
8041.62537474287  0.553059
8043.60753529864  0.547844
8045.58969585441  0.542879
8047.57185641017  0.538297
8049.55401696594  0.534958
8051.5361775217  0.533897
8053.51833807747  0.534646
8055.50049863323  0.538251
8057.482659189  0.542252
8059.46481974477  0.544778
8061.44698030053  0.545026
8063.4291408563  0.543658
8065.41130141207  0.541354
8067.39346196783  0.540179
8069.3756225236  0.544711
8071.35778307936  0.550178
8073.33994363513  0.554196
8075.3221041909  0.555084
8077.30426474666  0.552288
8079.28642530243  0.546106
8081.26858585819  0.539886
8083.25074641396  0.539573
8085.23290696973  0.539759
8087.21506752549  0.538552
8089.19722808126  0.53442
8091.17938863703  0.52551
8093.16154919279  0.513257
8095.14370974856  0.502332
8097.12587030432  0.49925
8099.10803086009  0.499248
8101.09019141585  0.501487
8103.07235197162  0.503477
8105.05451252739  0.503094
8107.03667308315  0.500041
8109.01883363892  0.496243
8111.00099419469  0.493526
8112.98315475045  0.492209
8114.96531530622  0.493349
8116.94747586198  0.497333
8118.92963641775  0.505865
8120.91179697351  0.516628
8122.89395752928  0.527424
8124.87611808505  0.534898
8126.85827864081  0.53917
8128.84043919658  0.537606
8130.82259975235  0.532391
8132.80476030811  0.523006
8134.78692086388  0.512534
8136.76908141964  0.502907
8138.75124197541  0.496671
8140.73340253118  0.492821
8142.71556308694  0.491714
8144.69772364271  0.493445
8146.67988419847  0.500333
8148.66204475424  0.5077
8150.64420531001  0.511806
8152.62636586577  0.510582
8154.60852642154  0.506216
8156.59068697731  0.499837
8158.57284753307  0.492542
8160.55500808884  0.485969
8162.5371686446  0.480178
8164.51932920037  0.475412
8166.50148975613  0.471593
8168.4836503119  0.468382
8170.46581086766  0.465469
8172.44797142343  0.462965
8174.4301319792  0.459943
8176.41229253496  0.458626
8178.39445309073  0.462388
8180.3766136465  0.467633
8182.35877420226  0.470166
8184.34093475803  0.466841
8186.32309531379  0.460575
8188.30525586956  0.452239
8190.28741642533  0.444693
8192.26957698109  0.442867
8194.25173753686  0.442351
8196.23389809263  0.437525
8198.21605864839  0.428194
8200.19821920416  0.419979
8202.18037975992  0.418664
8204.16254031569  0.421282
8206.14470087146  0.430117
8208.12686142722  0.438751
8210.10902198299  0.441354
8212.09118253875  0.437989
8214.07334309452  0.43397
8216.05550365029  0.433022
8218.03766420605  0.43109
8220.01982476182  0.424004
8222.00198531758  0.415547
8223.98414587335  0.407237
8225.96630642911  0.400499
8227.94846698488  0.39556
8229.93062754065  0.392983
8231.91278809641  0.391999
8233.89494865218  0.392973
8235.87710920795  0.392578
8237.85926976371  0.386902
8239.84143031948  0.378325
8241.82359087524  0.369227
8243.80575143101  0.361834
8245.78791198678  0.355748
8247.77007254254  0.351917
8249.75223309831  0.3491
8251.73439365408  0.34693
8253.71655420984  0.344355
8255.69871476561  0.339407
8257.68087532137  0.333834
8259.66303587714  0.331728
8261.64519643291  0.336358
8263.62735698867  0.340451
8265.60951754444  0.334968
8267.5916781002  0.326401
8269.57383865597  0.318566
8271.55599921174  0.311593
8273.5381597675  0.302261
8275.52032032327  0.290511
8277.50248087903  0.280821
8279.4846414348  0.281071
8281.46680199056  0.28351
8283.44896254633  0.285039
8285.4311231021  0.283828
8287.41328365786  0.278911
8289.39544421363  0.27079
8291.3776047694  0.262595
8293.35976532516  0.258441
8295.34192588093  0.255029
8297.32408643669  0.250716
8299.30624699246  0.245817
8301.28840754822  0.24025
8303.27056810399  0.234948
8305.25272865976  0.230976
8307.23488921552  0.229733
8309.21704977129  0.229757
8311.19921032706  0.230404
8313.18137088282  0.231063
8315.16353143859  0.231356
8317.14569199435  0.230794
8319.12785255012  0.228581
8321.11001310588  0.225152
8323.09217366165  0.223437
8325.07433421742  0.230008
8327.05649477319  0.23768
8329.03865532895  0.241993
8331.02081588472  0.244204
8333.00297644048  0.247633
8334.98513699625  0.25319
8336.96729755201  0.258066
8338.94945810778  0.259039
8340.93161866355  0.259659
8342.91377921931  0.26309
8344.89593977508  0.266875
8346.87810033084  0.268341
8348.86026088661  0.266989
8350.84242144238  0.264682
8352.82458199814  0.263115
8354.80674255391  0.262825
8356.78890310968  0.266185
8358.77106366544  0.270746
8360.75322422121  0.274427
8362.73538477697  0.277399
8364.71754533274  0.281475
8366.6997058885  0.287761
8368.68186644427  0.294661
8370.66402700004  0.300984
8372.64618755581  0.306593
8374.62834811157  0.309589
8376.61050866733  0.312917
8378.5926692231  0.320348
8380.57482977887  0.333363
8382.55699033463  0.347486
8384.5391508904  0.358192
8386.52131144617  0.366552
8388.50347200193  0.371829
8390.4856325577  0.374075
8392.46779311346  0.372778
8394.44995366923  0.369115
8396.432114225  0.364389
8398.41427478076  0.360747
8400.39643533653  0.359258
8402.37859589229  0.364275
8404.36075644806  0.370367
8406.34291700382  0.373293
8408.32507755959  0.371967
8410.30723811536  0.368474
8412.28939867112  0.364595
8414.27155922689  0.361827
8416.25371978266  0.362945
8418.23588033842  0.367576
8420.21804089419  0.378074
8422.20020144995  0.390431
8424.18236200572  0.400422
8426.16452256149  0.404463
8428.14668311725  0.406112
8430.12884367302  0.406978
8432.11100422878  0.408655
8434.09316478455  0.414724
8436.07532534032  0.421737
8438.05748589608  0.426527
8440.03964645185  0.426503
8442.02180700762  0.422567
8444.00396756338  0.413972
8445.98612811915  0.405418
8447.96828867491  0.401206
8449.95044923068  0.401372
8451.93260978645  0.40769
8453.91477034221  0.416846
8455.89693089798  0.423696
8457.87909145374  0.422903
8459.86125200951  0.421692
8461.84341256527  0.427574
8463.82557312104  0.435103
8465.80773367681  0.440661
8467.78989423257  0.444885
8469.77205478834  0.450443
8471.7542153441  0.458954
8473.73637589987  0.468733
8475.71853645564  0.479522
8477.7006970114  0.488981
8479.68285756717  0.49432
8481.66501812294  0.496998
8483.6471786787  0.498683
8485.62933923447  0.50109
8487.61149979023  0.50389
8489.593660346  0.507615
8491.57582090177  0.513526
8493.55798145753  0.524581
8495.5401420133  0.537302
8497.52230256907  0.548476
8499.50446312483  0.557374
8501.4866236806  0.566557
8503.46878423636  0.577881
8505.45094479213  0.589642
8507.43310534789  0.601984
8509.41526590366  0.61232
8511.39742645943  0.616514
8513.37958701519  0.618136
8515.36174757096  0.623452
8517.34390812672  0.636772
8519.32606868249  0.651025
8521.30822923826  0.6575
8523.29038979402  0.663176
8525.27255034979  0.672076
8527.25471090555  0.682062
8529.23687146132  0.689287
8531.21903201709  0.692492
8533.20119257285  0.695094
8535.18335312862  0.700369
8537.16551368439  0.707449
8539.14767424015  0.718016
8541.12983479592  0.729351
8543.11199535168  0.738542
8545.09415590745  0.745471
8547.07631646322  0.753531
8549.05847701898  0.765735
8551.04063757475  0.777529
8553.02279813052  0.782851
8555.00495868628  0.7881
8556.98711924205  0.799095
8558.96927979781  0.814751
8560.95144035358  0.829626
8562.93360090934  0.839959
8564.91576146511  0.850419
8566.89792202088  0.866167
8568.88008257664  0.882706
8570.86224313241  0.900606
8572.84440368817  0.913928
8574.82656424394  0.9162
8576.80872479971  0.905779
8578.79088535547  0.892698
8580.77304591124  0.888589
8582.755206467  0.888915
8584.73736702277  0.895703
8586.71952757854  0.904969
8588.7016881343  0.91374
8590.68384869007  0.919476
8592.66600924584  0.924078
8594.6481698016  0.927945
8596.63033035737  0.928173
8598.61249091313  0.919377
8600.5946514689  0.907674
8602.57681202467  0.897032
8604.55897258043  0.890161
8606.5411331362  0.885594
8608.52329369196  0.883826
8610.50545424773  0.885363
8612.4876148035  0.893132
8614.46977535926  0.901968
8616.45193591503  0.908357
8618.43409647079  0.911859
8620.41625702656  0.913976
8622.39841758232  0.915651
8624.38057813809  0.917081
8626.36273869386  0.919275
8628.34489924962  0.921438
8630.32705980539  0.92353
8632.30922036115  0.924906
8634.29138091692  0.92333
8636.27354147269  0.92113
8638.25570202845  0.923537
8640.23786258422  0.93801
8642.22002313999  0.956272
8644.20218369575  0.975603
8646.18434425152  0.990742
8648.16650480728  0.996252
8650.14866536305  0.993211
8652.13082591881  0.988292
8654.11298647458  0.987428
8656.09514703035  0.985258
8658.07730758612  0.977325
8660.05946814188  0.967349
8662.04162869765  0.955852
8664.02378925341  0.946481
8666.00594980918  0.941991
8667.98811036494  0.944701
8669.97027092071  0.950448
8671.95243147648  0.956324
8673.93459203224  0.960385
8675.91675258801  0.959685
8677.89891314378  0.954819
8679.88107369954  0.946371
8681.86323425531  0.936356
8683.84539481107  0.926399
8685.82755536684  0.919551
8687.80971592261  0.915495
8689.79187647837  0.91639
8691.77403703414  0.919451
8693.7561975899  0.922859
8695.73835814567  0.924777
8697.72051870143  0.925548
8699.7026792572  0.924504
8701.68483981297  0.922347
8703.66700036874  0.918129
8705.6491609245  0.915164
8707.63132148026  0.916123
8709.61348203603  0.921249
8711.5956425918  0.92935
8713.57780314756  0.938921
8715.55996370333  0.94866
8717.5421242591  0.957307
8719.52428481486  0.961967
8721.50644537063  0.959115
8723.48860592639  0.950171
8725.47076648216  0.936333
8727.45292703793  0.920906
8729.43508759369  0.906417
8731.41724814946  0.89878
8733.39940870522  0.89161
8735.38156926099  0.880177
8737.36372981676  0.866873
8739.34589037252  0.852728
8741.32805092829  0.84133
8743.31021148405  0.834911
8745.29237203982  0.837725
8747.27453259559  0.846761
8749.25669315135  0.866606
8751.23885370712  0.883605
8753.22101426288  0.884591
8755.20317481865  0.871916
8757.18533537442  0.857304
8759.16749593018  0.85056
8761.14965648595  0.845663
8763.13181704171  0.841865
8765.11397759748  0.836949
8767.09613815325  0.826588
8769.07829870901  0.815334
8771.06045926478  0.810067
8773.04261982054  0.813076
8775.02478037631  0.816049
8777.00694093208  0.809208
8778.98910148784  0.799196
8780.97126204361  0.78776
8782.95342259938  0.776298
8784.93558315514  0.765326
8786.91774371091  0.755526
8788.89990426667  0.746252
8790.88206482244  0.737227
8792.86422537821  0.728485
8794.84638593397  0.719004
8796.82854648974  0.710968
8798.8107070455  0.706876
8800.79286760127  0.705796
8802.77502815703  0.705091
8804.7571887128  0.702092
8806.73934926857  0.698149
8808.72150982433  0.692258
8810.7036703801  0.687219
8812.68583093587  0.685421
8814.66799149163  0.686426
8816.6501520474  0.689562
8818.63231260316  0.692664
8820.61447315893  0.693335
8822.5966337147  0.685384
8824.57879427046  0.676136
8826.56095482623  0.667573
8828.54311538199  0.664578
8830.52527593776  0.673366
8832.50743649353  0.691335
8834.48959704929  0.707421
8836.47175760506  0.707616
8838.45391816083  0.69921
8840.43607871659  0.680749
8842.41823927236  0.658535
8844.40039982812  0.637361
8846.38256038389  0.61928
8848.36472093966  0.599792
8850.34688149542  0.577554
8852.32904205119  0.560048
8854.31120260695  0.559345
8856.29336316272  0.564421
8858.27552371848  0.57004
8860.25768427425  0.572108
8862.23984483002  0.570203
8864.22200538578  0.563537
8866.20416594155  0.556279
8868.18632649732  0.555142
8870.16848705308  0.553678
8872.15064760885  0.546728
8874.13280816461  0.538373
8876.11496872038  0.535045
8878.09712927615  0.537471
8880.07928983191  0.537848
8882.06145038768  0.526667
8884.04361094344  0.51521
8886.02577149921  0.513305
8888.00793205498  0.514446
8889.99009261074  0.512625
8891.97225316651  0.505562
8893.95441372227  0.496402
8895.93657427804  0.486909
8897.91873483381  0.47692
8899.90089538957  0.465422
8901.88305594534  0.456449
8903.86521650111  0.454774
8905.84737705687  0.457837
8907.82953761264  0.460396
8909.8116981684  0.458001
8911.79385872417  0.454377
8913.77601927993  0.451507
8915.7581798357  0.449168
8917.74034039147  0.446771
8919.72250094723  0.446479
8921.704661503  0.451815
8923.68682205876  0.461929
8925.66898261453  0.470415
8927.6511431703  0.468388
8929.63330372606  0.462221
8931.61546428183  0.453061
8933.5976248376  0.443913
8935.57978539336  0.437515
8937.56194594913  0.433899
8939.54410650489  0.428983
8941.52626706066  0.419099
8943.50842761643  0.410565
8945.49058817219  0.410443
8947.47274872796  0.413581
8949.45490928373  0.416259
8951.43706983949  0.41782
8953.41923039526  0.420599
8955.40139095102  0.425622
8957.38355150679  0.431158
8959.36571206255  0.435294
8961.34787261832  0.439204
8963.33003317409  0.44358
8965.31219372985  0.44795
8967.29435428562  0.451378
8969.27651484138  0.45371
8971.25867539715  0.456319
8973.24083595292  0.461622
8975.22299650868  0.465663
8977.20515706445  0.463454
8979.18731762021  0.460045
8981.16947817598  0.461267
8983.15163873175  0.468205
8985.13379928751  0.4755
8987.11595984328  0.478117
8989.09812039905  0.478666
8991.08028095481  0.476724
8993.06244151058  0.474284
8995.04460206634  0.471742
8997.02676262211  0.471662
8999.00892317787  0.476361
9000.99108373364  0.48776
9002.97324428941  0.499823
9004.95540484517  0.506262
9006.93756540094  0.508281
9008.91972595671  0.50399
9010.90188651247  0.496289
9012.88404706824  0.487495
9014.866207624  0.481411
9016.84836817977  0.478309
9018.83052873554  0.481977
9020.8126892913  0.488134
9022.79484984707  0.494629
9024.77701040283  0.500883
9026.7591709586  0.507964
9028.74133151436  0.514558
9030.72349207013  0.518592
9032.7056526259  0.516769
9034.68781318166  0.514062
9036.66997373743  0.515835
9038.6521342932  0.517799
9040.63429484896  0.516674
9042.61645540473  0.510728
9044.59861596049  0.500381
9046.58077651626  0.486109
9048.56293707203  0.47271
9050.54509762779  0.467331
9052.52725818356  0.465958
9054.50941873932  0.468592
9056.49157929509  0.470995
9058.47373985086  0.468963
9060.45590040662  0.459986
9062.43806096239  0.450871
9064.42022151815  0.449023
9066.40238207392  0.452161
9068.38454262969  0.465121
9070.36670318545  0.478894
9072.34886374122  0.483938
9074.33102429699  0.476402
9076.31318485275  0.46608
9078.29534540852  0.462131
9080.27750596428  0.460015
9082.25966652005  0.458834
9084.24182707581  0.459139
9086.22398763158  0.462151
9088.20614818735  0.466882
9090.18830874311  0.471671
9092.17046929888  0.474302
9094.15262985464  0.475331
9096.13479041041  0.472984
9098.11695096618  0.470409
9100.09911152194  0.46946
9102.08127207771  0.471466
9104.06343263348  0.476892
9106.04559318924  0.485355
9108.02775374501  0.493383
9110.00991430077  0.493753
9111.99207485654  0.493769
9113.97423541231  0.498733
9115.95639596807  0.505558
9117.93855652384  0.508719
9119.9207170796  0.506602
9121.90287763537  0.504894
9123.88503819114  0.510305
9125.8671987469  0.516021
9127.84935930267  0.516346
9129.83151985843  0.515635
9131.8136804142  0.518595
9133.79584096997  0.526374
9135.77800152573  0.535841
9137.7601620815  0.544319
9139.74232263726  0.550739
9141.72448319303  0.551178
9143.7066437488  0.549411
9145.68880430456  0.548601
9147.67096486033  0.548634
9149.65312541609  0.546714
9151.63528597186  0.541339
9153.61744652763  0.535392
9155.59960708339  0.531097
9157.58176763916  0.529181
9159.56392819492  0.531484
9161.54608875069  0.536773
9163.52824930646  0.54401
9165.51040986222  0.55094
9167.49257041799  0.556252
9169.47473097376  0.555592
9171.45689152952  0.555375
9173.43905208529  0.561917
9175.42121264105  0.570546
9177.40337319682  0.576823
9179.38553375259  0.577484
9181.36769430835  0.573895
9183.34985486412  0.565605
9185.33201541988  0.555899
9187.31417597565  0.547271
9189.29633653142  0.541158
9191.27849708718  0.538774
9193.26065764295  0.540377
9195.24281819871  0.545812
9197.22497875448  0.553798
9199.20713931024  0.560207
9201.18929986601  0.556383
9203.17146042178  0.55057
9205.15362097754  0.548627
9207.13578153331  0.549014
9209.11794208908  0.546203
9211.10010264484  0.538563
9213.08226320061  0.532001
9215.06442375637  0.533201
9217.04658431214  0.539728
9219.02874486791  0.557721
9221.01090542367  0.574466
9222.99306597944  0.57736
9224.9752265352  0.561648
9226.95738709097  0.538133
9228.93954764674  0.515415
9230.9217082025  0.501663
9232.90386875827  0.519089
9234.88602931404  0.543323
9236.8681898698  0.5532
9238.85035042557  0.543799
9240.83251098133  0.52946
9242.8146715371  0.520367
9244.79683209287  0.512485
9246.77899264863  0.504562
9248.7611532044  0.501184
9250.74331376016  0.509088
9252.72547431593  0.522504
9254.7076348717  0.534807
9256.68979542746  0.537023
9258.67195598323  0.529297
9260.65411653899  0.494963
9262.63627709476  0.467031
9264.61843765053  0.475916
9266.60059820629  0.505
9268.58275876206  0.53198
9270.56491931782  0.541796
9272.54707987359  0.545081
9274.52924042936  0.544746
9276.51140098512  0.540747
9278.49356154089  0.532713
9280.47572209665  0.524029
9282.45788265242  0.5134
9284.44004320819  0.508555
9286.42220376395  0.51911
9288.40436431972  0.555756
9290.38652487548  0.593882
9292.36868543125  0.610118
9294.35084598702  0.609858
9296.33300654278  0.588928
9298.31516709855  0.558569
9300.29732765432  0.53041
9302.27948821008  0.517462
9304.26164876585  0.510183
9306.24380932161  0.50363
9308.22596987738  0.500333
9310.20813043314  0.502759
9312.19029098891  0.506927
9314.17245154468  0.506928
9316.15461210044  0.502442
9318.13677265621  0.50282
9320.11893321198  0.521735
9322.10109376774  0.541178
9324.08325432351  0.547725
9326.06541487927  0.545806
9328.04757543504  0.541013
9330.02973599081  0.535691
9332.01189654657  0.526578
9333.99405710234  0.51239
9335.9762176581  0.501251
9337.95837821387  0.504644
9339.94053876964  0.513926
9341.9226993254  0.525908
9343.90485988117  0.53364
9345.88702043693  0.532524
9347.8691809927  0.518343
9349.85134154847  0.502557
9351.83350210423  0.498217
9353.81566266  0.500071
9355.79782321576  0.51168
9357.77998377153  0.524051
9359.7621443273  0.527872
9361.74430488306  0.51738
9363.72646543883  0.502281
9365.70862599459  0.488697
9367.69078655036  0.483747
9369.67294710613  0.506837
9371.65510766189  0.534481
9373.63726821766  0.541274
9375.61942877342  0.520731
9377.60158932919  0.494997
9379.58374988496  0.483901
9381.56591044072  0.483045
9383.54807099649  0.501611
9385.53023155226  0.528005
9387.51239210802  0.558404
9389.49455266379  0.580748
9391.47671321955  0.587996
9393.45887377532  0.57054
9395.44103433109  0.543831
9397.42319488685  0.517622
9399.40535544262  0.498384
9401.38751599838  0.496765
9403.36967655415  0.50711
9405.35183710992  0.521644
9407.33399766568  0.529706
9409.31615822145  0.529283
9411.29831877721  0.505991
9413.28047933298  0.479303
9415.26263988875  0.45956
9417.24480044451  0.450304
9419.22696100028  0.452977
9421.20912155604  0.465265
9423.19128211181  0.480467
9425.17344266758  0.489766
9427.15560322334  0.494175
9429.13776377911  0.486008
9431.11992433487  0.476733
9433.10208489064  0.478201
9435.08424544641  0.489272
9437.06640600217  0.498505
9439.04856655794  0.495347
9441.0307271137  0.486361
9443.01288766947  0.469755
9444.99504822523  0.454613
9446.977208781  0.450184
9448.95936933677  0.453275
9450.94152989254  0.455637
9452.9236904483  0.450911
9454.90585100407  0.443764
9456.88801155983  0.434307
9458.8701721156  0.427453
9460.85233267136  0.429254
9462.83449322713  0.435866
9464.8166537829  0.443368
9466.79881433866  0.44716
9468.78097489443  0.447054
9470.7631354502  0.439426
9472.74529600596  0.429909
9474.72745656173  0.423195
9476.70961711749  0.417523
9478.69177767326  0.41086
9480.67393822903  0.402796
9482.65609878479  0.394031
9484.63825934056  0.385335
9486.62041989632  0.378673
9488.60258045209  0.376174
9490.58474100785  0.378623
9492.56690156362  0.389653
9494.54906211939  0.404216
9496.53122267515  0.416627
9498.51338323092  0.420135
9500.49554378669  0.418014
9502.47770434245  0.407261
9504.45986489822  0.395616
9506.44202545398  0.387148
9508.42418600975  0.384938
9510.40634656552  0.391113
9512.38850712128  0.404421
9514.37066767705  0.418282
9516.35282823282  0.423776
9518.33498878858  0.424648
9520.31714934435  0.416932
9522.29930990011  0.40955
9524.28147045588  0.411783
9526.26363101164  0.424266
9528.24579156741  0.437735
9530.22795212318  0.443035
9532.21011267894  0.442622
9534.19227323471  0.43068
9536.17443379047  0.417131
9538.15659434624  0.409009
9540.13875490201  0.409106
9542.12091545777  0.415774
9544.10307601354  0.426558
9546.0852365693  0.4344
9548.06739712507  0.421693
9550.04955768084  0.408751
9552.0317182366  0.410068
9554.01387879237  0.421522
9555.99603934813  0.433425
9557.9781999039  0.438606
9559.96036045967  0.440556
9561.94252101543  0.438604
9563.9246815712  0.434816
9565.90684212697  0.429146
9567.88900268273  0.425219
9569.8711632385  0.426597
9571.85332379426  0.433555
9573.83548435003  0.441888
9575.8176449058  0.447242
9577.79980546156  0.450523
9579.78196601733  0.450219
9581.76412657309  0.447572
9583.74628712886  0.442275
9585.72844768463  0.436899
9587.71060824039  0.433899
9589.69276879616  0.436126
9591.67492935192  0.439874
9593.65708990769  0.442215
9595.63925046346  0.443749
9597.62141101922  0.443667
9599.60357157499  0.443283
9601.58573213075  0.444877
9603.56789268652  0.448842
9605.55005324229  0.451395
9607.53221379805  0.446963
9609.51437435382  0.440082
9611.49653490958  0.430933
9613.47869546535  0.423442
9615.46085602112  0.420487
9617.44301657688  0.423899
9619.42517713265  0.431537
9621.40733768841  0.442461
9623.38949824418  0.451021
9625.37165879995  0.447169
9627.35381935571  0.440391
9629.33597991148  0.440224
9631.31814046725  0.446598
9633.30030102301  0.449887
9635.28246157878  0.44319
9637.26462213454  0.438434
9639.24678269031  0.451073
9641.22894324608  0.46692
9643.21110380184  0.477315
9645.19326435761  0.480331
9647.17542491337  0.478793
9649.15758546914  0.4754
9651.1397460249  0.473259
9653.12190658067  0.481532
9655.10406713644  0.489278
9657.0862276922  0.490182
9659.06838824797  0.484438
9661.05054880374  0.472515
9663.0327093595  0.45836
9665.01486991527  0.447331
9666.99703047103  0.449102
9668.9791910268  0.4529
9670.96135158257  0.452558
9672.94351213833  0.447603
9674.9256726941  0.436051
9676.90783324986  0.421772
9678.88999380563  0.411196
9680.8721543614  0.412026
9682.85431491716  0.415793
9684.83647547293  0.415812
9686.8186360287  0.415278
9688.80079658446  0.415229
9690.78295714023  0.417494
9692.76511769599  0.424053
9694.74727825176  0.435345
9696.72943880753  0.446005
9698.71159936329  0.447606
9700.69375991906  0.446039
9702.67592047482  0.443806
9704.65808103059  0.44048
9706.64024158635  0.433328
9708.62240214212  0.423269
9710.60456269789  0.414543
9712.58672325365  0.413386
9714.56888380942  0.415164
9716.55104436519  0.418918
9718.53320492095  0.422564
9720.51536547672  0.424071
9722.49752603248  0.423684
9724.47968658825  0.424845
9726.46184714402  0.430849
9728.44400769978  0.435589
9730.42616825555  0.433565
9732.40832881131  0.426396
9734.39048936708  0.412882
9736.37264992285  0.397243
9738.35481047861  0.383361
9740.33697103438  0.376546
9742.31913159015  0.374233
9744.30129214591  0.376726
9746.28345270168  0.383033
9748.26561325744  0.396374
9750.24777381321  0.408683
9752.22993436897  0.409822
9754.21209492474  0.396822
9756.19425548051  0.38469
9758.17641603627  0.393183
9760.15857659204  0.405505
9762.1407371478  0.414469
9764.12289770357  0.418637
9766.10505825934  0.418535
9768.0872188151  0.414305
9770.06937937087  0.407171
9772.05153992663  0.398547
9774.0337004824  0.389076
9776.01586103816  0.377679
9777.99802159393  0.369792
9779.9801821497  0.371701
9781.96234270547  0.38111
9783.94450326123  0.390769
9785.926663817  0.393809
9787.90882437276  0.395395
9789.89098492853  0.399199
9791.87314548429  0.401715
9793.85530604006  0.401117
9795.83746659583  0.396671
9797.81962715159  0.38687
9799.80178770736  0.373887
9801.78394826313  0.364409
9803.76610881889  0.37226
9805.74826937466  0.381944
9807.73042993042  0.383226
9809.71259048619  0.37943
9811.69475104196  0.376687
9813.67691159772  0.377054
9815.65907215349  0.376053
9817.64123270925  0.369471
9819.62339326502  0.366056
9821.60555382079  0.376076
9823.58771437655  0.391561
9825.56987493232  0.408804
9827.55203548808  0.420155
9829.53419604385  0.420992
9831.51635659962  0.405153
9833.49851715538  0.387056
9835.48067771115  0.383298
9837.46283826691  0.384373
9839.44499882268  0.385301
9841.42715937844  0.385251
9843.40931993421  0.387747
9845.39148048998  0.392505
9847.37364104575  0.394355
9849.35580160151  0.379692
9851.33796215728  0.368745
9853.32012271304  0.37874
9855.30228326881  0.399982
9857.28444382457  0.422776
9859.26660438034  0.433681
9861.24876493611  0.428157
9863.23092549187  0.388654
9865.21308604764  0.350706
9867.19524660341  0.348714
9869.17740715917  0.365374
9871.15956771494  0.387166
9873.1417282707  0.40117
9875.12388882647  0.40596
9877.10604938224  0.394184
9879.088209938  0.380052
9881.07037049377  0.379003
9883.05253104953  0.381847
9885.0346916053  0.380757
9887.01685216106  0.378645
9888.99901271683  0.385206
9890.9811732726  0.404261
9892.96333382836  0.421397
9894.94549438413  0.41487
9896.92765493989  0.40205
9898.90981549566  0.389898
9900.89197605143  0.380178
9902.87413660719  0.369491
9904.85629716296  0.359437
9906.83845771873  0.353937
9908.82061827449  0.359973
9910.80277883026  0.369249
9912.78493938602  0.377628
9914.76709994179  0.383221
9916.74926049756  0.383322
9918.73142105332  0.380643
9920.71358160909  0.38312
9922.69574216485  0.399427
9924.67790272062  0.411609
9926.66006327639  0.396544
9928.64222383215  0.374342
9930.62438438792  0.35817
9932.60654494368  0.354501
9934.58870549945  0.360891
9936.57086605522  0.375323
9938.55302661098  0.387474
9940.53518716675  0.375147
9942.51734772251  0.361369
9944.49950827828  0.362562
9946.48166883405  0.373091
9948.46382938981  0.380308
9950.44598994558  0.376436
9952.42815050134  0.369093
9954.41031105711  0.36342
9956.39247161288  0.355868
9958.37463216864  0.3424
9960.35679272441  0.328976
9962.33895328018  0.32038
9964.32111383594  0.320546
9966.30327439171  0.327987
9968.28543494747  0.343446
9970.26759550324  0.359372
9972.24975605901  0.367243
9974.23191661477  0.370027
9976.21407717054  0.369626
9978.1962377263  0.367477
9980.17839828207  0.362343
9982.16055883784  0.355592
9984.1427193936  0.352768
9986.12487994937  0.369142
9988.10704050513  0.384162
9990.0892010609  0.37895
9992.07136161667  0.362518
9994.05352217243  0.353022
9996.0356827282  0.362413
9998.01784328396  0.377222
10000.0000038397  0.388896
10001.9821643955  0.396465
10003.9643249513  0.39308
10005.946485507  0.385159
10007.9286460628  0.380298
10009.9108066186  0.381395
10011.8929671743  0.381223
10013.8751277301  0.372879
10015.8572882859  0.367228
10017.8394488416  0.3779
10019.8216093974  0.391383
10021.8037699532  0.397233
10023.7859305089  0.389971
10025.7680910647  0.372356
10027.7502516205  0.346167
10029.7324121762  0.322537
10031.714572732  0.319587
10033.6967332878  0.324881
10035.6788938435  0.335279
10037.6610543993  0.341839
10039.6432149551  0.337655
10041.6253755108  0.318409
10043.6075360666  0.297904
10045.5896966223  0.29252
10047.5718571781  0.29541
10049.5540177339  0.313486
10051.5361782896  0.331587
10053.5183388454  0.333098
10055.5004994012  0.312645
10057.4826599569  0.288979
10059.4648205127  0.280732
10061.4469810685  0.281893
10063.4291416242  0.301643
10065.41130218  0.323138
10067.3934627358  0.330013
10069.3756232915  0.320263
10071.3577838473  0.309854
10073.3399444031  0.312033
10075.3221049588  0.31343
10077.3042655146  0.3024
10079.2864260704  0.28785
10081.2685866261  0.274439
10083.2507471819  0.265709
10085.2329077377  0.262311
10087.2150682934  0.264583
10089.1972288492  0.266965
10091.179389405  0.261979
10093.1615499607  0.252429
10095.1437105165  0.235957
10097.1258710723  0.217503
10099.108031628  0.199607
10101.0901921838  0.188468
10103.0723527396  0.18678
10105.0545132953  0.20483
10107.0366738511  0.224092
10109.0188344069  0.230368
10111.0009949626  0.225979
10112.9831555184  0.20978
10114.9653160742  0.192174
10116.9474766299  0.188612
10118.9296371857  0.219075
10120.9117977415  0.245952
10122.8939582972  0.220844
10124.876118853  0.187785
10126.8582794088  0.185402
10128.8404399645  0.210468
10130.8226005203  0.232143
10132.8047610761  0.226306
10134.7869216318  0.210498
10136.7690821876  0.188173
10138.7512427434  0.168651
10140.7334032991  0.165019
10142.7155638549  0.168726
10144.6977244107  0.162139
10146.6798849664  0.141266
10148.6620455222  0.128909
10150.6442060779  0.157306
10152.6263666337  0.194101
10154.6085271895  0.225892
10156.5906877452  0.24436
10158.572848301  0.244841
10160.5550088568  0.227484
10162.5371694125  0.201559
10164.5193299683  0.17718
10166.5014905241  0.154512
10168.4836510798  0.141463
10170.4658116356  0.130189
10172.4479721914  0.108139
10174.4301327471  0.0847743
10176.4122933029  0.0795693
10178.3944538587  0.11005
10180.3766144144  0.15152
10182.3587749702  0.188668
10184.340935526  0.213424
10186.3230960817  0.211721
10188.3052566375  0.19098
10190.2874171933  0.165135
10192.269577749  0.144942
10194.2517383048  0.121386
10196.2338988606  0.0828075
10198.2160594163  0.0527858
10200.1982199721  0.0493242
10202.1803805279  0.0691521
10204.1625410836  0.112562
10206.1447016394  0.163583
10208.1268621952  0.202364
10210.1090227509  0.19511
10212.0911833067  0.176295
10214.0733438625  0.167231
10216.0555044182  0.163942
10218.037664974  0.163923
10220.0198255298  0.162582
10222.0019860855  0.15541
10223.9841466413  0.13693
10225.9663071971  0.115932
10227.9484677528  0.0977943
10229.9306283086  0.0861107
10231.9127888644  0.0887334
10233.8949494201  0.0983195
10235.8771099759  0.102247
10237.8592705317  0.0928975
10239.8414310874  0.0851125
10241.8235916432  0.0986738
10243.805752199  0.115735
10245.7879127547  0.125095
10247.7700733105  0.132454
10249.7522338663  0.151162
10251.734394422  0.179567
10253.7165549778  0.199278
10255.6987155335  0.185523
10257.6808760893  0.161987
10259.6630366451  0.139676
10261.6451972008  0.122157
10263.6273577566  0.111163
10265.6095183124  0.107039
10267.5916788681  0.105215
10269.5738394239  0.102193
10271.5559999797  0.105041
10273.5381605354  0.129937
10275.5203210912  0.152176
10277.502481647  0.150927
10279.4846422027  0.127569
10281.4668027585  0.0937376
10283.4489633143  0.064094
10285.43112387  0.0462378
10287.4132844258  0.0696058
10289.3954449816  0.103241
10291.3776055373  0.133011
10293.3597660931  0.153005
10295.3419266489  0.162253
10297.3240872046  0.164233
10299.3062477604  0.173025
10301.2884083162  0.216043
10303.2705688719  0.245546
10305.2527294277  0.208277
10307.2348899835  0.147987
10309.2170505392  0.106929
10311.199211095  0.106079
10313.1813716508  0.122173
10315.1635322065  0.14325
10317.1456927623  0.16632
10319.1278533181  0.181361
10321.1100138738  0.192076
10323.0921744296  0.200627
10325.0743349854  0.208126
10327.0564955411  0.216272
10329.0386560969  0.224277
10331.0208166527  0.223831
10333.0029772084  0.199395
10334.9851377642  0.164868
10336.96729832  0.119335
10338.9494588757  0.0802817
10340.9316194315  0.062505
10342.9137799873  0.0760724
10344.895940543  0.10198
10346.8781010988  0.1214
10348.8602616546  0.14488
10350.8424222103  0.180748
10352.8245827661  0.216474
10354.8067433219  0.242212
10356.7889038776  0.249294
10358.7710644334  0.239756
10360.7532249891  0.21051
10362.7353855449  0.183396
10364.7175461007  0.19003
10366.6997066564  0.204613
10368.6818672122  0.20533
10370.664027768  0.188375
10372.6461883237  0.165349
10374.6283488795  0.146865
10376.6105094353  0.139102
10378.592669991  0.17196
10380.5748305468  0.202323
10382.5569911026  0.190683
10384.5391516583  0.154383
10386.5213122141  0.131887
10388.5034727699  0.146238
10390.4856333256  0.16554
10392.4677938814  0.15584
10394.4499544372  0.148634
10396.4321149929  0.165958
10398.4142755487  0.19393
10400.3964361045  0.21587
10402.3785966602  0.221358
10404.360757216  0.218941
10406.3429177718  0.211729
10408.3250783275  0.200699
10410.3072388833  0.182862
10412.2893994391  0.170147
10414.2715599948  0.176906
10416.2537205506  0.198236
10418.2358811064  0.216016
10420.2180416621  0.212353
10422.2002022179  0.202803
10424.1823627737  0.194964
10426.1645233294  0.190109
10428.1466838852  0.193404
10430.128844441  0.199469
10432.1110049967  0.19955
10434.0931655525  0.187915
10436.0753261083  0.174432
10438.057486664  0.170536
10440.0396472198  0.168073
10442.0218077756  0.165678
10444.0039683313  0.159769
10445.9861288871  0.144246
10447.9682894429  0.122863
10449.9504499986  0.109319
10451.9326105544  0.123681
10453.9147711102  0.148022
10455.8969316659  0.179699
