3801.77118851	7.11205e-16
3804.44775459	7.06695e-16
3807.12432068	7.02500e-16
3809.80088676	6.87956e-16
3812.47745284	6.99578e-16
3815.16371663	7.23368e-16
3817.84028271	7.37656e-16
3820.51684879	7.46702e-16
3823.19341487	7.62465e-16
3825.86998095	7.70773e-16
3828.54654704	7.62734e-16
3831.23281082	7.79578e-16
3833.9093769	7.85371e-16
3836.58594299	8.02136e-16
3839.26250907	8.16437e-16
3841.93907515	8.11221e-16
3844.61564123	8.01958e-16
3847.30190502	8.06228e-16
3849.9784711	8.24157e-16
3852.65503718	8.43129e-16
3855.33160326	8.52736e-16
3858.00816935	8.38391e-16
3860.68473543	8.33032e-16
3863.37099921	8.30637e-16
3866.04756529	8.31684e-16
3868.72413138	8.12720e-16
3871.40069746	7.95748e-16
3874.07726354	7.87249e-16
3876.75382962	7.69814e-16
3879.44009341	7.92381e-16
3882.11665949	8.13929e-16
3884.79322557	8.35185e-16
3887.46979165	8.78246e-16
3890.14635774	8.81516e-16
3892.82292382	8.69207e-16
3895.5091876	8.49777e-16
3898.18575369	8.27099e-16
3900.86231977	8.02897e-16
3903.53888585	7.81287e-16
3906.21545193	7.75612e-16
3908.89201801	7.68194e-16
3911.5782818	7.58219e-16
3914.25484788	7.46557e-16
3916.93141396	7.31753e-16
3919.60798005	7.35616e-16
3922.28454613	7.20886e-16
3924.96111221	7.15261e-16
3927.647376	7.27602e-16
3930.32394208	7.14966e-16
3933.00050816	7.18954e-16
3935.67707424	7.32488e-16
3938.35364032	7.44148e-16
3941.03020641	7.36779e-16
3943.71647019	7.32572e-16
3946.39303627	7.19490e-16
3949.06960236	7.08020e-16
3951.74616844	7.20849e-16
3954.42273452	7.18886e-16
3957.0993006	7.11577e-16
3959.77586668	7.17534e-16
3962.46213047	7.18198e-16
3965.13869655	7.18312e-16
3967.81526263	7.18292e-16
3970.49182872	7.25931e-16
3973.1683948	7.38254e-16
3975.84496088	7.35142e-16
3978.53122466	7.35600e-16
3981.20779075	7.37426e-16
3983.88435683	7.36739e-16
3986.56092291	7.14912e-16
3989.23748899	7.11511e-16
3991.91405508	7.18461e-16
3994.60031886	7.11130e-16
3997.27688494	7.16172e-16
3999.95345102	7.21670e-16
4002.63001711	7.24287e-16
4005.30658319	7.27648e-16
4007.98314927	7.19235e-16
4010.66941306	7.08518e-16
4013.34597914	7.13352e-16
4016.02254522	7.15876e-16
4018.6991113	7.18271e-16
4021.37567738	7.33209e-16
4024.05224347	7.50526e-16
4026.73850725	7.58006e-16
4029.41507333	7.57248e-16
4032.09163942	7.64745e-16
4034.7682055	7.58868e-16
4037.44477158	7.48730e-16
4040.12133766	7.51031e-16
4042.80760145	7.51475e-16
4045.48416753	7.36748e-16
4048.16073361	7.37882e-16
4050.83729969	7.41803e-16
4053.51386578	7.42392e-16
4056.19043186	7.19231e-16
4058.87669564	7.17501e-16
4061.55326173	7.23057e-16
4064.22982781	7.16869e-16
4066.90639389	7.19098e-16
4069.58295997	7.15877e-16
4072.25952605	7.22197e-16
4074.94578984	7.07479e-16
4077.62235592	7.02079e-16
4080.298922	7.16528e-16
4082.97548809	7.11328e-16
4085.65205417	7.11852e-16
4088.32862025	7.11969e-16
4091.01488403	7.12945e-16
4093.69145012	7.21338e-16
4096.3680162	7.27323e-16
4099.04458228	7.29801e-16
4101.72114836	7.41476e-16
4104.39771445	7.39922e-16
4107.07428053	7.39078e-16
4109.76054431	7.49620e-16
4112.43711039	7.53008e-16
4115.11367648	7.57923e-16
4117.79024256	7.65378e-16
4120.46680864	7.60959e-16
4123.14337472	7.72961e-16
4125.82963851	7.79253e-16
4128.50620459	7.84475e-16
4131.18277067	7.85182e-16
4133.85933675	7.80752e-16
4136.53590284	7.85370e-16
4139.21246892	7.89010e-16
4141.8987327	8.00099e-16
4144.57529879	7.96356e-16
4147.25186487	7.91880e-16
4149.92843095	7.83646e-16
4152.60499703	7.84791e-16
4155.28156311	7.80638e-16
4157.9678269	7.82263e-16
4160.64439298	7.85051e-16
4163.32095906	7.73249e-16
4165.99752515	7.71824e-16
4168.67409123	7.66527e-16
4171.35065731	7.69007e-16
4174.0369211	7.61043e-16
4176.71348718	7.56742e-16
4179.39005326	7.55029e-16
4182.06661934	7.37889e-16
4184.74318542	7.34335e-16
4187.41975151	7.34468e-16
4190.10601529	7.28560e-16
4192.78258137	7.22196e-16
4195.45914746	7.22918e-16
4198.13571354	7.19392e-16
4200.81227962	7.13653e-16
4203.4888457	7.05781e-16
4206.17510949	7.04186e-16
4208.85167557	7.08157e-16
4211.52824165	6.97255e-16
4214.20480773	6.96432e-16
4216.88137382	7.02178e-16
4219.5579399	6.93801e-16
4222.24420368	6.94492e-16
4224.92076976	7.06156e-16
4227.59733585	7.06252e-16
4230.27390193	7.07319e-16
4232.95046801	7.05520e-16
4235.62703409	7.00775e-16
4238.30360018	7.02891e-16
4240.98986396	7.07754e-16
4243.66643004	7.02292e-16
4246.34299612	7.08167e-16
4249.01956221	7.23347e-16
4251.69612829	7.27900e-16
4254.38239207	7.38907e-16
4257.05895816	7.34898e-16
4259.73552424	7.28355e-16
4262.41209032	7.39861e-16
4265.0886564	7.37330e-16
4267.76522248	7.34140e-16
4270.44178857	7.41767e-16
4273.12805235	7.41589e-16
4275.80461843	7.37297e-16
4278.48118452	7.26824e-16
4281.1577506	7.27129e-16
4283.83431668	7.18631e-16
4286.51088276	7.24793e-16
4289.19714655	7.21726e-16
4291.87371263	7.19222e-16
4294.55027871	7.09358e-16
4297.22684479	6.96742e-16
4299.90341088	7.03308e-16
4302.57997696	6.98045e-16
4305.26624074	6.92318e-16
4307.94280683	6.90126e-16
4310.61937291	6.81885e-16
4313.29593899	6.80114e-16
4315.97250507	6.84906e-16
4318.64907115	6.78937e-16
4321.33533494	6.70786e-16
4324.01190102	6.77983e-16
4326.6884671	6.79692e-16
4329.36503319	6.75077e-16
4332.04159927	6.76299e-16
4334.71816535	6.74114e-16
4337.40442914	6.77042e-16
4340.08099522	6.83504e-16
4342.7575613	6.88342e-16
4345.43412738	6.92220e-16
4348.11069346	6.99151e-16
4350.78725955	6.92631e-16
4353.47352333	6.96694e-16
4356.15008941	7.07963e-16
4358.82665549	7.06055e-16
4361.50322158	6.99215e-16
4364.17978766	6.93403e-16
4366.85635374	6.95950e-16
4369.54261753	6.92922e-16
4372.21918361	6.89424e-16
4374.89574969	6.86835e-16
4377.57231577	6.90363e-16
4380.24888185	6.93876e-16
4382.92544794	7.08392e-16
4385.60201402	7.12906e-16
4388.2882778	7.07633e-16
4390.96484389	7.12258e-16
4393.64140997	7.10679e-16
4396.31797605	7.13423e-16
4398.99454213	7.11642e-16
4401.67110821	7.08080e-16
4404.357372	6.96915e-16
4407.03393808	6.91934e-16
4409.71050416	6.89762e-16
4412.38707025	6.87383e-16
4415.06363633	6.88709e-16
4417.74020241	7.03566e-16
4420.4264662	7.10028e-16
4423.10303228	7.08966e-16
4425.77959836	7.13660e-16
4428.45616444	7.17004e-16
4431.13273052	7.14281e-16
4433.80929661	7.11891e-16
4436.49556039	7.13317e-16
4439.17212647	7.14252e-16
4441.84869256	7.11131e-16
4444.52525864	6.97922e-16
4447.20182472	6.97716e-16
4449.8783908	6.94433e-16
4452.56465459	6.82046e-16
4455.24122067	6.77697e-16
4457.91778675	6.81903e-16
4460.59435283	6.85798e-16
4463.27091892	7.05840e-16
4465.947485	7.36453e-16
4468.63374878	7.57793e-16
4471.31031487	7.75129e-16
4473.98688095	7.80102e-16
4476.66344703	7.85808e-16
4479.34001311	7.81206e-16
4482.01657919	7.67077e-16
4484.70284298	7.68395e-16
4487.37940906	7.68667e-16
4490.05597514	7.56081e-16
4492.73254122	7.47374e-16
4495.40910731	7.47538e-16
4498.08567339	7.35094e-16
4500.77193717	7.17288e-16
4503.44850326	7.14242e-16
4506.12506934	7.25727e-16
4508.80163542	7.17765e-16
4511.4782015	7.06537e-16
4514.15476758	7.00936e-16
4516.84103137	6.94919e-16
4519.51759745	6.90992e-16
4522.19416353	6.90183e-16
4524.87072962	6.89467e-16
4527.5472957	6.87670e-16
4530.22386178	6.85374e-16
4532.91012557	6.80789e-16
4535.58669165	6.76182e-16
4538.26325773	6.77152e-16
4540.93982381	6.79228e-16
4543.61638989	6.75278e-16
4546.29295598	6.63005e-16
4548.96952206	6.71292e-16
4551.65578584	6.74924e-16
4554.33235193	6.58998e-16
4557.00891801	6.68130e-16
4559.68548409	6.76032e-16
4562.36205017	6.70401e-16
4565.03861625	6.71638e-16
4567.72488004	6.77687e-16
4570.40144612	6.83292e-16
4573.0780122	6.83944e-16
4575.75457829	6.85584e-16
4578.43114437	6.83409e-16
4581.10771045	6.80035e-16
4583.79397424	6.75221e-16
4586.47054032	6.69537e-16
4589.1471064	6.72851e-16
4591.82367248	6.77656e-16
4594.50023856	6.72463e-16
4597.17680465	6.60351e-16
4599.86306843	6.68076e-16
4602.53963451	6.69123e-16
4605.2162006	6.59534e-16
4607.89276668	6.58023e-16
4610.56933276	6.58113e-16
4613.24589884	6.58568e-16
4615.93216263	6.67207e-16
4618.60872871	6.71169e-16
4621.28529479	6.66955e-16
4623.96186087	6.59542e-16
4626.63842695	6.50401e-16
4629.31499304	6.59455e-16
4632.00125682	6.73741e-16
4634.6778229	6.60767e-16
4637.35438899	6.64958e-16
4640.03095507	6.60280e-16
4642.70752115	6.56388e-16
4645.38408723	6.68139e-16
4648.07035102	6.77693e-16
4650.7469171	6.79506e-16
4653.42348318	6.73967e-16
4656.10004926	6.86751e-16
4658.77661535	6.79753e-16
4661.45318143	6.74126e-16
4664.13944521	6.80578e-16
4666.8160113	6.72246e-16
4669.49257738	6.64065e-16
4672.16914346	6.69429e-16
4674.84570954	6.78695e-16
4677.52227562	6.76119e-16
4680.20853941	6.76767e-16
4682.88510549	6.81631e-16
4685.56167157	6.73681e-16
4688.23823766	6.71794e-16
4690.91480374	6.78291e-16
4693.59136982	6.74038e-16
4696.27763361	6.66326e-16
4698.95419969	6.72514e-16
4701.63076577	6.84686e-16
4704.30733185	6.83397e-16
4706.98389793	6.84980e-16
4709.66046402	6.84053e-16
4712.3370301	6.85120e-16
4715.02329388	6.90214e-16
4717.69985997	6.89201e-16
4720.37642605	6.83249e-16
4723.05299213	6.88618e-16
4725.72955821	6.82434e-16
4728.40612429	6.71805e-16
4731.09238808	6.64771e-16
4733.76895416	6.67726e-16
4736.44552024	6.66638e-16
4739.12208633	6.52201e-16
4741.79865241	6.47629e-16
4744.47521849	6.40604e-16
4747.16148227	6.39229e-16
4749.83804836	6.40870e-16
4752.51461444	6.38934e-16
4755.19118052	6.32682e-16
4757.8677466	6.27554e-16
4760.54431268	6.32184e-16
4763.23057647	6.33950e-16
4765.90714255	6.21890e-16
4768.58370863	6.20753e-16
4771.26027472	6.24299e-16
4773.9368408	6.23835e-16
4776.61340688	6.24794e-16
4779.29967067	6.19900e-16
4781.97623675	6.15215e-16
4784.65280283	6.17047e-16
4787.32936891	6.19050e-16
4790.00593499	6.17896e-16
4792.68250108	6.15832e-16
4795.36876486	6.23164e-16
4798.04533094	6.27933e-16
4800.72189703	6.27426e-16
4803.39846311	6.23401e-16
4806.07502919	6.23938e-16
4808.75159527	6.34559e-16
4811.43785906	6.31781e-16
4814.11442514	6.29811e-16
4816.79099122	6.30894e-16
4819.4675573	6.36951e-16
4822.14412339	6.35959e-16
4824.82068947	6.37317e-16
4827.50695325	6.32642e-16
4830.18351934	6.25004e-16
4832.86008542	6.24798e-16
4835.5366515	6.31583e-16
4838.21321758	6.31746e-16
4840.88978366	6.28037e-16
4843.56634975	6.22713e-16
4846.25261353	6.27742e-16
4848.92917961	6.17565e-16
4851.6057457	6.15536e-16
4854.28231178	6.19260e-16
4856.95887786	6.21952e-16
4859.63544394	6.24400e-16
4862.32170773	6.21805e-16
4864.99827381	6.17540e-16
4867.67483989	6.19570e-16
4870.35140597	6.20325e-16
4873.02797206	6.17164e-16
4875.70453814	6.14398e-16
4878.39080192	6.16047e-16
4881.067368	6.15815e-16
4883.74393409	6.20549e-16
4886.42050017	6.26740e-16
4889.09706625	6.26870e-16
4891.77363233	6.25154e-16
4894.45989612	6.27335e-16
4897.1364622	6.25544e-16
4899.81302828	6.22258e-16
4902.48959436	6.18255e-16
4905.16616045	6.17948e-16
4907.84272653	6.23072e-16
4910.52899031	6.26748e-16
4913.2055564	6.40829e-16
4915.88212248	6.51288e-16
4918.55868856	6.65222e-16
4921.23525464	6.74061e-16
4923.91182072	6.73870e-16
4926.59808451	6.68504e-16
4929.27465059	6.69074e-16
4931.95121667	6.73759e-16
4934.62778276	6.68954e-16
4937.30434884	6.69724e-16
4939.98091492	6.66090e-16
4942.66717871	6.57867e-16
4945.34374479	6.58598e-16
4948.02031087	6.61143e-16
4950.69687695	6.57776e-16
4953.37344303	6.51473e-16
4956.05000912	6.54468e-16
4958.7362729	6.57223e-16
4961.41283898	6.54442e-16
4964.08940507	6.51693e-16
4966.76597115	6.52318e-16
4969.44253723	6.56336e-16
4972.11910331	6.58187e-16
4974.8053671	6.69207e-16
4977.48193318	6.66315e-16
4980.15849926	6.58750e-16
4982.83506534	6.61250e-16
4985.51163143	6.66275e-16
4988.18819751	6.61481e-16
4990.87446129	6.58065e-16
4993.55102737	6.52467e-16
4996.22759346	6.61797e-16
4998.90415954	6.72458e-16
5001.58072562	6.77387e-16
5004.2572917	6.98546e-16
5006.93385779	7.11815e-16
5009.62012157	7.18034e-16
5012.29668765	7.30739e-16
5014.97325373	7.44191e-16
5017.64981982	7.49839e-16
5020.3263859	7.44893e-16
5023.00295198	7.50521e-16
5025.68921577	7.46699e-16
5028.36578185	7.51176e-16
5031.04234793	7.53737e-16
5033.71891401	7.52915e-16
5036.39548009	7.55932e-16
5039.07204618	7.57936e-16
5041.75830996	7.56778e-16
5044.43487604	7.53131e-16
5047.11144213	7.54506e-16
5049.78800821	7.47169e-16
5052.46457429	7.41653e-16
5055.14114037	7.46145e-16
5057.82740416	7.33610e-16
5060.50397024	7.15947e-16
5063.18053632	7.14059e-16
5065.8571024	7.14405e-16
5068.53366849	7.08678e-16
5071.21023457	6.99272e-16
5073.89649835	7.04101e-16
5076.57306444	7.11837e-16
5079.24963052	7.04434e-16
5081.9261966	7.03679e-16
5084.60276268	7.01070e-16
5087.27932876	6.93175e-16
5089.96559255	6.94147e-16
5092.64215863	6.88741e-16
5095.31872471	6.75607e-16
5097.9952908	6.65409e-16
5100.67185688	6.54417e-16
5103.34842296	6.49957e-16
5106.03468674	6.36802e-16
5108.71125283	6.30504e-16
5111.38781891	6.38212e-16
5114.06438499	6.40622e-16
5116.74095107	6.35217e-16
5119.41751716	6.48622e-16
5122.10378094	6.71799e-16
5124.78034702	6.75807e-16
5127.4569131	6.70399e-16
5130.13347919	6.54646e-16
5132.81004527	6.42375e-16
5135.48661135	6.26257e-16
5138.16317743	6.17298e-16
5140.84944122	6.23333e-16
5143.5260073	6.29176e-16
5146.20257338	6.43934e-16
5148.87913946	6.57802e-16
5151.55570555	6.66847e-16
5154.23227163	6.71258e-16
5156.91853541	6.79506e-16
5159.5951015	6.73977e-16
5162.27166758	6.67640e-16
5164.94823366	6.67242e-16
5167.62479974	6.65692e-16
5170.30136582	6.52285e-16
5172.98762961	6.47344e-16
5175.66419569	6.54509e-16
5178.34076177	6.48944e-16
5181.01732786	6.39336e-16
5183.69389394	6.43738e-16
5186.37046002	6.45297e-16
5189.05672381	6.40452e-16
5191.73328989	6.39236e-16
5194.40985597	6.37073e-16
5197.08642205	6.35065e-16
5199.76298813	6.41190e-16
5202.43955422	6.35563e-16
5205.125818	6.35711e-16
5207.80238408	6.43606e-16
5210.47895017	6.32048e-16
5213.15551625	6.17755e-16
5215.83208233	6.19863e-16
5218.50864841	6.24661e-16
5221.1949122	6.16400e-16
5223.87147828	6.15465e-16
5226.54804436	6.18691e-16
5229.22461044	6.14797e-16
5231.90117653	6.14904e-16
5234.57774261	6.10073e-16
5237.26400639	6.00575e-16
5239.94057247	5.98314e-16
5242.61713856	5.96075e-16
5245.29370464	5.97699e-16
5247.97027072	5.96837e-16
5250.6468368	5.98907e-16
5253.33310059	5.94730e-16
5256.00966667	5.89350e-16
5258.68623275	5.87654e-16
5261.36279883	5.89369e-16
5264.03936492	5.86496e-16
5266.715931	5.86771e-16
5269.40219478	5.80672e-16
5272.07876087	5.76417e-16
5274.75532695	5.83184e-16
5277.43189303	5.73661e-16
5280.10845911	5.71856e-16
5282.78502519	5.65049e-16
5285.47128898	5.74124e-16
5288.14785506	5.64791e-16
5290.82442114	5.59130e-16
5293.50098723	5.67455e-16
5296.17755331	5.60152e-16
5298.85411939	5.61947e-16
5301.53068547	5.71030e-16
5304.21694926	5.73043e-16
5306.89351534	5.67723e-16
5309.57008142	5.69932e-16
5312.2466475	5.62226e-16
5314.92321359	5.71433e-16
5317.59977967	5.72043e-16
5320.28604345	5.63333e-16
5322.96260954	5.71231e-16
5325.63917562	5.75981e-16
5328.3157417	5.65006e-16
5330.99230778	5.73137e-16
5333.66887386	5.70558e-16
5336.35513765	5.74506e-16
5339.03170373	5.79286e-16
5341.70826981	5.78702e-16
5344.3848359	5.68852e-16
5347.06140198	5.68348e-16
5349.73796806	5.68565e-16
5352.42423184	5.70337e-16
5355.10079793	5.63915e-16
5357.77736401	5.61186e-16
5360.45393009	5.61689e-16
5363.13049617	5.57701e-16
5365.80706226	5.59001e-16
5368.49332604	5.61484e-16
5371.16989212	5.57763e-16
5373.8464582	5.44196e-16
5376.52302429	5.44984e-16
5379.19959037	5.45288e-16
5381.87615645	5.50033e-16
5384.56242024	5.37543e-16
5387.23898632	5.34058e-16
5389.9155524	5.42141e-16
5392.59211848	5.35830e-16
5395.26868456	5.36794e-16
5397.94525065	5.30644e-16
5400.63151443	5.28588e-16
5403.30808051	5.21965e-16
5405.9846466	5.33761e-16
5408.66121268	5.40366e-16
5411.33777876	5.29870e-16
5414.01434484	5.25242e-16
5416.70060863	5.24432e-16
5419.37717471	5.17861e-16
5422.05374079	5.18942e-16
5424.73030687	5.27007e-16
5427.40687296	5.32870e-16
5430.08343904	5.36205e-16
5432.76970282	5.41425e-16
5435.44626891	5.38086e-16
5438.12283499	5.35068e-16
5440.79940107	5.41381e-16
5443.47596715	5.44067e-16
5446.15253323	5.41243e-16
5448.83879702	5.51946e-16
5451.5153631	5.55840e-16
5454.19192918	5.62359e-16
5456.86849527	5.59443e-16
5459.54506135	5.55819e-16
5462.22162743	5.52372e-16
5464.89819351	5.49731e-16
5467.5844573	5.60168e-16
5470.26102338	5.58832e-16
5472.93758946	5.54848e-16
5475.61415554	5.56969e-16
5478.29072163	5.60708e-16
5480.96728771	5.53187e-16
5483.65355149	5.50897e-16
5486.33011757	5.44604e-16
5489.00668366	5.35188e-16
5491.68324974	5.38881e-16
5494.35981582	5.44830e-16
5497.0363819	5.42542e-16
5499.72264569	5.39474e-16
5502.39921177	5.38773e-16
5505.07577785	5.48214e-16
5507.75234393	5.41344e-16
5510.42891002	5.35429e-16
5513.1054761	5.41086e-16
5515.79173988	5.44074e-16
5518.46830597	5.42864e-16
5521.14487205	5.36275e-16
5523.82143813	5.39881e-16
5526.49800421	5.34681e-16
5529.17457029	5.23921e-16
5531.86083408	5.30870e-16
5534.53740016	5.32661e-16
5537.21396624	5.33683e-16
5539.89053233	5.33782e-16
5542.56709841	5.27282e-16
5545.24366449	5.24011e-16
5547.92992828	5.18794e-16
5550.60649436	5.29517e-16
5553.28306044	5.31036e-16
5555.95962652	5.17044e-16
5558.6361926	5.17574e-16
5561.31275869	5.23552e-16
5563.99902247	5.28625e-16
5566.67558855	5.32232e-16
5569.35215464	5.32346e-16
5572.02872072	5.30327e-16
5574.7052868	5.25203e-16
5577.38185288	5.23051e-16
5580.05841896	5.25599e-16
5582.74468275	5.24936e-16
5585.42124883	5.22262e-16
5588.09781491	5.19311e-16
5590.774381	5.20495e-16
5593.45094708	5.28321e-16
5596.13721086	5.27570e-16
5598.81377695	5.24508e-16
5601.49034303	5.29813e-16
5604.16690911	5.30379e-16
5606.84347519	5.24704e-16
5609.52004127	5.26165e-16
5612.19660736	5.32992e-16
5614.88287114	5.37966e-16
5617.55943722	5.39393e-16
5620.2360033	5.36178e-16
5622.91256939	5.34700e-16
5625.58913547	5.32057e-16
5628.26570155	5.36123e-16
5630.95196534	5.33726e-16
5633.62853142	5.29314e-16
5636.3050975	5.39476e-16
5638.98166358	5.31235e-16
5641.65822966	5.30461e-16
5644.33479575	5.41898e-16
5647.02105953	5.46871e-16
5649.69762561	5.40994e-16
5652.3741917	5.30860e-16
5655.05075778	5.30515e-16
5657.72732386	5.27529e-16
5660.40388994	5.25136e-16
5663.09015373	5.25922e-16
5665.76671981	5.22965e-16
5668.44328589	5.20818e-16
5671.11985197	5.29960e-16
5673.79641806	5.39555e-16
5676.47298414	5.29669e-16
5679.15924792	5.25107e-16
5681.83581401	5.35828e-16
5684.51238009	5.37229e-16
5687.18894617	5.29835e-16
5689.86551225	5.23644e-16
5692.54207833	5.22419e-16
5695.22834212	5.26460e-16
5697.9049082	5.12485e-16
5700.58147428	5.02837e-16
5703.25804037	5.16491e-16
5705.93460645	5.17821e-16
5708.61117253	5.03509e-16
5711.29743632	5.03173e-16
5713.9740024	5.12784e-16
5716.65056848	5.19220e-16
5719.32713456	5.20281e-16
5722.00370064	5.16622e-16
5724.68026673	5.22825e-16
5727.36653051	5.14784e-16
5730.04309659	5.08806e-16
5732.71966268	5.24634e-16
5735.39622876	5.12996e-16
5738.07279484	5.08614e-16
5740.74936092	5.17254e-16
5743.425927	5.20016e-16
5746.11219079	5.13925e-16
5748.78875687	5.06635e-16
5751.46532295	5.05917e-16
5754.14188904	5.07434e-16
5756.81845512	4.96502e-16
5759.5047189	5.02389e-16
5762.18128498	5.06410e-16
5764.85785107	4.93451e-16
5767.53441715	4.97371e-16
5770.21098323	5.03913e-16
5772.88754931	4.94275e-16
5775.56411539	4.94051e-16
5778.25037918	4.97500e-16
5780.92694526	4.89246e-16
5783.60351134	4.88487e-16
5786.28007743	4.89911e-16
5788.95664351	4.87374e-16
5791.63320959	4.85984e-16
5794.31947338	4.91929e-16
5796.99603946	4.94603e-16
5799.67260554	4.88743e-16
5802.34917162	4.85822e-16
5805.0257377	4.87251e-16
5807.70230379	4.90379e-16
5810.38856757	4.98920e-16
5813.06513365	5.04037e-16
5815.74169974	4.98699e-16
5818.41826582	5.04623e-16
5821.0948319	5.08912e-16
5823.77139798	5.04355e-16
5826.45766177	5.09781e-16
5829.13422785	5.09646e-16
5831.81079393	5.09626e-16
5834.48736001	5.21581e-16
5837.1639261	5.16129e-16
5839.84049218	5.03646e-16
5842.52675596	5.06809e-16
5845.20332205	4.91734e-16
5847.87988813	4.74236e-16
5850.55645421	4.67482e-16
5853.23302029	4.67919e-16
5855.90958637	4.71596e-16
5858.59585016	4.95647e-16
5861.27241624	5.46829e-16
5863.94898232	5.92081e-16
5866.62554841	6.16643e-16
5869.30211449	6.32615e-16
5871.97868057	6.45250e-16
5874.66494435	6.45314e-16
5877.34151044	6.25921e-16
5880.01807652	6.13720e-16
5882.6946426	5.93577e-16
5885.37120868	5.74013e-16
5888.04777477	5.73929e-16
5890.72434085	5.76189e-16
5893.41060463	5.74038e-16
5896.08717071	5.73593e-16
5898.7637368	5.75091e-16
5901.44030288	5.76377e-16
5904.11686896	5.58787e-16
5906.79343504	5.51530e-16
5909.47969883	5.46440e-16
5912.15626491	5.41238e-16
5914.83283099	5.39905e-16
5917.50939707	5.34944e-16
5920.18596316	5.31827e-16
5922.86252924	5.25033e-16
5925.54879302	5.24187e-16
5928.22535911	5.28278e-16
5930.90192519	5.27935e-16
5933.57849127	5.30930e-16
5936.25505735	5.24615e-16
5938.93162343	5.13164e-16
5941.61788722	5.14420e-16
5944.2944533	5.17781e-16
5946.97101938	5.19760e-16
5949.64758547	5.23692e-16
5952.32415155	5.16409e-16
5955.00071763	5.12493e-16
5957.68698142	5.17124e-16
5960.3635475	5.10834e-16
5963.04011358	4.99738e-16
5965.71667966	4.96371e-16
5968.39324574	4.99100e-16
5971.06981183	5.00540e-16
5973.75607561	5.02108e-16
5976.43264169	5.01782e-16
5979.10920778	5.06108e-16
5981.78577386	5.06244e-16
5984.46233994	4.94493e-16
5987.13890602	4.87490e-16
5989.82516981	4.85250e-16
5992.50173589	4.83733e-16
5995.17830197	4.82043e-16
5997.85486805	4.78895e-16
6000.53143414	4.75061e-16
6003.20800022	4.76396e-16
6005.894264	4.70918e-16
6008.57083008	4.66476e-16
6011.24739617	4.68908e-16
6013.92396225	4.64882e-16
6016.60052833	4.65379e-16
6019.27709441	4.61686e-16
6021.9633582	4.59364e-16
6024.63992428	4.58101e-16
6027.31649036	4.57297e-16
6029.99305644	4.60998e-16
6032.66962253	4.51021e-16
6035.34618861	4.45422e-16
6038.03245239	4.49851e-16
6040.70901848	4.45420e-16
6043.38558456	4.43233e-16
6046.06215064	4.46499e-16
6048.73871672	4.45013e-16
6051.4152828	4.45401e-16
6054.09184889	4.47840e-16
6056.77811267	4.48576e-16
6059.45467875	4.42018e-16
6062.13124484	4.42165e-16
6064.80781092	4.44391e-16
6067.484377	4.39972e-16
6070.16094308	4.43644e-16
6072.84720687	4.43093e-16
6075.52377295	4.42519e-16
6078.20033903	4.42159e-16
6080.87690511	4.40499e-16
6083.5534712	4.40328e-16
6086.23003728	4.37095e-16
6088.91630106	4.35475e-16
6091.59286715	4.37182e-16
6094.26943323	4.35961e-16
6096.94599931	4.37019e-16
6099.62256539	4.43926e-16
6102.29913147	4.45368e-16
6104.98539526	4.47372e-16
6107.66196134	4.49795e-16
6110.33852742	4.48373e-16
6113.01509351	4.45573e-16
6115.69165959	4.37541e-16
6118.36822567	4.36773e-16
6121.05448945	4.46411e-16
6123.73105554	4.47920e-16
6126.40762162	4.47499e-16
6129.0841877	4.43246e-16
6131.76075378	4.26951e-16
6134.43731987	4.27381e-16
6137.12358365	4.37254e-16
6139.80014973	4.39582e-16
6142.47671581	4.43952e-16
6145.1532819	4.44243e-16
6147.82984798	4.45397e-16
6150.50641406	4.46080e-16
6153.19267785	4.43565e-16
6155.86924393	4.41751e-16
6158.54581001	4.46738e-16
6161.22237609	4.54514e-16
6163.89894217	4.52200e-16
6166.57550826	4.39085e-16
6169.26177204	4.38192e-16
6171.93833812	4.44022e-16
6174.61490421	4.40398e-16
6177.29147029	4.43304e-16
6179.96803637	4.45042e-16
6182.64460245	4.45180e-16
6185.32116853	4.43378e-16
6188.00743232	4.43671e-16
6190.6839984	4.47930e-16
6193.36056448	4.37297e-16
6196.03713057	4.29691e-16
6198.71369665	4.32377e-16
6201.39996043	4.31871e-16
6204.07652652	4.36223e-16
6206.7530926	4.44653e-16
6209.42965868	4.34978e-16
6212.10622476	4.33574e-16
6214.78279084	4.50501e-16
6217.45935693	4.58438e-16
6220.14562071	4.45608e-16
6222.82218679	4.48295e-16
6225.49875288	4.57196e-16
6228.17531896	4.50249e-16
6230.85188504	4.46200e-16
6233.52845112	4.44939e-16
6236.21471491	4.46948e-16
6238.89128099	4.52234e-16
6241.56784707	4.43378e-16
6244.24441315	4.34819e-16
6246.92097924	4.47172e-16
6249.59754532	4.54941e-16
6252.2838091	4.52700e-16
6254.96037518	4.50969e-16
6257.63694127	4.44836e-16
6260.31350735	4.41773e-16
6262.99007343	4.36563e-16
6265.66663951	4.50988e-16
6268.3529033	4.46389e-16
6271.02946938	4.37564e-16
6273.70603546	4.36115e-16
6276.38260154	4.33505e-16
6279.05916763	4.45597e-16
6281.73573371	4.44620e-16
6284.42199749	4.52107e-16
6287.09856358	4.57020e-16
6289.77512966	4.54851e-16
6292.45169574	4.49355e-16
6295.12826182	4.54589e-16
6297.8048279	4.54750e-16
6300.49109169	4.49593e-16
6303.16765777	4.53516e-16
6305.84422385	4.51464e-16
6308.52078994	4.50173e-16
6311.19735602	4.55381e-16
6313.8739221	4.51834e-16
6316.56018589	4.53720e-16
6319.23675197	4.54164e-16
6321.91331805	4.60293e-16
6324.58988413	4.71825e-16
6327.26645021	4.68603e-16
6329.9430163	4.65663e-16
6332.62928008	4.65956e-16
6335.30584616	4.69830e-16
6337.98241225	4.74966e-16
6340.65897833	4.71175e-16
6343.33554441	4.66844e-16
6346.01211049	4.71165e-16
6348.68867657	4.74369e-16
6351.37494036	4.71592e-16
6354.05150644	4.78837e-16
6356.72807252	4.86393e-16
6359.40463861	4.84395e-16
6362.08120469	4.82784e-16
6364.76746847	4.80361e-16
6367.44403455	4.80340e-16
6370.12060064	4.80969e-16
6372.79716672	4.81247e-16
6375.4737328	4.79828e-16
6378.15029888	4.82576e-16
6380.82686497	4.83714e-16
6383.51312875	4.79146e-16
6386.18969483	4.77605e-16
6388.86626091	4.77320e-16
6391.542827	4.67230e-16
6394.21939308	4.68841e-16
6396.89595916	4.77054e-16
6399.58222295	4.69100e-16
6402.25878903	4.70072e-16
6404.93535511	4.65383e-16
6407.61192119	4.63019e-16
6410.28848727	4.67240e-16
6412.96505336	4.69896e-16
6415.65131714	4.60867e-16
6418.32788322	4.56903e-16
6421.00444931	4.59537e-16
6423.68101539	4.69796e-16
6426.35758147	4.64278e-16
6429.03414755	4.55206e-16
6431.72041134	4.54228e-16
6434.39697742	4.57373e-16
6437.0735435	4.57822e-16
6439.75010958	4.55205e-16
6442.42667567	4.57511e-16
6445.10324175	4.52088e-16
6447.78950553	4.55104e-16
6450.46607162	4.62569e-16
6453.1426377	4.51044e-16
6455.81920378	4.40002e-16
6458.49576986	4.34435e-16
6461.17233594	4.40407e-16
6463.85859973	4.38672e-16
6466.53516581	4.45175e-16
6469.21173189	4.37309e-16
6471.88829798	4.28848e-16
6474.56486406	4.38366e-16
6477.24143014	4.37329e-16
6479.92769392	4.35090e-16
6482.60426001	4.28216e-16
6485.28082609	4.29931e-16
6487.95739217	4.37619e-16
6490.63395825	4.36340e-16
6493.31052434	4.35589e-16
6495.99678812	4.27072e-16
6498.6733542	4.27418e-16
6501.34992028	4.34206e-16
6504.02648637	4.31024e-16
6506.70305245	4.22658e-16
6509.37961853	4.22429e-16
6512.05618461	4.28116e-16
6514.7424484	4.26013e-16
6517.41901448	4.26802e-16
6520.09558056	4.25394e-16
6522.77214664	4.19548e-16
6525.44871273	4.19382e-16
6528.12527881	4.22519e-16
6530.81154259	4.22449e-16
6533.48810868	4.22968e-16
6536.16467476	4.34235e-16
6538.84124084	4.34054e-16
6541.51780692	4.20635e-16
6544.194373	4.23076e-16
6546.88063679	4.34931e-16
6549.55720287	4.37883e-16
6552.23376895	4.32186e-16
6554.91033504	4.30242e-16
6557.58690112	4.26974e-16
6560.2634672	4.30669e-16
6562.94973099	4.30695e-16
6565.62629707	4.33768e-16
6568.30286315	4.42145e-16
6570.97942923	4.37701e-16
6573.65599531	4.31551e-16
6576.3325614	4.44331e-16
6579.01882518	4.56239e-16
6581.69539126	4.56662e-16
6584.37195735	4.50579e-16
6587.04852343	4.39354e-16
6589.72508951	4.38241e-16
6592.40165559	4.42813e-16
6595.08791938	4.48299e-16
6597.76448546	4.39225e-16
6600.44105154	4.38778e-16
6603.11761762	4.31391e-16
6605.79418371	4.25598e-16
6608.47074979	4.26622e-16
6611.15701357	4.24347e-16
6613.83357965	4.18149e-16
6616.51014574	4.21812e-16
6619.18671182	4.25847e-16
6621.8632779	4.19214e-16
6624.53984398	4.19055e-16
6627.22610777	4.23698e-16
6629.90267385	4.21535e-16
6632.57923993	4.15272e-16
6635.25580601	4.09073e-16
6637.9323721	4.01085e-16
6640.60893818	3.84279e-16
6643.29520196	3.64488e-16
6645.97176805	3.43935e-16
6648.64833413	3.27673e-16
6651.32490021	3.18019e-16
6654.00146629	3.25463e-16
6656.67803237	3.48328e-16
6659.35459846	3.67575e-16
6662.04086224	3.84096e-16
6664.71742832	4.01779e-16
6667.39399441	4.18675e-16
6670.07056049	4.31683e-16
6672.74712657	4.36325e-16
6675.42369265	4.30266e-16
6678.10995644	4.44836e-16
6680.78652252	4.43696e-16
6683.4630886	4.31792e-16
6686.13965468	4.32448e-16
6688.81622077	4.40523e-16
6691.49278685	4.36512e-16
6694.17905063	4.22118e-16
6696.85561672	4.10272e-16
6699.5321828	4.12947e-16
6702.20874888	4.10254e-16
6704.88531496	4.04041e-16
6707.56188104	3.72898e-16
6710.24814483	3.39857e-16
6712.92471091	3.54726e-16
6715.60127699	3.86481e-16
6718.27784308	3.97684e-16
6720.95440916	3.99216e-16
6723.63097524	3.93331e-16
6726.31723903	3.79413e-16
6728.99380511	3.77610e-16
6731.67037119	3.81265e-16
6734.34693727	3.87436e-16
6737.02350335	3.86982e-16
6739.70006944	3.85937e-16
6742.38633322	3.84263e-16
6745.0628993	3.77469e-16
6747.73946539	3.82014e-16
6750.41603147	3.70773e-16
6753.09259755	3.67514e-16
6755.76916363	3.71679e-16
6758.45542742	3.71182e-16
6761.1319935	3.70502e-16
6763.80855958	3.73453e-16
6766.48512566	3.66654e-16
6769.16169174	3.62160e-16
6771.83825783	3.65586e-16
6774.52452161	3.66255e-16
6777.20108769	3.57969e-16
6779.87765378	3.67311e-16
6782.55421986	3.76888e-16
6785.23078594	3.67641e-16
6787.90735202	3.71388e-16
6790.59361581	3.80270e-16
6793.27018189	3.70888e-16
6795.94674797	3.68153e-16
6798.62331405	3.76256e-16
6801.29988014	3.77267e-16
6803.97644622	3.71403e-16
6806.6530123	3.69729e-16
6809.33927609	3.74215e-16
6812.01584217	3.79857e-16
6814.69240825	3.84960e-16
6817.36897433	3.80105e-16
6820.04554041	3.76361e-16
6822.7221065	3.69239e-16
6825.40837028	3.58624e-16
6828.08493636	3.68804e-16
6830.76150245	3.77245e-16
6833.43806853	3.74528e-16
6836.11463461	3.75004e-16
6838.79120069	3.75874e-16
6841.47746448	3.77461e-16
6844.15403056	3.69447e-16
6846.83059664	3.71952e-16
6849.50716272	3.62230e-16
6852.18372881	3.59728e-16
6854.86029489	3.62124e-16
6857.54655867	3.67522e-16
6860.22312476	3.62908e-16
6862.89969084	3.62771e-16
6865.57625692	3.63645e-16
6868.252823	3.61890e-16
6870.92938908	3.61581e-16
6873.61565287	3.57651e-16
6876.29221895	3.55577e-16
6878.96878503	3.57618e-16
6881.64535112	3.59201e-16
6884.3219172	3.63306e-16
6886.99848328	3.58278e-16
6889.68474706	3.49693e-16
6892.36131315	3.54971e-16
6895.03787923	3.58552e-16
6897.71444531	3.52056e-16
6900.39101139	3.44174e-16
6903.06757747	3.41310e-16
6905.75384126	3.39751e-16
6908.43040734	3.44446e-16
6911.10697342	3.50445e-16
6913.78353951	3.51424e-16
6916.46010559	3.48614e-16
6919.13667167	3.43436e-16
6921.81323775	3.36416e-16
6924.49950154	3.34502e-16
6927.17606762	3.37481e-16
6929.8526337	3.39173e-16
6932.52919978	3.36218e-16
6935.20576587	3.32037e-16
6937.89202965	3.41861e-16
6940.56859573	3.39556e-16
6943.24516182	3.34735e-16
6945.9217279	3.46162e-16
6948.59829398	3.40848e-16
6951.27486006	3.31778e-16
6953.95142614	3.36399e-16
6956.63768993	3.37441e-16
6959.31425601	3.40575e-16
6961.99082209	3.47023e-16
6964.66738818	3.55250e-16
6967.34395426	3.61055e-16
6970.02052034	3.60219e-16
6972.70678413	3.58158e-16
6975.38335021	3.53207e-16
6978.05991629	3.52064e-16
6980.73648237	3.54454e-16
6983.41304845	3.52925e-16
6986.08961454	3.54940e-16
6988.77587832	3.52580e-16
6991.4524444	3.46927e-16
6994.12901049	3.34825e-16
6996.80557657	3.37051e-16
6999.48214265	3.32874e-16
7002.15870873	3.29553e-16
7004.84497252	3.39654e-16
7007.5215386	3.51711e-16
7010.19810468	3.54122e-16
7012.87467076	3.77557e-16
7015.55123685	3.84937e-16
7018.22780293	3.79311e-16
7020.91406671	3.86341e-16
7023.59063279	3.73978e-16
7026.26719888	3.68245e-16
7028.94376496	3.75997e-16
7031.62033104	3.78928e-16
7034.29689712	3.78452e-16
7036.98316091	3.69101e-16
7039.65972699	3.68554e-16
7042.33629307	3.81367e-16
7045.01285915	3.89761e-16
7047.68942524	3.91818e-16
7050.36599132	3.89351e-16
7053.0522551	3.96978e-16
7055.72882119	4.15579e-16
7058.40538727	4.15250e-16
7061.08195335	4.11516e-16
7063.75851943	4.14426e-16
7066.43508551	4.16359e-16
7069.1213493	4.19452e-16
7071.79791538	4.09983e-16
7074.47448146	3.92474e-16
7077.15104755	3.73255e-16
7079.82761363	3.66753e-16
7082.50417971	3.69150e-16
7085.18074579	3.69519e-16
7087.86700958	3.78388e-16
7090.54357566	3.86644e-16
7093.22014174	3.71977e-16
7095.89670782	3.76614e-16
7098.57327391	3.81574e-16
7101.25953769	3.64435e-16
7103.93610377	3.52989e-16
7106.61266986	3.45343e-16
7109.28923594	3.45312e-16
7111.96580202	3.44495e-16
7114.6423681	3.46157e-16
7117.31893418	3.49580e-16
7120.00519797	3.50530e-16
7122.68176405	3.50735e-16
7125.35833013	3.53634e-16
7128.03489622	3.53829e-16
7130.7114623	3.47466e-16
7133.38802838	3.44265e-16
7136.07429216	3.41963e-16
7138.75085825	3.41089e-16
7141.42742433	3.39122e-16
7144.10399041	3.35093e-16
7146.78055649	3.42908e-16
7149.45712258	3.47270e-16
7152.14338636	3.54617e-16
7154.81995244	3.48884e-16
7157.49651852	3.50254e-16
7160.17308461	3.50503e-16
7162.84965069	3.43555e-16
7165.52621677	3.44608e-16
7168.21248056	3.38684e-16
7170.88904664	3.41494e-16
7173.56561272	3.46822e-16
7176.2421788	3.58067e-16
7178.91874488	3.56140e-16
7181.59531097	3.55446e-16
7184.28157475	3.61646e-16
7186.95814083	3.58556e-16
7189.63470692	3.59658e-16
7192.311273	3.53478e-16
7194.98783908	3.48511e-16
7197.66440516	3.58311e-16
7200.35066895	3.61694e-16
7203.02723503	3.55912e-16
7205.70380111	3.54365e-16
7208.38036719	3.54575e-16
7211.05693328	3.60232e-16
7213.73349936	3.74885e-16
7216.41976314	3.80757e-16
7219.09632923	3.69246e-16
7221.77289531	3.60254e-16
7224.44946139	3.67373e-16
7227.12602747	3.64161e-16
7229.80259355	3.63926e-16
7232.48885734	3.62526e-16
7235.16542342	3.60111e-16
7237.8419895	3.73346e-16
7240.51855559	3.79273e-16
7243.19512167	3.79259e-16
7245.87168775	3.76232e-16
7248.54825383	3.68230e-16
7251.23451762	3.68509e-16
7253.9110837	3.63898e-16
7256.58764978	3.51052e-16
7259.26421586	3.50463e-16
7261.94078195	3.51868e-16
7264.61734803	3.56434e-16
7267.30361181	3.56321e-16
7269.98017789	3.51480e-16
7272.65674398	3.53580e-16
7275.33331006	3.65941e-16
7278.00987614	3.66087e-16
7280.68644222	3.59382e-16
7283.37270601	3.60740e-16
7286.04927209	3.55262e-16
7288.72583817	3.50641e-16
7291.40240425	3.48432e-16
7294.07897034	3.41087e-16
7296.75553642	3.33406e-16
7299.4418002	3.27367e-16
7302.11836629	3.33021e-16
7304.79493237	3.37450e-16
7307.47149845	3.43920e-16
7310.14806453	3.34768e-16
7312.82463061	3.33097e-16
7315.5108944	3.27631e-16
7318.18746048	3.25042e-16
7320.86402656	3.11335e-16
7323.54059265	3.14926e-16
7326.21715873	3.02021e-16
7328.89372481	2.92469e-16
7331.5799886	3.02232e-16
7334.25655468	3.06329e-16
7336.93312076	3.02952e-16
7339.60968684	2.97315e-16
7342.28625292	2.98329e-16
7344.96281901	2.84081e-16
7347.64908279	2.55094e-16
7350.32564887	2.27323e-16
7353.00221496	1.95095e-16
7355.67878104	1.74509e-16
7358.35534712	1.65411e-16
7361.0319132	1.60821e-16
7363.71817699	1.84419e-16
7366.39474307	2.49455e-16
7369.07130915	3.41458e-16
7371.74787523	3.97154e-16
7374.42444132	3.80514e-16
7377.1010074	3.58712e-16
7379.78727118	3.48610e-16
7382.46383726	2.93267e-16
7385.14040335	2.75751e-16
7387.81696943	2.75180e-16
7390.49353551	2.78908e-16
7393.17010159	2.92078e-16
7395.85636538	2.99280e-16
7398.53293146	3.19371e-16
7401.20949754	3.37173e-16
7403.88606362	3.56164e-16
7406.56262971	3.58748e-16
7409.23919579	3.42984e-16
7411.91576187	3.39962e-16
7414.60202566	3.34193e-16
7417.27859174	3.29326e-16
7419.95515782	3.19641e-16
7422.6317239	3.09556e-16
7425.30828998	3.01272e-16
7427.98485607	3.06341e-16
7430.67111985	3.22935e-16
7433.34768593	3.23378e-16
7436.02425202	3.16765e-16
7438.7008181	3.14477e-16
7441.37738418	3.08938e-16
7444.05395026	3.07784e-16
7446.74021405	3.04054e-16
7449.41678013	2.96519e-16
7452.09334621	2.97858e-16
7454.76991229	2.96711e-16
7457.44647838	2.94174e-16
7460.12304446	2.95590e-16
7462.80930824	2.95692e-16
7465.48587433	3.05108e-16
7468.16244041	3.08640e-16
7470.83900649	3.14647e-16
7473.51557257	3.16389e-16
7476.19213865	3.05150e-16
7478.87840244	2.98675e-16
7481.55496852	3.04161e-16
7484.2315346	3.02130e-16
7486.90810069	2.96850e-16
7489.58466677	2.90303e-16
7492.26123285	2.81794e-16
7494.94749663	2.89511e-16
7497.62406272	3.06947e-16
7500.3006288	3.12085e-16
7502.97719488	3.10271e-16
7505.65376096	3.07264e-16
7508.33032705	3.03057e-16
7511.01659083	3.04232e-16
7513.69315691	3.08876e-16
7516.36972299	3.04069e-16
7519.04628908	2.91495e-16
7521.72285516	2.84979e-16
7524.39942124	2.91088e-16
7527.08568503	2.91467e-16
7529.76225111	2.91977e-16
7532.43881719	2.92685e-16
7535.11538327	2.89576e-16
7537.79194935	2.98046e-16
7540.46851544	3.17313e-16
7543.15477922	3.10729e-16
7545.8313453	3.15295e-16
7548.50791139	3.06379e-16
7551.18447747	2.89909e-16
7553.86104355	2.75534e-16
7556.53760963	2.75261e-16
7559.21417571	2.81048e-16
7561.9004395	2.91197e-16
7564.57700558	2.95261e-16
7567.25357166	2.99888e-16
7569.93013775	3.07705e-16
7572.60670383	3.10260e-16
7575.28326991	3.05448e-16
7577.9695337	3.03020e-16
7580.64609978	2.94600e-16
7583.32266586	2.93376e-16
7585.99923194	2.87727e-16
7588.67579802	2.69284e-16
7591.35236411	2.82527e-16
7594.03862789	2.95386e-16
7596.71519397	2.90088e-16
7599.39176006	2.94495e-16
7602.06832614	2.98884e-16
7604.74489222	3.05584e-16
7607.4214583	2.98721e-16
7610.10772209	2.97801e-16
7612.78428817	2.91224e-16
7615.46085425	2.80865e-16
7618.13742033	2.71614e-16
7620.81398642	2.74597e-16
7623.4905525	2.74862e-16
7626.17681628	2.77554e-16
7628.85338236	2.69213e-16
7631.52994845	2.70539e-16
7634.20651453	2.77768e-16
7636.88308061	2.84468e-16
7639.55964669	2.82154e-16
7642.24591048	2.88051e-16
7644.92247656	2.86067e-16
7647.59904264	2.83262e-16
7650.27560872	2.75863e-16
7652.95217481	2.69125e-16
7655.62874089	2.65655e-16
7658.31500467	2.60731e-16
7660.99157076	2.62243e-16
7663.66813684	2.66927e-16
7666.34470292	2.71330e-16
7669.021269	2.68930e-16
7671.69783508	2.74466e-16
7674.38409887	2.84015e-16
7677.06066495	2.88648e-16
7679.73723103	2.86402e-16
7682.41379712	2.80608e-16
7685.0903632	2.76679e-16
7687.76692928	2.75678e-16
7690.45319307	2.76367e-16
7693.12975915	2.66124e-16
7695.80632523	2.63472e-16
7698.48289131	2.65206e-16
7701.15945739	2.68512e-16
7703.83602348	2.70553e-16
7706.52228726	2.77994e-16
7709.19885334	2.85296e-16
7711.87541943	2.77550e-16
7714.55198551	2.78879e-16
7717.22855159	2.88615e-16
7719.90511767	2.83413e-16
7722.58168375	2.67633e-16
7725.26794754	2.63665e-16
7727.94451362	2.58833e-16
7730.6210797	2.58513e-16
7733.29764579	2.64222e-16
7735.97421187	2.60633e-16
7738.65077795	2.64985e-16
7741.33704174	2.67510e-16
7744.01360782	2.67545e-16
7746.6901739	2.75022e-16
7749.36673998	2.73582e-16
7752.04330606	2.70656e-16
7754.71987215	2.67587e-16
7757.40613593	2.61900e-16
7760.08270201	2.58519e-16
7762.75926809	2.60318e-16
7765.43583418	2.65071e-16
7768.11240026	2.60186e-16
7770.78896634	2.66020e-16
7773.47523013	2.83550e-16
7776.15179621	3.02078e-16
7778.82836229	2.97775e-16
7781.50492837	2.89622e-16
7784.18149445	2.99088e-16
7786.85806054	2.96767e-16
7789.54432432	2.90431e-16
7792.2208904	2.87127e-16
7794.89745649	2.81634e-16
7797.57402257	2.82470e-16
7800.25058865	2.90014e-16
7802.92715473	2.83787e-16
7805.61341852	2.79089e-16
7808.2899846	2.90514e-16
7810.96655068	3.00361e-16
7813.64311676	3.08169e-16
7816.31968285	3.10427e-16
7818.99624893	3.07397e-16
7821.68251271	3.01910e-16
7824.3590788	3.00886e-16
7827.03564488	2.95726e-16
7829.71221096	2.92358e-16
7832.38877704	2.82241e-16
7835.06534312	2.85119e-16
7837.74190921	2.92764e-16
7840.42817299	2.99835e-16
7843.10473907	3.05228e-16
7845.78130516	3.07587e-16
7848.45787124	3.04854e-16
7851.13443732	3.05638e-16
7853.8110034	3.15596e-16
7856.49726719	3.10501e-16
7859.17383327	2.96971e-16
7861.85039935	2.89693e-16
7864.52696543	2.88843e-16
7867.20353152	2.88530e-16
7869.8800976	2.86634e-16
7872.56636138	2.88763e-16
7875.24292747	2.85109e-16
7877.91949355	2.88129e-16
7880.59605963	2.98219e-16
7883.27262571	3.02849e-16
7885.94919179	3.08072e-16
7888.63545558	3.01405e-16
7891.31202166	2.85574e-16
7893.98858774	2.71118e-16
7896.66515382	2.77370e-16
7899.34171991	2.68910e-16
7902.01828599	2.58034e-16
7904.70454977	2.56954e-16
7907.38111586	2.66754e-16
7910.05768194	2.73725e-16
7912.73424802	2.86663e-16
7915.4108141	2.85414e-16
7918.08738018	2.70848e-16
7920.77364397	2.68350e-16
7923.45021005	2.77052e-16
7926.12677613	2.84814e-16
7928.80334222	2.78853e-16
7931.4799083	2.54958e-16
7934.15647438	2.49927e-16
7936.84273817	2.55558e-16
7939.51930425	2.56536e-16
7942.19587033	2.55916e-16
7944.87243641	2.65726e-16
7947.54900249	2.76436e-16
7950.22556858	2.77278e-16
7952.91183236	2.74960e-16
7955.58839844	2.72757e-16
7958.26496453	2.70564e-16
7960.94153061	2.60247e-16
7963.61809669	2.51243e-16
7966.29466277	2.48591e-16
7968.97122885	2.41393e-16
7971.65749264	2.42621e-16
7974.33405872	2.53567e-16
7977.0106248	2.61265e-16
7979.68719089	2.54405e-16
7982.36375697	2.55042e-16
7985.05002075	2.55399e-16
7987.72658684	2.62533e-16
7990.40315292	2.70774e-16
7993.079719	2.71218e-16
7995.75628508	2.79172e-16
7998.43285116	2.70078e-16
8001.11911495	2.59429e-16
8003.79568103	2.50005e-16
8006.47224711	2.50066e-16
8009.1488132	2.42300e-16
8011.82537928	2.36947e-16
8014.50194536	2.41244e-16
8017.17851144	2.51539e-16
8019.86477523	2.56895e-16
8022.54134131	2.53790e-16
8025.21790739	2.68059e-16
8027.89447347	2.71826e-16
8030.57103955	2.61276e-16
8033.24760564	2.71834e-16
8035.93386942	2.74216e-16
8038.6104355	2.69432e-16
8041.28700159	2.49336e-16
8043.96356767	2.44720e-16
8046.64013375	2.51159e-16
8049.31669983	2.52773e-16
8052.00296362	2.61278e-16
8054.6795297	2.62441e-16
8057.35609578	2.67163e-16
8060.03266186	2.70271e-16
8062.70922795	2.73373e-16
8065.38579403	2.77348e-16
8068.07205781	2.66889e-16
8070.7486239	2.66257e-16
8073.42518998	2.71272e-16
8076.10175606	2.60510e-16
8078.77832214	2.63952e-16
8081.45488822	2.58977e-16
8084.14115201	2.45048e-16
8086.81771809	2.64599e-16
8089.49428417	2.70191e-16
8092.17085026	2.62937e-16
8094.84741634	2.78609e-16
8097.52398242	2.69186e-16
8100.21024621	2.26256e-16
8102.88681229	2.19663e-16
8105.56337837	2.45976e-16
8108.23994445	2.53770e-16
8110.91651053	2.59180e-16
8113.59307662	2.49814e-16
8116.2793404	2.50341e-16
8118.95590648	2.52275e-16
8121.63247257	2.55865e-16
8124.30903865	2.73333e-16
8126.98560473	2.84945e-16
8129.66217081	2.80542e-16
8132.3484346	2.77935e-16
8135.02500068	2.84355e-16
8137.70156676	2.79179e-16
8140.37813284	2.74201e-16
8143.05469893	2.78958e-16
8145.73126501	2.73739e-16
8148.41752879	2.53233e-16
8151.09409487	2.45932e-16
8153.77066096	2.40603e-16
8156.44722704	2.35357e-16
8159.12379312	2.55198e-16
8161.8003592	2.69848e-16
8164.47692529	2.64842e-16
8167.16318907	2.69360e-16
8169.83975515	2.83508e-16
8172.51632123	2.84174e-16
8175.19288732	2.78287e-16
8177.8694534	2.77235e-16
8180.54601948	2.67845e-16
8183.23228327	2.70009e-16
8185.90884935	2.79100e-16
8188.58541543	2.72542e-16
8191.26198151	2.68322e-16
8193.93854759	2.73184e-16
8196.61511368	2.75566e-16
8199.30137746	2.67192e-16
8201.97794354	2.74532e-16
8204.65450963	2.74894e-16
8207.33107571	2.84114e-16
8210.00764179	2.79031e-16
8212.68420787	2.70329e-16
8215.37047166	2.71010e-16
8218.04703774	2.66144e-16
8220.72360382	2.50657e-16
8223.4001699	2.52450e-16
8226.07673599	2.47664e-16
8228.75330207	2.44758e-16
8231.43956585	2.47085e-16
8234.11613194	2.55967e-16
8236.79269802	2.76082e-16
8239.4692641	2.82209e-16
8242.14583018	2.81291e-16
8244.82239626	2.80251e-16
8247.50866005	2.68888e-16
8250.18522613	2.68132e-16
8252.86179221	2.72163e-16
8255.5383583	2.65435e-16
8258.21492438	2.57892e-16
8260.89149046	2.47638e-16
8263.57775424	2.36114e-16
8266.25432033	2.41193e-16
8268.93088641	2.49125e-16
8271.60745249	2.47875e-16
8274.28401857	2.57278e-16
8276.96058466	2.59063e-16
8279.64684844	2.53600e-16
8282.32341452	2.68000e-16
8284.9999806	2.63150e-16
8287.67654669	2.54967e-16
8290.35311277	2.49891e-16
8293.02967885	2.44133e-16
8295.70624493	2.37144e-16
8298.39250872	2.38758e-16
8301.0690748	2.38863e-16
8303.74564088	2.41166e-16
8306.42220696	2.41693e-16
8309.09877305	2.46942e-16
8311.78503683	2.54785e-16
8314.46160291	2.54726e-16
8317.138169	2.54517e-16
8319.81473508	2.58235e-16
8322.49130116	2.66609e-16
8325.16786724	2.60543e-16
8327.85413103	2.47865e-16
8330.53069711	2.43857e-16
8333.20726319	2.38225e-16
8335.88382927	2.43160e-16
8338.56039536	2.29543e-16
8341.23696144	2.23254e-16
8343.91352752	2.28892e-16
8346.59979131	2.41492e-16
8349.27635739	2.51369e-16
8351.95292347	2.63393e-16
8354.62948955	2.61664e-16
8357.30605563	2.63424e-16
8359.98262172	2.53765e-16
8362.6688855	2.39790e-16
8365.34545158	2.35880e-16
8368.02201767	2.31609e-16
8370.69858375	2.19346e-16
8373.37514983	2.15521e-16
8376.05171591	2.20655e-16
8378.7379797	2.32894e-16
8381.41454578	2.44306e-16
8384.09111186	2.38934e-16
8386.76767794	2.45597e-16
8389.44424403	2.51155e-16
8392.12081011	2.35707e-16
8394.80707389	2.44201e-16
8397.48363997	2.56749e-16
8400.16020606	2.48621e-16
8402.83677214	2.34785e-16
8405.51333822	2.38508e-16
8408.1899043	2.36191e-16
8410.87616809	2.26747e-16
8413.55273417	2.36660e-16
8416.22930025	2.44841e-16
8418.90586633	2.40082e-16
8421.58243242	2.42185e-16
8424.2589985	2.43930e-16
8426.93556458	2.45741e-16
8429.62182837	2.44815e-16
8432.29839445	2.42970e-16
8434.97496053	2.49851e-16
8437.65152661	2.45247e-16
8440.32809269	2.41977e-16
8443.01435648	2.27103e-16
8445.69092256	2.12868e-16
8448.36748864	2.15909e-16
8451.04405473	2.23395e-16
8453.72062081	2.33672e-16
8456.39718689	2.39840e-16
8459.08345068	2.40421e-16
8461.76001676	2.42691e-16
8464.43658284	2.47914e-16
8467.11314892	2.49754e-16
8469.789715	2.42347e-16
8472.46628109	2.41823e-16
8475.14284717	2.39315e-16
8477.82911095	2.32824e-16
8480.50567704	2.21008e-16
8483.18224312	1.98090e-16
8485.8588092	1.90367e-16
8488.53537528	2.03165e-16
8491.21194136	2.12107e-16
8493.89820515	2.24909e-16
8496.57477123	2.39274e-16
8499.25133731	2.27767e-16