3469.08373452	1.58347e-15
3473.30024434	1.46247e-15
3477.51675416	1.18540e-15
3481.72331939	1.29903e-15
3485.93982921	1.62328e-15
3490.14639444	1.67559e-15
3494.36290426	1.46280e-15
3498.56946949	1.52574e-15
3502.78597931	1.54869e-15
3507.00248913	1.15736e-15
3511.20905436	1.41405e-15
3515.42556418	1.62520e-15
3519.63212941	1.53748e-15
3523.84863923	1.34714e-15
3528.05520446	1.12636e-15
3532.27171428	1.28281e-15
3536.4882241	1.32593e-15
3540.69478933	1.34790e-15
3544.91129915	1.39795e-15
3549.11786438	1.39314e-15
3553.3343742	1.40359e-15
3557.54093943	1.31170e-15
3561.75744925	1.19183e-15
3565.97395907	1.24487e-15
3570.1805243	1.25620e-15
3574.39703412	1.02167e-15
3578.60359935	1.09877e-15
3582.82010917	1.14565e-15
3587.0266744	1.18211e-15
3591.24318422	1.23915e-15
3595.45969404	1.25840e-15
3599.66625927	1.17096e-15
3603.88276909	1.15237e-15
3608.08933432	1.01805e-15
3612.30584414	9.77193e-16
3616.51240937	1.07771e-15
3620.72891919	1.08255e-15
3624.94542901	9.47307e-16
3629.15199424	1.00073e-15
3633.36850406	1.11166e-15
3637.57506929	1.09787e-15
3641.79157911	1.12998e-15
3645.99814434	1.05941e-15
3650.21465416	9.76847e-16
3654.43116399	9.30763e-16
3658.63772921	8.80140e-16
3662.85423903	9.89735e-16
3667.06080426	9.86130e-16
3671.27731408	9.27478e-16
3675.48387931	9.51236e-16
3679.70038913	9.26007e-16
3683.91689896	9.27706e-16
3688.12346418	9.25055e-16
3692.339974	9.17347e-16
3696.54653923	8.65083e-16
3700.76304905	8.80855e-16
3704.96961428	8.97685e-16
3709.1861241	9.48393e-16
3713.40263393	9.88994e-16
3717.60919915	9.59319e-16
3721.82570898	9.39571e-16
3726.0322742	9.41905e-16
3730.24878402	9.03029e-16
3734.45534925	9.28695e-16
3738.67185907	9.51653e-16
3742.8883689	9.28300e-16
3747.09493412	9.56656e-16
3751.31144395	9.46399e-16
3755.51800917	9.71613e-16
3759.73451899	9.88449e-16
3763.94108422	9.45649e-16
3768.15759404	9.84274e-16
3772.37410387	9.91007e-16
3776.58066909	9.70974e-16
3780.79717892	9.25124e-16
3785.00374414	9.39512e-16
3789.22025397	9.69048e-16
3793.42681919	8.92830e-16
3797.64332901	8.29955e-16
3801.85983884	8.55010e-16
3806.06640406	8.41487e-16
3810.28291389	8.36315e-16
3814.48947911	8.81844e-16
3818.70598894	9.10007e-16
3822.91255416	8.99697e-16
3827.12906398	8.88406e-16
3831.34557381	8.91688e-16
3835.55213903	9.19360e-16
3839.76864886	9.29543e-16
3843.97521408	9.14380e-16
3848.19172391	9.26356e-16
3852.39828913	9.49861e-16
3856.61479896	9.25831e-16
3860.83130878	8.75930e-16
3865.037874	8.53360e-16
3869.25438383	7.79459e-16
3873.46094905	7.50543e-16
3877.67745888	7.14645e-16
3881.8840241	9.20976e-16
3886.10053393	1.07120e-15
3890.31704375	1.19409e-15
3894.52360897	1.20084e-15
3898.7401188	1.15644e-15
3902.94668402	1.10049e-15
3907.16319385	1.04202e-15
3911.36975907	9.97654e-16
3915.5862689	9.70850e-16
3919.80277872	9.72778e-16
3924.00934394	9.73608e-16
3928.22585377	1.00155e-15
3932.43241899	1.02688e-15
3936.64892882	1.05744e-15
3940.85549404	1.05042e-15
3945.07200387	1.02168e-15
3949.27856909	1.02976e-15
3953.49507892	1.04466e-15
3957.71158874	1.01294e-15
3961.91815396	1.01380e-15
3966.13466379	1.05566e-15
3970.34122901	1.11887e-15
3974.55773884	1.09932e-15
3978.77424866	1.09500e-15
3982.98081389	1.08676e-15
3987.19732371	1.07815e-15
3991.40388893	1.00450e-15
3995.62039876	9.72551e-16
3999.82696398	1.00593e-15
4004.04347381	9.51280e-16
4008.25003903	8.85621e-16
4012.46654886	8.91849e-16
4016.68305868	8.61743e-16
4020.88962391	8.95369e-16
4025.10613373	9.20189e-16
4029.31269895	9.04279e-16
4033.52920878	9.10695e-16
4037.735774	9.54673e-16
4041.95228383	9.34424e-16
4046.16879365	8.86831e-16
4050.37535888	8.47547e-16
4054.5918687	8.47443e-16
4058.79843392	8.22754e-16
4063.01494375	8.31636e-16
4067.22150897	8.49317e-16
4071.4380188	8.28933e-16
4075.65452862	8.61038e-16
4079.86109385	8.54861e-16
4084.07760367	8.76055e-16
4088.2841689	8.53206e-16
4092.50067872	8.28800e-16
4096.70724394	8.38723e-16
4100.92375377	8.27970e-16
4105.14026359	8.13102e-16
4109.34682882	8.05278e-16
4113.56333864	8.15641e-16
4117.76990387	8.08513e-16
4121.98641369	8.12414e-16
4126.19297891	7.97067e-16
4130.40948874	8.09884e-16
4134.62599856	8.55658e-16
4138.83256379	8.75838e-16
4143.04907361	8.68153e-16
4147.25563884	8.77469e-16
4151.47214866	8.87736e-16
4155.67871388	9.06912e-16
4159.89522371	9.20597e-16
4164.11173353	9.21234e-16
4168.31829876	9.19275e-16
4172.53480858	9.14162e-16
4176.74137381	9.12120e-16
4180.95788363	9.15710e-16
4185.16444886	9.34080e-16
4189.38095868	9.27888e-16
4193.5974685	8.94337e-16
4197.80403373	9.02329e-16
4202.02054355	9.01151e-16
4206.22710878	8.91560e-16
4210.4436186	8.93107e-16
4214.65018383	9.04246e-16
4218.86669365	9.10094e-16
4223.08320347	9.10288e-16
4227.2897687	9.05562e-16
4231.50627852	9.05512e-16
4235.71284375	9.11775e-16
4239.92935357	9.30471e-16
4244.1359188	9.17224e-16
4248.35242862	8.85773e-16
4252.56893844	8.54990e-16
4256.77550367	8.44586e-16
4260.99201349	8.52369e-16
4265.19857872	8.41481e-16
4269.41508854	8.20353e-16
4273.62165377	8.40659e-16
4277.83816359	8.37621e-16
4282.05467341	8.66253e-16
4286.26123864	8.50577e-16
4290.47774846	8.30704e-16
4294.68431369	8.28802e-16
4298.90082351	8.16177e-16
4303.10738874	8.25920e-16
4307.32389856	8.38484e-16
4311.54040838	8.47323e-16
4315.74697361	8.42717e-16
4319.96348343	8.47941e-16
4324.17004866	8.52089e-16
4328.38655848	8.66921e-16
4332.59312371	8.90236e-16
4336.80963353	8.69395e-16
4341.02614336	8.68180e-16
4345.23270858	9.12481e-16
4349.4492184	9.42583e-16
4353.65578363	9.33892e-16
4357.87229345	8.95366e-16
4362.07885868	8.82386e-16
4366.2953685	8.89599e-16
4370.51187833	8.65898e-16
4374.71844355	8.19608e-16
4378.93495337	8.15557e-16
4383.1415186	8.21756e-16
4387.35802842	8.19816e-16
4391.56459365	8.17488e-16
4395.78110347	8.13328e-16
4399.9976133	8.15015e-16
4404.20417852	8.07042e-16
4408.42068835	8.08856e-16
4412.62725357	8.03066e-16
4416.84376339	7.81612e-16
4421.05032862	7.66696e-16
4425.26683844	7.58938e-16
4429.48334827	7.65047e-16
4433.68991349	7.84162e-16
4437.90642332	7.78266e-16
4442.11298854	7.63080e-16
4446.32949836	7.57564e-16
4450.53606359	7.73764e-16
4454.75257341	7.61985e-16
4458.96908324	7.65377e-16
4463.17564846	8.03471e-16
4467.39215829	8.44572e-16
4471.59872351	8.88916e-16
4475.81523334	9.22273e-16
4480.02179856	9.35093e-16
4484.23830838	9.38654e-16
4488.45481821	9.37871e-16
4492.66138343	9.19651e-16
4496.87789326	9.36192e-16
4501.08445848	9.45797e-16
4505.30096831	9.14191e-16
4509.50753353	8.91362e-16
4513.72404335	8.74827e-16
4517.94055318	8.70738e-16
4522.1471184	8.86964e-16
4526.36362823	8.81730e-16
4530.57019345	8.94964e-16
4534.78670328	8.87770e-16
4538.9932685	8.77910e-16
4543.20977832	8.96862e-16
4547.42628815	8.96183e-16
4551.63285337	8.79455e-16
4555.8493632	8.85614e-16
4560.05592842	9.20466e-16
4564.27243825	9.67729e-16
4568.47900347	1.00164e-15
4572.6955133	9.46172e-16
4576.91202312	8.91644e-16
4581.11858834	8.73402e-16
4585.33509817	8.74683e-16
4589.54166339	8.26226e-16
4593.75817322	7.87079e-16
4597.96473844	8.00238e-16
4602.18124827	7.91414e-16
4606.39775809	7.79848e-16
4610.60432331	7.67443e-16
4614.82083314	7.54177e-16
4619.02739836	7.55971e-16
4623.24390819	7.59462e-16
4627.45047341	7.43131e-16
4631.66698324	7.14491e-16
4635.88349306	7.07348e-16
4640.09005829	7.21430e-16
4644.30656811	6.98047e-16
4648.51313333	6.89540e-16
4652.72964316	6.84848e-16
4656.93620838	6.54030e-16
4661.15271821	5.91880e-16
4665.35928343	5.51748e-16
4669.57579326	5.79605e-16
4673.79230308	5.49030e-16
4677.9988683	5.85553e-16
4682.21537813	5.67594e-16
4686.42194335	5.45284e-16
4690.63845318	5.54668e-16
4694.8450184	5.45471e-16
4699.06152823	5.22289e-16
4703.27803805	5.12368e-16
4707.48460328	5.04488e-16
4711.7011131	5.08723e-16
4715.90767832	4.97161e-16
4720.12418815	4.84886e-16
4724.33075337	4.78215e-16
4728.5472632	4.65153e-16
4732.76377302	4.45318e-16
4736.97033825	4.20258e-16
4741.18684807	4.03629e-16
4745.39341329	3.99821e-16
4749.60992312	3.99832e-16
4753.81648834	3.88689e-16
4758.03299817	3.90380e-16
4762.24950799	4.01575e-16
4766.45607322	3.92376e-16
4770.67258304	3.91594e-16
4774.87914827	4.00424e-16
4779.09565809	4.03211e-16
4783.31216791	4.03525e-16
4787.51873314	4.16787e-16
4791.73524296	4.20869e-16
4795.94180819	4.25630e-16
4800.15831801	4.40374e-16
4804.36488324	4.38677e-16
4808.58139306	4.49218e-16
4812.78795828	4.55273e-16
4817.00446811	4.52664e-16
4821.22097793	4.59150e-16
4825.42754316	4.67098e-16
4829.64405298	4.64244e-16
4833.85061821	4.64542e-16
4838.06712803	4.71204e-16
4842.27369325	4.66149e-16
4846.49020308	4.67277e-16
4850.7067129	4.72498e-16
4854.91327813	4.85530e-16
4859.12978795	5.00258e-16
4863.33635318	4.98434e-16
4867.552863	5.04280e-16
4871.75942823	5.25997e-16
4875.97593805	5.37505e-16
4880.19244787	5.12954e-16
4884.3990131	5.41138e-16
4888.61552292	5.91177e-16
4892.82208815	6.15086e-16
4897.03859797	6.32181e-16
4901.2451632	6.24758e-16
4905.46167302	6.25140e-16
4909.67818284	6.33050e-16
4913.88474807	6.56572e-16
4918.10125789	6.85091e-16
4922.30782312	6.79298e-16
4926.52433294	6.48435e-16
4930.73089817	6.64078e-16
4934.94740799	6.93493e-16
4939.16391781	6.64218e-16
4943.37048304	6.21653e-16
4947.58699286	6.01655e-16
4951.79355809	5.93873e-16
4956.01006791	5.71378e-16
4960.21663314	5.60355e-16
4964.43314296	5.55277e-16
4968.64965278	5.57477e-16
4972.85621801	5.68048e-16
4977.07272783	5.68006e-16
4981.27929306	5.65533e-16
4985.49580288	5.95055e-16
4989.70236811	6.15691e-16
4993.91887793	6.29815e-16
4998.13538775	6.66926e-16
5002.34195298	7.18314e-16
5006.5584628	7.64445e-16
5010.76502803	8.01372e-16
5014.98153785	8.28074e-16
5019.18810308	8.29111e-16
5023.4046129	8.16041e-16
5027.62112273	7.77385e-16
5031.82768795	7.22855e-16
5036.04419777	6.83660e-16
5040.250763	6.46249e-16
5044.46727282	6.11916e-16
5048.67383805	5.81497e-16
5052.89034787	5.63072e-16
5057.1068577	5.46724e-16
5061.31342292	5.20407e-16
5065.52993274	4.91621e-16
5069.73649797	4.76662e-16
5073.95300779	4.71972e-16
5078.15957302	4.63880e-16
5082.37608284	4.63365e-16
5086.59259267	4.63253e-16
5090.79915789	4.67904e-16
5095.01566772	4.81820e-16
5099.22223294	4.78864e-16
5103.43874276	4.78421e-16
5107.64530799	4.92551e-16
5111.86181781	5.03465e-16
5116.07832764	5.27966e-16
5120.28489286	5.44163e-16
5124.50140269	5.47270e-16
5128.70796791	5.74708e-16
5132.92447773	5.97735e-16
5137.13104296	6.19048e-16
5141.34755278	6.45074e-16
5145.56406261	6.59466e-16
5149.77062783	6.82572e-16
5153.98713766	6.91947e-16
5158.19370288	7.00733e-16
5162.41021271	7.17171e-16
5166.61677793	7.31251e-16
5170.83328775	7.42606e-16
5175.04979758	7.48018e-16
5179.2563628	7.36036e-16
5183.47287263	7.10962e-16
5187.67943785	6.97105e-16
5191.89594768	6.92938e-16
5196.1025129	6.85223e-16
5200.31902272	6.81570e-16
5204.53553255	6.69025e-16
5208.74209777	6.57415e-16
5212.9586076	6.50217e-16
5217.16517282	6.39329e-16
5221.38168265	6.32889e-16
5225.58824787	6.40852e-16
5229.80475769	6.51592e-16
5234.02126752	6.44920e-16
5238.22783274	6.36299e-16
5242.44434257	6.34263e-16
5246.65090779	6.33514e-16
5250.86741762	6.23902e-16
5255.07398284	6.15808e-16
5259.29049267	6.07168e-16
5263.50700249	6.02984e-16
5267.71356771	6.14926e-16
5271.93007754	6.19081e-16
5276.13664276	6.12140e-16
5280.35315259	6.17974e-16
5284.55971781	6.24912e-16
5288.77622764	6.06879e-16
5292.99273746	6.01682e-16
5297.19930268	6.04122e-16
5301.41581251	6.00980e-16
5305.62237773	5.98931e-16
5309.83888756	5.97357e-16
5314.04545278	5.93444e-16
5318.26196261	5.72362e-16
5322.46852783	5.60729e-16
5326.68503766	5.72242e-16
5330.90154748	5.66985e-16
5335.1081127	5.52781e-16
5339.32462253	5.35458e-16
5343.53118775	5.20782e-16
5347.74769758	5.16717e-16
5351.9542628	5.09910e-16
5356.17077263	4.94251e-16
5360.38728245	4.83949e-16
5364.59384767	4.63819e-16
5368.8103575	4.37391e-16
5373.01692272	4.26199e-16
5377.23343255	4.15143e-16
5381.43999777	4.10214e-16
5385.6565076	4.02637e-16
5389.87301742	3.91912e-16
5394.07958265	3.80930e-16
5398.29609247	3.78343e-16
5402.50265769	3.81074e-16
5406.71916752	3.73426e-16
5410.93567734	3.65942e-16
5415.14224257	3.68129e-16
5419.35875239	3.62592e-16
5423.56531762	3.52161e-16
5427.78182744	3.29486e-16
5431.98839266	3.22844e-16
5436.20490249	3.23605e-16
5440.41146771	3.38806e-16
5444.62797754	3.71611e-16
5448.84448736	3.34887e-16
5453.05105259	3.11866e-16
5457.26756241	3.17575e-16
5461.47412763	3.27337e-16
5465.69063746	3.38150e-16
5469.90714728	3.28827e-16
5474.11371251	3.30682e-16
5478.33022233	3.36007e-16
5482.53678756	3.38482e-16
5486.75329738	3.41277e-16
5490.95986261	3.40883e-16
5495.17637243	3.50197e-16
5499.38293765	3.36133e-16
5503.59944748	3.33245e-16
5507.8159573	3.36586e-16
5512.02252253	3.35107e-16
5516.23903235	3.32451e-16
5520.44559758	3.19890e-16
5524.6621074	3.16497e-16
5528.86867262	3.19263e-16
5533.08518245	2.90814e-16
5537.30169227	2.45382e-16
5541.5082575	2.32467e-16
5545.72476732	2.26286e-16
5549.93133255	2.14541e-16
5554.14784237	2.89388e-16
5558.3544076	4.52133e-16
5562.57091742	4.32232e-16
5566.78742724	2.69654e-16
5570.99399247	2.45567e-16
5575.21050229	2.42457e-16
5579.41706752	2.34534e-16
5583.63357734	2.29509e-16
5587.84014257	2.27535e-16
5592.05665239	2.20436e-16
5596.27316221	2.06044e-16
5600.47972744	2.05608e-16
5604.69623726	2.09445e-16
5608.90280249	2.05679e-16
5613.11931231	2.03188e-16
5617.32587754	2.21762e-16
5621.54238736	2.23094e-16
5625.75889718	2.16382e-16
5629.96546241	2.15162e-16
5634.18197223	2.21441e-16
5638.38853746	2.29761e-16
5642.60504728	2.35048e-16
5646.81161251	2.23603e-16
5651.02812233	2.25957e-16
5655.24463215	2.36910e-16
5659.45119738	2.38047e-16
5663.6677072	2.40128e-16
5667.87427243	2.22858e-16
5672.09078225	2.14152e-16
5676.29734748	2.33789e-16
5680.5138573	2.42224e-16
5684.73036712	2.34200e-16
5688.93693235	2.29533e-16
5693.15344217	2.29209e-16
5697.3600074	2.12030e-16
5701.57651722	2.02180e-16
5705.78308245	2.03505e-16
5709.99959227	1.91037e-16
5714.2161021	1.89129e-16
5718.42266732	1.92833e-16
5722.63917714	2.10261e-16
5726.84574237	1.94510e-16
5731.06225219	1.76690e-16
5735.26881742	1.85239e-16
5739.48532724	1.88115e-16
5743.70183707	1.87223e-16
5747.90840229	1.87127e-16
5752.12491211	1.87015e-16
5756.33147734	1.76519e-16
5760.54798716	1.65161e-16
5764.75455239	1.67560e-16
5768.97106221	1.77567e-16
5773.18757204	1.81670e-16
5777.39413726	1.76198e-16
5781.61064709	1.72008e-16
5785.81721231	1.72846e-16
5790.03372213	1.75115e-16
5794.24028736	1.74387e-16
5798.45679718	1.52208e-16
5802.67330701	1.51611e-16
5806.87987223	2.09246e-16
5811.09638206	2.25626e-16
5815.30294728	2.44061e-16
5819.5194571	2.79186e-16
5823.72602233	3.19287e-16
5827.94253215	3.68383e-16
5832.15904198	4.25921e-16
5836.3656072	5.19881e-16
5840.58211703	6.20025e-16
5844.78868225	7.03597e-16
5849.00519207	7.73844e-16
5853.2117573	8.68437e-16
5857.42826712	9.62544e-16
5861.64477695	1.04430e-15
5865.85134217	1.13256e-15
5870.067852	1.19688e-15
5874.27441722	1.19255e-15
5878.49092705	1.12929e-15
5882.69749227	1.05856e-15
5886.91400209	9.91680e-16
5891.13051192	9.29210e-16
5895.33707714	8.74474e-16
5899.55358697	7.88415e-16
5903.76015219	6.92020e-16
5907.97666202	6.28403e-16
5912.18322724	5.78999e-16
5916.39973706	5.29630e-16
5920.61624689	4.82464e-16
5924.82281211	4.26656e-16
5929.03932194	3.92197e-16
5933.24588716	3.69222e-16
5937.46239699	3.49693e-16
5941.66896221	3.35437e-16
5945.88547204	3.12162e-16
5950.10198186	2.86229e-16
5954.30854708	2.76418e-16
5958.52505691	2.70615e-16
5962.73162213	2.53486e-16
5966.94813196	2.49245e-16
5971.15469718	2.37403e-16
5975.37120701	1.59882e-16
5979.58771683	1.60521e-16
5983.79428205	2.23459e-16
5988.01079188	2.06502e-16
5992.2173571	1.94934e-16
5996.43386693	2.01087e-16
6000.64043215	1.93220e-16
6004.85694198	1.81494e-16
6009.0635072	1.82190e-16
6013.28001703	1.79481e-16
6017.49652685	1.76823e-16
6021.70309207	1.73311e-16
6025.9196019	1.70709e-16
6030.12616712	1.62796e-16
6034.34267695	1.66386e-16
6038.55918677	1.72141e-16
6042.765752	1.79888e-16
6046.98226182	1.74932e-16
6051.18882704	1.64117e-16
6055.40533687	1.68175e-16
6059.61190209	1.80656e-16
6063.82841192	1.91024e-16
6068.03497714	1.95503e-16
6072.25148697	1.90374e-16
6076.46799679	2.03226e-16
6080.67456202	2.32192e-16
6084.89107184	2.37047e-16
6089.09763706	2.22217e-16
6093.31414689	2.18234e-16
6097.53065671	2.32335e-16
6101.73722194	2.31782e-16
6105.95373176	2.25410e-16
6110.16029699	2.26949e-16
6114.37680681	2.33077e-16
6118.58337203	2.27135e-16
6122.79988186	2.35403e-16
6127.01639168	2.33873e-16
6131.22295691	2.39335e-16
6135.43946673	2.36434e-16
6139.64603196	2.35736e-16
6143.86254178	2.31714e-16
6148.069107	2.28643e-16
6152.28561683	2.40466e-16
6156.49218205	2.52210e-16
6160.70869188	2.42684e-16
6164.9252017	2.29490e-16
6169.13176693	2.32668e-16
6173.34827675	2.30966e-16
6177.55484198	2.22002e-16
6181.7713518	2.24140e-16
6185.97791702	2.19958e-16
6190.19442685	2.15354e-16
6194.41093667	2.24153e-16
6198.6175019	2.22115e-16
6202.83401172	2.20504e-16
6207.04057695	2.27066e-16
6211.25708677	2.28748e-16
6215.46365199	2.31052e-16
6219.68016182	2.30300e-16
6223.89667164	2.35456e-16
6228.10323687	2.29784e-16
6232.31974669	2.25834e-16
6236.52631192	2.32020e-16
6240.74282174	2.37980e-16
6244.94938697	2.39421e-16
6249.16589679	2.36447e-16
6253.38240661	2.31966e-16
6257.58897184	2.32340e-16
6261.80548166	2.31090e-16
6266.01204689	2.27764e-16
6270.22855671	2.35387e-16
6274.43512194	2.48789e-16
6278.65163176	2.66809e-16
6282.86814158	2.66065e-16
6287.07470681	2.50088e-16
6291.29121663	2.49492e-16
6295.49778186	2.52147e-16
6299.71429168	2.59986e-16
6303.92085691	2.62077e-16
6308.13736673	2.65494e-16
6312.35387655	2.52715e-16
6316.56044178	2.41461e-16
6320.7769516	2.45913e-16
6324.98351683	2.52335e-16
6329.20002665	2.60400e-16
6333.40659188	2.66778e-16
6337.6231017	2.58895e-16
6341.83961152	2.56553e-16
6346.04617675	2.57296e-16
6350.26268657	2.46356e-16
6354.4692518	2.58862e-16
6358.68576162	2.67577e-16
6362.89232685	2.55693e-16
6367.10883667	2.65983e-16
6371.32534649	2.60568e-16
6375.53191172	2.55423e-16
6379.74842154	2.58242e-16
6383.95498677	2.51513e-16
6388.17149659	2.60639e-16
6392.37806182	2.64696e-16
6396.59457164	2.59054e-16
6400.81108147	2.59633e-16
6405.01764669	2.58905e-16
6409.23415651	2.63719e-16
6413.44072174	2.65608e-16
6417.65723156	2.62731e-16
6421.86379679	2.67732e-16
6426.08030661	2.72023e-16
6430.29681644	2.71361e-16
6434.50338166	2.66955e-16
6438.71989148	2.64488e-16
6442.92645671	2.70376e-16
6447.14296653	2.69994e-16
6451.34953176	2.59034e-16
6455.56604158	2.57729e-16
6459.78255141	2.64075e-16
6463.98911663	2.63454e-16
6468.20562646	2.62492e-16
6472.41219168	2.50560e-16
6476.6287015	2.51347e-16
6480.83526673	2.57969e-16
6485.05177655	2.50744e-16
6489.26828638	2.43931e-16
6493.4748516	2.41896e-16
6497.69136143	2.36295e-16
6501.89792665	2.36057e-16
6506.11443647	2.37244e-16
6510.3210017	2.34446e-16
6514.53751152	2.34296e-16
6518.75402135	2.31189e-16
6522.96058657	2.37141e-16
6527.1770964	2.37695e-16
6531.38366162	2.39848e-16
6535.60017144	2.44112e-16
6539.80673667	2.36957e-16
6544.02324649	2.38916e-16
6548.23975632	2.45457e-16
6552.44632154	2.58374e-16
6556.66283137	2.77786e-16
6560.86939659	2.90873e-16
6565.08590642	2.80586e-16
6569.29247164	2.77736e-16
6573.50898146	2.78966e-16
6577.72549129	2.72619e-16
6581.93205651	2.65904e-16
6586.14856634	2.46735e-16
6590.35513156	2.35320e-16
6594.57164139	2.36510e-16
6598.77820661	2.32439e-16
6602.99471643	2.31168e-16
6607.21122626	2.18720e-16
6611.41779148	2.18924e-16
6615.63430131	2.17710e-16
6619.84086653	2.17631e-16
6624.05737636	2.27281e-16
6628.26394158	2.36881e-16
6632.48045141	2.49699e-16
6636.69696123	2.64945e-16
6640.90352645	2.90559e-16
6645.12003628	3.29570e-16
6649.3266015	3.65688e-16
6653.54311133	3.98538e-16
6657.74967655	4.36908e-16
6661.96618638	4.66503e-16
6666.1826962	4.89350e-16
6670.38926142	5.07394e-16
6674.60577125	4.98266e-16
6678.81233647	4.88536e-16
6683.0288463	4.77538e-16
6687.23541152	4.60443e-16
6691.45192135	4.33953e-16
6695.66843117	3.99638e-16
6699.8749964	3.61088e-16
6704.09150622	3.24543e-16
6708.29807144	2.90273e-16
6712.51458127	2.56343e-16
6716.72114649	2.33369e-16
6720.93765632	2.16947e-16
6725.15416614	1.95187e-16
6729.36073137	1.88395e-16
6733.57724119	1.87378e-16
6737.78380641	1.73765e-16
6742.00031624	1.74224e-16
6746.20688146	1.81742e-16
6750.42339129	1.73879e-16
6754.63990111	1.61599e-16
6758.84646634	1.64231e-16
6763.06297616	1.64699e-16
6767.26954138	1.65958e-16
6771.48605121	1.67740e-16
6775.69261643	1.68851e-16
6779.90912626	1.60646e-16
6784.12563608	1.51836e-16
6788.33220131	1.49685e-16
6792.54871113	1.49859e-16
6796.75527636	1.38583e-16
6800.97178618	1.10009e-16
6805.1783514	1.25216e-16
6809.39486123	1.59317e-16
6813.60142645	1.45754e-16
6817.81793628	1.34469e-16
6822.0344461	1.31502e-16
6826.24101133	1.28973e-16
6830.45752115	1.25577e-16
6834.66408637	1.33791e-16
6838.8805962	1.43463e-16
6843.08716142	1.29803e-16
6847.30367125	1.18835e-16
6851.52018107	1.21805e-16
6855.7267463	1.35700e-16
6859.94325612	1.39500e-16
6864.14982135	1.34082e-16
6868.36633117	1.37571e-16
6872.58284099	1.38263e-16
6876.78940622	1.29566e-16
6881.00591604	1.21694e-16
6885.21248127	1.29344e-16
6889.42899109	1.40369e-16
6893.63555632	1.28306e-16
6897.85206614	1.18082e-16
6902.05863136	1.20980e-16
6906.27514119	1.29757e-16
6910.49165101	1.30356e-16
6914.69821624	1.27130e-16
6918.91472606	1.29919e-16
6923.12129129	1.31522e-16
6927.33780111	1.24933e-16
6931.55431093	1.28338e-16
6935.76087616	1.30231e-16
6939.97738598	1.22957e-16
6944.18395121	1.24375e-16
6948.40046103	1.34920e-16
6952.60702626	1.39990e-16
6956.82353608	1.35279e-16
6961.03010131	1.29288e-16
6965.24661113	1.31450e-16
6969.46312095	1.38306e-16
6973.66968618	1.46016e-16
6977.886196	1.52887e-16
6982.09276123	1.55497e-16
6986.30927105	1.61469e-16
6990.51583628	1.66602e-16
6994.7323461	1.73087e-16
6998.94885592	1.78333e-16
7003.15542115	1.90354e-16
7007.37193097	2.08887e-16
7011.5784962	2.26787e-16
7015.79500602	2.51667e-16
7020.00157125	2.92622e-16
7024.21808107	3.45476e-16
7028.43459089	4.10856e-16
7032.64115612	4.89988e-16
7036.85766594	5.70076e-16
7041.06423117	6.43149e-16
7045.28074099	7.15700e-16
7049.48730622	7.79106e-16
7053.70381604	8.05235e-16
7057.92032586	8.14439e-16
7062.12689109	8.00157e-16
7066.34340091	7.78512e-16
7070.54996614	7.51342e-16
7074.76647596	7.21748e-16
7078.97304119	6.83957e-16
7083.18955101	6.34444e-16
7087.40606084	5.67438e-16
7091.61262606	5.02082e-16
7095.82913588	4.35228e-16
7100.03570111	3.61852e-16
7104.25221093	3.08057e-16
7108.45877616	2.69257e-16
7112.67528598	2.40131e-16
7116.89179581	2.29361e-16
7121.09836103	2.17506e-16
7125.31487085	2.09953e-16
7129.52143608	2.02619e-16
7133.7379459	1.92390e-16
7137.94451113	1.81293e-16
7142.16102095	1.80589e-16
7146.37753078	1.78302e-16
7150.584096	1.74967e-16
7154.80060582	1.69187e-16
7159.00717105	1.61774e-16
7163.22368087	1.57253e-16
7167.4302461	1.59865e-16
7171.64675592	1.70140e-16
7175.86326575	1.76933e-16
7180.06983097	1.77872e-16
7184.2863408	1.65021e-16
7188.49290602	1.41550e-16
7192.70941584	1.45890e-16
7196.91598107	1.50188e-16
7201.13249089	1.50497e-16
7205.34900072	1.51610e-16
7209.55556594	1.75144e-16
7213.77207577	1.92376e-16
7217.97864099	2.01752e-16
7222.19515081	1.82143e-16
7226.40171604	1.70626e-16
7230.61822586	1.76598e-16
7234.83473569	1.94746e-16
7239.04130091	2.10853e-16
7243.25781074	2.21737e-16
7247.46437596	2.48122e-16
7251.68088579	2.74874e-16
7255.88745101	2.83273e-16
7260.10396083	2.83505e-16
7264.32047066	2.86313e-16
7268.52703588	2.98885e-16
7272.74354571	3.10078e-16
7276.95011093	3.22580e-16
7281.16662076	3.17025e-16
7285.37318598	3.21802e-16
7289.5896958	3.38729e-16
7293.80620563	3.19049e-16
7298.01277085	3.02050e-16
7302.22928068	3.01066e-16
7306.4358459	2.87079e-16
7310.65235573	2.73966e-16
7314.85892095	2.68415e-16
7319.07543078	2.45946e-16
7323.2919406	2.20419e-16
7327.49850582	2.16710e-16
7331.71501565	2.11245e-16
7335.92158087	2.07647e-16
7340.1380907	2.23101e-16
7344.34465592	2.13755e-16
7348.56116575	1.93134e-16
7352.77767557	1.79676e-16
7356.98424079	1.79947e-16
7361.20075062	1.85695e-16
7365.40731584	1.89431e-16
7369.62382567	1.92952e-16
7373.83039089	2.03160e-16
7378.04690072	2.02333e-16
7382.26341054	1.91592e-16
7386.46997577	1.90056e-16
7390.68648559	1.91185e-16
7394.89305081	1.93344e-16
7399.10956064	2.03595e-16
7403.31612586	2.08977e-16
7407.53263569	2.05842e-16
7411.74914551	1.95470e-16
7415.95571074	1.78945e-16
7420.17222056	1.75818e-16
7424.37878578	1.72347e-16
7428.59529561	1.72663e-16
7432.80186083	1.76147e-16
7437.01837066	1.85777e-16
7441.23488048	1.82092e-16
7445.44144571	1.77111e-16
7449.65795553	1.84624e-16
7453.86452075	1.89008e-16
7458.08103058	1.77581e-16
7462.2875958	1.67388e-16
7466.50410563	1.70449e-16
7470.71067085	1.66812e-16
7474.92718068	1.57703e-16
7479.1436905	1.49312e-16
7483.35025573	1.36171e-16
7487.56676555	1.40857e-16
7491.77333077	1.42040e-16
7495.9898406	1.61369e-16
7500.20635042	1.69364e-16
7504.41291565	1.61807e-16
7508.62942547	1.64000e-16
7512.8359907	1.73808e-16
7517.05250052	1.57080e-16
7521.25906574	1.48748e-16
7525.47557557	1.54049e-16
7529.68214079	1.47232e-16
7533.89865062	1.46350e-16
7538.11516044	1.53871e-16
7542.32172567	1.54441e-16
7546.53823549	1.44483e-16
7550.74480072	1.31686e-16
7554.96131054	1.21931e-16
7559.17782036	1.13639e-16
7563.38438559	1.20845e-16
7567.60089541	1.35325e-16
7571.80746064	1.54729e-16
7576.02397046	1.57214e-16
7580.23053569	1.48405e-16
7584.44704551	1.44351e-16
7588.66355533	1.59981e-16
7592.87012056	1.61171e-16
7597.08663038	1.59745e-16
7601.29319561	1.52796e-16
7605.50970543	1.40836e-16
7609.71627066	1.54100e-16
7613.93278048	1.56317e-16
7618.13934571	1.47753e-16
7622.35585553	1.55757e-16
7626.57236535	1.71472e-16
7630.77893058	1.76068e-16
7634.9954404	1.76261e-16
7639.20200563	1.70184e-16
7643.41851545	1.68306e-16
7647.62508068	1.65995e-16
7651.8415905	1.69649e-16
7656.05810032	1.70879e-16
7660.26466555	1.64426e-16
7664.48117537	1.57819e-16
7668.6877406	1.60905e-16
7672.90425042	1.68389e-16
7677.11081565	1.77784e-16
7681.32732547	2.04687e-16
7685.54383529	2.13196e-16
7689.75040052	1.86719e-16
7693.96691034	1.95117e-16
7698.17347557	2.08502e-16
7702.38998539	1.99143e-16
7706.59655062	1.88912e-16
7710.81306044	1.82383e-16
7715.02957026	1.98673e-16
7719.23613549	2.01845e-16
7723.45264531	1.59986e-16
7727.65921054	1.83733e-16
7731.87572036	2.05400e-16
7736.08228559	1.90279e-16
7740.29879541	1.89252e-16
7744.51530523	1.90719e-16
7748.72187046	1.94709e-16
7752.93838028	1.96964e-16
7757.14494551	2.03386e-16
7761.36145533	2.06993e-16
7765.56802056	1.99232e-16
7769.78453038	1.98983e-16
7774.00104021	1.99421e-16
7778.20760543	2.04931e-16
7782.42411525	2.06181e-16
7786.63068048	2.04938e-16
7790.8471903	2.02668e-16
7795.05375553	1.99800e-16
7799.27026535	1.96722e-16
7803.48677518	1.93836e-16
7807.6933404	1.90564e-16
7811.90985022	1.86589e-16
7816.11641545	1.81367e-16
7820.33292527	1.75550e-16
7824.5394905	1.69814e-16
7828.75600032	1.64853e-16
7832.97251015	1.61050e-16
7837.17907537	1.58500e-16
7841.39558519	1.57400e-16
7845.60215042	1.57781e-16
7849.81866024	1.58964e-16
7854.02522547	1.60396e-16
7858.24173529	1.61310e-16
7862.45824512	1.62001e-16
7866.66481034	1.62683e-16
7870.88132017	1.63693e-16
7875.08788539	1.64902e-16
7879.30439521	1.65974e-16
7883.51096044	1.66671e-16
7887.72747026	1.66781e-16
7891.94398009	1.66188e-16
7896.15054531	1.64771e-16
7900.36705514	1.62384e-16
7904.57362036	1.59424e-16
7908.79013018	1.56232e-16
7912.99669541	1.53269e-16
7917.21320523	1.50558e-16
7921.42971506	1.48004e-16
7925.63628028	1.45551e-16
7929.85279011	1.43127e-16
7934.05935533	1.40656e-16
7938.27586516	1.38051e-16
7942.48243038	1.35218e-16
7946.6989402	1.32374e-16
7950.91545003	1.29688e-16
7955.12201525	1.27305e-16
7959.33852508	1.25388e-16
7963.5450903	1.24057e-16
7967.76160013	1.23551e-16
7971.96816535	1.23703e-16
7976.18467517	1.23852e-16
7980.401185	1.23447e-16
7984.60775022	1.21958e-16
7988.82426005	1.19950e-16
7993.03082527	1.17776e-16
7997.2473351	1.15941e-16
8001.45390032	1.14428e-16
8005.67041015	1.13213e-16
8009.88691997	1.12299e-16
8014.09348519	1.11668e-16
8018.30999502	1.11291e-16
8022.51656024	1.11094e-16
8026.73307007	1.11017e-16
8030.93963529	1.11205e-16
8035.15614512	1.11731e-16
8039.37265494	1.12753e-16
8043.57922016	1.13898e-16
8047.79572999	1.14836e-16
8052.00229521	1.15162e-16
8056.21880504	1.14830e-16
8060.42537026	1.13981e-16
8064.64188009	1.12707e-16
8068.85838991	1.11146e-16
8073.06495513	1.09498e-16
8077.28146496	1.07960e-16
8081.48803018	1.06762e-16
8085.70454001	1.05809e-16
8089.91110523	1.05031e-16
8094.12761506	1.04369e-16
8098.34412488	1.03735e-16
8102.55069011	1.03058e-16
8106.76719993	1.02194e-16
8110.97376515	1.01196e-16
8115.19027498	1.00527e-16
8119.3968402	1.00522e-16
8123.61335003	1.01523e-16
8127.81991525	1.03363e-16
8132.03642508	1.05902e-16
8136.2529349	1.09141e-16
8140.45950012	1.12462e-16
8144.67600995	1.15218e-16
8148.88257517	1.16590e-16
8153.099085	1.16517e-16
8157.31559482	1.15948e-16
8161.52216005	1.15573e-16
8165.73866987	1.16112e-16
8169.9452351	1.17493e-16
8174.16174492	1.19760e-16
8178.36831014	1.23053e-16
8182.58481997	1.26768e-16
8186.80132979	1.30275e-16
8191.00789502	1.32800e-16
8195.22440484	1.34159e-16
8199.43097007	1.34685e-16
8203.64747989	1.34550e-16
8207.85404511	1.34004e-16
8212.07055494	1.33517e-16
8216.27712016	1.33509e-16
8220.49362999	1.34627e-16
8224.71013981	1.36134e-16
8228.91670504	1.37383e-16
8233.13321486	1.37450e-16
8237.33978009	1.36457e-16
8241.55628991	1.35050e-16
8245.77279973	1.33744e-16
8249.97936496	1.32951e-16
8254.19587478	1.32488e-16
8258.40244001	1.32347e-16
8262.61894983	1.32550e-16
8266.82551506	1.32725e-16
8271.04202488	1.32588e-16
8275.2585347	1.31622e-16
8279.46509993	1.30237e-16
8283.68160975	1.29114e-16
8287.88817498	1.28857e-16
8292.1046848	1.29902e-16
8296.31125003	1.32250e-16
8300.52775985	1.36001e-16
8304.73432508	1.41251e-16
8308.9508349	1.46990e-16
8313.16734472	1.52399e-16
8317.37390995	1.56369e-16
8321.59041977	1.59079e-16
8325.796985	1.60955e-16
8330.01349482	1.62378e-16
8334.22006005	1.63754e-16
8338.43656987	1.65440e-16
8342.65307969	1.67856e-16
8346.85964492	1.71386e-16
8351.07615474	1.75813e-16
8355.28271997	1.81009e-16
8359.49922979	1.86909e-16
8363.70579502	1.93157e-16
8367.92230484	1.99466e-16
8372.13881466	2.05324e-16
8376.34537989	2.11132e-16
8380.56188971	2.18054e-16
8384.76845494	2.27097e-16
8388.98496476	2.39200e-16
8393.20147459	2.54297e-16
8397.40803981	2.72500e-16
8401.62454963	2.93769e-16
8405.83111486	3.18210e-16
8410.04762468	3.45807e-16
8414.25418991	3.76377e-16
8418.47069973	4.09690e-16
8422.67726496	4.45400e-16
8426.89377478	4.83174e-16
8431.1102846	5.22361e-16
8435.31684983	5.61267e-16
8439.53335965	5.98483e-16
8443.73992488	6.32575e-16
8447.9564347	6.62917e-16
8452.16299993	6.89025e-16
8456.37950975	7.10092e-16
8460.59601957	7.27040e-16
8464.8025848	7.41323e-16
8469.01909462	7.54570e-16
8473.22565985	7.67644e-16
8477.44216967	7.79412e-16
8481.6487349	7.89292e-16
8485.86524472	7.96547e-16
8490.08175455	8.01293e-16
8494.28831977	8.03537e-16
8498.50482959	8.03109e-16
8502.71139482	8.00664e-16
8506.92790464	7.96980e-16
8511.13446987	7.93006e-16
8515.35097969	7.89096e-16
8519.56748952	7.84705e-16
8523.77405474	7.79486e-16
8527.99056456	7.73008e-16
8532.19712979	7.66156e-16
8536.41363961	7.59472e-16
8540.63014944	7.53823e-16
8544.83671466	7.48517e-16
8549.05322449	7.42808e-16
8553.25978971	7.35935e-16
8557.47629954	7.27637e-16
8561.68286476	7.18165e-16
8565.89937458	7.07589e-16
8570.10593981	6.96182e-16
8574.32244963	6.85487e-16
8578.53895946	6.76731e-16
8582.74552468	6.71413e-16
8586.96203451	6.69133e-16
8591.16859973	6.69411e-16
8595.38510955	6.71649e-16
8599.59167478	6.75254e-16
8603.8081846	6.79612e-16
8608.02469443	6.84023e-16
8612.23125965	6.87762e-16
8616.44776948	6.90055e-16
8620.6543347	6.90238e-16
8624.87084453	6.87762e-16
8629.07740975	6.82387e-16
8633.29391957	6.74070e-16
8637.5004848	6.62591e-16
8641.71699462	6.49010e-16
8645.93350445	6.34831e-16
8650.14006967	6.21415e-16
8654.3565795	6.09947e-16
8658.56314472	6.01157e-16
8662.77965454	5.95711e-16
8666.99616437	5.94202e-16
8671.20272959	5.94471e-16
8675.41923942	5.94592e-16
8679.62580464	5.92646e-16
8683.84231447	5.86841e-16
8688.04887969	5.75714e-16
8692.26538952	5.57285e-16
8696.48189934	5.31855e-16
8700.68846456	5.03024e-16
8704.90497439	4.73731e-16
8709.11153961	4.47142e-16
8713.32804944	4.22766e-16
8717.53461466	4.00740e-16
8721.75112449	3.81087e-16
8725.96763431	3.63465e-16
8730.17419953	3.47424e-16
8734.39070936	3.32095e-16
8738.59727458	3.17485e-16
8742.81378441	3.04422e-16
8747.02034963	2.93538e-16
8751.23685946	2.85354e-16
8755.45336928	2.78654e-16
8759.6599345	2.72634e-16
8763.87644433	2.66055e-16
8768.08300955	2.59700e-16
8772.29951938	2.54217e-16
8776.5060846	2.50643e-16
8780.72259443	2.48529e-16
8784.93910425	2.46610e-16
8789.14566948	2.43803e-16
8793.3621793	2.39308e-16
8797.56874452	2.33883e-16
8801.78525435	2.27908e-16
8805.99181957	2.21920e-16
8810.2083294	2.15903e-16
8814.42483922	2.09898e-16
8818.63140445	2.04136e-16
8822.84791427	1.98336e-16
8827.05447949	1.92088e-16
8831.27098932	1.84855e-16
8835.47755454	1.76573e-16
8839.69406437	1.68452e-16
8843.91057419	1.61374e-16
8848.11713942	1.56443e-16
8852.33364924	1.52545e-16
8856.54021447	1.48929e-16
8860.75672429	1.44370e-16
8864.96328951	1.39398e-16
8869.17979934	1.34824e-16
8873.39630916	1.31471e-16
8877.60287439	1.29618e-16
8881.81938421	1.28594e-16
8886.02594944	1.28000e-16
8890.24245926	1.27367e-16
8894.44902448	1.26748e-16
8898.66553431	1.26079e-16
8902.87209953	1.25253e-16
8907.08860936	1.24350e-16
8911.30511918	1.23446e-16
8915.51168441	1.22856e-16
8919.72819423	1.22319e-16
8923.93475946	1.21055e-16
8928.15126928	1.18373e-16
8932.3578345	1.13759e-16
8936.57434433	1.08938e-16
8940.79085415	1.05103e-16
8944.99741938	1.03888e-16
8949.2139292	1.04597e-16
8953.42049443	1.06531e-16
8957.63700425	1.08900e-16
8961.85351407	1.11267e-16
8966.0600793	1.13437e-16
8970.27658912	1.15076e-16
8974.48315435	1.15978e-16
8978.69966417	1.16343e-16
8982.9062294	1.16333e-16
8987.12273922	1.16188e-16
8991.32930444	1.16052e-16
8995.54581427	1.16100e-16
8999.76232409	1.16430e-16
9003.96888932	1.17320e-16
9008.18539914	1.19056e-16
9012.39196437	1.21959e-16
9016.60847419	1.26027e-16
9020.81503942	1.30429e-16
9025.03154924	1.34535e-16
9029.24805906	1.37641e-16
9033.45462429	1.39696e-16
9037.67113411	1.40618e-16
9041.87769934	1.40329e-16
9046.09420916	1.39078e-16
9050.30077439	1.37238e-16
9054.51728421	1.35110e-16
9058.73379403	1.33149e-16
9062.94035926	1.32019e-16
9067.15686908	1.32307e-16
9071.36343431	1.34564e-16
9075.57994413	1.37681e-16
9079.79645396	1.40805e-16
9084.00301918	1.42854e-16
9088.219529	1.43648e-16
9092.42609423	1.43137e-16
9096.64260405	1.41267e-16
9100.84916928	1.38142e-16
9105.0656791	1.34014e-16
9109.28218893	1.29144e-16
9113.48875415	1.23879e-16
9117.70526397	1.19315e-16
9121.9118292	1.16334e-16
9126.12833902	1.16063e-16
9130.33490425	1.18010e-16
9134.55141407	1.21628e-16
9138.7579793	1.26277e-16
9142.97448912	1.31577e-16
9147.19099894	1.37349e-16
9151.39756417	1.43257e-16
9155.61407399	1.49103e-16
9159.82063922	1.55320e-16
9164.03714904	1.62186e-16
9168.24371427	1.70059e-16
9172.46022409	1.78657e-16
9176.67673392	1.87694e-16
9180.88329914	1.96983e-16
9185.09980896	2.05945e-16
9189.30637419	2.13885e-16
9193.52288401	2.20083e-16
9197.72944924	2.24098e-16
9201.94595906	2.26274e-16
9206.16246889	2.26819e-16
9210.36903411	2.26063e-16
9214.58554393	2.24056e-16
9218.79210916	2.20939e-16
9223.00861898	2.16770e-16
9227.21518421	2.11936e-16
9231.43169403	2.06840e-16
9235.64820386	2.02021e-16
9239.85476908	1.97524e-16
9244.07127891	1.92544e-16
9248.27784413	1.86494e-16
9252.49435395	1.78723e-16
9256.70091918	1.70163e-16
9260.917429	1.61472e-16
9265.13393883	1.53598e-16
9269.34050405	1.46459e-16
9273.55701388	1.39921e-16
9277.7635791	1.33727e-16
9281.98008892	1.28135e-16
9286.18665415	1.23950e-16
9290.40316397	1.21746e-16
9294.6196738	1.21990e-16
9298.82623902	1.24279e-16
9303.04274885	1.28292e-16
9307.24931407	1.33805e-16
9311.4658239	1.39716e-16
9315.67238912	1.44980e-16
9319.88889894	1.48124e-16
9324.10540877	1.49145e-16
9328.31197399	1.48992e-16
9332.52848382	1.48631e-16
9336.73504904	1.48743e-16
9340.95155887	1.47420e-16
9345.15812409	1.43505e-16
9349.37463391	1.34937e-16
9353.59114374	1.25103e-16
9357.79770896	1.16705e-16
9362.01421879	1.14061e-16
9366.22078401	1.15489e-16
9370.43729384	1.17037e-16
9374.64385906	1.15066e-16
9378.86036888	1.07531e-16
9383.07687871	9.78006e-17
9387.28344393	8.77604e-17
9391.49995376	7.94987e-17
9395.70651898	7.48725e-17
9399.92302881	7.54696e-17
9404.12959403	8.41044e-17
9408.34610386	9.81125e-17
9412.56261368	1.13582e-16
9416.7691789	1.26260e-16
9420.98568873	1.33925e-16
9425.19225395	1.38448e-16
9429.40876378	1.40649e-16
9433.615329	1.41799e-16
9437.83183883	1.41148e-16
9442.04834865	1.38558e-16
9446.25491387	1.33703e-16
9450.4714237	1.27504e-16
9454.67798892	1.20992e-16
9458.89449875	1.15262e-16
9463.10106397	1.10889e-16
9467.3175738	1.07819e-16
9471.52413902	1.06122e-16
9475.74064885	1.05755e-16
9479.95715867	1.06597e-16
9484.16372389	1.08454e-16
9488.38023372	1.11058e-16
9492.58679894	1.14212e-16
9496.80330877	1.17704e-16
9501.01981859	1.21303e-16
9505.22638382	1.24793e-16
9509.44289364	1.27974e-16
9513.64945886	1.30652e-16
9517.86596869	1.32661e-16
9522.07253391	1.33952e-16
9526.28904374	1.34488e-16
9530.50555356	1.34363e-16
9534.71211879	1.33255e-16
9538.92862861	1.30969e-16
9543.13519384	1.27011e-16
9547.35170366	1.22041e-16
9551.55826888	1.17151e-16
9555.77477871	1.13467e-16
9559.99128853	1.11606e-16
9564.19785376	1.10441e-16
9568.41436358	1.09294e-16
9572.62092881	1.07286e-16
9576.83743863	1.04870e-16
9581.04400385	1.02345e-16
9585.26051368	9.98885e-17
9589.4670789	9.80292e-17
9593.68358873	9.73083e-17
9597.90009855	9.82751e-17
9602.10666378	1.01012e-16
9606.3231736	1.04769e-16
9610.52973883	1.09042e-16
9614.74624865	1.13401e-16
9618.95281387	1.15472e-16
9623.1693237	1.13503e-16
9627.38583352	1.04963e-16
9631.59239875	9.18042e-17
9635.80890857	7.66779e-17
9640.0154738	6.18863e-17
9644.23198362	4.98688e-17
9648.44849344	4.28998e-17
9652.65505867	4.34206e-17
9656.87156849	5.32857e-17
9661.07813372	6.70605e-17
9665.29464354	8.07082e-17
9669.50120877	8.87766e-17
9673.71771859	9.21495e-17
9677.93422841	9.19625e-17
9682.14079364	8.92683e-17
9686.35730346	8.51882e-17
9690.56386869	8.07902e-17
9694.78037851	7.75099e-17
9698.98694374	7.64609e-17
9703.20345356	7.66111e-17
9707.41996338	7.73670e-17
9711.62652861	7.77143e-17
9715.84303843	7.83100e-17
9720.04960366	7.95999e-17
9724.26611348	8.21676e-17
9728.47267871	8.57508e-17
9732.68918853	8.96968e-17
9736.89575376	9.34924e-17
9741.11226358	9.66225e-17
9745.3287734	9.86719e-17
9749.53533863	9.92494e-17
9753.75184845	9.79707e-17
9757.95841368	9.52741e-17
9762.1749235	9.15992e-17
9766.38148873	8.73741e-17
9770.59799855	8.32457e-17
9774.81450837	7.98755e-17
9779.0210736	7.78831e-17
9783.23758342	7.76199e-17
9787.44414865	7.89675e-17
9791.66065847	8.19386e-17
9795.8771683	8.66595e-17
9800.08373352	9.05769e-17
9804.30024334	9.18116e-17
9808.50680857	8.70610e-17
9812.72331839	7.91574e-17
9816.92988362	7.15316e-17
9821.14639344	6.82523e-17
9825.35295867	7.01907e-17
9829.56946849	7.40819e-17
9833.78597831	7.78735e-17
9837.99254354	7.93703e-17
9842.20905336	7.87516e-17
9846.41561859	7.57859e-17
9850.63212841	6.97970e-17
9854.83869364	6.29299e-17
9859.05520346	5.73274e-17
9863.27171329	5.56479e-17
9867.47827851	5.82608e-17
9871.69478833	6.36825e-17
9875.90135356	7.09879e-17
9880.11786338	7.89639e-17
9884.32442861	8.56297e-17
9888.54093843	8.92832e-17
9892.75744826	8.78541e-17
9896.96401348	8.29018e-17
9901.1805233	7.60633e-17
9905.38708853	6.84440e-17
9909.60359835	6.25711e-17
9913.81016358	6.12655e-17
9918.0266734	6.79593e-17
9922.24318323	8.37328e-17
9926.44974845	1.01548e-16
9930.66625828	1.16410e-16
