3501.26279938	0.0114371
3503.24989518	0.00669953
3505.23699098	0.00322090
3507.22408678	0.00594239
3509.21118258	0.00582714
3511.19827838	0.00856397
3513.18537418	0.00682899
3515.17246998	0.00995840
3517.15956578	0.00748375
3519.14666158	0.00439165
3521.13375738	0.00278542
3523.12085318	0.00621413
3525.10794898	0.00830876
3527.09504478	0.0115918
3529.08214058	0.00741603
3531.06923638	0.00909733
3533.05633218	0.00560060
3535.04342798	0.00964151
3537.03052378	0.00801368
3539.01761958	0.00845653
3541.00471538	0.00670196
3542.99181118	0.00685611
3544.97890698	0.00223451
3546.96600278	0.00783117
3548.95309858	0.00421431
3550.94019438	0.0129663
3552.92729018	0.0116475
3554.91438598	0.0111374
3556.90148178	0.00232868
3558.88857758	0.00906663
3560.87567338	0.00404079
3562.86276918	0.00822205
3564.84986498	0.00692015
3566.83696078	0.00894277
3568.82405658	0.0105967
3570.81115238	0.0113376
3572.79824818	0.0106802
3574.78534398	0.00828947
3576.77243978	0.0108188
3578.75953558	0.00848876
3580.74663138	0.0105532
3582.73372718	0.00836348
3584.72082298	0.00809039
3586.70791878	0.00819960
3588.69501458	0.0121739
3590.68211038	0.00545984
3592.66920618	0.00277168
3594.65630197	0.00932435
3596.64339777	0.00520923
3598.63049357	0.0107754
3600.61758937	0.0122259
3602.60468517	0.0113356
3604.59178097	0.0106863
3606.57887677	0.00502933
3608.56597257	0.0106221
3610.55306837	0.0103823
3612.54016417	0.00992807
3614.52725997	0.00980355
3616.51435577	0.0105827
3618.50145157	0.00910394
3620.48854737	0.00699219
3622.47564317	0.0114944
3624.46273897	0.00671168
3626.44983477	0.00737916
3628.43693057	0.00681956
3630.42402637	0.0111947
3632.41112217	0.00562013
3634.39821797	0.00997920
3636.38531377	0.00743987
3638.37240957	0.00968970
3640.35950537	0.00538419
3642.34660117	0.00316813
3644.33369697	0.00934899
3646.32079277	0.00836390
3648.30788857	0.00806247
3650.29498437	0.00912811
3652.28208017	0.00875327
3654.26917597	0.00484732
3656.25627177	0.00856044
3658.24336757	0.00874092
3660.23046337	0.00968186
3662.21755917	0.00640356
3664.20465497	0.00668219
3666.19175077	0.00678837
3668.17884657	0.00632908
3670.16594237	0.00577250
3672.15303817	0.00399516
3674.14013397	0.00879625
3676.12722977	0.0103372
3678.11432557	0.00674479
3680.10142137	0.00510633
3682.08851717	0.0101807
3684.07561297	0.00357957
3686.06270877	0.00864444
3688.04980457	0.00877970
3690.03690037	0.00755495
3692.02399617	0.00591132
3694.01109197	0.00781733
3695.99818777	0.00890951
3697.98528357	0.00716351
3699.97237937	0.00722347
3701.95947517	0.00634616
3703.94657097	0.00911458
3705.93366677	0.00853956
3707.92076257	0.0105550
3709.90785837	0.00704677
3711.89495417	0.00815851
3713.88204997	0.0104416
3715.86914577	0.00569817
3717.85624157	0.00436991
3719.84333737	0.00316624
3721.83043317	0.00575692
3723.81752897	0.00927633
3725.80462477	0.00926012
3727.79172057	0.0153897
3729.77881637	0.0276790
3731.76591217	0.0315397
3733.75300797	0.0242689
3735.74010377	0.00647353
3737.72719957	0.00525328
3739.71429537	0.00453971
3741.70139117	0.00615372
3743.68848697	0.00274347
3745.67558277	0.00291401
3747.66267857	0.00644132
3749.64977437	0.00122941
3751.63687017	0.00271050
3753.62396597	0.00638975
3755.61106176	0.00616060
3757.59815756	0.00393826
3759.58525336	0.00376155
3761.57234916	0.00543743
3763.55944496	0.00242817
3765.54654076	0.00290771
3767.53363656	0.00568676
3769.52073236	0.00222162
3771.50782816	0.00278352
3773.49492396	0.00465559
3775.48201976	0.00348490
3777.46911556	0.00252854
3779.45621136	0.00259913
3781.44330716	0.00200674
3783.43040296	0.00482620
3785.41749876	0.00402869
3787.40459456	0.00128271
3789.39169036	0.00382645
3791.37878616	0.000537986
3793.36588196	0.00383413
3795.35297776	0.00338583
3797.34007356	0.00268905
3799.32716936	0.00356202
3801.31426516	0.00513773
3803.30136096	0.00492260
3805.28845676	0.00623416
3807.27555256	0.00296852
3809.26264836	0.00133134
3811.24974416	0.00249558
3813.23683996	0.00336736
3815.22393576	0.00171224
3817.21103156	0.000733933
3819.19812736	0.00424660
3821.18522316	0.00297361
3823.17231896	0.00660518
3825.15941476	0.00630531
3827.14651056	0.00419862
3829.13360636	0.00477554
3831.12070216	0.00411518
3833.10779796	0.00624973
3835.09489376	0.00507712
3837.08198956	0.00332220
3839.06908536	0.00484584
3841.05618116	0.00592014
3843.04327696	0.00753906
3845.03037276	0.00468765
3847.01746856	0.00523179
3849.00456436	0.00183410
3850.99166016	0.00560860
3852.97875596	0.00576701
3854.96585176	0.00455707
3856.95294756	0.00541909
3858.94004336	0.00796580
3860.92713916	0.00732419
3862.91423496	0.00805640
3864.90133076	0.00773715
3866.88842656	0.00574885
3868.87552236	0.00749788
3870.86261816	0.0119662
3872.84971396	0.00806527
3874.83680976	0.00952180
3876.82390556	0.00829187
3878.81100136	0.0108978
3880.79809716	0.0114228
3882.78519296	0.0132518
3884.77228876	0.0126423
3886.75938456	0.0144836
3888.74648036	0.0148198
3890.73357616	0.0170221
3892.72067196	0.0175195
3894.70776776	0.0187039
3896.69486356	0.0163769
3898.68195936	0.0168428
3900.66905516	0.0161584
3902.65615096	0.0188442
3904.64324676	0.0187646
3906.63034256	0.0190269
3908.61743836	0.0168081
3910.60453416	0.0167617
3912.59162996	0.0158676
3914.57872575	0.0160684
3916.56582155	0.0173322
3918.55291735	0.0167337
3920.54001315	0.0199162
3922.52710895	0.0175046
3924.51420475	0.0134515
3926.50130055	0.0164568
3928.48839635	0.0164434
3930.47549215	0.0158860
3932.46258795	0.0157350
3934.44968375	0.0156783
3936.43677955	0.0134429
3938.42387535	0.0133955
3940.41097115	0.0143851
3942.39806695	0.0155603
3944.38516275	0.0150243
3946.37225855	0.0173856
3948.35935435	0.0164989
3950.34645015	0.0161369
3952.33354595	0.0174982
3954.32064175	0.0183053
3956.30773755	0.0175183
3958.29483335	0.0188890
3960.28192915	0.0191286
3962.26902495	0.0171835
3964.25612075	0.0183661
3966.24321655	0.0174122
3968.23031235	0.0186801
3970.21740815	0.0193310
3972.20450395	0.0173558
3974.19159975	0.0230399
3976.17869555	0.0227720
3978.16579135	0.0214236
3980.15288715	0.0204974
3982.13998295	0.0219123
3984.12707875	0.0212455
3986.11417455	0.0229346
3988.10127035	0.0234247
3990.08836615	0.0233397
3992.07546195	0.0250410
3994.06255775	0.0260626
3996.04965355	0.0235173
3998.03674935	0.0213794
4000.02384515	0.0235762
4002.01094095	0.0234413
4003.99803675	0.0231597
4005.98513255	0.0232646
4007.97222835	0.0240206
4009.95932415	0.0261588
4011.94641995	0.0217292
4013.93351575	0.0220986
4015.92061155	0.0213908
4017.90770735	0.0238063
4019.89480315	0.0212274
4021.88189895	0.0230559
4023.86899475	0.0257195
4025.85609055	0.0251849
4027.84318635	0.0246075
4029.83028215	0.0246792
4031.81737795	0.0256564
4033.80447375	0.0228490
4035.79156955	0.0236336
4037.77866535	0.0223481
4039.76576115	0.0225197
4041.75285695	0.0244761
4043.73995275	0.0222157
4045.72704855	0.0209867
4047.71414435	0.0202118
4049.70124015	0.0245990
4051.68833595	0.0237383
4053.67543175	0.0207441
4055.66252755	0.0219428
4057.64962335	0.0202291
4059.63671915	0.0217114
4061.62381495	0.0197765
4063.61091075	0.0226434
4065.59800655	0.0199651
4067.58510235	0.0188037
4069.57219815	0.0209314
4071.55929395	0.0208491
4073.54638974	0.0214146
4075.53348554	0.0230116
4077.52058134	0.0217064
4079.50767714	0.0207410
4081.49477294	0.0225150
4083.48186874	0.0207558
4085.46896454	0.0206089
4087.45606034	0.0212899
4089.44315614	0.0213123
4091.43025194	0.0227291
4093.41734774	0.0246936
4095.40444354	0.0202402
4097.39153934	0.0241450
4099.37863514	0.0213980
4101.36573094	0.0233437
4103.35282674	0.0234373
4105.33992254	0.0257846
4107.32701834	0.0248693
4109.31411414	0.0236354
4111.30120994	0.0218939
4113.28830574	0.0244521
4115.27540154	0.0236882
4117.26249734	0.0213567
4119.24959314	0.0205220
4121.23668894	0.0226310
4123.22378474	0.0244286
4125.21088054	0.0234341
4127.19797634	0.0250284
4129.18507214	0.0247955
4131.17216794	0.0242866
4133.15926374	0.0211445
4135.14635954	0.0224011
4137.13345534	0.0214730
4139.12055114	0.0236350
4141.10764694	0.0234681
4143.09474274	0.0204479
4145.08183854	0.0227108
4147.06893434	0.0216832
4149.05603014	0.0227128
4151.04312594	0.0198579
4153.03022174	0.0213846
4155.01731754	0.0211791
4157.00441334	0.0241199
4158.99150914	0.0230444
4160.97860494	0.0213103
4162.96570074	0.0214172
4164.95279654	0.0205859
4166.93989234	0.0206821
4168.92698814	0.0221407
4170.91408394	0.0208568
4172.90117974	0.0195328
4174.88827554	0.0216456
4176.87537134	0.0223972
4178.86246714	0.0192529
4180.84956294	0.0196195
4182.83665874	0.0203749
4184.82375454	0.0209987
4186.81085034	0.0200245
4188.79794614	0.0217307
4190.78504194	0.0224793
4192.77213774	0.0235805
4194.75923354	0.0208710
4196.74632934	0.0217800
4198.73342514	0.0212820
4200.72052094	0.0206081
4202.70761674	0.0208010
4204.69471254	0.0231480
4206.68180834	0.0218659
4208.66890414	0.0211271
4210.65599994	0.0201250
4212.64309574	0.0199312
4214.63019154	0.0188571
4216.61728734	0.0221330
4218.60438314	0.0210218
4220.59147894	0.0201890
4222.57857474	0.0198334
4224.56567054	0.0199693
4226.55276634	0.0186428
4228.53986214	0.0229107
4230.52695794	0.0208529
4232.51405374	0.0199773
4234.50114953	0.0207300
4236.48824533	0.0203144
4238.47534113	0.0191663
4240.46243693	0.0195454
4242.44953273	0.0211719
4244.43662853	0.0204166
4246.42372433	0.0225496
4248.41082013	0.0214030
4250.39791593	0.0206425
4252.38501173	0.0230388
4254.37210753	0.0221904
4256.35920333	0.0220804
4258.34629913	0.0208947
4260.33339493	0.0206617
4262.32049073	0.0237895
4264.30758653	0.0219409
4266.29468233	0.0219121
4268.28177813	0.0234881
4270.26887393	0.0220227
4272.25596973	0.0211019
4274.24306553	0.0220167
4276.23016133	0.0200656
4278.21725713	0.0216659
4280.20435293	0.0183191
4282.19144873	0.0211446
4284.17854453	0.0217105
4286.16564033	0.0196413
4288.15273613	0.0222176
4290.13983193	0.0244263
4292.12692773	0.0208236
4294.11402353	0.0219906
4296.10111933	0.0219274
4298.08821513	0.0208094
4300.07531093	0.0201109
4302.06240673	0.0200133
4304.04950253	0.0224983
4306.03659833	0.0198040
4308.02369413	0.0207941
4310.01078993	0.0206523
4311.99788573	0.0216590
4313.98498153	0.0205450
4315.97207733	0.0205250
4317.95917313	0.0205491
4319.94626893	0.0217273
4321.93336473	0.0204039
4323.92046053	0.0226324
4325.90755633	0.0204676
4327.89465213	0.0204186
4329.88174793	0.0215777
4331.86884373	0.0189151
4333.85593953	0.0206860
4335.84303533	0.0215502
4337.83013113	0.0223811
4339.81722693	0.0229084
4341.80432273	0.0235757
4343.79141853	0.0280424
4345.77851433	0.0271383
4347.76561013	0.0204322
4349.75270593	0.0198555
4351.73980173	0.0171745
4353.72689753	0.0183903
4355.71399333	0.0190233
4357.70108913	0.0178968
4359.68818493	0.0167972
4361.67528073	0.0156301
4363.66237653	0.0196000
4365.64947233	0.0154332
4367.63656813	0.0188722
4369.62366393	0.0185657
4371.61075973	0.0186366
4373.59785553	0.0208895
4375.58495133	0.0180219
4377.57204713	0.0202111
4379.55914293	0.0192857
4381.54623873	0.0176716
4383.53333453	0.0180974
4385.52043033	0.0178246
4387.50752613	0.0190808
4389.49462193	0.0197777
4391.48171773	0.0192708
4393.46881352	0.0182260
4395.45590932	0.0209790
4397.44300512	0.0214358
4399.43010092	0.0205713
4401.41719672	0.0234459
4403.40429252	0.0228026
4405.39138832	0.0256192
4407.37848412	0.0248907
4409.36557992	0.0233164
4411.35267572	0.0269786
4413.33977152	0.0254157
4415.32686732	0.0235658
4417.31396312	0.0239604
4419.30105892	0.0252332
4421.28815472	0.0240272
4423.27525052	0.0241466
4425.26234632	0.0216750
4427.24944212	0.0232348
4429.23653792	0.0236837
4431.22363372	0.0226887
4433.21072952	0.0229683
4435.19782532	0.0253774
4437.18492112	0.0260947
4439.17201692	0.0235322
4441.15911272	0.0233828
4443.14620852	0.0225741
4445.13330432	0.0256547
4447.12040012	0.0264625
4449.10749592	0.0227060
4451.09459172	0.0256403
4453.08168752	0.0275358
4455.06878332	0.0236884
4457.05587912	0.0243688
4459.04297492	0.0234893
4461.03007072	0.0246593
4463.01716652	0.0255501
4465.00426232	0.0261001
4466.99135812	0.0250876
4468.97845392	0.0261043
4470.96554972	0.0263626
4472.95264552	0.0260057
4474.93974132	0.0257582
4476.92683712	0.0254333
4478.91393292	0.0266470
4480.90102872	0.0287506
4482.88812452	0.0253987
4484.87522032	0.0288267
4486.86231612	0.0285483
4488.84941192	0.0286295
4490.83650772	0.0291589
4492.82360352	0.0299815
4494.81069932	0.0288236
4496.79779512	0.0291904
4498.78489092	0.0320686
4500.77198672	0.0314517
4502.75908252	0.0312252
4504.74617832	0.0288995
4506.73327412	0.0305152
4508.72036992	0.0316079
4510.70746572	0.0319580
4512.69456152	0.0315722
4514.68165732	0.0348563
4516.66875312	0.0346959
4518.65584892	0.0383618
4520.64294472	0.0361576
4522.63004052	0.0364745
4524.61713632	0.0384241
4526.60423212	0.0372576
4528.59132792	0.0392261
4530.57842372	0.0392918
4532.56551952	0.0390677
4534.55261532	0.0386248
4536.53971112	0.0418468
4538.52680692	0.0418970
4540.51390272	0.0396666
4542.50099852	0.0394780
4544.48809432	0.0405388
4546.47519012	0.0421909
4548.46228592	0.0432739
4550.44938172	0.0415950
4552.43647752	0.0418195
4554.42357331	0.0420092
4556.41066911	0.0424751
4558.39776491	0.0423121
4560.38486071	0.0441582
4562.37195651	0.0439879
4564.35905231	0.0456612
4566.34614811	0.0453385
4568.33324391	0.0474337
4570.32033971	0.0469228
4572.30743551	0.0463337
4574.29453131	0.0476647
4576.28162711	0.0489966
4578.26872291	0.0480932
4580.25581871	0.0456400
4582.24291451	0.0490243
4584.23001031	0.0478644
4586.21710611	0.0466349
4588.20420191	0.0477545
4590.19129771	0.0442837
4592.17839351	0.0448425
4594.16548931	0.0477663
4596.15258511	0.0468949
4598.13968091	0.0452671
4600.12677671	0.0460502
4602.11387251	0.0467894
4604.10096831	0.0465265
4606.08806411	0.0457336
4608.07515991	0.0465423
4610.06225571	0.0461925
4612.04935151	0.0440948
4614.03644731	0.0460923
4616.02354311	0.0476200
4618.01063891	0.0456338
4619.99773471	0.0476672
4621.98483051	0.0468310
4623.97192631	0.0468590
4625.95902211	0.0468945
4627.94611791	0.0457678
4629.93321371	0.0468014
4631.92030951	0.0455258
4633.90740531	0.0485777
4635.89450111	0.0458018
4637.88159691	0.0469570
4639.86869271	0.0453342
4641.85578851	0.0457911
4643.84288431	0.0473503
4645.82998011	0.0472315
4647.81707591	0.0478764
4649.80417171	0.0469005
4651.79126751	0.0473991
4653.77836331	0.0466209
4655.76545911	0.0478548
4657.75255491	0.0486398
4659.73965071	0.0465745
4661.72674651	0.0474193
4663.71384231	0.0486587
4665.70093811	0.0457450
4667.68803391	0.0460356
4669.67512971	0.0468562
4671.66222551	0.0470297
4673.64932131	0.0445274
4675.63641711	0.0474281
4677.62351291	0.0453147
4679.61060871	0.0453057
4681.59770451	0.0459784
4683.58480031	0.0468853
4685.57189611	0.0452969
4687.55899191	0.0460072
4689.54608771	0.0452670
4691.53318351	0.0483399
4693.52027931	0.0446498
4695.50737511	0.0464436
4697.49447091	0.0445865
4699.48156671	0.0459179
4701.46866251	0.0464681
4703.45575831	0.0449923
4705.44285411	0.0422616
4707.42994991	0.0440675
4709.41704571	0.0421708
4711.40414151	0.0445514
4713.3912373	0.0450177
4715.3783331	0.0448529
4717.3654289	0.0425448
4719.3525247	0.0435868
4721.3396205	0.0392558
4723.3267163	0.0433913
4725.3138121	0.0438404
4727.3009079	0.0397681
4729.2880037	0.0403291
4731.2750995	0.0396919
4733.2621953	0.0417114
4735.2492911	0.0410288
4737.2363869	0.0431044
4739.2234827	0.0444126
4741.2105785	0.0440778
4743.1976743	0.0421442
4745.1847701	0.0426652
4747.1718659	0.0428692
4749.1589617	0.0413111
4751.1460575	0.0418062
4753.1331533	0.0420380
4755.1202491	0.0408989
4757.1073449	0.0441867
4759.0944407	0.0448186
4761.0815365	0.0426733
4763.0686323	0.0424715
4765.0557281	0.0398987
4767.0428239	0.0392257
4769.0299197	0.0415376
4771.0170155	0.0404145
4773.0041113	0.0412552
4774.9912071	0.0407468
4776.9783029	0.0410926
4778.9653987	0.0404430
4780.9524945	0.0392949
4782.9395903	0.0408040
4784.9266861	0.0393636
4786.9137819	0.0403741
4788.9008777	0.0391825
4790.8879735	0.0388570
4792.8750693	0.0365174
4794.8621651	0.0401573
4796.8492609	0.0383290
4798.8363567	0.0352054
4800.8234525	0.0345989
4802.8105483	0.0365091
4804.7976441	0.0394495
4806.7847399	0.0351448
4808.7718357	0.0345818
4810.7589315	0.0352131
4812.7460273	0.0357286
4814.7331231	0.0358381
4816.7202189	0.0339254
4818.7073147	0.0361248
4820.6944105	0.0373691
4822.6815063	0.0337782
4824.6686021	0.0354065
4826.6556979	0.0330205
4828.6427937	0.0346031
4830.6298895	0.0351813
4832.6169853	0.0321443
4834.6040811	0.0324536
4836.5911769	0.0333438
4838.5782727	0.0299420
4840.5653685	0.0327680
4842.5524643	0.0318541
4844.5395601	0.0315122
4846.5266559	0.0304129
4848.5137517	0.0281686
4850.5008475	0.0288979
4852.4879433	0.0299551
4854.4750391	0.0288905
4856.4621349	0.0285791
4858.4492307	0.0295380
4860.4363265	0.0275952
4862.4234223	0.0322257
4864.4105181	0.0427796
4866.3976139	0.0475488
4868.3847097	0.0348607
4870.3718055	0.0293900
4872.35890129	0.0279246
4874.34599709	0.0264806
4876.33309289	0.0268564
4878.32018869	0.0277874
4880.30728449	0.0269116
4882.29438029	0.0290561
4884.28147609	0.0287950
4886.26857189	0.0285780
4888.25566769	0.0295247
4890.24276349	0.0290657
4892.22985929	0.0288759
4894.21695509	0.0321081
4896.20405089	0.0335915
4898.19114669	0.0324655
4900.17824249	0.0332169
4902.16533829	0.0349387
4904.15243409	0.0346780
4906.13952989	0.0353623
4908.12662569	0.0351720
4910.11372149	0.0364693
4912.10081729	0.0396711
4914.08791309	0.0387873
4916.07500889	0.0388137
4918.06210469	0.0402852
4920.04920049	0.0436460
4922.03629629	0.0431256
4924.02339209	0.0424095
4926.01048789	0.0446392
4927.99758369	0.0461694
4929.98467949	0.0476364
4931.97177529	0.0482339
4933.95887109	0.0481466
4935.94596689	0.0524294
4937.93306269	0.0518038
4939.92015849	0.0554615
4941.90725429	0.0548915
4943.89435009	0.0587704
4945.88144589	0.0553344
4947.86854169	0.0562133
4949.85563749	0.0603118
4951.84273329	0.0606933
4953.82982909	0.0588004
4955.81692489	0.0614414
4957.80402069	0.0635030
4959.79111649	0.0649743
4961.77821229	0.0673200
4963.76530809	0.0657246
4965.75240389	0.0657757
4967.73949969	0.0689642
4969.72659549	0.0687512
4971.71369129	0.0659073
4973.70078709	0.0670236
4975.68788289	0.0668264
4977.67497869	0.0693364
4979.66207449	0.0695336
4981.64917029	0.0702552
4983.63626609	0.0676098
4985.62336189	0.0684429
4987.61045769	0.0688652
4989.59755349	0.0672905
4991.58464929	0.0688867
4993.57174509	0.0696913
4995.55884089	0.0655002
4997.54593669	0.0682180
4999.53303249	0.0656522
5001.52012829	0.0677910
5003.50722409	0.0654502
5005.49431989	0.0653130
5007.48141569	0.0641216
5009.46851149	0.0691668
5011.45560729	0.0676650
5013.44270309	0.0643440
5015.42979889	0.0606666
5017.41689469	0.0627661
5019.40399049	0.0606423
5021.39108629	0.0592763
5023.37818209	0.0602962
5025.36527789	0.0563942
5027.35237369	0.0566765
5029.33946949	0.0561319
5031.32656529	0.0530841
5033.31366108	0.0511555
5035.30075688	0.0515993
5037.28785268	0.0522067
5039.27494848	0.0495171
5041.26204428	0.0498877
5043.24914008	0.0469068
5045.23623588	0.0487193
5047.22333168	0.0467535
5049.21042748	0.0474789
5051.19752328	0.0463182
5053.18461908	0.0449444
5055.17171488	0.0445954
5057.15881068	0.0428102
5059.14590648	0.0458489
5061.13300228	0.0463792
5063.12009808	0.0448635
5065.10719388	0.0448502
5067.09428968	0.0442043
5069.08138548	0.0443203
5071.06848128	0.0424202
5073.05557708	0.0426355
5075.04267288	0.0456906
5077.02976868	0.0444725
5079.01686448	0.0452728
5081.00396028	0.0438618
5082.99105608	0.0481503
5084.97815188	0.0483662
5086.96524768	0.0477697
5088.95234348	0.0468657
5090.93943928	0.0469543
5092.92653508	0.0456228
5094.91363088	0.0480693
5096.90072668	0.0515717
5098.88782248	0.0517533
5100.87491828	0.0521267
5102.86201408	0.0509100
5104.84910988	0.0546420
5106.83620568	0.0513688
5108.82330148	0.0522285
5110.81039728	0.0526810
5112.79749308	0.0534091
5114.78458888	0.0542053
5116.77168468	0.0542801
5118.75878048	0.0543753
5120.74587628	0.0556933
5122.73297208	0.0556653
5124.72006788	0.0551518
5126.70716368	0.0574189
5128.69425948	0.0565829
5130.68135528	0.0566752
5132.66845108	0.0566433
5134.65554688	0.0575464
5136.64264268	0.0570664
5138.62973848	0.0582802
5140.61683428	0.0580574
5142.60393008	0.0590126
5144.59102588	0.0587144
5146.57812168	0.0597356
5148.56521748	0.0592459
5150.55231328	0.0608890
5152.53940908	0.0605307
5154.52650488	0.0595969
5156.51360068	0.0577455
5158.50069648	0.0597861
5160.48779228	0.0609478
5162.47488808	0.0618904
5164.46198388	0.0602609
5166.44907968	0.0634023
5168.43617548	0.0622580
5170.42327128	0.0625586
5172.41036708	0.0624597
5174.39746288	0.0609178
5176.38455868	0.0622537
5178.37165448	0.0603809
5180.35875028	0.0623890
5182.34584608	0.0600128
5184.33294188	0.0622661
5186.32003768	0.0619675
5188.30713348	0.0628453
5190.29422928	0.0617933
5192.28132507	0.0617819
5194.26842087	0.0577634
5196.25551667	0.0592684
5198.24261247	0.0652871
5200.22970827	0.0620575
5202.21680407	0.0616810
5204.20389987	0.0635206
5206.19099567	0.0619746
5208.17809147	0.0634673
5210.16518727	0.0651766
5212.15228307	0.0661770
5214.13937887	0.0670728
5216.12647467	0.0667282
5218.11357047	0.0646064
5220.10066627	0.0632795
5222.08776207	0.0656118
5224.07485787	0.0662605
5226.06195367	0.0676777
5228.04904947	0.0664728
5230.03614527	0.0662891
5232.02324107	0.0650726
5234.01033687	0.0649886
5235.99743267	0.0669795
5237.98452847	0.0648108
5239.97162427	0.0642377
5241.95872007	0.0636259
5243.94581587	0.0659440
5245.93291167	0.0666612
5247.92000747	0.0711147
5249.90710327	0.0698861
5251.89419907	0.0710414
5253.88129487	0.0712200
5255.86839067	0.0703286
5257.85548647	0.0719876
5259.84258227	0.0711776
5261.82967807	0.0715592
5263.81677387	0.0712454
5265.80386967	0.0723606
5267.79096547	0.0729660
5269.77806127	0.0746585
5271.76515707	0.0721668
5273.75225287	0.0717840
5275.73934867	0.0738603
5277.72644447	0.0723229
5279.71354027	0.0714016
5281.70063607	0.0726356
5283.68773187	0.0731840
5285.67482767	0.0760520
5287.66192347	0.0759460
5289.64901927	0.0780872
5291.63611507	0.0791502
5293.62321087	0.0781351
5295.61030667	0.0774440
5297.59740247	0.0779311
5299.58449827	0.0798067
5301.57159407	0.0772467
5303.55868987	0.0769418
5305.54578567	0.0793772
5307.53288147	0.0794973
5309.51997727	0.0803562
5311.50707307	0.0804066
5313.49416887	0.0780024
5315.48126467	0.0824692
5317.46836047	0.0854019
5319.45545627	0.0822482
5321.44255207	0.0828152
5323.42964787	0.0851599
5325.41674367	0.0850287
5327.40383947	0.0808783
5329.39093527	0.0843460
5331.37803107	0.0848630
5333.36512687	0.0831864
5335.35222267	0.0847351
5337.33931847	0.0814384
5339.32641427	0.0857105
5341.31351007	0.0862163
5343.30060587	0.0861804
5345.28770167	0.0857207
5347.27479747	0.0878335
5349.26189327	0.0875713
5351.24898907	0.0875488
5353.23608486	0.0879899
5355.22318066	0.0896437
5357.21027646	0.0881566
5359.19737226	0.0890010
5361.18446806	0.0852888
5363.17156386	0.0930353
5365.15865966	0.0887870
5367.14575546	0.0912401
5369.13285126	0.0900987
5371.11994706	0.0905027
5373.10704286	0.0891175
5375.09413866	0.0909658
5377.08123446	0.0916590
5379.06833026	0.0900013
5381.05542606	0.0890983
5383.04252186	0.0904847
5385.02961766	0.0866941
5387.01671346	0.0901465
5389.00380926	0.0899081
5390.99090506	0.0880833
5392.97800086	0.0868803
5394.96509666	0.0834874
5396.95219246	0.0883529
5398.93928826	0.0852683
5400.92638406	0.0857708
5402.91347986	0.0825219
5404.90057566	0.0872546
5406.88767146	0.0871550
5408.87476726	0.0876029
5410.86186306	0.0869880
5412.84895886	0.0922490
5414.83605466	0.0898162
5416.82315046	0.0891309
5418.81024626	0.0869928
5420.79734206	0.0845186
5422.78443786	0.0872428
5424.77153366	0.0894625
5426.75862946	0.0896191
5428.74572526	0.0912264
5430.73282106	0.0891593
5432.71991686	0.0904462
5434.70701266	0.0911658
5436.69410846	0.0921964
5438.68120426	0.0898868
5440.66830006	0.0884234
5442.65539586	0.0882473
5444.64249166	0.0889723
5446.62958746	0.0923458
5448.61668326	0.0919260
5450.60377906	0.0955073
5452.59087486	0.0894877
5454.57797066	0.0924978
5456.56506646	0.0976510
5458.55216226	0.0948993
5460.53925806	0.0955821
5462.52635386	0.0994473
5464.51344966	0.102369
5466.50054546	0.101109
5468.48764126	0.107221
5470.47473706	0.105797
5472.46183286	0.103622
5474.44892866	0.108952
5476.43602446	0.111984
5478.42312026	0.110318
5480.41021606	0.109297
5482.39731186	0.112183
5484.38440766	0.112947
5486.37150346	0.111402
5488.35859926	0.109435
5490.34569506	0.112259
5492.33279086	0.108204
5494.31988666	0.110586
5496.30698246	0.109003
5498.29407826	0.101275
5500.28117406	0.0978628
5502.26826986	0.105347
5504.25536566	0.111842
5506.24246146	0.108230
5508.22955726	0.106520
5510.21665306	0.105379
5512.20374885	0.113984
5514.19084465	0.109168
5516.17794045	0.102081
5518.16503625	0.106198
5520.15213205	0.104592
5522.13922785	0.108069
5524.12632365	0.105581
5526.11341945	0.108415
5528.10051525	0.106359
5530.08761105	0.103965
5532.07470685	0.105373
5534.06180265	0.107254
5536.04889845	0.0981546
5538.03599425	0.0973750
5540.02309005	0.0967288
5542.01018585	0.104008
5543.99728165	0.102194
5545.98437745	0.0929873
5547.97147325	0.0942891
5549.95856905	0.0925267
5551.94566485	0.0921540
5553.93276065	0.0911963
5555.91985645	0.0867530
5557.90695225	0.0917723
5559.89404805	0.0901238
5561.88114385	0.0919753
5563.86823965	0.0901177
5565.85533545	0.0881836
5567.84243125	0.0901369
5569.82952705	0.0904989
5571.81662285	0.0868679
5573.80371865	0.0849411
5575.79081445	0.0870588
5577.77791025	0.0860286
5579.76500605	0.0899183
5581.75210185	0.0917287
5583.73919765	0.0870106
5585.72629345	0.0838692
5587.71338925	0.0840365
5589.70048505	0.0864545
5591.68758085	0.0870361
5593.67467665	0.0878770
5595.66177245	0.0892138
5597.64886825	0.0890299
5599.63596405	0.0892379
5601.62305985	0.0860607
5603.61015565	0.0843873
5605.59725145	0.0867660
5607.58434725	0.0866333
5609.57144305	0.0844802
5611.55853885	0.0888668
5613.54563465	0.0899065
5615.53273045	0.0868015
5617.51982625	0.0842498
5619.50692205	0.0893562
5621.49401785	0.0905258
5623.48111365	0.0911518
5625.46820945	0.0940992
5627.45530525	0.0923765
5629.44240105	0.0895385
5631.42949685	0.0881826
5633.41659265	0.0915621
5635.40368845	0.0910799
5637.39078425	0.0901836
5639.37788005	0.0897803
5641.36497585	0.0925224
5643.35207165	0.0925589
5645.33916745	0.0876583
5647.32626325	0.0887836
5649.31335905	0.0899507
5651.30045485	0.0865344
5653.28755065	0.0826710
5655.27464645	0.0848869
5657.26174225	0.0826970
5659.24883805	0.0812726
5661.23593385	0.0816554
5663.22302965	0.0794670
5665.21012545	0.0815489
5667.19722125	0.0761954
5669.18431705	0.0723820
5671.17141284	0.0760958
5673.15850864	0.0740537
5675.14560444	0.0678599
5677.13270024	0.0646848
5679.11979604	0.0638412
5681.10689184	0.0612624
5683.09398764	0.0580484
5685.08108344	0.0572445
5687.06817924	0.0545867
5689.05527504	0.0534725
5691.04237084	0.0483745
5693.02946664	0.0454265
5695.01656244	0.0474396
5697.00365824	0.0444934
5698.99075404	0.0421722
5700.97784984	0.0419365
5702.96494564	0.0407877
5704.95204144	0.0413793
5706.93913724	0.0411145
5708.92623304	0.0377157
5710.91332884	0.0384343
5712.90042464	0.0384483
5714.88752044	0.0406295
5716.87461624	0.0421682
5718.86171204	0.0419573
5720.84880784	0.0439017
5722.83590364	0.0412876
5724.82299944	0.0420043
5726.81009524	0.0448093
5728.79719104	0.0452557
5730.78428684	0.0442100
5732.77138264	0.0464097
5734.75847844	0.0496426
5736.74557424	0.0507759
5738.73267004	0.0509956
5740.71976584	0.0516555
5742.70686164	0.0555642
5744.69395744	0.0560100
5746.68105324	0.0550550
5748.66814904	0.0563662
5750.65524484	0.0580247
5752.64234064	0.0597389
5754.62943644	0.0609658
5756.61653224	0.0615536
5758.60362804	0.0636609
5760.59072384	0.0687808
5762.57781964	0.0675123
5764.56491544	0.0679506
5766.55201124	0.0714217
5768.53910704	0.0764784
5770.52620284	0.0791620
5772.51329864	0.0781638
5774.50039444	0.0812206
5776.48749024	0.0808711
5778.47458604	0.0803777
5780.46168184	0.0827233
5782.44877764	0.0831825
5784.43587344	0.0862391
5786.42296924	0.0922226
5788.41006504	0.0965765
5790.39716084	0.0976389
5792.38425664	0.103150
5794.37135244	0.105930
5796.35844824	0.109323
5798.34554404	0.109976
5800.33263984	0.110466
5802.31973564	0.110631
5804.30683144	0.114574
5806.29392724	0.115401
5808.28102304	0.117270
5810.26811884	0.121163
5812.25521464	0.122234
5814.24231044	0.120974
5816.22940624	0.123992
5818.21650204	0.128794
5820.20359784	0.127486
5822.19069364	0.128988
5824.17778944	0.128521
5826.16488524	0.130302
5828.15198104	0.132034
5830.13907684	0.131263
5832.12617263	0.132618
5834.11326843	0.131816
5836.10036423	0.128848
5838.08746003	0.128940
5840.07455583	0.130571
5842.06165163	0.133702
5844.04874743	0.135260
5846.03584323	0.138991
5848.02293903	0.136481
5850.01003483	0.136946
5851.99713063	0.136010
5853.98422643	0.135371
5855.97132223	0.135202
5857.95841803	0.135260
5859.94551383	0.138400
5861.93260963	0.139272
5863.91970543	0.138941
5865.90680123	0.140478
5867.89389703	0.144376
5869.88099283	0.143365
5871.86808863	0.143461
5873.85518443	0.145065
5875.84228023	0.148302
5877.82937603	0.151473
5879.81647183	0.150462
5881.80356763	0.153608
5883.79066343	0.151987
5885.77775923	0.154111
5887.76485503	0.153436
5889.75195083	0.152048
5891.73904663	0.150613
5893.72614243	0.145530
5895.71323823	0.142077
5897.70033403	0.138446
5899.68742983	0.142383
5901.67452563	0.145670
5903.66162143	0.148447
5905.64871723	0.153625
5907.63581303	0.158066
5909.62290883	0.158634
5911.61000463	0.157109
5913.59710043	0.154764
5915.58419623	0.152401
5917.57129203	0.152829
5919.55838783	0.155527
5921.54548363	0.155776
5923.53257943	0.153797
5925.51967523	0.150086
5927.50677103	0.149745
5929.49386683	0.153815
5931.48096263	0.153322
5933.46805843	0.151980
5935.45515423	0.149647
5937.44225003	0.151972
5939.42934583	0.150598
5941.41644163	0.147118
5943.40353743	0.146507
5945.39063323	0.150001
5947.37772903	0.149588
5949.36482483	0.145685
5951.35192063	0.143946
5953.33901643	0.143590
5955.32611223	0.143378
5957.31320803	0.143984
5959.30030383	0.145859
5961.28739963	0.143804
5963.27449543	0.142906
5965.26159123	0.141877
5967.24868703	0.140826
5969.23578283	0.141850
5971.22287863	0.140646
5973.20997443	0.138001
5975.19707023	0.138935
5977.18416603	0.139570
5979.17126183	0.136814
5981.15835763	0.136529
5983.14545343	0.135900
5985.13254923	0.134235
5987.11964503	0.134433
5989.10674083	0.133496
5991.09383662	0.134388
5993.08093242	0.130126
5995.06802822	0.126944
5997.05512402	0.130545
5999.04221982	0.130818
6001.02931562	0.128007
6003.01641142	0.124136
6005.00350722	0.127446
6006.99060302	0.125155
6008.97769882	0.128534
6010.96479462	0.128255
6012.95189042	0.121407
6014.93898622	0.122976
6016.92608202	0.122115
6018.91317782	0.119829
6020.90027362	0.119244
6022.88736942	0.117896
6024.87446522	0.119955
6026.86156102	0.118328
6028.84865682	0.117907
6030.83575262	0.118072
6032.82284842	0.116688
6034.80994422	0.113825
6036.79704002	0.113604
6038.78413582	0.115618
6040.77123162	0.116245
6042.75832742	0.114195
6044.74542322	0.112427
6046.73251902	0.112920
6048.71961482	0.112171
6050.70671062	0.110972
6052.69380642	0.111239
6054.68090222	0.110342
6056.66799802	0.110094
6058.65509382	0.110032
6060.64218962	0.113677
6062.62928542	0.114540
6064.61638122	0.109814
6066.60347702	0.108514
6068.59057282	0.110438
6070.57766862	0.110625
6072.56476442	0.108372
6074.55186022	0.110385
6076.53895602	0.110787
6078.52605182	0.110179
6080.51314762	0.110734
6082.50024342	0.111820
6084.48733922	0.111929
6086.47443502	0.111949
6088.46153082	0.111913
6090.44862662	0.110962
6092.43572242	0.108671
6094.42281822	0.108994
6096.40991402	0.111758
6098.39700982	0.108925
6100.38410562	0.109293
6102.37120142	0.111864
6104.35829722	0.111168
6106.34539302	0.108609
6108.33248882	0.108724
6110.31958462	0.108882
6112.30668042	0.106854
6114.29377622	0.107130
6116.28087202	0.107287
6118.26796782	0.107655
6120.25506362	0.105767
6122.24215942	0.105354
6124.22925522	0.106871
6126.21635102	0.103949
6128.20344682	0.104682
6130.19054262	0.106459
6132.17763842	0.107246
6134.16473422	0.106647
6136.15183002	0.106224
6138.13892582	0.106650
6140.12602162	0.105491
6142.11311742	0.104640
6144.10021322	0.107461
6146.08730902	0.108711
6148.07440482	0.109015
6150.06150062	0.111716
6152.04859641	0.110770
6154.03569221	0.108301
6156.02278801	0.110280
6158.00988381	0.112610
6159.99697961	0.113835
6161.98407541	0.114451
6163.97117121	0.117024
6165.95826701	0.115606
6167.94536281	0.118229
6169.93245861	0.116529
6171.91955441	0.117130
6173.90665021	0.117251
6175.89374601	0.116273
6177.88084181	0.117349
6179.86793761	0.114527
6181.85503341	0.115940
6183.84212921	0.117936
6185.82922501	0.119318
6187.81632081	0.120874
6189.80341661	0.120905
6191.79051241	0.121212
6193.77760821	0.121117
6195.76470401	0.122110
6197.75179981	0.122576
6199.73889561	0.120620
6201.72599141	0.121588
6203.71308721	0.123406
6205.70018301	0.122675
6207.68727881	0.124087
6209.67437461	0.123607
6211.66147041	0.122583
6213.64856621	0.123514
6215.63566201	0.126865
6217.62275781	0.129112
6219.60985361	0.129801
6221.59694941	0.130804
6223.58404521	0.129089
6225.57114101	0.129345
6227.55823681	0.132124
6229.54533261	0.132460
6231.53242841	0.132158
6233.51952421	0.133295
6235.50662001	0.134132
6237.49371581	0.132771
6239.48081161	0.132018
6241.46790741	0.133948
6243.45500321	0.129905
6245.44209901	0.131062
6247.42919481	0.134080
6249.41629061	0.131556
6251.40338641	0.131858
6253.39048221	0.132109
6255.37757801	0.129873
6257.36467381	0.128817
6259.35176961	0.129335
6261.33886541	0.129149
6263.32596121	0.126524
6265.31305701	0.123103
6267.30015281	0.124662
6269.28724861	0.125558
6271.27434441	0.126430
6273.26144021	0.127117
6275.24853601	0.125713
6277.23563181	0.123670
6279.22272761	0.125598
6281.20982341	0.126445
6283.19691921	0.123251
6285.18401501	0.118180
6287.17111081	0.116113
6289.15820661	0.116686
6291.14530241	0.117000
6293.13239821	0.121386
6295.11949401	0.125933
6297.10658981	0.124415
6299.09368561	0.125598
6301.08078141	0.126544
6303.06787721	0.124561
6305.05497301	0.128152
6307.04206881	0.127858
6309.02916461	0.125789
6311.0162604	0.123138
6313.0033562	0.121252
6314.990452	0.122343
6316.9775478	0.124227
6318.9646436	0.122275
6320.9517394	0.118553
6322.9388352	0.116967
6324.925931	0.120492
6326.9130268	0.119279
6328.9001226	0.115497
6330.8872184	0.116078
6332.8743142	0.117813
6334.86141	0.116348
6336.8485058	0.117772
6338.8356016	0.116744
6340.8226974	0.115031
6342.8097932	0.113363
6344.796889	0.117308
6346.7839848	0.115882
6348.7710806	0.115219
6350.7581764	0.118324
6352.7452722	0.116544
6354.732368	0.116524
6356.7194638	0.114717
6358.7065596	0.113228
6360.6936554	0.114572
6362.6807512	0.116367
6364.667847	0.116848
6366.6549428	0.118380
6368.6420386	0.119473
6370.6291344	0.119074
6372.6162302	0.116728
6374.603326	0.117855
6376.5904218	0.120510
6378.5775176	0.117934
6380.5646134	0.117368
6382.5517092	0.118870
6384.538805	0.120789
6386.5259008	0.120117
6388.5129966	0.121926
6390.5000924	0.121485
6392.4871882	0.118759
6394.474284	0.123273
6396.4613798	0.124410
6398.4484756	0.120665
6400.4355714	0.119383
6402.4226672	0.120617
6404.409763	0.123216
6406.3968588	0.121131
6408.3839546	0.119168
6410.3710504	0.120624
6412.3581462	0.120985
6414.345242	0.121155
6416.3323378	0.121640
6418.3194336	0.121930
6420.3065294	0.124642
6422.2936252	0.124628
6424.280721	0.123581
6426.2678168	0.124726
6428.2549126	0.126645
6430.2420084	0.126459
6432.2291042	0.127622
6434.2162	0.129364
6436.2032958	0.128077
6438.1903916	0.128080
6440.1774874	0.127815
6442.1645832	0.125595
6444.151679	0.125691
6446.1387748	0.128252
6448.1258706	0.128440
6450.1129664	0.125955
6452.1000622	0.125277
6454.087158	0.123825
6456.0742538	0.122182
6458.0613496	0.118896
6460.0484454	0.119653
6462.0355412	0.118088
6464.022637	0.117668
6466.0097328	0.118971
6467.9968286	0.116911
6469.98392439	0.113125
6471.97102019	0.112075
6473.95811599	0.112227
6475.94521179	0.111066
6477.93230759	0.108173
6479.91940339	0.106379
6481.90649919	0.108200
6483.89359499	0.104505
6485.88069079	0.101875
6487.86778659	0.100079
6489.85488239	0.0976137
6491.84197819	0.0962168
6493.82907399	0.0963110
6495.81616979	0.0960317
6497.80326559	0.0956772
6499.79036139	0.0960315
6501.77745719	0.0961777
6503.76455299	0.0942825
6505.75164879	0.0937454
6507.73874459	0.0941679
6509.72584039	0.0934428
6511.71293619	0.0943050
6513.70003199	0.0960928
6515.68712779	0.0947598
6517.67422359	0.0958346
6519.66131939	0.0968076
6521.64841519	0.0981271
6523.63551099	0.0987692
6525.62260679	0.100218
6527.60970259	0.0979535
6529.59679839	0.0971009
6531.58389419	0.0998093
6533.57098999	0.103060
6535.55808579	0.100896
6537.54518159	0.102869
6539.53227739	0.108282
6541.51937319	0.107742
6543.50646899	0.109714
6545.49356479	0.110839
6547.48066059	0.111575
6549.46775639	0.114581
6551.45485219	0.120518
6553.44194799	0.123108
6555.42904379	0.123214
6557.41613959	0.122662
6559.40323539	0.123597
6561.39033119	0.126517
6563.37742699	0.139789
6565.36452279	0.168499
6567.35161859	0.185412
6569.33871439	0.177505
6571.32581019	0.150229
6573.31290599	0.135153
6575.30000179	0.134070
6577.28709759	0.135263
6579.27419339	0.135597
6581.26128919	0.136165
6583.24838499	0.140232
6585.23548079	0.145494
6587.22257659	0.149291
6589.20967239	0.151133
6591.19676819	0.147840
6593.18386399	0.143033
6595.17095979	0.142299
6597.15805559	0.141035
6599.14515139	0.140944
6601.13224719	0.143225
6603.11934299	0.146545
6605.10643879	0.148146
6607.09353459	0.145631
6609.08063039	0.143661
6611.06772619	0.144542
6613.05482199	0.143924
6615.04191779	0.143513
6617.02901359	0.144293
6619.01610939	0.140682
6621.00320519	0.139338
6622.99030099	0.141550
6624.97739679	0.142130
6626.96449259	0.140976
6628.95158839	0.141264
6630.93868418	0.143227
6632.92577998	0.141572
6634.91287578	0.140276
6636.89997158	0.140565
6638.88706738	0.137015
6640.87416318	0.136284
6642.86125898	0.135364
6644.84835478	0.134427
6646.83545058	0.138639
6648.82254638	0.136031
6650.80964218	0.135594
6652.79673798	0.137430
6654.78383378	0.137396
6656.77092958	0.135634
6658.75802538	0.137174
6660.74512118	0.138336
6662.73221698	0.135542
6664.71931278	0.135940
6666.70640858	0.135899
6668.69350438	0.134719
6670.68060018	0.133772
6672.66769598	0.133582
6674.65479178	0.134571
6676.64188758	0.135689
6678.62898338	0.133440
6680.61607918	0.134867
6682.60317498	0.138071
6684.59027078	0.138736
6686.57736658	0.137091
6688.56446238	0.136273
6690.55155818	0.137378
6692.53865398	0.137232
6694.52574978	0.135437
6696.51284558	0.133842
6698.49994138	0.134378
6700.48703718	0.135220
6702.47413298	0.133146
6704.46122878	0.129997
6706.44832458	0.130962
6708.43542038	0.133110
6710.42251618	0.132175
6712.40961198	0.128315
6714.39670778	0.128391
6716.38380358	0.130282
6718.37089938	0.133306
6720.35799518	0.134485
6722.34509098	0.134956
6724.33218678	0.131038
6726.31928258	0.127077
6728.30637838	0.127977
6730.29347418	0.127482
6732.28056998	0.126854
6734.26766578	0.126990
6736.25476158	0.127370
6738.24185738	0.125486
6740.22895318	0.125135
6742.21604898	0.122702
6744.20314478	0.120770
6746.19024058	0.122208
6748.17733638	0.123595
6750.16443218	0.122126
6752.15152798	0.123350
6754.13862378	0.124203
6756.12571958	0.125256
6758.11281538	0.125098
6760.09991118	0.125375
6762.08700698	0.126780
6764.07410278	0.125180
6766.06119858	0.123382
6768.04829438	0.123606
6770.03539018	0.122673
6772.02248598	0.124331
6774.00958178	0.124418
6775.99667758	0.123114
6777.98377338	0.123634
6779.97086918	0.124882
6781.95796498	0.125002
6783.94506078	0.124028
6785.93215658	0.123046
6787.91925238	0.125612
6789.90634817	0.124467
6791.89344397	0.121692
6793.88053977	0.121555
6795.86763557	0.119965
6797.85473137	0.120047
6799.84182717	0.120437
6801.82892297	0.118986
6803.81601877	0.117890
6805.80311457	0.118419
6807.79021037	0.117932
6809.77730617	0.114806
6811.76440197	0.115481
6813.75149777	0.113937
6815.73859357	0.111167
6817.72568937	0.111156
6819.71278517	0.109180
6821.69988097	0.106530
6823.68697677	0.102270
6825.67407257	0.102393
6827.66116837	0.105932
6829.64826417	0.110279
6831.63535997	0.108261
6833.62245577	0.108844
6835.60955157	0.107237
6837.59664737	0.102088
6839.58374317	0.101297
6841.57083897	0.0971593
6843.55793477	0.0949317
6845.54503057	0.0976998
6847.53212637	0.0962741
6849.51922217	0.0970962
6851.50631797	0.0946908
6853.49341377	0.0912416
6855.48050957	0.0907090
6857.46760537	0.0885390
6859.45470117	0.0885843
6861.44179697	0.0884462
6863.42889277	0.0865819
6865.41598857	0.0854380
6867.40308437	0.0859480
6869.39018017	0.0832928
6871.37727597	0.0805342
6873.36437177	0.0801722
6875.35146757	0.0823199
6877.33856337	0.0817492
6879.32565917	0.0808646
6881.31275497	0.0831929
6883.29985077	0.0837996
6885.28694657	0.0843487
6887.27404237	0.0832314
6889.26113817	0.0822120
6891.24823397	0.0833796
6893.23532977	0.0835247
6895.22242557	0.0835435
6897.20952137	0.0838298
6899.19661717	0.0864929
6901.18371297	0.0897852
6903.17080877	0.0903546
6905.15790457	0.0914347
6907.14500037	0.0941154
6909.13209617	0.0966595
6911.11919197	0.0992498
6913.10628777	0.100351
6915.09338357	0.103167
6917.08047937	0.105109
6919.06757517	0.108393
6921.05467097	0.110888
6923.04176677	0.112531
6925.02886257	0.115698
6927.01595837	0.117862
6929.00305417	0.121488
6930.99014997	0.124301
6932.97724577	0.125361
6934.96434157	0.126146
6936.95143737	0.130928
6938.93853317	0.133983
6940.92562897	0.133995
6942.91272477	0.136283
6944.89982057	0.138239
6946.88691637	0.140846
6948.87401217	0.142856
6950.86110796	0.148409
6952.84820376	0.151358
6954.83529956	0.153822
6956.82239536	0.157853
6958.80949116	0.157409
6960.79658696	0.159820
6962.78368276	0.158721
6964.77077856	0.157900
6966.75787436	0.161478
6968.74497016	0.164052
6970.73206596	0.162873
6972.71916176	0.160729
6974.70625756	0.159762
6976.69335336	0.160631
6978.68044916	0.160625
6980.66754496	0.161796
6982.65464076	0.161874
6984.64173656	0.160558
6986.62883236	0.162633
6988.61592816	0.164943
6990.60302396	0.160595
6992.59011976	0.161531
6994.57721556	0.162092
6996.56431136	0.159041
6998.55140716	0.160505
7000.53850296	0.161006
7002.52559876	0.160514
7004.51269456	0.160519
7006.49979036	0.159856
7008.48688616	0.159060
7010.47398196	0.160994
7012.46107776	0.157037
7014.44817356	0.156054
7016.43526936	0.156205
7018.42236516	0.152676
7020.40946096	0.154700
7022.39655676	0.155967
7024.38365256	0.154646
7026.37074836	0.155565
7028.35784416	0.152993
7030.34493996	0.152366
7032.33203576	0.154849
7034.31913156	0.152815
7036.30622736	0.151094
7038.29332316	0.153020
7040.28041896	0.149531
7042.26751476	0.149788
7044.25461056	0.150644
7046.24170636	0.150995
7048.22880216	0.151698
7050.21589796	0.150965
7052.20299376	0.149983
7054.19008956	0.148774
7056.17718536	0.150417
7058.16428116	0.150226
7060.15137696	0.150747
7062.13847276	0.150453
7064.12556856	0.151654
7066.11266436	0.153114
7068.09976016	0.156595
7070.08685596	0.157755
7072.07395176	0.157289
7074.06104756	0.159028
7076.04814336	0.161039
7078.03523916	0.161498
7080.02233496	0.156485
7082.00943076	0.156620
7083.99652656	0.158060
7085.98362236	0.156233
7087.97071816	0.154553
7089.95781396	0.153729
7091.94490976	0.151481
7093.93200556	0.148980
7095.91910136	0.150239
7097.90619716	0.149789
7099.89329296	0.150680
7101.88038876	0.149645
7103.86748456	0.148113
7105.85458036	0.146115
7107.84167616	0.147958
7109.82877195	0.151125
7111.81586775	0.149850
7113.80296355	0.148191
7115.79005935	0.150681
7117.77715515	0.149438
7119.76425095	0.148682
7121.75134675	0.148651
7123.73844255	0.150034
7125.72553835	0.150290
7127.71263415	0.153077
7129.69972995	0.148993
7131.68682575	0.151368
7133.67392155	0.155170
7135.66101735	0.154370
7137.64811315	0.153484
7139.63520895	0.153728
7141.62230475	0.156836
7143.60940055	0.158063
7145.59649635	0.157590
7147.58359215	0.158707
7149.57068795	0.162963
7151.55778375	0.163895
7153.54487955	0.163504
7155.53197535	0.163553
7157.51907115	0.165493
7159.50616695	0.166352
7161.49326275	0.170308
7163.48035855	0.170900
7165.46745435	0.169688
7167.45455015	0.167766
7169.44164595	0.168915
7171.42874175	0.168517
7173.41583755	0.172311
7175.40293335	0.172178
7177.39002915	0.172965
7179.37712495	0.168966
7181.36422075	0.165813
7183.35131655	0.165145
7185.33841235	0.165824
7187.32550815	0.166313
7189.31260395	0.167086
7191.29969975	0.167303
7193.28679555	0.167503
7195.27389135	0.168104
7197.26098715	0.169482
7199.24808295	0.169105
7201.23517875	0.167496
7203.22227455	0.166091
7205.20937035	0.166060
7207.19646615	0.170704
7209.18356195	0.172950
7211.17065775	0.168941
7213.15775355	0.168819
7215.14484935	0.168962
7217.13194515	0.166299
7219.11904095	0.169556
7221.10613675	0.172562
7223.09323255	0.172871
7225.08032835	0.169368
7227.06742415	0.167891
7229.05451995	0.165467
7231.04161575	0.167018
7233.02871155	0.171936
7235.01580735	0.176334
7237.00290315	0.181531
7238.98999895	0.181136
7240.97709475	0.177925
7242.96419055	0.174331
7244.95128635	0.174828
7246.93838215	0.179772
7248.92547795	0.181401
7250.91257375	0.178325
7252.89966955	0.178267
7254.88676535	0.176617
7256.87386115	0.177014
7258.86095695	0.178996
7260.84805275	0.181741
7262.83514855	0.182142
7264.82224435	0.182948
7266.80934015	0.178231
7268.79643594	0.179238
7270.78353174	0.180417
7272.77062754	0.180627
7274.75772334	0.181991
7276.74481914	0.181339
7278.73191494	0.180742
7280.71901074	0.183807
7282.70610654	0.184983
7284.69320234	0.183441
7286.68029814	0.183220
7288.66739394	0.187784
7290.65448974	0.188917
7292.64158554	0.184542
7294.62868134	0.185455
7296.61577714	0.186904
7298.60287294	0.185811
7300.58996874	0.181812
7302.57706454	0.182210
7304.56416034	0.181171
7306.55125614	0.178527
7308.53835194	0.179596
7310.52544774	0.176932
7312.51254354	0.175212
7314.49963934	0.177326
7316.48673514	0.178320
7318.47383094	0.176186
7320.46092674	0.171421
7322.44802254	0.172531
7324.43511834	0.173327
7326.42221414	0.171122
7328.40930994	0.171121
7330.39640574	0.171722
7332.38350154	0.170731
7334.37059734	0.167598
7336.35769314	0.168165
7338.34478894	0.170655
7340.33188474	0.170974
7342.31898054	0.169396
7344.30607634	0.167688
7346.29317214	0.166461
7348.28026794	0.164455
7350.26736374	0.165337
7352.25445954	0.164254
7354.24155534	0.164672
7356.22865114	0.165732
7358.21574694	0.164160
7360.20284274	0.164171
7362.18993854	0.161722
7364.17703434	0.160571
7366.16413014	0.162299
7368.15122594	0.161834
7370.13832174	0.162089
7372.12541754	0.164449
7374.11251334	0.163194
7376.09960914	0.162673
7378.08670494	0.165513
7380.07380074	0.162813
7382.06089654	0.164363
7384.04799234	0.166024
7386.03508814	0.167877
7388.02218394	0.163251
7390.00927974	0.159735
7391.99637554	0.160181
7393.98347134	0.160977
7395.97056714	0.160865
7397.95766294	0.158744
7399.94475874	0.159392
7401.93185454	0.161440
7403.91895034	0.156637
7405.90604614	0.156981
7407.89314194	0.158327
7409.88023774	0.158586
7411.86733354	0.157556
7413.85442934	0.155002
7415.84152514	0.152653
7417.82862094	0.154065
7419.81571674	0.154115
7421.80281254	0.152655
7423.78990834	0.150040
7425.77700414	0.147712
7427.76409994	0.149005
7429.75119573	0.149935
7431.73829153	0.148526
7433.72538733	0.153445
7435.71248313	0.150669
7437.69957893	0.147452
7439.68667473	0.149039
7441.67377053	0.152382
7443.66086633	0.151320
7445.64796213	0.149395
7447.63505793	0.150150
7449.62215373	0.149444
7451.60924953	0.145887
7453.59634533	0.144530
7455.58344113	0.143284
7457.57053693	0.145070
7459.55763273	0.145971
7461.54472853	0.144351
7463.53182433	0.144470
7465.51892013	0.143481
7467.50601593	0.140726
7469.49311173	0.142038
7471.48020753	0.142650
7473.46730333	0.142797
7475.45439913	0.141411
7477.44149493	0.140458
7479.42859073	0.137272
7481.41568653	0.137053
7483.40278233	0.137263
7485.38987813	0.137824
7487.37697393	0.138834
7489.36406973	0.136367
7491.35116553	0.135637
7493.33826133	0.136680
7495.32535713	0.134509
7497.31245293	0.134063
7499.29954873	0.134130
7501.28664453	0.134983
7503.27374033	0.135057
7505.26083613	0.133507
7507.24793193	0.134815
7509.23502773	0.131484
7511.22212353	0.131539
7513.20921933	0.133244
7515.19631513	0.135132
7517.18341093	0.132159
7519.17050673	0.127234
7521.15760253	0.127908
7523.14469833	0.127914
7525.13179413	0.127489
7527.11888993	0.129132
7529.10598573	0.130313
7531.09308153	0.130157
7533.08017733	0.128299
7535.06727313	0.126258
7537.05436893	0.127079
7539.04146473	0.123293
7541.02856053	0.122839
7543.01565633	0.122386
7545.00275213	0.121933
7546.98984793	0.121479
7548.97694373	0.121026
7550.96403953	0.120573
7552.95113533	0.120120
7554.93823113	0.119666
7556.92532693	0.119213
7558.91242273	0.118760
7560.89951853	0.118306
7562.88661433	0.117853
7564.87371013	0.117400
7566.86080593	0.116947
7568.84790173	0.116493
7570.83499753	0.116040
7572.82209333	0.115587
7574.80918913	0.115134
7576.79628493	0.114680
7578.78338073	0.114227
7580.77047653	0.113774
7582.75757233	0.113774
7584.74466813	0.113256
7586.73176393	0.109909
7588.71885972	0.112136
7590.70595552	0.114670
7592.69305132	0.111484
7594.68014712	0.109422
7596.66724292	0.106510
7598.65433872	0.107262
7600.64143452	0.107704
7602.62853032	0.107207
7604.61562612	0.109360
7606.60272192	0.108944
7608.58981772	0.108548
7610.57691352	0.106040
7612.56400932	0.107325
7614.55110512	0.106771
7616.53820092	0.108105
7618.52529672	0.112241
7620.51239252	0.110039
7622.49948832	0.108617
7624.48658412	0.109788
7626.47367992	0.109970
7628.46077572	0.110835
7630.44787152	0.111491
7632.43496732	0.111858
7634.42206312	0.115341
7636.40915892	0.115936
7638.39625472	0.117022
7640.38335052	0.118087
7642.37044632	0.118229
7644.35754212	0.118348
7646.34463792	0.117132
7648.33173372	0.119876
7650.31882952	0.119940
7652.30592532	0.121361
7654.29302112	0.122408
7656.28011692	0.120949
7658.26721272	0.120808
7660.25430852	0.125143
7662.24140432	0.129996
7664.22850012	0.129779
7666.21559592	0.132436
7668.20269172	0.130065
7670.18978752	0.130024
7672.17688332	0.136992
7674.16397912	0.138097
7676.15107492	0.138341
7678.13817072	0.141149
7680.12526652	0.144354
7682.11236232	0.144121
7684.09945812	0.146109
7686.08655392	0.149462
7688.07364972	0.151593
7690.06074552	0.153809
7692.04784132	0.157338
7694.03493712	0.160216
7696.02203292	0.159420
7698.00912872	0.161733
7699.99622452	0.161057
7701.98332032	0.157084
7703.97041612	0.157176
7705.95751192	0.161786
7707.94460772	0.167006
7709.93170352	0.165780
7711.91879932	0.162493
7713.90589512	0.161942
7715.89299092	0.164425
7717.88008672	0.165207
7719.86718252	0.165052
7721.85427832	0.167975
7723.84137412	0.164493
7725.82846992	0.163703
7727.81556572	0.169286
7729.80266152	0.173147
7731.78975732	0.174340
7733.77685312	0.173876
7735.76394892	0.175234
7737.75104472	0.174385
7739.73814052	0.176229
7741.72523632	0.179042
7743.71233212	0.179928
7745.69942792	0.179545
7747.68652371	0.174422
7749.67361951	0.172665
7751.66071531	0.172913
7753.64781111	0.172804
7755.63490691	0.172608
7757.62200271	0.173272
7759.60909851	0.173000
7761.59619431	0.172721
7763.58329011	0.171890
7765.57038591	0.171528
7767.55748171	0.171182
7769.54457751	0.168542
7771.53167331	0.172043
7773.51876911	0.177833
7775.50586491	0.176929
7777.49296071	0.179018
7779.48005651	0.176860
7781.46715231	0.174911
7783.45424811	0.173813
7785.44134391	0.173905
7787.42843971	0.173961
7789.41553551	0.173784
7791.40263131	0.178520
7793.38972711	0.179338
7795.37682291	0.180129
7797.36391871	0.186114
7799.35101451	0.182794
7801.33811031	0.183623
7803.32520611	0.182855
7805.31230191	0.180339
7807.29939771	0.178730
7809.28649351	0.177093
7811.27358931	0.178084
7813.26068511	0.177004
7815.24778091	0.177104
7817.23487671	0.172873
7819.22197251	0.172711
7821.20906831	0.171838
7823.19616411	0.167705
7825.18325991	0.167684
7827.17035571	0.170121
7829.15745151	0.172210
7831.14454731	0.172219
7833.13164311	0.171189
7835.11873891	0.170022
7837.10583471	0.172545
7839.09293051	0.173755
7841.08002631	0.171941
7843.06712211	0.170926
7845.05421791	0.167514
7847.04131371	0.166607
7849.02840951	0.168704
7851.01550531	0.166640
7853.00260111	0.161919
7854.98969691	0.159898
7856.97679271	0.164281
7858.96388851	0.161790
7860.95098431	0.161549
7862.93808011	0.160903
7864.92517591	0.159077
7866.91227171	0.158935
7868.89936751	0.159254
7870.88646331	0.158602
7872.87355911	0.155230
7874.86065491	0.153485
7876.84775071	0.153952
7878.83484651	0.154119
7880.82194231	0.154615
7882.80903811	0.157061
7884.79613391	0.156582
7886.78322971	0.154783
7888.77032551	0.154792
7890.75742131	0.154278
7892.74451711	0.152730
7894.73161291	0.153293
7896.71870871	0.156632
7898.70580451	0.155963
7900.69290031	0.154221
7902.67999611	0.152675
7904.66709191	0.150069
7906.65418771	0.146040
7908.6412835	0.145999
7910.6283793	0.149896
7912.6154751	0.150168
7914.6025709	0.146587
7916.5896667	0.144835
7918.5767625	0.140292
7920.5638583	0.135566
7922.5509541	0.137891
7924.5380499	0.141266
7926.5251457	0.141360
7928.5122415	0.139275
7930.4993373	0.138485
7932.4864331	0.139095
7934.4735289	0.139904
7936.4606247	0.140389
7938.4477205	0.137342
7940.4348163	0.137732
7942.4219121	0.136858
7944.4090079	0.134358
7946.3961037	0.133102
7948.3831995	0.132790
7950.3702953	0.134852
7952.3573911	0.135260
7954.3444869	0.133923
7956.3315827	0.134815
7958.3186785	0.135580
7960.3057743	0.139729
7962.2928701	0.137587
7964.2799659	0.133736
7966.2670617	0.130158
7968.2541575	0.130099
7970.2412533	0.130061
7972.2283491	0.133344
7974.2154449	0.130038
7976.2025407	0.126077
7978.1896365	0.125054
7980.1767323	0.124092
7982.1638281	0.125594
7984.1509239	0.125758
7986.1380197	0.123460
7988.1251155	0.125265
7990.1122113	0.125089
7992.0993071	0.120610
7994.0864029	0.121333
7996.0734987	0.123898
7998.0605945	0.125885
8000.0476903	0.125892
8002.0347861	0.124638
8004.0218819	0.124106
8006.0089777	0.124428
8007.9960735	0.124490
8009.9831693	0.125105
8011.9702651	0.123435
8013.9573609	0.125790
8015.9444567	0.122334
8017.9315525	0.120270
8019.9186483	0.118572
8021.9057441	0.118225
8023.8928399	0.117536
8025.8799357	0.116798
8027.8670315	0.116735
8029.8541273	0.118569
8031.8412231	0.118526
8033.8283189	0.115207
8035.8154147	0.118029
8037.8025105	0.118951
8039.7896063	0.118981
8041.7767021	0.121049
8043.7637979	0.121909
8045.7508937	0.120760
8047.7379895	0.119827
8049.7250853	0.121008
8051.7121811	0.121514
8053.6992769	0.122901
8055.6863727	0.123081
8057.6734685	0.119398
8059.6605643	0.116302
8061.6476601	0.117078
8063.6347559	0.117301
8065.6218517	0.115538
8067.60894749	0.115913
8069.59604329	0.116586
8071.58313909	0.113902
8073.57023489	0.114338
8075.55733069	0.113722
8077.54442649	0.110048
8079.53152229	0.109361
8081.51861809	0.107873
8083.50571389	0.105799
8085.49280969	0.107517
8087.47990549	0.108299
8089.46700129	0.107033
8091.45409709	0.102112
8093.44119289	0.102971
8095.42828869	0.103925
8097.41538449	0.102742
8099.40248029	0.105334
8101.38957609	0.108167
8103.37667189	0.109575
8105.36376769	0.110776
8107.35086349	0.111535
8109.33795929	0.109651
8111.32505509	0.107385
8113.31215089	0.110274
8115.29924669	0.112480
8117.28634249	0.112259
8119.27343829	0.113083
8121.26053409	0.112008
8123.24762989	0.106798
8125.23472569	0.109574
8127.22182149	0.110140
8129.20891729	0.110775
8131.19601309	0.110966
8133.18310889	0.110790
8135.17020469	0.109507
8137.15730049	0.106043
8139.14439629	0.110499
8141.13149209	0.107087
8143.11858789	0.106149
8145.10568369	0.107787
8147.09277949	0.106755
8149.07987529	0.110713
8151.06697109	0.113236
8153.05406689	0.112497
8155.04116269	0.112738
8157.02825849	0.114744
8159.01535429	0.114027
8161.00245009	0.116460
8162.98954589	0.118265
8164.97664169	0.119518
8166.96373749	0.121302
8168.95083329	0.117991
8170.93792909	0.113766
8172.92502489	0.106488
8174.91212069	0.103034
8176.89921649	0.106999
8178.88631229	0.116026
8180.87340809	0.122359
8182.86050389	0.125522
8184.84759969	0.125675
8186.83469549	0.120393
8188.82179129	0.115569
8190.80888709	0.114808
8192.79598289	0.117525
8194.78307869	0.121473
8196.77017449	0.123763
8198.75727029	0.122558
8200.74436609	0.117487
8202.73146189	0.111673
8204.71855769	0.110945
8206.70565349	0.115751
8208.69274929	0.117893
8210.67984509	0.115759
8212.66694089	0.110668
8214.65403669	0.109886
8216.64113249	0.112050
8218.62822829	0.111371
8220.61532409	0.109421
8222.60241989	0.108291
8224.58951569	0.109904
8226.57661149	0.111527
8228.56370728	0.113153
8230.55080308	0.111231
8232.53789888	0.108220
8234.52499468	0.111369
8236.51209048	0.113783
8238.49918628	0.112860
8240.48628208	0.113342
8242.47337788	0.113467
8244.46047368	0.109690
8246.44756948	0.108898
8248.43466528	0.109433
8250.42176108	0.108190
8252.40885688	0.104237
8254.39595268	0.103318
8256.38304848	0.101500
8258.37014428	0.0994437
8260.35724008	0.100462
8262.34433588	0.0998310
8264.33143168	0.0948016
8266.31852748	0.0932049
8268.30562328	0.0923109
8270.29271908	0.0889511
8272.27981488	0.0885800
8274.26691068	0.0857425
8276.25400648	0.0846585
8278.24110228	0.0830575
8280.22819808	0.0796960
8282.21529388	0.0802074
8284.20238968	0.0774367
8286.18948548	0.0726865
8288.17658128	0.0747966
8290.16367708	0.0773382
8292.15077288	0.0733688
8294.13786868	0.0729919
8296.12496448	0.0725662
8298.11206028	0.0723593
8300.09915608	0.0746371
8302.08625188	0.0760923
8304.07334768	0.0721698
8306.06044348	0.0705023
8308.04753928	0.0709950
8310.03463508	0.0722053
8312.02173088	0.0725497
8314.00882668	0.0699131
8315.99592248	0.0691731
8317.98301828	0.0692982
8319.97011408	0.0673568
8321.95720988	0.0707349
8323.94430568	0.0705814
8325.93140148	0.0693699
8327.91849728	0.0744341
8329.90559308	0.0729249
8331.89268888	0.0700101
8333.87978468	0.0718329
8335.86688048	0.0725237
8337.85397628	0.0717178
8339.84107208	0.0721106
8341.82816788	0.0724877
8343.81526368	0.0714264
8345.80235948	0.0748701
8347.78945528	0.0835496
8349.77655108	0.0838535
8351.76364688	0.0862278
8353.75074268	0.0888874
8355.73783848	0.0872664
8357.72493428	0.0920874
8359.71203008	0.0961458
8361.69912588	0.0966660
8363.68622168	0.0979597
8365.67331748	0.103721
8367.66041328	0.106254
8369.64750908	0.108500
8371.63460488	0.110992
8373.62170068	0.114778
8375.60879648	0.119685
8377.59589228	0.120869
8379.58298808	0.120908
8381.57008388	0.123238
8383.55717968	0.126692
8385.54427548	0.128310
8387.53137127	0.133254
8389.51846707	0.134236
8391.50556287	0.134283
8393.49265867	0.140238
8395.47975447	0.145101
8397.46685027	0.142659
8399.45394607	0.144283
8401.44104187	0.149453
8403.42813767	0.154259
8405.41523347	0.158481
8407.40232927	0.159829
8409.38942507	0.165288
8411.37652087	0.162933
8413.36361667	0.161161
8415.35071247	0.165504
8417.33780827	0.163760
8419.32490407	0.164786
8421.31199987	0.167674
8423.29909567	0.168516
8425.28619147	0.168385
8427.27328727	0.165424
8429.26038307	0.166471
8431.24747887	0.166192
8433.23457467	0.166644
8435.22167047	0.160315
8437.20876627	0.161411
8439.19586207	0.161954
8441.18295787	0.162715
8443.17005367	0.163347
8445.15714947	0.163596
8447.14424527	0.159066
8449.13134107	0.156766
8451.11843687	0.160563
8453.10553267	0.159819
8455.09262847	0.159022
8457.07972427	0.155333
8459.06682007	0.159794
8461.05391587	0.165536
8463.04101167	0.163169
8465.02810747	0.165383
8467.01520327	0.166770
8469.00229907	0.168826
8470.98939487	0.169751
8472.97649067	0.170121
8474.96358647	0.169206
8476.95068227	0.172411
8478.93777807	0.178559
8480.92487387	0.182373
8482.91196967	0.179924
8484.89906547	0.182067
8486.88616127	0.183537
8488.87325707	0.187776
8490.86035287	0.192982
8492.84744867	0.197496
8494.83454447	0.199562
8496.82164027	0.199695
8498.80873607	0.202148
8500.79583187	0.203175
8502.78292767	0.208575
8504.77002347	0.215686
8506.75711927	0.218581
8508.74421507	0.222928
8510.73131087	0.225312
8512.71840667	0.231329
8514.70550247	0.237622
8516.69259827	0.245863
8518.67969407	0.252698
8520.66678987	0.255839
8522.65388567	0.258545
8524.64098147	0.269718
8526.62807727	0.270915
8528.61517307	0.274090
8530.60226887	0.282789
8532.58936467	0.289162
8534.57646047	0.291778
8536.56355627	0.291106
8538.55065207	0.293644
8540.53774787	0.293820
8542.52484367	0.299915
8544.51193947	0.303856
8546.49903526	0.307759
8548.48613106	0.310334
8550.47322686	0.309459
8552.46032266	0.315906
8554.44741846	0.324779
8556.43451426	0.333710
8558.42161006	0.343017
8560.40870586	0.345746
8562.39580166	0.347859
8564.38289746	0.353384
8566.36999326	0.359348
8568.35708906	0.363472
8570.34418486	0.365533
8572.33128066	0.366843
8574.31837646	0.371683
8576.30547226	0.374456
8578.29256806	0.375696
8580.27966386	0.376730
8582.26675966	0.379658
8584.25385546	0.381592
8586.24095126	0.389666
8588.22804706	0.383073
8590.21514286	0.372237
8592.20223866	0.380707
8594.18933446	0.387503
8596.17643026	0.386501
8598.16352606	0.387177
8600.15062186	0.391873
8602.13771766	0.390407
8604.12481346	0.388246
8606.11190926	0.389326
8608.09900506	0.394025
8610.08610086	0.401591
8612.07319666	0.405256
8614.06029246	0.407702
8616.04738826	0.414157
8618.03448406	0.416513
8620.02157986	0.420110
8622.00867566	0.420796
8623.99577146	0.418921
8625.98286726	0.409450
8627.96996306	0.408758
8629.95705886	0.413897
8631.94415466	0.411881
8633.93125046	0.407837
8635.91834626	0.405167
8637.90544206	0.408659
8639.89253786	0.411500
8641.87963366	0.409243
8643.86672946	0.407217
8645.85382526	0.403061
8647.84092106	0.405198
8649.82801686	0.402767
8651.81511266	0.402734
8653.80220846	0.404982
8655.78930426	0.405671
8657.77640006	0.405576
8659.76349586	0.404852
8661.75059166	0.410245
8663.73768746	0.406342
8665.72478326	0.404637
8667.71187906	0.402706
8669.69897486	0.411341
8671.68607066	0.403188
8673.67316646	0.410814
8675.66026226	0.416339
8677.64735806	0.411242
8679.63445386	0.404120
8681.62154966	0.401433
8683.60864546	0.401017
8685.59574126	0.404743
8687.58283706	0.403594
8689.56993286	0.398381
8691.55702866	0.392517
8693.54412446	0.390718
8695.53122026	0.381333
8697.51831606	0.379219
8699.50541186	0.377626
8701.49250766	0.377526
8703.47960346	0.378389
8705.46669926	0.382558
8707.45379505	0.384289
8709.44089085	0.382061
8711.42798665	0.375701
8713.41508245	0.378564
8715.40217825	0.375707
8717.38927405	0.369541
8719.37636985	0.364097
8721.36346565	0.362109
8723.35056145	0.363512
8725.33765725	0.352686
8727.32475305	0.342073
8729.31184885	0.352968
8731.29894465	0.365027
8733.28604045	0.357764
8735.27313625	0.355129
8737.26023205	0.350272
8739.24732785	0.345572
8741.23442365	0.347622
8743.22151945	0.335022
8745.20861525	0.326210
8747.19571105	0.326874
8749.18280685	0.329432
8751.16990265	0.329580
8753.15699845	0.329150
8755.14409425	0.334959
8757.13119005	0.331536
8759.11828585	0.330266
8761.10538165	0.327178
8763.09247745	0.320515
8765.07957325	0.322830
8767.06666905	0.325419
8769.05376485	0.314866
8771.04086065	0.315802
8773.02795645	0.320314
8775.01505225	0.315167
8777.00214805	0.310155
8778.98924385	0.305957
8780.97633965	0.303719
8782.96343545	0.298160
8784.95053125	0.291387
8786.93762705	0.290927
8788.92472285	0.291025
8790.91181865	0.285882
8792.89891445	0.284408
8794.88601025	0.286676
8796.87310605	0.280430
8798.86020185	0.275493
8800.84729765	0.272917
8802.83439345	0.269112
8804.82148925	0.264385
8806.80858505	0.264242
8808.79568085	0.271583
8810.78277665	0.269287
8812.76987245	0.265751
8814.75696825	0.261211
8816.74406405	0.259080
8818.73115985	0.260751
8820.71825565	0.255911
8822.70535145	0.254343
8824.69244725	0.254182
8826.67954305	0.251227
8828.66663885	0.245698
8830.65373465	0.250877
8832.64083045	0.246620
8834.62792625	0.239379
8836.61502205	0.242185
8838.60211785	0.249345
8840.58921365	0.241100
8842.57630945	0.239745
8844.56340525	0.240756
8846.55050105	0.233951
8848.53759685	0.232363
8850.52469265	0.231536
8852.51178845	0.230487
8854.49888425	0.225353
8856.48598005	0.221466
8858.47307585	0.219678
8860.46017165	0.216319
8862.44726745	0.218923
8864.43436325	0.211950
8866.42145904	0.207742
8868.40855484	0.211206
8870.39565064	0.213132
8872.38274644	0.211113
8874.36984224	0.204847
8876.35693804	0.205011
8878.34403384	0.202647
8880.33112964	0.201851
8882.31822544	0.203915
8884.30532124	0.201481
8886.29241704	0.203371
8888.27951284	0.204028
8890.26660864	0.196764
8892.25370444	0.190609
8894.24080024	0.194277
8896.22789604	0.195987
8898.21499184	0.195107
8900.20208764	0.188557
8902.18918344	0.188551
8904.17627924	0.190309
8906.16337504	0.188825
8908.15047084	0.187235
8910.13756664	0.191647
8912.12466244	0.185809
8914.11175824	0.184289
8916.09885404	0.185340
8918.08594984	0.186146
8920.07304564	0.185561
8922.06014144	0.180103
8924.04723724	0.178223
8926.03433304	0.180778
8928.02142884	0.176538
8930.00852464	0.173464
8931.99562044	0.169921
8933.98271624	0.172174
8935.96981204	0.176893
8937.95690784	0.177571
8939.94400364	0.178563
8941.93109944	0.175100
8943.91819524	0.174263
8945.90529104	0.178813
8947.89238684	0.177455
8949.87948264	0.172848
8951.86657844	0.176475
8953.85367424	0.180445
8955.84077004	0.173990
8957.82786584	0.171832
8959.81496164	0.173482
8961.80205744	0.173330
8963.78915324	0.173115
8965.77624904	0.173441
8967.76334484	0.172568
8969.75044064	0.170108
8971.73753644	0.174333
8973.72463224	0.174406
8975.71172804	0.175352
8977.69882384	0.173041
8979.68591964	0.172753
8981.67301544	0.178263
8983.66011124	0.173862
8985.64720704	0.176418
8987.63430284	0.176293
8989.62139864	0.182477
8991.60849444	0.186746
8993.59559024	0.182037
8995.58268604	0.181324
8997.56978184	0.181612
8999.55687764	0.184001
9001.54397344	0.183074
9003.53106924	0.178528
9005.51816504	0.178080
9007.50526084	0.183361
9009.49235664	0.180652
9011.47945244	0.173965
9013.46654824	0.175270
9015.45364404	0.178248
9017.44073984	0.175979
9019.42783564	0.170443
9021.41493144	0.169088
9023.40202724	0.168203
9025.38912304	0.163854
9027.37621883	0.164472
9029.36331463	0.166304
9031.35041043	0.163925
9033.33750623	0.165807
9035.32460203	0.162564
9037.31169783	0.163491
9039.29879363	0.161327
9041.28588943	0.157904
9043.27298523	0.163178
9045.26008103	0.163817
9047.24717683	0.160279
9049.23427263	0.156466
9051.22136843	0.155243
9053.20846423	0.157759
9055.19556003	0.152873
9057.18265583	0.151562
9059.16975163	0.147850
9061.15684743	0.142321
9063.14394323	0.148400
9065.13103903	0.150092
9067.11813483	0.152546
9069.10523063	0.152860
9071.09232643	0.150557
9073.07942223	0.148218
9075.06651803	0.152620
9077.05361383	0.149543
9079.04070963	0.145994
9081.02780543	0.148629
9083.01490123	0.150502
9085.00199703	0.153047
9086.98909283	0.154492
9088.97618863	0.151330
9090.96328443	0.154218
9092.95038023	0.154933
9094.93747603	0.146712
9096.92457183	0.145801
9098.91166763	0.148613
9100.89876343	0.152484
9102.88585923	0.150956
9104.87295503	0.152384
9106.86005083	0.152256
9108.84714663	0.150430
9110.83424243	0.147296
9112.82133823	0.146602
9114.80843403	0.146158
9116.79552983	0.146045
9118.78262563	0.154286
9120.76972143	0.159536
9122.75681723	0.162692
9124.74391303	0.164181
9126.73100883	0.165410
9128.71810463	0.172391
