3400.91446149	0.0037624182
3402.85187989	0.016130930
3404.7892983	0.034770519
3406.7267167	0.022593141
3408.66413511	0.018506499
3410.60155351	0.021452749
3412.53897192	0.016512917
3414.47639032	0.0064692539
3416.41380873	0.016676903
3418.35122713	0.026137941
3420.28864554	0.027469011
3422.22606394	0.025025830
3424.16348235	0.018420931
3426.10090075	0.018960189
3428.03831916	0.023861833
3429.97573756	0.023171756
3431.91315597	0.016469330
3433.85057437	0.014703405
3435.78799277	0.022775790
3437.72541118	0.025405953
3439.66282958	0.028845435
3441.60024799	0.035200939
3443.53766639	0.037102818
3445.4750848	0.035086066
3447.4125032	0.032268189
3449.34992161	0.031356487
3451.28734001	0.030802680
3453.22475842	0.028837467
3455.16217682	0.035503343
3457.09959523	0.034698483
3459.03701363	0.022361230
3460.97443204	0.020935407
3462.91185044	0.025228441
3464.84926885	0.031493727
3466.78668725	0.031098165
3468.72410566	0.026959691
3470.66152406	0.026952920
3472.59894247	0.028850827
3474.53636087	0.025076684
3476.47377928	0.025632886
3478.41119768	0.029325100
3480.34861609	0.027435424
3482.28603449	0.021610901
3484.2234529	0.021905977
3486.1608713	0.025353987
3488.09828971	0.023744093
3490.03570811	0.024506591
3491.97312652	0.023492921
3493.91054492	0.025246335
3495.84796333	0.023097148
3497.78538173	0.019754784
3499.72280014	0.024125401
3501.66021854	0.025148362
3503.59763695	0.020339735
3505.53505535	0.021271557
3507.47247376	0.027436454
3509.40989216	0.027128287
3511.34731057	0.025966283
3513.28472897	0.027612325
3515.22214737	0.025087018
3517.15956578	0.019654579
3519.09698418	0.020290520
3521.03440259	0.022059429
3522.97182099	0.023996368
3524.9092394	0.025437856
3526.8466578	0.022780273
3528.78407621	0.023180097
3530.72149461	0.025135573
3532.65891302	0.028922891
3534.59633142	0.028351942
3536.53374983	0.025075315
3538.47116823	0.024732091
3540.40858664	0.022729624
3542.34600504	0.026643049
3544.28342345	0.030603763
3546.22084185	0.032462142
3548.15826026	0.031169262
3550.09567866	0.025449615
3552.03309707	0.025353678
3553.97051547	0.026962915
3555.90793388	0.023597265
3557.84535228	0.022292838
3559.78277069	0.026875811
3561.72018909	0.027658274
3563.6576075	0.027852202
3565.5950259	0.027116956
3567.53244431	0.023830839
3569.46986271	0.020063348
3571.40728112	0.025682544
3573.34469952	0.032805286
3575.28211793	0.027621295
3577.21953633	0.026061820
3579.15695474	0.028297536
3581.09437314	0.027476132
3583.03179155	0.024523428
3584.96920995	0.026633270
3586.90662836	0.034477144
3588.84404676	0.030788165
3590.78146517	0.027410220
3592.71888357	0.025393983
3594.65630197	0.026092250
3596.59372038	0.026124556
3598.53113878	0.022247901
3600.46855719	0.026854089
3602.40597559	0.028019723
3604.343394	0.027258750
3606.2808124	0.031526070
3608.21823081	0.029084641
3610.15564921	0.025314426
3612.09306762	0.025292175
3614.03048602	0.027502544
3615.96790443	0.023662232
3617.90532283	0.019818870
3619.84274124	0.022969292
3621.78015964	0.024224471
3623.71757805	0.026561836
3625.65499645	0.027600853
3627.59241486	0.025679290
3629.52983326	0.027473550
3631.46725167	0.029856086
3633.40467007	0.027913744
3635.34208848	0.020431740
3637.27950688	0.018381022
3639.21692529	0.024342014
3641.15434369	0.024770049
3643.0917621	0.020257400
3645.0291805	0.021585280
3646.96659891	0.024281489
3648.90401731	0.021414781
3650.84143572	0.020868119
3652.77885412	0.020721164
3654.71627253	0.016782790
3656.65369093	0.016322136
3658.59110934	0.020911513
3660.52852774	0.024015233
3662.46594615	0.021554699
3664.40336455	0.019665362
3666.34078296	0.022321802
3668.27820136	0.022863518
3670.21561977	0.022569986
3672.15303817	0.020554701
3674.09045658	0.017496943
3676.02787498	0.023144267
3677.96529338	0.027182667
3679.90271179	0.025010368
3681.84013019	0.020297337
3683.7775486	0.017216885
3685.714967	0.023008943
3687.65238541	0.023626035
3689.58980381	0.019939309
3691.52722222	0.023237370
3693.46464062	0.025726967
3695.40205903	0.025228925
3697.33947743	0.024198381
3699.27689584	0.022221945
3701.21431424	0.019492840
3703.15173265	0.019244924
3705.08915105	0.020144437
3707.02656946	0.016478639
3708.96398786	0.015560011
3710.90140627	0.017809456
3712.83882467	0.019821772
3714.77624308	0.021553459
3716.71366148	0.019631060
3718.65107989	0.018287433
3720.58849829	0.016190466
3722.5259167	0.014710847
3724.4633351	0.014856770
3726.40075351	0.017860347
3728.33817191	0.027003119
3730.27559032	0.030835014
3732.21300872	0.027147017
3734.15042713	0.022912394
3736.08784553	0.019306744
3738.02526394	0.016357122
3739.96268234	0.014324434
3741.90010075	0.013563444
3743.83751915	0.011630881
3745.77493756	0.0088801989
3747.71235596	0.013387998
3749.64977437	0.017306041
3751.58719277	0.016908702
3753.52461118	0.017507270
3755.46202958	0.015843736
3757.39944798	0.014554452
3759.33686639	0.012861574
3761.27428479	0.017241944
3763.2117032	0.018225849
3765.1491216	0.015355358
3767.08654001	0.016288850
3769.02395841	0.014010537
3770.96137682	0.013039301
3772.89879522	0.014094871
3774.83621363	0.014236152
3776.77363203	0.013821585
3778.71105044	0.014034420
3780.64846884	0.015731944
3782.58588725	0.014150256
3784.52330565	0.0099941045
3786.46072406	0.012592639
3788.39814246	0.015482210
3790.33556087	0.012597419
3792.27297927	0.017022386
3794.21039768	0.018887453
3796.14781608	0.015535188
3798.08523449	0.018263001
3800.02265289	0.020443015
3801.9600713	0.017588967
3803.8974897	0.017558729
3805.83490811	0.020846641
3807.77232651	0.021915482
3809.70974492	0.021417633
3811.64716332	0.020025905
3813.58458173	0.022862479
3815.52200013	0.024859367
3817.45941854	0.019780714
3819.39683694	0.018420316
3821.33425535	0.022676798
3823.27167375	0.022839108
3825.20909216	0.021946819
3827.14651056	0.025699055
3829.08392897	0.028342512
3831.02134737	0.028576793
3832.95876578	0.027693028
3834.89618418	0.029804036
3836.83360258	0.032554641
3838.77102099	0.030955594
3840.70843939	0.028914411
3842.6458578	0.030203063
3844.5832762	0.031682685
3846.52069461	0.032993801
3848.45811301	0.035376918
3850.39553142	0.038232896
3852.33294982	0.037806116
3854.27036823	0.035531662
3856.20778663	0.039916720
3858.14520504	0.046223998
3860.08262344	0.046084620
3862.02004185	0.046783276
3863.95746025	0.048354216
3865.89487866	0.047585979
3867.83229706	0.047511104
3869.76971547	0.050003219
3871.70713387	0.053538959
3873.64455228	0.056838222
3875.58197068	0.053838473
3877.51938909	0.056662899
3879.45680749	0.059505880
3881.3942259	0.058112163
3883.3316443	0.060550373
3885.26906271	0.061600171
3887.20648111	0.061749615
3889.14389952	0.057997819
3891.08131792	0.061142553
3893.01873633	0.069596633
3894.95615473	0.068751238
3896.89357314	0.065171838
3898.83099154	0.069129810
3900.76840995	0.072064944
3902.70582835	0.068024814
3904.64324676	0.068761207
3906.58066516	0.072014436
3908.51808357	0.069061890
3910.45550197	0.072971582
3912.39292038	0.076426663
3914.33033878	0.070660718
3916.26775718	0.070542417
3918.20517559	0.075734012
3920.14259399	0.078310616
3922.0800124	0.080980815
3924.0174308	0.080524370
3925.95484921	0.075370386
3927.89226761	0.073611796
3929.82968602	0.077768393
3931.76710442	0.078480102
3933.70452283	0.078902259
3935.64194123	0.082702257
3937.57935964	0.084804751
3939.51677804	0.089138873
3941.45419645	0.087741427
3943.39161485	0.087279171
3945.32903326	0.086034365
3947.26645166	0.081015103
3949.20387007	0.086250715
3951.14128847	0.094417013
3953.07870688	0.089642517
3955.01612528	0.095577754
3956.95354369	0.10036378
3958.89096209	0.10287812
3960.8283805	0.10234082
3962.7657989	0.10326332
3964.70321731	0.10151959
3966.64063571	0.10303801
3968.57805412	0.10500672
3970.51547252	0.10221758
3972.45289093	0.10721984
3974.39030933	0.11237568
3976.32772774	0.11466088
3978.26514614	0.11626608
3980.20256455	0.11356935
3982.13998295	0.11418907
3984.07740136	0.11386971
3986.01481976	0.11905641
3987.95223817	0.12359355
3989.88965657	0.12199827
3991.82707498	0.12520790
3993.76449338	0.12215322
3995.70191178	0.11356898
3997.63933019	0.11899054
3999.57674859	0.12381205
4001.514167	0.12582316
4003.4515854	0.12548672
4005.38900381	0.12041673
4007.32642221	0.11670564
4009.26384062	0.11995301
4011.20125902	0.12656395
4013.13867743	0.12436414
4015.07609583	0.12024759
4017.01351424	0.12153032
4018.95093264	0.12637471
4020.88835105	0.13098171
4022.82576945	0.12964483
4024.76318786	0.12817678
4026.70060626	0.12187687
4028.63802467	0.11626976
4030.57544307	0.12064981
4032.51286148	0.12603803
4034.45027988	0.12635835
4036.38769829	0.12253483
4038.32511669	0.12279820
4040.2625351	0.12212545
4042.1999535	0.11911013
4044.13737191	0.12111104
4046.07479031	0.12213439
4048.01220872	0.11735974
4049.94962712	0.11683329
4051.88704553	0.11372568
4053.82446393	0.11411791
4055.76188234	0.11575690
4057.69930074	0.11560662
4059.63671915	0.10945736
4061.57413755	0.10683315
4063.51155596	0.10915282
4065.44897436	0.11066701
4067.38639277	0.10861340
4069.32381117	0.099031247
4071.26122958	0.097618416
4073.19864798	0.099788293
4075.13606638	0.10163353
4077.07348479	0.098192044
4079.01090319	0.10154082
4080.9483216	0.096582711
4082.88574	0.092519976
4084.82315841	0.10311312
4086.76057681	0.10201155
4088.69799522	0.099804446
4090.63541362	0.10430387
4092.57283203	0.10797253
4094.51025043	0.10542451
4096.44766884	0.10491908
4098.38508724	0.10417186
4100.32250565	0.10207617
4102.25992405	0.10469136
4104.19734246	0.10504651
4106.13476086	0.10844254
4108.07217927	0.10115404
4110.00959767	0.099238068
4111.94701608	0.10235280
4113.88443448	0.10464486
4115.82185289	0.10039648
4117.75927129	0.097177520
4119.6966897	0.097922601
4121.6341081	0.091868617
4123.57152651	0.092633113
4125.50894491	0.093629628
4127.44636332	0.096084990
4129.38378172	0.091183856
4131.32120013	0.097229265
4133.25861853	0.094478227
4135.19603694	0.097233094
4137.13345534	0.097378723
4139.07087375	0.096260436
4141.00829215	0.096359544
4142.94571056	0.090082914
4144.88312896	0.091825113
4146.82054737	0.095144615
4148.75796577	0.095824011
4150.69538418	0.092723794
4152.63280258	0.095434606
4154.57022098	0.091675334
4156.50763939	0.093328953
4158.44505779	0.097372569
4160.3824762	0.098615482
4162.3198946	0.095969662
4164.25731301	0.096362337
4166.19473141	0.093826503
4168.13214982	0.096991859
4170.06956822	0.089470446
4172.00698663	0.089702107
4173.94440503	0.093812652
4175.88182344	0.089682266
4177.81924184	0.088398337
4179.75666025	0.090429500
4181.69407865	0.088412650
4183.63149706	0.083604395
4185.56891546	0.081825227
4187.50633387	0.082023226
4189.44375227	0.079877019
4191.38117068	0.080361895
4193.31858908	0.078081034
4195.25600749	0.079258278
4197.19342589	0.079458602
4199.1308443	0.080230907
4201.0682627	0.080443971
4203.00568111	0.083128914
4204.94309951	0.082966253
4206.88051792	0.084434174
4208.81793632	0.080820821
4210.75535473	0.079815686
4212.69277313	0.088797875
4214.63019154	0.090704933
4216.56760994	0.086263753
4218.50502835	0.086735569
4220.44244675	0.086217828
4222.37986516	0.085857391
4224.31728356	0.088888772
4226.25470197	0.088190958
4228.19212037	0.086716004
4230.12953878	0.087033570
4232.06695718	0.088942826
4234.00437558	0.082972489
4235.94179399	0.081958629
4237.87921239	0.086951412
4239.8166308	0.088050418
4241.7540492	0.090379424
4243.69146761	0.090990312
4245.62888601	0.092368729
4247.56630442	0.094276860
4249.50372282	0.094021820
4251.44114123	0.093011536
4253.37855963	0.090474948
4255.31597804	0.087939590
4257.25339644	0.092402868
4259.19081485	0.094822973
4261.12823325	0.093471251
4263.06565166	0.094784029
4265.00307006	0.094214201
4266.94048847	0.091871284
4268.87790687	0.090667456
4270.81532528	0.091868132
4272.75274368	0.091429412
4274.69016209	0.090197429
4276.62758049	0.089957803
4278.5649989	0.089157447
4280.5024173	0.085131481
4282.43983571	0.082010023
4284.37725411	0.085518591
4286.31467252	0.084252506
4288.25209092	0.082218282
4290.18950933	0.084577598
4292.12692773	0.085546732
4294.06434614	0.083003007
4296.00176454	0.087923340
4297.93918295	0.085821554
4299.87660135	0.081010245
4301.81401976	0.079415105
4303.75143816	0.079662703
4305.68885657	0.081778273
4307.62627497	0.077887416
4309.56369338	0.081767842
4311.50111178	0.081734404
4313.43853018	0.087518901
4315.37594859	0.081415378
4317.31336699	0.085261248
4319.2507854	0.084094420
4321.1882038	0.076736286
4323.12562221	0.080511607
4325.06304061	0.077464692
4327.00045902	0.076603718
4328.93787742	0.078491069
4330.87529583	0.079652086
4332.81271423	0.076235689
4334.75013264	0.073770896
4336.68755104	0.079532377
4338.62496945	0.079805955
4340.56238785	0.087121233
4342.49980626	0.086157896
4344.43722466	0.083574452
4346.37464307	0.082455710
4348.31206147	0.085225098
4350.24947988	0.085811816
4352.18689828	0.083084688
4354.12431669	0.082942441
4356.06173509	0.082890280
4357.9991535	0.090664975
4359.9365719	0.094818980
4361.87399031	0.094291717
4363.81140871	0.091206543
4365.74882712	0.090017863
4367.68624552	0.096050113
4369.62366393	0.089332931
4371.56108233	0.086835608
4373.49850074	0.091309465
4375.43591914	0.090016313
4377.37333755	0.095987909
4379.31075595	0.094566531
4381.24817436	0.096929394
4383.18559276	0.10276850
4385.12301117	0.097434208
4387.06042957	0.095508717
4388.99784798	0.093589962
4390.93526638	0.097980857
4392.87268479	0.096169353
4394.81010319	0.095911689
4396.74752159	0.099507518
4398.68494	0.094399400
4400.6223584	0.096662737
4402.55977681	0.092965476
4404.49719521	0.091814809
4406.43461362	0.093467869
4408.37203202	0.093897238
4410.30945043	0.099040121
4412.24686883	0.096764348
4414.18428724	0.096832938
4416.12170564	0.097806916
4418.05912405	0.097117245
4419.99654245	0.095548302
4421.93396086	0.095740430
4423.87137926	0.092924058
4425.80879767	0.092200078
4427.74621607	0.090566933
4429.68363448	0.091731720
4431.62105288	0.091155805
4433.55847129	0.095507234
4435.49588969	0.091193751
4437.4333081	0.088553160
4439.3707265	0.092521094
4441.30814491	0.098091371
4443.24556331	0.10317796
4445.18298172	0.10190991
4447.12040012	0.096546657
4449.05781853	0.10333154
4450.99523693	0.11009913
4452.93265534	0.10679980
4454.87007374	0.10214100
4456.80749215	0.10005882
4458.74491055	0.10754556
4460.68232896	0.10466890
4462.61974736	0.10726383
4464.55716577	0.11369992
4466.49458417	0.11141378
4468.43200258	0.11733149
4470.36942098	0.11909250
4472.30683939	0.12180810
4474.24425779	0.12544176
4476.18167619	0.12236013
4478.1190946	0.12528497
4480.056513	0.12975571
4481.99393141	0.13383749
4483.93134981	0.13411164
4485.86876822	0.13786340
4487.80618662	0.13771634
4489.74360503	0.13746333
4491.68102343	0.13565639
4493.61844184	0.13556035
4495.55586024	0.14801328
4497.49327865	0.14916003
4499.43069705	0.14658982
4501.36811546	0.14794867
4503.30553386	0.14843971
4505.24295227	0.15366736
4507.18037067	0.15707541
4509.11778908	0.16217484
4511.05520748	0.16246709
4512.99262589	0.16339266
4514.93004429	0.16444759
4516.8674627	0.16497692
4518.8048811	0.16530024
4520.74229951	0.16115718
4522.67971791	0.16008458
4524.61713632	0.16628081
4526.55455472	0.17415106
4528.49197313	0.17001569
4530.42939153	0.16616198
4532.36680994	0.16455853
4534.30422834	0.16646601
4536.24164675	0.16706538
4538.17906515	0.17069973
4540.11648356	0.17741504
4542.05390196	0.17966156
4543.99132037	0.18290576
4545.92873877	0.17657408
4547.86615718	0.17172895
4549.80357558	0.17556864
4551.74099399	0.18878396
4553.67841239	0.18890581
4555.61583079	0.18931131
4557.5532492	0.19301850
4559.4906676	0.19426085
4561.42808601	0.19411957
4563.36550441	0.19281261
4565.30292282	0.18890107
4567.24034122	0.19251782
4569.17775963	0.19188096
4571.11517803	0.19093184
4573.05259644	0.20072816
4574.99001484	0.20121421
4576.92743325	0.20325625
4578.86485165	0.20046096
4580.80227006	0.20547277
4582.73968846	0.20353456
4584.67710687	0.20991296
4586.61452527	0.20638901
4588.55194368	0.20768724
4590.48936208	0.20726275
4592.42678049	0.20328104
4594.36419889	0.20060365
4596.3016173	0.20656963
4598.2390357	0.21573941
4600.17645411	0.20794614
4602.11387251	0.21049437
4604.05129092	0.20594609
4605.98870932	0.21174860
4607.92612773	0.21988228
4609.86354613	0.22505003
4611.80096454	0.22445306
4613.73838294	0.22223319
4615.67580135	0.21100087
4617.61321975	0.21413970
4619.55063816	0.21188594
4621.48805656	0.22266723
4623.42547497	0.21963674
4625.36289337	0.21431659
4627.30031178	0.21801153
4629.23773018	0.23752989
4631.17514859	0.22749257
4633.11256699	0.21954712
4635.04998539	0.22162162
4636.9874038	0.22149551
4638.9248222	0.22488894
4640.86224061	0.22460805
4642.79965901	0.21517648
4644.73707742	0.22155632
4646.67449582	0.22050302
4648.61191423	0.22196621
4650.54933263	0.21647935
4652.48675104	0.21507987
4654.42416944	0.22892708
4656.36158785	0.22080860
4658.29900625	0.21286196
4660.23642466	0.20844977
4662.17384306	0.21635211
4664.11126147	0.21322590
4666.04867987	0.21563940
4667.98609828	0.21429093
4669.92351668	0.21402791
4671.86093509	0.21550563
4673.79835349	0.21574444
4675.7357719	0.22016348
4677.6731903	0.21214172
4679.61060871	0.20978536
4681.54802711	0.21391727
4683.48544552	0.21247703
4685.42286392	0.21657662
4687.36028233	0.21128948
4689.29770073	0.21426892
4691.23511914	0.21225142
4693.17253754	0.21345223
4695.10995595	0.21668774
4697.04737435	0.21157677
4698.98479276	0.20696600
4700.92221116	0.20454594
4702.85962957	0.20761940
4704.79704797	0.20624088
4706.73446638	0.20340870
4708.67188478	0.19969068
4710.60930319	0.19532666
4712.54672159	0.19652659
4714.48413999	0.19543272
4716.4215584	0.19382460
4718.3589768	0.19464228
4720.29639521	0.19326839
4722.23381361	0.18900757
4724.17123202	0.18920681
4726.10865042	0.18525302
4728.04606883	0.18081644
4729.98348723	0.18046144
4731.92090564	0.17881034
4733.85832404	0.18602414
4735.79574245	0.18400493
4737.73316085	0.17815407
4739.67057926	0.18340808
4741.60799766	0.18054843
4743.54541607	0.17507531
4745.48283447	0.17728001
4747.42025288	0.16963053
4749.35767128	0.16386266
4751.29508969	0.16814572
4753.23250809	0.17103863
4755.1699265	0.17235157
4757.1073449	0.16594592
4759.04476331	0.16201793
4760.98218171	0.16018741
4762.91960012	0.15994915
4764.85701852	0.16266216
4766.79443693	0.15990885
4768.73185533	0.16040693
4770.66927374	0.15959573
4772.60669214	0.15858778
4774.54411055	0.15667745
4776.48152895	0.15311423
4778.41894736	0.15594532
4780.35636576	0.15029623
4782.29378417	0.14746268
4784.23120257	0.14582369
4786.16862098	0.14895301
4788.10603938	0.15353769
4790.04345779	0.14030030
4791.98087619	0.13937454
4793.91829459	0.14363118
4795.855713	0.14478184
4797.7931314	0.13706329
4799.73054981	0.13594738
4801.66796821	0.13554531
4803.60538662	0.13304864
4805.54280502	0.14157057
4807.48022343	0.14019881
4809.41764183	0.13196996
4811.35506024	0.12913606
4813.29247864	0.13036476
4815.22989705	0.12274868
4817.16731545	0.12440039
4819.10473386	0.12589550
4821.04215226	0.12379624
4822.97957067	0.12680602
4824.91698907	0.12354993
4826.85440748	0.12187558
4828.79182588	0.12325951
4830.72924429	0.12066466
4832.66666269	0.12157709
4834.6040811	0.12593906
4836.5414995	0.12078790
4838.47891791	0.11340988
4840.41633631	0.12063591
4842.35375472	0.12177023
4844.29117312	0.12176386
4846.22859153	0.12137659
4848.16600993	0.12870605
4850.10342834	0.12524492
4852.04084674	0.13055421
4853.97826515	0.13093008
4855.91568355	0.13372856
4857.85310196	0.12876454
4859.79052036	0.13143471
4861.72793877	0.14490603
4863.66535717	0.15222448
4865.60277558	0.14467992
4867.54019398	0.13815913
4869.47761239	0.13603769
4871.41503079	0.13234265
4873.35244919	0.13183191
4875.2898676	0.13088566
4877.227286	0.13536391
4879.16470441	0.13892710
4881.10212281	0.14144373
4883.03954122	0.14452207
4884.97695962	0.14698246
4886.91437803	0.14348044
4888.85179643	0.15043178
4890.78921484	0.14976934
4892.72663324	0.15293716
4894.66405165	0.15865365
4896.60147005	0.16357858
4898.53888846	0.16592282
4900.47630686	0.17118256
4902.41372527	0.17438826
4904.35114367	0.17783104
4906.28856208	0.18475549
4908.22598048	0.18432617
4910.16339889	0.18384644
4912.10081729	0.18780436
4914.0382357	0.19311073
4915.9756541	0.19809386
4917.91307251	0.19902867
4919.85049091	0.21011186
4921.78790932	0.21134652
4923.72532772	0.21584168
4925.66274613	0.22143236
4927.60016453	0.22953713
4929.53758294	0.22923735
4931.47500134	0.22619574
4933.41241975	0.23471729
4935.34983815	0.23409404
4937.28725656	0.23486628
4939.22467496	0.23890024
4941.16209337	0.24729973
4943.09951177	0.24741209
4945.03693018	0.24774940
4946.97434858	0.24645914
4948.91176699	0.25503621
4950.84918539	0.25648701
4952.78660379	0.25196883
4954.7240222	0.26104406
4956.6614406	0.26556686
4958.59885901	0.25858721
4960.53627741	0.26067561
4962.47369582	0.26248699
4964.41111422	0.26496568
4966.34853263	0.26825401
4968.28595103	0.26582202
4970.22336944	0.27130789
4972.16078784	0.27629361
4974.09820625	0.27266267
4976.03562465	0.27005911
4977.97304306	0.27332389
4979.91046146	0.27126169
4981.84787987	0.26700369
4983.78529827	0.26535720
4985.72271668	0.26591086
4987.66013508	0.26161808
4989.59755349	0.25616151
4991.53497189	0.26128036
4993.4723903	0.26334336
4995.4098087	0.25628090
4997.34722711	0.24738266
4999.28464551	0.23761047
5001.22206392	0.23831153
5003.15948232	0.23570313
5005.09690073	0.22713232
5007.03431913	0.22783332
5008.97173754	0.22854392
5010.90915594	0.22873035
5012.84657435	0.22367294
5014.78399275	0.20941430
5016.72141116	0.20130892
5018.65882956	0.19662711
5020.59624797	0.19458769
5022.53366637	0.19255057
5024.47108478	0.19148268
5026.40850318	0.18651651
5028.34592159	0.18541542
5030.28333999	0.18226278
5032.22075839	0.18258655
5034.1581768	0.18350974
5036.0955952	0.17383245
5038.03301361	0.17848670
5039.97043201	0.18079132
5041.90785042	0.17384137
5043.84526882	0.17314179
5045.78268723	0.17478600
5047.72010563	0.17901646
5049.65752404	0.17967941
5051.59494244	0.17861360
5053.53236085	0.17774421
5055.46977925	0.18063696
5057.40719766	0.18213680
5059.34461606	0.18402244
5061.28203447	0.18614422
5063.21945287	0.18492326
5065.15687128	0.18904482
5067.09428968	0.19113873
5069.03170809	0.19097896
5070.96912649	0.19640936
5072.9065449	0.20092842
5074.8439633	0.19632711
5076.78138171	0.19528355
5078.71880011	0.19774114
5080.65621852	0.20061830
5082.59363692	0.20060585
5084.53105533	0.19977301
5086.46847373	0.20394148
5088.40589214	0.20457506
5090.34331054	0.20287354
5092.28072895	0.21025091
5094.21814735	0.22000493
5096.15556576	0.21928515
5098.09298416	0.21482131
5100.03040257	0.21568622
5101.96782097	0.21878824
5103.90523938	0.22098830
5105.84265778	0.21854167
5107.78007619	0.21300802
5109.71749459	0.21710125
5111.654913	0.22265601
5113.5923314	0.21684739
5115.5297498	0.21743044
5117.46716821	0.21629237
5119.40458661	0.21587782
5121.34200502	0.22805543
5123.27942342	0.22749458
5125.21684183	0.22592781
5127.15426023	0.22604989
5129.09167864	0.22752531
5131.02909704	0.22636534
5132.96651545	0.22702914
5134.90393385	0.23081280
5136.84135226	0.23471630
5138.77877066	0.23524739
5140.71618907	0.23585013
5142.65360747	0.23129240
5144.59102588	0.22924115
5146.52844428	0.23190999
5148.46586269	0.23892145
5150.40328109	0.23888524
5152.3406995	0.22688222
5154.2781179	0.22915891
5156.21553631	0.23361853
5158.15295471	0.22898178
5160.09037312	0.22961262
5162.02779152	0.23809300
5163.96520993	0.24018356
5165.90262833	0.23681122
5167.84004674	0.24446788
5169.77746514	0.24661161
5171.71488355	0.23792215
5173.65230195	0.23661982
5175.58972036	0.23936500
5177.52713876	0.24097031
5179.46455717	0.23874283
5181.40197557	0.23294063
5183.33939398	0.23061401
5185.27681238	0.23498408
5187.21423079	0.23486692
5189.15164919	0.23931663
5191.0890676	0.24431057
5193.026486	0.24477445
5194.9639044	0.23918188
5196.90132281	0.23445433
5198.83874121	0.24138579
5200.77615962	0.24717452
5202.71357802	0.24849789
5204.65099643	0.25353423
5206.58841483	0.24949835
5208.52583324	0.24691139
5210.46325164	0.25281560
5212.40067005	0.25308424
5214.33808845	0.25288287
5216.27550686	0.25592566
5218.21292526	0.26387200
5220.15034367	0.26450121
5222.08776207	0.26764122
5224.02518048	0.26946118
5225.96259888	0.27158085
5227.90001729	0.26786897
5229.83743569	0.27021319
5231.7748541	0.27374530
5233.7122725	0.27380499
5235.64969091	0.27731383
5237.58710931	0.27884594
5239.52452772	0.27967235
5241.46194612	0.28474855
5243.39936453	0.28099456
5245.33678293	0.28252488
5247.27420134	0.28862569
5249.21161974	0.29039738
5251.14903815	0.28948867
5253.08645655	0.28629011
5255.02387496	0.28749627
5256.96129336	0.29126859
5258.89871177	0.29500186
5260.83613017	0.29225960
5262.77354858	0.29333979
5264.71096698	0.30079830
5266.64838539	0.30238056
5268.58580379	0.30541268
5270.5232222	0.30487993
5272.4606406	0.30025032
5274.398059	0.30397215
5276.33547741	0.31134903
5278.27289581	0.31603739
5280.21031422	0.31508431
5282.14773262	0.31811324
5284.08515103	0.32368490
5286.02256943	0.31753701
5287.95998784	0.31451681
5289.89740624	0.31942153
5291.83482465	0.32363832
5293.77224305	0.33033150
5295.70966146	0.32486981
5297.64707986	0.32609203
5299.58449827	0.33382511
5301.52191667	0.33585745
5303.45933508	0.33432251
5305.39675348	0.33220002
5307.33417189	0.34110343
5309.27159029	0.34008673
5311.2090087	0.33752698
5313.1464271	0.34325820
5315.08384551	0.34231633
5317.02126391	0.34734479
5318.95868232	0.34778285
5320.89610072	0.34659785
5322.83351913	0.34429049
5324.77093753	0.33990973
5326.70835594	0.34225971
5328.64577434	0.35086796
5330.58319275	0.34722897
5332.52061115	0.34514996
5334.45802956	0.34649205
5336.39544796	0.34240997
5338.33286637	0.34486806
5340.27028477	0.34640720
5342.20770318	0.34927410
5344.14512158	0.35149053
5346.08253999	0.34950590
5348.01995839	0.34699470
5349.9573768	0.34841746
5351.8947952	0.34705546
5353.8322136	0.34766948
5355.76963201	0.35074860
5357.70705041	0.34860048
5359.64446882	0.34700307
5361.58188722	0.34301773
5363.51930563	0.34301665
5365.45672403	0.34850478
5367.39414244	0.34357166
5369.33156084	0.34130520
5371.26897925	0.34175575
5373.20639765	0.34168133
5375.14381606	0.34271899
5377.08123446	0.34483990
5379.01865287	0.34315503
5380.95607127	0.33407649
5382.89348968	0.33088914
5384.83090808	0.33291796
5386.76832649	0.33656296
5388.70574489	0.34543163
5390.6431633	0.35120767
5392.5805817	0.35295099
5394.51800011	0.34569326
5396.45541851	0.33972135
5398.39283692	0.33413580
5400.33025532	0.33168057
5402.26767373	0.34137717
5404.20509213	0.34902155
5406.14251054	0.34882954
5408.07992894	0.34646904
5410.01734735	0.34698421
5411.95476575	0.35100248
5413.89218416	0.35553274
5415.82960256	0.36387417
5417.76702097	0.36717790
5419.70443937	0.36656526
5421.64185778	0.37110654
5423.57927618	0.37192315
5425.51669459	0.37110072
5427.45411299	0.37290314
5429.3915314	0.37580004
5431.3289498	0.37648699
5433.2663682	0.37849829
5435.20378661	0.38523588
5437.14120501	0.38722587
5439.07862342	0.38719866
5441.01604182	0.38536164
5442.95346023	0.38734075
5444.89087863	0.39372337
5446.82829704	0.39103964
5448.76571544	0.39254466
5450.70313385	0.40418839
5452.64055225	0.40750548
5454.57797066	0.40159756
5456.51538906	0.40268657
5458.45280747	0.40652579
5460.39022587	0.40972111
5462.32764428	0.41617000
5464.26506268	0.41939640
5466.20248109	0.41930011
5468.13989949	0.41367701
5470.0773179	0.40951395
5472.0147363	0.41095129
5473.95215471	0.41914588
5475.88957311	0.42297077
5477.82699152	0.41905004
5479.76440992	0.41741127
5481.70182833	0.41707203
5483.63924673	0.42371497
5485.57666514	0.42096502
5487.51408354	0.40470901
5489.45150195	0.40416157
5491.38892035	0.41225162
5493.32633876	0.41074362
5495.26375716	0.40751454
5497.20117557	0.40311754
5499.13859397	0.40937948
5501.07601238	0.41865855
5503.01343078	0.40476385
5504.95084919	0.39159858
5506.88826759	0.39649937
5508.825686	0.39574960
5510.7631044	0.39193183
5512.7005228	0.39587128
5514.63794121	0.40004718
5516.57535961	0.39475077
5518.51277802	0.38636085
5520.45019642	0.38997310
5522.38761483	0.39037940
5524.32503323	0.38881728
5526.26245164	0.39149278
5528.19987004	0.38683408
5530.13728845	0.38075364
5532.07470685	0.38371432
5534.01212526	0.39087063
5535.94954366	0.39251459
5537.88696207	0.38588336
5539.82438047	0.37786028
5541.76179888	0.37561753
5543.69921728	0.38212371
5545.63663569	0.39427570
5547.57405409	0.39416772
5549.5114725	0.38782150
5551.4488909	0.38977453
5553.38630931	0.39387673
5555.32372771	0.39340386
5557.26114612	0.39606494
5559.19856452	0.39450815
5561.13598293	0.39035249
5563.07340133	0.39373669
5565.01081974	0.39187452
5566.94823814	0.38994235
5568.88565655	0.39562735
5570.82307495	0.39754155
5572.76049336	0.39516917
5574.69791176	0.39848945
5576.63533017	0.39764127
5578.57274857	0.39329273
5580.51016698	0.39261422
5582.44758538	0.38221589
5584.38500379	0.37558851
5586.32242219	0.38099259
5588.2598406	0.38674745
5590.197259	0.38159567
5592.1346774	0.37513793
5594.07209581	0.37892485
5596.00951421	0.37651959
5597.94693262	0.37475735
5599.88435102	0.37660387
5601.82176943	0.37297258
5603.75918783	0.36170447
5605.69660624	0.35099950
5607.63402464	0.35852647
5609.57144305	0.36113349
5611.50886145	0.35045406
5613.44627986	0.34626362
5615.38369826	0.34690830
5617.32111667	0.34473976
5619.25853507	0.33742693
5621.19595348	0.32343632
5623.13337188	0.31530675
5625.07079029	0.31169078
5627.00820869	0.30276257
5628.9456271	0.29572469
5630.8830455	0.29532927
5632.82046391	0.28628990
5634.75788231	0.27304682
5636.69530072	0.26374024
5638.63271912	0.25438011
5640.57013753	0.25147161
5642.50755593	0.24623613
5644.44497434	0.23355792
5646.38239274	0.22332498
5648.31981115	0.21723957
5650.25722955	0.21102762
5652.19464796	0.20435268
5654.13206636	0.20137051
5656.06948477	0.20021439
5658.00690317	0.19854093
5659.94432158	0.19214143
5661.88173998	0.18389907
5663.81915839	0.18370713
5665.75657679	0.18189253
5667.6939952	0.17498115
5669.6314136	0.17598478
5671.568832	0.17516133
5673.50625041	0.16796184
5675.44366881	0.16579051
5677.38108722	0.15970044
5679.31850562	0.16004944
5681.25592403	0.16711189
5683.19334243	0.17341068
5685.13076084	0.17164548
5687.06817924	0.17024022
5689.00559765	0.17733285
5690.94301605	0.17961860
5692.88043446	0.18413609
5694.81785286	0.18419282
5696.75527127	0.18447937
5698.69268967	0.18574776
5700.63010808	0.19076665
5702.56752648	0.20064995
5704.50494489	0.20196137
5706.44236329	0.20568834
5708.3797817	0.21509261
5710.3172001	0.21920891
5712.25461851	0.21357143
5714.19203691	0.21759520
5716.12945532	0.22969159
5718.06687372	0.23487872
5720.00429213	0.23499863
5721.94171053	0.24371165
5723.87912894	0.25652978
5725.81654734	0.25954562
5727.75396575	0.25640714
5729.69138415	0.26365387
5731.62880256	0.27265182
5733.56622096	0.27920708
5735.50363937	0.28194261
5737.44105777	0.28637731
5739.37847618	0.29912442
5741.31589458	0.30436346
5743.25331299	0.30996808
5745.19073139	0.31917390
5747.1281498	0.32017928
5749.0655682	0.31955364
5751.0029866	0.31955636
5752.94040501	0.33104071
5754.87782341	0.33917704
5756.81524182	0.34299347
5758.75266022	0.35139847
5760.69007863	0.36291093
5762.62749703	0.36511335
5764.56491544	0.37501192
5766.50233384	0.38749632
5768.43975225	0.38381228
5770.37717065	0.38204721
5772.31458906	0.39222589
5774.25200746	0.40715989
5776.18942587	0.41631737
5778.12684427	0.41170469
5780.06426268	0.39833406
5782.00168108	0.39344183
5783.93909949	0.39964053
5785.87651789	0.41466230
5787.8139363	0.43103427
5789.7513547	0.43865469
5791.68877311	0.44453463
5793.62619151	0.44587627
5795.56360992	0.44728148
5797.50102832	0.44531190
5799.43844673	0.45111749
5801.37586513	0.46875826
5803.31328354	0.47700736
5805.25070194	0.47241992
5807.18812035	0.47578433
5809.12553875	0.48029301
5811.06295716	0.47287184
5813.00037556	0.47485593
5814.93779397	0.48188454
5816.87521237	0.48959169
5818.81263078	0.49212384
5820.75004918	0.48695141
5822.68746759	0.48917696
5824.62488599	0.49536937
5826.5623044	0.50234747
5828.4997228	0.50432032
5830.43714121	0.50157267
5832.37455961	0.49522683
5834.31197801	0.49963516
5836.24939642	0.50259805
5838.18681482	0.49801132
5840.12423323	0.49537653
5842.06165163	0.49534461
5843.99907004	0.49831861
5845.93648844	0.49918431
5847.87390685	0.49354723
5849.81132525	0.48461172
5851.74874366	0.48051858
5853.68616206	0.49054125
5855.62358047	0.48940134
5857.56099887	0.49277300
5859.49841728	0.48657754
5861.43583568	0.48390034
5863.37325409	0.49447495
5865.31067249	0.48813236
5867.2480909	0.48495427
5869.1855093	0.48073140
5871.12292771	0.48758173
5873.06034611	0.49258786
5874.99776452	0.49930909
5876.93518292	0.49537620
5878.87260133	0.48831505
5880.81001973	0.48978081
5882.74743814	0.50506490
5884.68485654	0.49650428
5886.62227495	0.48516166
5888.55969335	0.48132759
5890.49711176	0.46014616
5892.43453016	0.42481810
5894.37194857	0.43201417
5896.30936697	0.44076303
5898.24678538	0.44156080
5900.18420378	0.45287901
5902.12162219	0.46288076
5904.05904059	0.48146510
5905.996459	0.48348248
5907.9338774	0.47347003
5909.87129581	0.48815036
5911.80871421	0.48625675
5913.74613261	0.48383969
5915.68355102	0.49459222
5917.62096942	0.48973331
5919.55838783	0.48297307
5921.49580623	0.48901448
5923.43322464	0.48414731
5925.37064304	0.48592973
5927.30806145	0.48789749
5929.24547985	0.47751838
5931.18289826	0.47567695
5933.12031666	0.47083470
5935.05773507	0.47875333
5936.99515347	0.48008233
5938.93257188	0.47619393
5940.86999028	0.48261034
5942.80740869	0.48175365
5944.74482709	0.47827563
5946.6822455	0.46970636
5948.6196639	0.46926314
5950.55708231	0.46838620
5952.49450071	0.46355024
5954.43191912	0.46241215
5956.36933752	0.46135950
5958.30675593	0.46188459
5960.24417433	0.45309296
5962.18159274	0.45100889
5964.11901114	0.45074144
5966.05642955	0.45116594
5967.99384795	0.44966015
5969.93126636	0.44906834
5971.86868476	0.44941100
5973.80610317	0.45008427
5975.74352157	0.44343382
5977.68093998	0.43637663
5979.61835838	0.43041804
5981.55577679	0.42820412
5983.49319519	0.43208739
5985.4306136	0.42506850
5987.368032	0.42044064
5989.30545041	0.42789319
5991.24286881	0.42409021
5993.18028721	0.41402218
5995.11770562	0.41791022
5997.05512402	0.41819817
5998.99254243	0.40982190
6000.92996083	0.40823853
6002.86737924	0.40467152
6004.80479764	0.39977211
6006.74221605	0.40156016
6008.67963445	0.41213667
6010.61705286	0.40814835
6012.55447126	0.40270650
6014.49188967	0.40438420
6016.42930807	0.40535066
6018.36672648	0.41157249
6020.30414488	0.40559706
6022.24156329	0.41244921
6024.17898169	0.40531489
6026.1164001	0.39965072
6028.0538185	0.40470925
6029.99123691	0.40460759
6031.92865531	0.39621651
6033.86607372	0.40356436
6035.80349212	0.40241331
6037.74091053	0.39747635
6039.67832893	0.39727557
6041.61574734	0.41244817
6043.55316574	0.41269305
6045.49058415	0.40726182
6047.42800255	0.41049746
6049.36542096	0.40794227
6051.30283936	0.40213495
6053.24025777	0.40885743
6055.17767617	0.40418947
6057.11509458	0.40341175
6059.05251298	0.41647786
6060.98993139	0.41306320
6062.92734979	0.40362269
6064.8647682	0.39592114
6066.8021866	0.40620276
6068.73960501	0.41137487
6070.67702341	0.41047761
6072.61444181	0.39301795
6074.55186022	0.39846861
6076.48927862	0.40201262
6078.42669703	0.39848933
6080.36411543	0.39692181
6082.30153384	0.38726705
6084.23895224	0.37713277
6086.17637065	0.39699531
6088.11378905	0.39145309
6090.05120746	0.38073215
6091.98862586	0.38903061
6093.92604427	0.39213824
6095.86346267	0.38699079
6097.80088108	0.38996208
6099.73829948	0.38708735
6101.67571789	0.38796964
6103.61313629	0.38902321
6105.5505547	0.39107168
6107.4879731	0.38691565
6109.42539151	0.38469705
6111.36280991	0.39529830
6113.30022832	0.40614620
6115.23764672	0.39562663
6117.17506513	0.38967827
6119.11248353	0.40184510
6121.04990194	0.39652678
6122.98732034	0.39765331
6124.92473875	0.41001210
6126.86215715	0.40645963
6128.79957556	0.40059483
6130.73699396	0.41400069
6132.67441237	0.40580580
6134.61183077	0.40544605
6136.54924918	0.42165074
6138.48666758	0.42380911
6140.42408599	0.41432121
6142.36150439	0.40921581
6144.2989228	0.40992820
6146.2363412	0.41603103
6148.17375961	0.42373040
6150.11117801	0.42496228
6152.04859641	0.41918233
6153.98601482	0.41898972
6155.92343322	0.42089862
6157.86085163	0.42989811
6159.79827003	0.43068114
6161.73568844	0.42579490
6163.67310684	0.42189562
6165.61052525	0.43084234
6167.54794365	0.41913351
6169.48536206	0.41956401
6171.42278046	0.40783039
6173.36019887	0.40009290
6175.29761727	0.39786491
6177.23503568	0.41208977
6179.17245408	0.40395540
6181.10987249	0.40283421
6183.04729089	0.41312256
6184.9847093	0.40855768
6186.9221277	0.40958282
6188.85954611	0.40268156
6190.79696451	0.39603215
6192.73438292	0.37770444
6194.67180132	0.38718173
6196.60921973	0.37903646
6198.54663813	0.37517074
6200.48405654	0.38479584
6202.42147494	0.37539959
6204.35889335	0.37044576
6206.29631175	0.36957622
6208.23373016	0.37026998
6210.17114856	0.37660670
6212.10856697	0.38242298
6214.04598537	0.37391809
6215.98340378	0.36144826
6217.92082218	0.36309388
6219.85824059	0.35656568
6221.79565899	0.36516848
6223.7330774	0.36020970
6225.6704958	0.35509163
6227.60791421	0.35532072
6229.54533261	0.35065982
6231.48275101	0.35488686
6233.42016942	0.35491353
6235.35758782	0.35479215
6237.29500623	0.35081857
6239.23242463	0.35670257
6241.16984304	0.35088423
6243.10726144	0.34823152
6245.04467985	0.34816217
6246.98209825	0.34864402
6248.91951666	0.35979623
6250.85693506	0.36380672
6252.79435347	0.34906068
6254.73177187	0.34583366
6256.66919028	0.34902740
6258.60660868	0.35260445
6260.54402709	0.36095792
6262.48144549	0.36352721
6264.4188639	0.35052842
6266.3562823	0.33640015
6268.29370071	0.33568403
6270.23111911	0.33912578
6272.16853752	0.34518972
6274.10595592	0.33812886
6276.04337433	0.34618685
6277.98079273	0.33869109
6279.91821114	0.34183854
6281.85562954	0.34540164
6283.79304795	0.32824296
6285.73046635	0.31550840
6287.66788476	0.31282502
6289.60530316	0.31181377
6291.54272157	0.32882598
6293.48013997	0.33647737
6295.41755838	0.33788645
6297.35497678	0.33515981
6299.29239519	0.33959243
6301.22981359	0.35472831
6303.167232	0.35655555
6305.1046504	0.34239990
6307.04206881	0.35613316
6308.97948721	0.35746482
6310.91690561	0.35383141
6312.85432402	0.35021228
6314.79174242	0.34724635
6316.72916083	0.34666312
6318.66657923	0.35332298
6320.60399764	0.34237552
6322.54141604	0.35040590
6324.47883445	0.35789058
6326.41625285	0.34381470
6328.35367126	0.35541651
6330.29108966	0.34021327
6332.22850807	0.35532498
6334.16592647	0.35700864
6336.10334488	0.34499684
6338.04076328	0.35554561
6339.97818169	0.36670271
6341.91560009	0.36611241
6343.8530185	0.36870840
6345.7904369	0.36396775
6347.72785531	0.37482965
6349.66527371	0.36825675
6351.60269212	0.36621693
6353.54011052	0.36351845
6355.47752893	0.37358242
6357.41494733	0.35264218
6359.35236574	0.35895997
6361.28978414	0.36926219
6363.22720255	0.37245217
6365.16462095	0.37246430
6367.10203936	0.36760679
6369.03945776	0.37506649
6370.97687617	0.38258788
6372.91429457	0.36684844
6374.85171298	0.36979884
6376.78913138	0.37795341
6378.72654979	0.36939526
6380.66396819	0.36462274
6382.6013866	0.36088958
6384.538805	0.36765972
6386.47622341	0.37731981
6388.41364181	0.36660650
6390.35106021	0.37068433
6392.28847862	0.38109437
6394.22589702	0.37839666
6396.16331543	0.37118137
6398.10073383	0.36880568
6400.03815224	0.36895785
6401.97557064	0.36218664
6403.91298905	0.35327533
6405.85040745	0.35470933
6407.78782586	0.36791486
6409.72524426	0.35737231
6411.66266267	0.35665926
6413.60008107	0.35810640
6415.53749948	0.35537457
6417.47491788	0.34640718
6419.41233629	0.33854625
6421.34975469	0.33129936
6423.2871731	0.31822354
6425.2245915	0.32334879
6427.16200991	0.31743941
6429.09942831	0.31337035
6431.03684672	0.30986604
6432.97426512	0.30862620
6434.91168353	0.30653113
6436.84910193	0.30048591
6438.78652034	0.30601144
6440.72393874	0.29476008
6442.66135715	0.29419845
6444.59877555	0.29310912
6446.53619396	0.28820792
6448.47361236	0.27585858
6450.41103077	0.27893484
6452.34844917	0.27531043
6454.28586758	0.26378220
6456.22328598	0.25536621
6458.16070439	0.26874378
6460.09812279	0.28302848
6462.0355412	0.27705672
6463.9729596	0.27025542
6465.91037801	0.27706891
6467.84779641	0.27294344
6469.78521481	0.27269053
6471.72263322	0.27857888
6473.66005162	0.28757143
6475.59747003	0.28413823
6477.53488843	0.28441378
6479.47230684	0.28111142
6481.40972524	0.28728727
6483.34714365	0.29387328
6485.28456205	0.29136074
6487.22198046	0.29967993
6489.15939886	0.31274456
6491.09681727	0.31034958
6493.03423567	0.31562716
6494.97165408	0.32129058
6496.90907248	0.32114539
6498.84649089	0.32598265
6500.78390929	0.33081992
6502.7213277	0.33565719
6504.6587461	0.34049446
6506.59616451	0.34533173
6508.53358291	0.35016899
6510.47100132	0.35500626
6512.40841972	0.35984353
6514.34583813	0.36468080
6516.28325653	0.36468080
6518.22067494	0.37414244
6520.15809334	0.36784372
6522.09551175	0.36667371
6524.03293015	0.37345546
6525.97034856	0.37226710
6527.90776696	0.37397754
6529.84518537	0.36540103
6531.78260377	0.35621887
6533.72002218	0.37900683
6535.65744058	0.39199927
6537.59485899	0.39696568
6539.53227739	0.40543875
6541.4696958	0.41860408
6543.4071142	0.42689067
6545.34453261	0.42480046
6547.28195101	0.43001845
6549.21936942	0.42660338
6551.15678782	0.43029782
6553.09420622	0.42104521
6555.03162463	0.41860536
6556.96904303	0.42512727
6558.90646144	0.43193680
6560.84387984	0.44934765
6562.78129825	0.46935156
6564.71871665	0.51391703
6566.65613506	0.52419502
6568.59355346	0.49736136
6570.53097187	0.48646301
6572.46839027	0.47501439
6574.40580868	0.48490876
6576.34322708	0.47233433
6578.28064549	0.48436764
6580.21806389	0.49057761
6582.1554823	0.47914499
6584.0929007	0.48238248
6586.03031911	0.50070184
6587.96773751	0.51606774
6589.90515592	0.50736368
6591.84257432	0.49534938
6593.77999273	0.50799334
6595.71741113	0.51977253
6597.65482954	0.52003759
6599.59224794	0.52290004
6601.52966635	0.53213346
6603.46708475	0.52388859
6605.40450316	0.52857667
6607.34192156	0.52572656
6609.27933997	0.52512056
6611.21675837	0.51900411
6613.15417678	0.50494033
6615.09159518	0.51005495
6617.02901359	0.51171392
6618.96643199	0.51735699
6620.9038504	0.53545970
6622.8412688	0.54003149
6624.77868721	0.53403920
6626.71610561	0.53503972
6628.65352402	0.52956760
6630.59094242	0.52291876
6632.52836082	0.52199745
6634.46577923	0.51797891
6636.40319763	0.51770228
6638.34061604	0.50731927
6640.27803444	0.50321490
6642.21545285	0.50359726
6644.15287125	0.49568388
6646.09028966	0.49462837
6648.02770806	0.50033063
6649.96512647	0.48585641
6651.90254487	0.49348590
6653.83996328	0.50182015
6655.77738168	0.50095803
6657.71480009	0.49941903
6659.65221849	0.50643235
6661.5896369	0.50087166
6663.5270553	0.49782777
6665.46447371	0.48337847
6667.40189211	0.47996461
6669.33931052	0.49728784
6671.27672892	0.49336812
6673.21414733	0.47290823
6675.15156573	0.47273877
6677.08898414	0.47310218
6679.02640254	0.47646743
6680.96382095	0.47668314
6682.90123935	0.48245984
6684.83865776	0.49260539
6686.77607616	0.50874537
6688.71349457	0.51604605
6690.65091297	0.51614916
6692.58833138	0.52528554
6694.52574978	0.51380175
6696.46316819	0.50444859
6698.40058659	0.50510305
6700.338005	0.50645423
6702.2754234	0.50110245
6704.21284181	0.49430043
6706.15026021	0.48768681
6708.08767862	0.48850587
6710.02509702	0.48681155
6711.96251542	0.48649144
6713.89993383	0.47752973
6715.83735223	0.48371649
6717.77477064	0.48808369
6719.71218904	0.49390820
6721.64960745	0.49889395
6723.58702585	0.49719900
6725.52444426	0.50153226
6727.46186266	0.49022114
6729.39928107	0.49740097
6731.33669947	0.50500274
6733.27411788	0.49188477
6735.21153628	0.49784264
6737.14895469	0.48919562
6739.08637309	0.46869749
6741.0237915	0.47156569
6742.9612099	0.48136470
6744.89862831	0.46608505
6746.83604671	0.44697142
6748.77346512	0.46430525
6750.71088352	0.47595102
6752.64830193	0.47614560
6754.58572033	0.47201154
6756.52313874	0.47140610
6758.46055714	0.47346398
6760.39797555	0.47409552
6762.33539395	0.47341508
6764.27281236	0.46741992
6766.21023076	0.46565738
6768.14764917	0.47090986
6770.08506757	0.47117257
6772.02248598	0.46674606
6773.95990438	0.46113592
6775.89732279	0.44801182
6777.83474119	0.43728450
6779.7721596	0.42937273
6781.709578	0.42418358
6783.64699641	0.41718712
6785.58441481	0.41088882
6787.52183322	0.40347391
6789.45925162	0.39059961
6791.39667002	0.39017278
6793.33408843	0.39737964
6795.27150683	0.38626871
6797.20892524	0.38874236
6799.14634364	0.39013302
6801.08376205	0.38511011
6803.02118045	0.38120654
6804.95859886	0.36853141
6806.89601726	0.36648217
6808.83343567	0.37913749
6810.77085407	0.36065638
6812.70827248	0.34522837
6814.64569088	0.35579190
6816.58310929	0.34928304
6818.52052769	0.33917660
6820.4579461	0.33646446
6822.3953645	0.31738898
6824.33278291	0.30713645
6826.27020131	0.30979148
6828.20761972	0.30798739
6830.14503812	0.31185359
6832.08245653	0.30502450
6834.01987493	0.30223987
6835.95729334	0.31146604
6837.89471174	0.30171642
6839.83213015	0.30155030
6841.76954855	0.31405348
6843.70696696	0.30900663
6845.64438536	0.30722985
6847.58180377	0.31695059
6849.51922217	0.32768315
6851.45664058	0.32459798
6853.39405898	0.31759974
6855.33147739	0.32715142
6857.26889579	0.33371660
6859.2063142	0.33146542
6861.1437326	0.32735297
6863.08115101	0.33657825
6865.01856941	0.33785960
6866.95598782	0.33404702
6868.89340622	0.34696537
6870.83082462	0.34380922
6872.76824303	0.34682003
6874.70566143	0.34832367
6876.64307984	0.33918738
6878.58049824	0.34799507
6880.51791665	0.35251328
6882.45533505	0.34511250
6884.39275346	0.34457478
6886.33017186	0.35973069
6888.26759027	0.37254277
6890.20500867	0.37589100
6892.14242708	0.37108532
6894.07984548	0.37251031
6896.01726389	0.38085666
6897.95468229	0.39148006
6899.8921007	0.40658838
6901.8295191	0.40942654
6903.76693751	0.40913782
6905.70435591	0.41486374
6907.64177432	0.42708471
6909.57919272	0.44706076
6911.51661113	0.45097679
6913.45402953	0.46017438
6915.39144794	0.46121630
6917.32886634	0.45735085
6919.26628475	0.45723751
6921.20370315	0.47043967
6923.14112156	0.48371017
6925.07853996	0.48108917
6927.01595837	0.48661986
6928.95337677	0.48610011
6930.89079518	0.47339070
6932.82821358	0.47072515
6934.76563199	0.47514975
6936.70305039	0.47484100
6938.6404688	0.47187781
6940.5778872	0.46971917
6942.51530561	0.48500830
6944.45272401	0.48132506
6946.39014242	0.47630331
6948.32756082	0.48247734
6950.26497922	0.47628152
6952.20239763	0.47737232
6954.13981603	0.50368267
6956.07723444	0.51729888
6958.01465284	0.52290666
6959.95207125	0.52215189
6961.88948965	0.52250522
6963.82690806	0.52625144
6965.76432646	0.52598876
6967.70174487	0.52923226
6969.63916327	0.52531004
6971.57658168	0.52384686
6973.51400008	0.53099293
6975.45141849	0.53891057
6977.38883689	0.56312239
6979.3262553	0.56676906
6981.2636737	0.54719114
6983.20109211	0.54644489
6985.13851051	0.57691425
6987.07592892	0.59072584
6989.01334732	0.57449138
6990.95076573	0.56985104
6992.88818413	0.57085854
6994.82560254	0.58058453
6996.76302094	0.57914877
6998.70043935	0.56922430
7000.63785775	0.55985439
7002.57527616	0.55207092
7004.51269456	0.53933698
7006.45011297	0.54945970
7008.38753137	0.55847353
7010.32494978	0.55164272
7012.26236818	0.55434513
7014.19978659	0.55858874
7016.13720499	0.54870260
7018.0746234	0.53640211
7020.0120418	0.51745808
7021.94946021	0.50362289
7023.88687861	0.50813651
7025.82429702	0.49803254
7027.76171542	0.48782888
7029.69913382	0.48111877
7031.63655223	0.48279673
7033.57397063	0.48822916
7035.51138904	0.48222974
7037.44880744	0.47765365
7039.38622585	0.48058796
7041.32364425	0.47207689
7043.26106266	0.48474827
7045.19848106	0.48975843
7047.13589947	0.47002277
7049.07331787	0.47230795
7051.01073628	0.47609285
7052.94815468	0.47407517
7054.88557309	0.47293252
7056.82299149	0.47525227
7058.7604099	0.48136044
7060.6978283	0.49088168
7062.63524671	0.48123628
7064.57266511	0.47970137
7066.51008352	0.47587344
7068.44750192	0.48992649
7070.38492033	0.50003856
7072.32233873	0.49190962
7074.25975714	0.49462539
7076.19717554	0.50293124
7078.13459395	0.50465965
7080.07201235	0.51014793
7082.00943076	0.51008224
7083.94684916	0.51040518
7085.88426757	0.51264870
7087.82168597	0.50904965
7089.75910438	0.51113766
7091.69652278	0.50866294
7093.63394119	0.49571398
7095.57135959	0.50300711
7097.508778	0.51035964
7099.4461964	0.51192099
7101.38361481	0.50929445
7103.32103321	0.48519433
7105.25845162	0.47297227
7107.19587002	0.47407982
7109.13328842	0.47785959
7111.07070683	0.48516831
7113.00812523	0.48296085
7114.94554364	0.47514626
7116.88296204	0.47619906
7118.82038045	0.48558486
7120.75779885	0.49131599
7122.69521726	0.49058580
7124.63263566	0.48028630
7126.57005407	0.48020253
7128.50747247	0.48158731
7130.44489088	0.48297209
7132.38230928	0.48435687
7134.31972769	0.48574166
7136.25714609	0.48712644
7138.1945645	0.48712644
7140.1319829	0.48797366
7142.06940131	0.49090451
7144.00681971	0.49361899
7145.94423812	0.48335949
7147.88165652	0.47435069
7149.81907493	0.47940195
7151.75649333	0.47420126
7153.69391174	0.46695012
7155.63133014	0.45836872
7157.56874855	0.45974046
7159.50616695	0.46210858
7161.44358536	0.45201543
7163.38100376	0.46619362
7165.31842217	0.48913106
7167.25584057	0.49208295
7169.19325898	0.48967686
7171.13067738	0.50464433
7173.06809579	0.50937957
7175.00551419	0.50912374
7176.9429326	0.50306487
7178.880351	0.48148879
7180.81776941	0.49527991
7182.75518781	0.50902331
7184.69260622	0.49193442
7186.63002462	0.48895702
7188.56744302	0.49774739
7190.50486143	0.49974445
7192.44227983	0.51280600
7194.37969824	0.51609200
7196.31711664	0.51225442
7198.25453505	0.51073241
7200.19195345	0.49931112
7202.12937186	0.49953908
7204.06679026	0.49967092
7206.00420867	0.50702369
7207.94162707	0.51665932
7209.87904548	0.50745511
7211.81646388	0.50887686
7213.75388229	0.51366270
7215.69130069	0.51583958
7217.6287191	0.51425701
7219.5661375	0.50661057
7221.50355591	0.51908582
7223.44097431	0.53223443
7225.37839272	0.53091055
7227.31581112	0.52880895
7229.25322953	0.52545184
7231.19064793	0.53501362
7233.12806634	0.54320693
7235.06548474	0.54608387
7237.00290315	0.55616242
7238.94032155	0.55375022
7240.87773996	0.53925449
7242.81515836	0.52783704
7244.75257677	0.51947683
7246.68999517	0.52432263
7248.62741358	0.54231596
7250.56483198	0.53679347
7252.50225039	0.50815374
7254.43966879	0.49487662
7256.3770872	0.49597561
7258.3145056	0.50380147
7260.25192401	0.51884133
7262.18934241	0.51625144
7264.12676082	0.50709492
7266.06417922	0.51805824
7268.00159763	0.52008754
7269.93901603	0.50916350
7271.87643443	0.52056569
7273.81385284	0.52773422
7275.75127124	0.52386844
7277.68868965	0.53639990
7279.62610805	0.54128778
7281.56352646	0.53649682
7283.50094486	0.52661896
7285.43836327	0.51460266
7287.37578167	0.50631154
7289.31320008	0.49620086
7291.25061848	0.49510464
7293.18803689	0.49743259
7295.12545529	0.50992483
7297.0628737	0.52019233
7299.0002921	0.50911003
7300.93771051	0.50261283
7302.87512891	0.50213075
7304.81254732	0.50524294
7306.74996572	0.51457095
7308.68738413	0.50765383
7310.62480253	0.50297797
7312.56222094	0.51953065
7314.49963934	0.53251314
7316.43705775	0.53028643
7318.37447615	0.53050804
7320.31189456	0.52439332
7322.24931296	0.51096839
7324.18673137	0.51272488
7326.12414977	0.51710343
7328.06156818	0.51376271
7329.99898658	0.50760603
7331.93640499	0.50911802
7333.87382339	0.50837028
7335.8112418	0.50356853
7337.7486602	0.50309199
7339.68607861	0.50828910
7341.62349701	0.49994805
7343.56091542	0.49512872
7345.49833382	0.49976599
7347.43575223	0.49852327
7349.37317063	0.49688283
7351.31058903	0.48798439
7353.24800744	0.50015771
7355.18542584	0.52281624
7357.12284425	0.50863010
7359.06026265	0.49576852
7360.99768106	0.50545800
7362.93509946	0.50870097
7364.87251787	0.50392485
7366.80993627	0.51017052
7368.74735468	0.50675446
7370.68477308	0.49082309
7372.62219149	0.47847098
7374.55960989	0.47954839
7376.4970283	0.49460265
7378.4344467	0.47938913
7380.37186511	0.46761963
7382.30928351	0.47646326
7384.24670192	0.47771356
7386.18412032	0.47935680
7388.12153873	0.48256072
7390.05895713	0.48601931
7391.99637554	0.48736995
7393.93379394	0.48264492
7395.87121235	0.49939933
7397.80863075	0.51267755
7399.74604916	0.50791556
7401.68346756	0.50637543
7403.62088597	0.50999039
7405.55830437	0.51605093
7407.49572278	0.51415086
7409.43314118	0.50725490
7411.37055959	0.50718081
7413.30797799	0.50364143
7415.2453964	0.49544415
7417.1828148	0.48581275
7419.12023321	0.48015994
7421.05765161	0.48968303
7422.99507002	0.48657808
7424.93248842	0.48080555
7426.86990683	0.47809765
7428.80732523	0.47458291
7430.74474363	0.48244697
7432.68216204	0.48861694
7434.61958044	0.50051469
7436.55699885	0.51407337
7438.49441725	0.51554900
7440.43183566	0.51931947
7442.36925406	0.52913231
7444.30667247	0.51740414
7446.24409087	0.50931346
7448.18150928	0.51566964
7450.11892768	0.51098788
7452.05634609	0.50627607
7453.99376449	0.50540924
7455.9311829	0.50058401
7457.8686013	0.50551683
7459.80601971	0.49350739
7461.74343811	0.48774409
7463.68085652	0.48016506
7465.61827492	0.47275910
7467.55569333	0.49254701
7469.49311173	0.47914857
7471.43053014	0.46436948
7473.36794854	0.46988112
7475.30536695	0.47412822
7477.24278535	0.48367625
7479.18020376	0.48654130
7481.11762216	0.49331954
7483.05504057	0.49518046
7484.99245897	0.50011092
7486.92987738	0.49792621
7488.86729578	0.48348027
7490.80471419	0.48725417
7492.74213259	0.48615921
7494.679551	0.47356290
7496.6169694	0.46091637
7498.55438781	0.45243979
7500.49180621	0.44966981
7502.42922462	0.45192930
7504.36664302	0.44161859
7506.30406143	0.43212020
7508.24147983	0.43323174
7510.17889823	0.43933576
7512.11631664	0.45036182
7514.05373504	0.45260563
7515.99115345	0.44750744
7517.92857185	0.44137472
7519.86599026	0.43481126
7521.80340866	0.43778697
7523.74082707	0.44732478
7525.67824547	0.44322523
7527.61566388	0.43621317
7529.55308228	0.44159767
7531.49050069	0.44772422
7533.42791909	0.44927192
7535.3653375	0.44010738
7537.3027559	0.42829782
7539.24017431	0.43252635
7541.17759271	0.43381274
7543.11501112	0.41175857
7545.05242952	0.40337348
7546.98984793	0.42086467
7548.92726633	0.38991699
7550.86468474	0.38806076
7552.80210314	0.38620453
7554.73952155	0.38434830
7556.67693995	0.38249207
7558.61435836	0.38063584
7560.55177676	0.37877961
7562.48919517	0.37692338
7564.42661357	0.37506715
7566.36403198	0.37321092
7568.30145038	0.37135469
7570.23886879	0.36949846
7572.17628719	0.36764223
7574.1137056	0.36578600
7576.051124	0.36392978
7577.98854241	0.36207355
7579.92596081	0.36021732
7581.86337922	0.35836109
7583.80079762	0.35650486
7585.73821603	0.35650486
7587.67563443	0.37538359
7589.61305283	0.37577534
7591.55047124	0.37296772
7593.48788964	0.37236992
7595.42530805	0.37778836
7597.36272645	0.38377583
7599.30014486	0.38189834
7601.23756326	0.38998169
7603.17498167	0.39366272
7605.11240007	0.38723475
7607.04981848	0.40190038
7608.98723688	0.39651853
7610.92465529	0.39808050
7612.86207369	0.39613104
7614.7994921	0.39565352
7616.7369105	0.38930231
7618.67432891	0.38115484
7620.61174731	0.39311090
7622.54916572	0.41162392
7624.48658412	0.41879886
7626.42400253	0.40647364
7628.36142093	0.39770946
7630.29883934	0.40605947
7632.23625774	0.41996515
7634.17367615	0.42316002
7636.11109455	0.42480451
7638.04851296	0.42719290
7639.98593136	0.42798185
7641.92334977	0.44119740
7643.86076817	0.43789053
7645.79818658	0.45013750
7647.73560498	0.44928795
7649.67302339	0.45991355
7651.61044179	0.46410215
7653.5478602	0.44252455
7655.4852786	0.44425246
7657.42269701	0.44995612
7659.36011541	0.45844856
7661.29753382	0.44583905
7663.23495222	0.44831517
7665.17237063	0.45341238
7667.10978903	0.44904098
7669.04720743	0.43682286
7670.98462584	0.43899876
7672.92204424	0.45239729
7674.85946265	0.45845050
7676.79688105	0.46665627
7678.73429946	0.47527713
7680.67171786	0.49249068
7682.60913627	0.50297678
7684.54655467	0.50369573
7686.48397308	0.49648461
7688.42139148	0.49267671
7690.35880989	0.50552046
7692.29622829	0.50862449
7694.2336467	0.51009548
7696.1710651	0.51738596
7698.10848351	0.51649374
7700.04590191	0.50396782
7701.98332032	0.49946940
7703.92073872	0.49386457
7705.85815713	0.47852290
7707.79557553	0.49225000
7709.73299394	0.50565082
7711.67041234	0.47513559
7713.60783075	0.47391060
7715.54524915	0.49558330
7717.48266756	0.51101834
7719.42008596	0.50513631
7721.35750437	0.48801625
7723.29492277	0.49969745
7725.23234118	0.51926172
7727.16975958	0.51978111
7729.10717799	0.51295257
7731.04459639	0.51677829
7732.9820148	0.51998448
7734.9194332	0.51796532
7736.85685161	0.52809542
7738.79427001	0.52475214
7740.73168842	0.52015054
7742.66910682	0.50938940
7744.60652523	0.48924506
7746.54394363	0.50297683
7748.48136203	0.49882454
7750.41878044	0.48152348
7752.35619884	0.49440154
7754.29361725	0.51222330
7756.23103565	0.50944442
7758.16845406	0.51374489
7760.10587246	0.51004636
7762.04329087	0.49581015
7763.98070927	0.50113291
7765.91812768	0.50761491
7767.85554608	0.51060516
7769.79296449	0.51837093
7771.73038289	0.54379660
7773.6678013	0.55399477
7775.6052197	0.53679490
7777.54263811	0.52721703
7779.48005651	0.53342867
7781.41747492	0.55042952
7783.35489332	0.56210041
7785.29231173	0.55314374
7787.22973013	0.53745496
7789.16714854	0.53594023
7791.10456694	0.54348034
7793.04198535	0.53329647
7794.97940375	0.53400373
7796.91682216	0.53794003
7798.85424056	0.52242380
7800.79165897	0.50613946
7802.72907737	0.51510543
7804.66649578	0.53896618
7806.60391418	0.53979069
7808.54133259	0.53719300
7810.47875099	0.55293900
7812.4161694	0.53907728
7814.3535878	0.52526700
7816.29100621	0.52167124
7818.22842461	0.52567124
7820.16584302	0.54712790
7822.10326142	0.54961330
7824.04067983	0.55640489
7825.97809823	0.55737650
7827.91551663	0.55832112
7829.85293504	0.58509690
7831.79035344	0.56848407
7833.72777185	0.55981195
7835.66519025	0.55846411
7837.60260866	0.55757111
7839.54002706	0.56292617
7841.47744547	0.55401236
7843.41486387	0.56630784
7845.35228228	0.55690247
7847.28970068	0.54568899
7849.22711909	0.50807947
7851.16453749	0.52970690
7853.1019559	0.54147726
7855.0393743	0.53228629
7856.97679271	0.54242820
7858.91421111	0.53416181
7860.85162952	0.52586311
7862.78904792	0.53925550
7864.72646633	0.54165864
7866.66388473	0.56596673
7868.60130314	0.55165941
7870.53872154	0.53753006
7872.47613995	0.55766010
7874.41355835	0.58502471
7876.35097676	0.56979847
7878.28839516	0.54883647
7880.22581357	0.55423713
7882.16323197	0.56664532
7884.10065038	0.57651514
7886.03806878	0.55611992
7887.97548719	0.55433273
7889.91290559	0.56348598
7891.850324	0.55160636
7893.7877424	0.53849518
7895.72516081	0.53136539
7897.66257921	0.51105857
7899.59999762	0.50034034
7901.53741602	0.50754708
7903.47483443	0.50100207
7905.41225283	0.50748736
7907.34967123	0.50569868
7909.28708964	0.52209932
7911.22450804	0.53049839
7913.16192645	0.52114379
7915.09934485	0.51247054
7917.03676326	0.51327789
7918.97418166	0.51959187
7920.91160007	0.50259918
7922.84901847	0.51045871
7924.78643688	0.52369696
7926.72385528	0.51728255
7928.66127369	0.51966393
7930.59869209	0.52973706
7932.5361105	0.52456892
7934.4735289	0.51754409
7936.41094731	0.50761783
7938.34836571	0.49908033
7940.28578412	0.50111783
7942.22320252	0.48110715
7944.16062093	0.48219568
7946.09803933	0.49340630
7948.03545774	0.49941668
7949.97287614	0.48559660
7951.91029455	0.46192160
7953.84771295	0.45705152
7955.78513136	0.45764428
7957.72254976	0.45665342
7959.65996817	0.47630957
7961.59738657	0.48890698
7963.53480498	0.46272668
7965.47222338	0.45027459
7967.40964179	0.46474338
7969.34706019	0.47134933
7971.2844786	0.45820472
7973.221897	0.45301914
7975.15931541	0.46770352
7977.09673381	0.46659294
7979.03415222	0.46676999
7980.97157062	0.47839022
7982.90898903	0.47487557
7984.84640743	0.47165179
7986.78382584	0.47148636
7988.72124424	0.46215922
7990.65866264	0.44977111
7992.59608105	0.44777036
7994.53349945	0.46326491
7996.47091786	0.45633709
7998.40833626	0.45958945
8000.34575467	0.46169469
8002.28317307	0.44346291
8004.22059148	0.44237751
8006.15800988	0.45946142
8008.09542829	0.45517552
8010.03284669	0.45150006
8011.9702651	0.44553086
8013.9076835	0.45041916
8015.84510191	0.45331594
8017.78252031	0.46478570
8019.71993872	0.46321291
8021.65735712	0.44161576
8023.59477553	0.45475170
8025.53219393	0.47114050
8027.46961234	0.46315101
8029.40703074	0.45004550
8031.34444915	0.44242045
8033.28186755	0.45203140
8035.21928596	0.46265224
8037.15670436	0.45986825
8039.09412277	0.47934830
8041.03154117	0.47303358
8042.96895958	0.44537288
8044.90637798	0.43788669
8046.84379639	0.41848594
8048.78121479	0.43499428
8050.7186332	0.43702373
8052.6560516	0.42600068
8054.59347001	0.42226553
8056.53088841	0.42130828
8058.46830682	0.40411469
8060.40572522	0.41339540
8062.34314363	0.43659046
8064.28056203	0.42943108
8066.21798044	0.42152640
8068.15539884	0.42033991
8070.09281724	0.41126588
8072.03023565	0.39248189
8073.96765405	0.42008880
8075.90507246	0.43196863
8077.84249086	0.41424426
8079.77990927	0.42724732
8081.71732767	0.40616372
8083.65474608	0.39638972
8085.59216448	0.43407685
8087.52958289	0.42916819
8089.46700129	0.43372890
8091.4044197	0.42990750
8093.3418381	0.40492442
8095.27925651	0.40254900
8097.21667491	0.40127078
8099.15409332	0.39491281
8101.09151172	0.41018125
8103.02893013	0.38523790
8104.96634853	0.39966017
8106.90376694	0.42340145
8108.84118534	0.40842339
8110.77860375	0.40463933
8112.71602215	0.41132632
8114.65344056	0.38278756
8116.59085896	0.38105166
8118.52827737	0.41754746
8120.46569577	0.42593986
8122.40311418	0.42652538
8124.34053258	0.41307867
8126.27795099	0.40194094
8128.21536939	0.39759782
8130.1527878	0.41801903
8132.0902062	0.43851781
8134.02762461	0.42789653
8135.96504301	0.42048532
8137.90246142	0.42564607
8139.83987982	0.43219927
8141.77729823	0.41212976
8143.71471663	0.41390854
8145.65213504	0.42213434
8147.58955344	0.42033893
8149.52697184	0.42231843
8151.46439025	0.40587103
8153.40180865	0.41589826
8155.33922706	0.41025013
8157.27664546	0.40034923
8159.21406387	0.41316769
8161.15148227	0.40894425
8163.08890068	0.41219276
8165.02631908	0.40044248
8166.96373749	0.39392340
8168.90115589	0.41716671
8170.8385743	0.39971274
8172.7759927	0.39162305
8174.71341111	0.37138179
8176.65082951	0.40246284
8178.58824792	0.38918528
8180.52566632	0.40140772
8182.46308473	0.41223654
8184.40050313	0.43154123
8186.33792154	0.42416418
8188.27533994	0.39644083
8190.21275835	0.39424756
8192.15017675	0.41252756
8194.08759516	0.40253991
8196.02501356	0.38985243
8197.96243197	0.37753624
8199.89985037	0.37855035
8201.83726878	0.35770240
8203.77468718	0.34672895
8205.71210559	0.34529126
8207.64952399	0.32868698
8209.5869424	0.33758348
8211.5243608	0.29829541
8213.46177921	0.29110864
8215.39919761	0.30730969
8217.33661602	0.28595406
8219.27403442	0.28698769
8221.21145283	0.27480519
8223.14887123	0.27018735
8225.08628964	0.27706996
8227.02370804	0.27801436
8228.96112644	0.26064846
8230.89854485	0.26777202
8232.83596325	0.27790803
8234.77338166	0.24277164
8236.71080006	0.27555099
8238.64821847	0.27257556
8240.58563687	0.25609028
8242.52305528	0.23011898
8244.46047368	0.22380619
8246.39789209	0.23131374
8248.33531049	0.22834565
8250.2727289	0.22426298
8252.2101473	0.22124687
8254.14756571	0.21094424
8256.08498411	0.21868500
8258.02240252	0.22396559
8259.95982092	0.20610979
8261.89723933	0.19245127
8263.83465773	0.20379278
8265.77207614	0.19623782
8267.70949454	0.19647031
8269.64691295	0.19699249
8271.58433135	0.20711932
8273.52174976	0.21371901
8275.45916816	0.21834552
8277.39658657	0.22894666
8279.33400497	0.22274333
8281.27142338	0.21871246
8283.20884178	0.22167368
8285.14626019	0.21684943
8287.08367859	0.23365426
8289.021097	0.25942254
8290.9585154	0.25247949
8292.89593381	0.23396203
8294.83335221	0.22879252
8296.77077062	0.24435590
8298.70818902	0.23878080
8300.64560743	0.22808345
8302.58302583	0.24753867
8304.52044424	0.24143524
8306.45786264	0.24400674
8308.39528104	0.24871330
8310.33269945	0.25810620
8312.27011785	0.26225188
8314.20753626	0.24832924
8316.14495466	0.25733030
8318.08237307	0.26106235
8320.01979147	0.26386788
8321.95720988	0.26777408
8323.89462828	0.28517106
8325.83204669	0.29910442
8327.76946509	0.29420257
8329.7068835	0.29066348
8331.6443019	0.30759540
8333.58172031	0.31706157
8335.51913871	0.30674452
8337.45655712	0.31496093
8339.39397552	0.32778138
8341.33139393	0.31069678
8343.26881233	0.32743594
8345.20623074	0.33019096
8347.14364914	0.30617636
8349.08106755	0.30574271
8351.01848595	0.29403198
8352.95590436	0.30085748
8354.89332276	0.32351369
8356.83074117	0.31211290
8358.76815957	0.31059086
8360.70557798	0.31915224
8362.64299638	0.32563290
8364.58041479	0.32661495
8366.51783319	0.30994052
8368.4552516	0.31498969
8370.39267	0.32013479
8372.33008841	0.35154638
8374.26750681	0.32914561
8376.20492522	0.31455424
8378.14234362	0.32792115
8380.07976203	0.30756322
8382.01718043	0.30496526
8383.95459884	0.29601261
8385.89201724	0.29587504
8387.82943564	0.31332994
8389.76685405	0.31967753
8391.70427245	0.31660804
8393.64169086	0.32125449
8395.57910926	0.32983702
8397.51652767	0.34265473
8399.45394607	0.32911745
8401.39136448	0.33480349
8403.32878288	0.34754831
8405.26620129	0.35087255
8407.20361969	0.35912299
8409.1410381	0.36534175
8411.0784565	0.35947371
8413.01587491	0.35486913
8414.95329331	0.35200313
8416.89071172	0.34785098
8418.82813012	0.35857549
8420.76554853	0.37446603
8422.70296693	0.38045421
8424.64038534	0.36887231
8426.57780374	0.37158290
8428.51522215	0.40694949
8430.45264055	0.42570463
8432.39005896	0.42120263
8434.32747736	0.40949604
8436.26489577	0.40540138
8438.20231417	0.41905403
8440.13973258	0.41158432
8442.07715098	0.41282344
8444.01456939	0.41819543
8445.95198779	0.42090678
8447.8894062	0.44529462
8449.8268246	0.45966312
8451.76424301	0.47489923
8453.70166141	0.48009926
8455.63907982	0.50276238
8457.57649822	0.50772947
8459.51391663	0.48488981
8461.45133503	0.49143147
8463.38875344	0.50097263
8465.32617184	0.50266999
8467.26359024	0.48049498
8469.20100865	0.50076860
8471.13842705	0.51452261
8473.07584546	0.52718276
8475.01326386	0.53528380
8476.95068227	0.54773700
8478.88810067	0.53827560
8480.82551908	0.56103539
8482.76293748	0.57944739
8484.70035589	0.55037761
8486.63777429	0.56935364
8488.5751927	0.58479458
8490.5126111	0.59881252
8492.45002951	0.62921506
8494.38744791	0.63315272
8496.32486632	0.64125729
8498.26228472	0.64445555
8500.19970313	0.60312581
8502.13712153	0.61487705
8504.07453994	0.63482678
8506.01195834	0.64137334
8507.94937675	0.62669367
8509.88679515	0.61563081
8511.82421356	0.65431434
8513.76163196	0.67503268
8515.69905037	0.67922056
8517.63646877	0.67840070
8519.57388718	0.65896320
8521.51130558	0.67610073
8523.44872399	0.69119698
8525.38614239	0.70907837
8527.3235608	0.70289361
8529.2609792	0.68776453
8531.19839761	0.70613235
8533.13581601	0.70719850
8535.07323442	0.67832434
8537.01065282	0.67581707
8538.94807123	0.71223646
8540.88548963	0.72281384
8542.82290804	0.74997848
8544.76032644	0.77276194
8546.69774484	0.79575849
8548.63516325	0.78900164
8550.57258165	0.77863932
8552.51000006	0.78657860
8554.44741846	0.80176967
8556.38483687	0.76169163
8558.32225527	0.76490206
8560.25967368	0.81035817
8562.19709208	0.78235638
8564.13451049	0.74463362
8566.07192889	0.77781141
8568.0093473	0.78335786
8569.9467657	0.76280713
8571.88418411	0.77052039
8573.82160251	0.76373082
8575.75902092	0.78881496
8577.69643932	0.79710090
8579.63385773	0.76640183
8581.57127613	0.77074677
8583.50869454	0.79451221
