3671.38670467	7.02288e-15
3673.15684323	7.32674e-15
3674.92698178	7.64108e-15
3676.69712034	7.44905e-15
3678.4672589	7.86754e-15
3680.22745286	8.05775e-15
3681.99759142	7.99063e-15
3683.76772998	7.80650e-15
3685.53786853	7.72508e-15
3687.30800709	7.63475e-15
3689.06820105	7.51621e-15
3690.83833961	7.45841e-15
3692.60847817	7.66756e-15
3694.37861673	7.76902e-15
3696.14875528	7.73077e-15
3697.90894924	7.79475e-15
3699.6790878	7.60677e-15
3701.44922636	7.73585e-15
3703.21936492	7.43353e-15
3704.97955888	7.95817e-15
3706.74969744	7.94658e-15
3708.51983599	7.16411e-15
3710.28997455	7.47126e-15
3712.06011311	7.98530e-15
3713.82030707	7.72035e-15
3715.59044563	7.55201e-15
3717.36058419	7.41106e-15
3719.13072274	7.49353e-15
3720.9008613	7.93013e-15
3722.66105526	8.14522e-15
3724.43119382	7.39904e-15
3726.20133238	7.35949e-15
3727.97147094	7.91566e-15
3729.74160949	7.60965e-15
3731.50180345	7.81179e-15
3733.27194201	8.00744e-15
3735.04208057	8.00264e-15
3736.81221913	8.37089e-15
3738.58235769	7.90577e-15
3740.34255164	7.64908e-15
3742.1126902	8.10602e-15
3743.88282876	8.55713e-15
3745.65296732	7.89046e-15
3747.41316128	7.69979e-15
3749.18329984	7.53845e-15
3750.95343839	7.24197e-15
3752.72357695	7.72071e-15
3754.49371551	7.40883e-15
3756.25390947	7.27351e-15
3758.02404803	7.64329e-15
3759.79418659	7.69554e-15
3761.56432514	7.60403e-15
3763.3344637	7.66075e-15
3765.09465766	7.53768e-15
3766.86479622	7.49301e-15
3768.63493478	7.54513e-15
3770.40507334	6.96638e-15
3772.17521189	7.07620e-15
3773.93540585	7.40180e-15
3775.70554441	6.90886e-15
3777.47568297	7.00110e-15
3779.24582153	7.04730e-15
3781.00601549	7.06883e-15
3782.77615405	7.36505e-15
3784.5462926	7.25277e-15
3786.31643116	7.27122e-15
3788.08656972	7.39780e-15
3789.84676368	7.17423e-15
3791.61690224	7.29822e-15
3793.3870408	7.24997e-15
3795.15717935	6.95771e-15
3796.92731791	6.86546e-15
3798.68751187	6.51524e-15
3800.45765043	6.55559e-15
3802.22778899	6.48050e-15
3803.99792755	6.55317e-15
3805.7680661	6.77606e-15
3807.52826006	7.00618e-15
3809.29839862	7.15172e-15
3811.06853718	6.76604e-15
3812.83867574	6.65651e-15
3814.6088143	6.79645e-15
3816.36900826	6.97236e-15
3818.13914681	7.07138e-15
3819.90928537	7.13610e-15
3821.67942393	7.28560e-15
3823.43961789	6.97122e-15
3825.20975645	6.94420e-15
3826.979895	7.21154e-15
3828.75003356	7.47831e-15
3830.52017212	7.33103e-15
3832.28036608	7.04395e-15
3834.05050464	7.00180e-15
3835.8206432	7.34090e-15
3837.59078175	7.52240e-15
3839.36092031	7.18211e-15
3841.12111427	7.25082e-15
3842.89125283	7.88557e-15
3844.66139139	7.79042e-15
3846.43152995	7.97071e-15
3848.2016685	7.69336e-15
3849.96186246	7.49493e-15
3851.73200102	7.51689e-15
3853.50213958	7.38267e-15
3855.27227814	7.34897e-15
3857.0324721	7.60019e-15
3858.80261066	7.52250e-15
3860.57274921	7.26622e-15
3862.34288777	7.27345e-15
3864.11302633	7.31374e-15
3865.87322029	7.17483e-15
3867.64335885	7.24084e-15
3869.41349741	6.87782e-15
3871.18363596	6.92211e-15
3872.95377452	6.80220e-15
3874.71396848	6.52072e-15
3876.48410704	6.60556e-15
3878.2542456	7.07011e-15
3880.02438416	7.20186e-15
3881.79452271	7.71144e-15
3883.55471667	8.22229e-15
3885.32485523	8.52809e-15
3887.09499379	8.98675e-15
3888.86513235	8.76782e-15
3890.63527091	8.37178e-15
3892.39546487	8.59587e-15
3894.16560342	8.57185e-15
3895.93574198	8.33102e-15
3897.70588054	8.04807e-15
3899.4660745	7.95816e-15
3901.23621306	7.97522e-15
3903.00635162	7.72193e-15
3904.77649017	7.32379e-15
3906.54662873	7.14024e-15
3908.30682269	6.90927e-15
3910.07696125	6.56141e-15
3911.84709981	6.78422e-15
3913.61723837	7.04488e-15
3915.38737692	6.93477e-15
3917.14757088	6.89263e-15
3918.91770944	6.98777e-15
3920.687848	6.98809e-15
3922.45798656	6.86105e-15
3924.22812511	6.76629e-15
3925.98831907	6.74005e-15
3927.75845763	6.82616e-15
3929.52859619	6.90890e-15
3931.29873475	6.92593e-15
3933.06887331	6.96515e-15
3934.82906727	6.92091e-15
3936.59920582	6.97625e-15
3938.36934438	6.97496e-15
3940.13948294	6.91681e-15
3941.8996769	7.05405e-15
3943.66981546	6.94221e-15
3945.43995402	6.84170e-15
3947.21009257	6.69466e-15
3948.98023113	6.46398e-15
3950.74042509	6.50505e-15
3952.51056365	6.66737e-15
3954.28070221	6.58615e-15
3956.05084077	6.46559e-15
3957.82097932	6.59498e-15
3959.58117328	6.64165e-15
3961.35131184	6.92929e-15
3963.1214504	7.08416e-15
3964.89158896	7.24331e-15
3966.66172752	7.27070e-15
3968.42192148	7.36161e-15
3970.19206003	7.51158e-15
3971.96219859	7.49038e-15
3973.73233715	7.35563e-15
3975.50247571	7.42568e-15
3977.26266967	7.27024e-15
3979.03280823	7.23161e-15
3980.80294678	7.30975e-15
3982.57308534	7.25076e-15
3984.3332793	7.04083e-15
3986.10341786	7.00891e-15
3987.87355642	6.97873e-15
3989.64369498	6.92349e-15
3991.41383353	6.83876e-15
3993.17402749	6.92475e-15
3994.94416605	6.99033e-15
3996.71430461	6.90029e-15
3998.48444317	6.73292e-15
4000.25458173	6.73390e-15
4002.01477568	6.90583e-15
4003.78491424	6.80991e-15
4005.5550528	6.66913e-15
4007.32519136	6.64842e-15
4009.09532992	6.72377e-15
4010.85552388	6.71174e-15
4012.62566243	6.71379e-15
4014.39580099	6.69768e-15
4016.16593955	6.52950e-15
4017.92613351	6.47723e-15
4019.69627207	6.71435e-15
4021.46641063	6.68937e-15
4023.23654918	6.81490e-15
4025.00668774	6.96504e-15
4026.7668817	7.01657e-15
4028.53702026	7.04307e-15
4030.30715882	7.02913e-15
4032.07729738	6.93619e-15
4033.84743593	6.95761e-15
4035.60762989	7.02379e-15
4037.37776845	7.00424e-15
4039.14790701	6.92582e-15
4040.91804557	6.83111e-15
4042.68818413	6.77843e-15
4044.44837809	6.86407e-15
4046.21851664	6.96091e-15
4047.9886552	6.91946e-15
4049.75879376	6.85128e-15
4051.51898772	6.70841e-15
4053.28912628	6.61543e-15
4055.05926484	6.60001e-15
4056.82940339	6.61823e-15
4058.59954195	6.53162e-15
4060.35973591	6.54774e-15
4062.12987447	6.72604e-15
4063.90001303	6.71688e-15
4065.67015159	6.59694e-15
4067.44029014	6.74007e-15
4069.2004841	6.71580e-15
4070.97062266	6.65836e-15
4072.74076122	6.74294e-15
4074.51089978	6.82284e-15
4076.28103834	6.74910e-15
4078.04123229	6.73186e-15
4079.81137085	6.81296e-15
4081.58150941	6.80658e-15
4083.35164797	6.77935e-15
4085.12178653	6.88764e-15
4086.88198049	6.91071e-15
4088.65211904	6.87658e-15
4090.4222576	6.85723e-15
4092.19239616	6.81103e-15
4093.95259012	6.99245e-15
4095.72272868	7.03724e-15
4097.49286724	6.90231e-15
4099.26300579	6.84218e-15
4101.03314435	6.84663e-15
4102.79333831	6.77445e-15
4104.56347687	6.78946e-15
4106.33361543	6.72093e-15
4108.10375399	6.71084e-15
4109.87389254	6.73940e-15
4111.6340865	6.82552e-15
4113.40422506	6.80113e-15
4115.17436362	6.86430e-15
4116.94450218	6.85386e-15
4118.71464074	6.83030e-15
4120.4748347	6.99439e-15
4122.24497325	7.09489e-15
4124.01511181	6.89648e-15
4125.78525037	7.02362e-15
4127.54544433	6.98812e-15
4129.31558289	7.06584e-15
4131.08572145	7.08382e-15
4132.85586	7.10633e-15
4134.62599856	7.02841e-15
4136.38619252	7.00779e-15
4138.15633108	7.01836e-15
4139.92646964	7.03221e-15
4141.6966082	7.12804e-15
4143.46674675	7.19779e-15
4145.22694071	7.19388e-15
4146.99707927	7.22511e-15
4148.76721783	7.21687e-15
4150.53735639	7.24615e-15
4152.30749495	7.27522e-15
4154.06768891	7.28034e-15
4155.83782746	7.21904e-15
4157.60796602	7.16620e-15
4159.37810458	7.15402e-15
4161.14824314	7.09174e-15
4162.9084371	7.05919e-15
4164.67857566	7.16054e-15
4166.44871421	7.31143e-15
4168.21885277	7.28047e-15
4169.97904673	7.24926e-15
4171.74918529	7.26659e-15
4173.51932385	7.27015e-15
4175.2894624	7.25823e-15
4177.05960096	7.07451e-15
4178.81979492	7.02769e-15
4180.58993348	7.08572e-15
4182.36007204	7.05678e-15
4184.1302106	7.00212e-15
4185.90034915	6.91466e-15
4187.66054311	6.95398e-15
4189.43068167	6.89211e-15
4191.20082023	6.87461e-15
4192.97095879	6.87440e-15
4194.74109735	6.84238e-15
4196.50129131	6.85722e-15
4198.27142986	6.76193e-15
4200.04156842	6.66031e-15
4201.81170698	6.78930e-15
4203.58184554	6.85094e-15
4205.3420395	6.75597e-15
4207.11217806	6.78744e-15
4208.88231661	6.74227e-15
4210.65245517	6.71239e-15
4212.41264913	6.77709e-15
4214.18278769	6.84766e-15
4215.95292625	6.77627e-15
4217.72306481	6.86851e-15
4219.49320336	7.04982e-15
4221.25339732	7.01153e-15
4223.02353588	6.96146e-15
4224.79367444	6.95662e-15
4226.563813	6.87573e-15
4228.33395156	6.89645e-15
4230.09414552	6.94661e-15
4231.86428407	6.90979e-15
4233.63442263	6.79064e-15
4235.40456119	6.74354e-15
4237.17469975	6.81088e-15
4238.93489371	6.74636e-15
4240.70503227	6.72817e-15
4242.47517082	6.83128e-15
4244.24530938	6.76438e-15
4246.01544794	6.71278e-15
4247.7756419	6.75622e-15
4249.54578046	6.70174e-15
4251.31591902	6.62438e-15
4253.08605757	6.70002e-15
4254.84625153	6.69274e-15
4256.61639009	6.60449e-15
4258.38652865	6.67224e-15
4260.15666721	6.65436e-15
4261.92680577	6.71081e-15
4263.68699972	6.70223e-15
4265.45713828	6.64659e-15
4267.22727684	6.67952e-15
4268.9974154	6.63233e-15
4270.76755396	6.56437e-15
4272.52774792	6.55066e-15
4274.29788647	6.66689e-15
4276.06802503	6.56123e-15
4277.83816359	6.58963e-15
4279.60830215	6.53042e-15
4281.36849611	6.42200e-15
4283.13863467	6.41616e-15
4284.90877322	6.38301e-15
4286.67891178	6.39104e-15
4288.43910574	6.40686e-15
4290.2092443	6.41050e-15
4291.97938286	6.54810e-15
4293.74952142	6.53523e-15
4295.51965997	6.52542e-15
4297.27985393	6.47037e-15
4299.04999249	6.53356e-15
4300.82013105	6.54954e-15
4302.59026961	6.46713e-15
4304.36040817	6.45169e-15
4306.12060213	6.49418e-15
4307.89074068	6.53963e-15
4309.66087924	6.57683e-15
4311.4310178	6.59243e-15
4313.20115636	6.46464e-15
4314.96135032	6.41799e-15
4316.73148888	6.53447e-15
4318.50162743	6.57646e-15
4320.27176599	6.45019e-15
4322.04190455	6.44954e-15
4323.80209851	6.61244e-15
4325.57223707	6.62575e-15
4327.34237563	6.47449e-15
4329.11251418	6.54513e-15
4330.87270814	6.67881e-15
4332.6428467	6.55691e-15
4334.41298526	6.59900e-15
4336.18312382	6.64404e-15
4337.95326238	6.71457e-15
4339.71345633	6.71415e-15
4341.48359489	6.57864e-15
4343.25373345	6.50521e-15
4345.02387201	6.64652e-15
4346.79401057	6.64703e-15
4348.55420453	6.62792e-15
4350.32434308	6.66612e-15
4352.09448164	6.65010e-15
4353.8646202	6.75250e-15
4355.63475876	6.84676e-15
4357.39495272	6.81060e-15
4359.16509128	6.71297e-15
4360.93522983	6.56757e-15
4362.70536839	6.51258e-15
4364.47550695	6.45877e-15
4366.23570091	6.41320e-15
4368.00583947	6.46883e-15
4369.77597803	6.45316e-15
4371.54611658	6.41587e-15
4373.30631054	6.38267e-15
4375.0764491	6.35633e-15
4376.84658766	6.27275e-15
4378.61672622	6.26413e-15
4380.38686478	6.30140e-15
4382.14705874	6.28547e-15
4383.91719729	6.29164e-15
4385.68733585	6.37117e-15
4387.45747441	6.45638e-15
4389.22761297	6.43382e-15
4390.98780693	6.39921e-15
4392.75794549	6.47838e-15
4394.52808404	6.48957e-15
4396.2982226	6.46802e-15
4398.06836116	6.35036e-15
4399.82855512	6.29237e-15
4401.59869368	6.28947e-15
4403.36883224	6.31672e-15
4405.13897079	6.30243e-15
4406.90910935	6.21337e-15
4408.66930331	6.24154e-15
4410.43944187	6.29374e-15
4412.20958043	6.26099e-15
4413.97971899	6.21296e-15
4415.73991294	6.17759e-15
4417.5100515	6.18320e-15
4419.28019006	6.21511e-15
4421.05032862	6.24064e-15
4422.82046718	6.28663e-15
4424.58066114	6.29493e-15
4426.35079969	6.10435e-15
4428.12093825	6.05337e-15
4429.89107681	6.14450e-15
4431.66121537	6.22882e-15
4433.42140933	6.20811e-15
4435.19154789	6.11919e-15
4436.96168644	6.11121e-15
4438.731825	6.13139e-15
4440.50196356	6.10221e-15
4442.26215752	6.12006e-15
4444.03229608	6.12171e-15
4445.80243464	6.12707e-15
4447.57257319	6.12528e-15
4449.33276715	5.97891e-15
4451.10290571	5.96979e-15
4452.87304427	6.01500e-15
4454.64318283	5.95835e-15
4456.41332139	5.92089e-15
4458.17351535	5.84985e-15
4459.9436539	5.89245e-15
4461.71379246	6.01839e-15
4463.48393102	6.09111e-15
4465.25406958	6.17964e-15
4467.01426354	6.40112e-15
4468.7844021	6.63685e-15
4470.55454065	6.78348e-15
4472.32467921	6.84280e-15
4474.09481777	6.81488e-15
4475.85501173	6.87657e-15
4477.62515029	6.95737e-15
4479.39528885	7.05083e-15
4481.1654274	7.14256e-15
4482.92562136	7.10796e-15
4484.69575992	7.04876e-15
4486.46589848	7.04956e-15
4488.23603704	7.05249e-15
4490.0061756	7.06104e-15
4491.76636956	6.98375e-15
4493.53650811	7.01033e-15
4495.30664667	7.00695e-15
4497.07678523	6.95672e-15
4498.84692379	6.97031e-15
4500.60711775	6.92287e-15
4502.37725631	6.78107e-15
4504.14739486	6.87573e-15
4505.91753342	6.98160e-15
4507.68767198	6.82752e-15
4509.44786594	6.82630e-15
4511.2180045	6.76552e-15
4512.98814306	6.63063e-15
4514.75828161	6.68673e-15
4516.52842017	6.60789e-15
4518.28861413	6.62599e-15
4520.05875269	6.72128e-15
4521.82889125	6.73518e-15
4523.5990298	6.64662e-15
4525.35922376	6.60057e-15
4527.12936232	6.62741e-15
4528.89950088	6.63221e-15
4530.66963944	6.53617e-15
4532.439778	6.46638e-15
4534.19997196	6.62259e-15
4535.97011051	6.54851e-15
4537.74024907	6.52625e-15
4539.51038763	6.48682e-15
4541.28052619	6.49519e-15
4543.04072015	6.60407e-15
4544.81085871	6.54313e-15
4546.58099726	6.46550e-15
4548.35113582	6.49160e-15
4550.12127438	6.44633e-15
4551.88146834	6.40441e-15
4553.6516069	6.39901e-15
4555.42174546	6.49875e-15
4557.19188401	6.48533e-15
4558.95207797	6.48011e-15
4560.72221653	6.48491e-15
4562.49235509	6.54006e-15
4564.26249365	6.47510e-15
4566.03263221	6.48041e-15
4567.79282617	6.52847e-15
4569.56296472	6.50200e-15
4571.33310328	6.40533e-15
4573.10324184	6.43380e-15
4574.8733804	6.46330e-15
4576.63357436	6.44158e-15
4578.40371292	6.43275e-15
4580.17385147	6.36585e-15
4581.94399003	6.30811e-15
4583.71412859	6.27544e-15
4585.47432255	6.24523e-15
4587.24446111	6.21576e-15
4589.01459967	6.14334e-15
4590.78473822	6.16635e-15
4592.55487678	6.08976e-15
4594.31507074	6.05302e-15
4596.0852093	5.97731e-15
4597.85534786	5.95483e-15
4599.62548642	5.94899e-15
4601.38568037	6.00482e-15
4603.15581893	5.97332e-15
4604.92595749	5.92140e-15
4606.69609605	5.95835e-15
4608.46623461	5.93048e-15
4610.22642857	5.86630e-15
4611.99656712	5.81211e-15
4613.76670568	5.69855e-15
4615.53684424	5.67856e-15
4617.3069828	5.72027e-15
4619.06717676	5.74000e-15
4620.83731532	5.67775e-15
4622.60745387	5.66554e-15
4624.37759243	5.64973e-15
4626.14773099	5.66148e-15
4627.90792495	5.63990e-15
4629.67806351	5.73115e-15
4631.44820207	5.69518e-15
4633.21834062	5.57022e-15
4634.98847918	5.52087e-15
4636.74867314	5.52078e-15
4638.5188117	5.53474e-15
4640.28895026	5.51209e-15
4642.05908882	5.47141e-15
4643.81928278	5.45870e-15
4645.58942133	5.34162e-15
4647.35955989	5.28492e-15
4649.12969845	5.20978e-15
4650.89983701	5.20394e-15
4652.66003097	5.27448e-15
4654.43016953	5.21480e-15
4656.20030808	5.13420e-15
4657.97044664	5.04275e-15
4659.7405852	4.94775e-15
4661.50077916	4.93320e-15
4663.27091772	4.88532e-15
4665.04105628	4.84197e-15
4666.81119483	4.85851e-15
4668.58133339	4.78368e-15
4670.34152735	4.72769e-15
4672.11166591	4.61970e-15
4673.88180447	4.63016e-15
4675.65194303	4.61487e-15
4677.42208158	4.56775e-15
4679.18227554	4.56022e-15
4680.9524141	4.46693e-15
4682.72255266	4.36262e-15
4684.49269122	4.34678e-15
4686.25288518	4.31902e-15
4688.02302373	4.27650e-15
4689.79316229	4.24664e-15
4691.56330085	4.21656e-15
4693.33343941	4.22548e-15
4695.09363337	4.12991e-15
4696.86377193	4.02424e-15
4698.63391048	4.04097e-15
4700.40404904	4.10533e-15
4702.1741876	4.13783e-15
4703.93438156	4.16213e-15
4705.70452012	4.10122e-15
4707.47465868	4.14415e-15
4709.24479723	4.14880e-15
4711.01493579	4.01339e-15
4712.77512975	4.03854e-15
4714.54526831	3.99320e-15
4716.31540687	3.98262e-15
4718.08554543	3.94505e-15
4719.84573939	3.93750e-15
4721.61587794	3.85371e-15
4723.3860165	3.81517e-15
4725.15615506	3.83980e-15
4726.92629362	3.80764e-15
4728.68648758	3.71910e-15
4730.45662614	3.55428e-15
4732.22676469	3.52216e-15
4733.99690325	3.58446e-15
4735.76704181	3.51803e-15
4737.52723577	3.45221e-15
4739.29737433	3.49154e-15
4741.06751289	3.47578e-15
4742.83765144	3.46773e-15
4744.60779	3.50109e-15
4746.36798396	3.37561e-15
4748.13812252	3.33496e-15
4749.90826108	3.28377e-15
4751.67839964	3.32163e-15
4753.4385936	3.28905e-15
4755.20873215	3.30760e-15
4756.97887071	3.34389e-15
4758.74900927	3.30219e-15
4760.51914783	3.30666e-15
4762.27934179	3.29519e-15
4764.04948034	3.33253e-15
4765.8196189	3.30568e-15
4767.58975746	3.35398e-15
4769.35989602	3.41516e-15
4771.12008998	3.38007e-15
4772.89022854	3.38360e-15
4774.66036709	3.36265e-15
4776.43050565	3.34256e-15
4778.20064421	3.35171e-15
4779.96083817	3.34244e-15
4781.73097673	3.37438e-15
4783.50111529	3.39396e-15
4785.27125384	3.42909e-15
4787.0413924	3.45039e-15
4788.80158636	3.54176e-15
4790.57172492	3.51761e-15
4792.34186348	3.45106e-15
4794.11200204	3.44308e-15
4795.872196	3.47798e-15
4797.64233455	3.46946e-15
4799.41247311	3.48234e-15
4801.18261167	3.53516e-15
4802.95275023	3.56926e-15
4804.71294419	3.62922e-15
4806.48308275	3.64827e-15
4808.2532213	3.62265e-15
4810.02335986	3.67930e-15
4811.79349842	3.67446e-15
4813.55369238	3.61988e-15
4815.32383094	3.64558e-15
4817.0939695	3.70037e-15
4818.86410805	3.69344e-15
4820.63424661	3.70345e-15
4822.39444057	3.71685e-15
4824.16457913	3.72984e-15
4825.93471769	3.76838e-15
4827.70485625	3.81526e-15
4829.4749948	3.78819e-15
4831.23518876	3.79468e-15
4833.00532732	3.85817e-15
4834.77546588	3.80837e-15
4836.54560444	3.75752e-15
4838.3057984	3.84877e-15
4840.07593696	3.83215e-15
4841.84607551	3.80379e-15
4843.61621407	3.88090e-15
4845.38635263	3.85130e-15
4847.14654659	3.88733e-15
4848.91668515	3.88392e-15
4850.68682371	3.79951e-15
4852.45696226	3.86711e-15
4854.22710082	3.91556e-15
4855.98729478	3.81556e-15
4857.75743334	3.84557e-15
4859.5275719	3.92573e-15
4861.29771046	3.95991e-15
4863.06784901	3.96871e-15
4864.82804297	3.90952e-15
4866.59818153	3.97192e-15
4868.36832009	4.01092e-15
4870.13845865	3.93637e-15
4871.89865261	3.87961e-15
4873.66879116	3.89979e-15
4875.43892972	3.96625e-15
4877.20906828	3.96794e-15
4878.97920684	3.98883e-15
4880.7394008	4.03644e-15
4882.50953936	4.10292e-15
4884.27967791	4.14503e-15
4886.04981647	4.07729e-15
4887.81995503	4.05795e-15
4889.58014899	4.07512e-15
4891.35028755	4.11294e-15
4893.12042611	4.20569e-15
4894.89056466	4.21571e-15
4896.66070322	4.23256e-15
4898.42089718	4.21099e-15
4900.19103574	4.17989e-15
4901.9611743	4.29634e-15
4903.73131286	4.27927e-15
4905.50145141	4.29726e-15
4907.26164537	4.29607e-15
4909.03178393	4.22651e-15
4910.80192249	4.22593e-15
4912.57206105	4.28480e-15
4914.33225501	4.34446e-15
4916.10239357	4.37513e-15
4917.87253212	4.47286e-15
4919.64267068	4.56309e-15
4921.41280924	4.51220e-15
4923.1730032	4.54869e-15
4924.94314176	4.67496e-15
4926.71328032	4.70677e-15
4928.48341887	4.67511e-15
4930.25355743	4.64924e-15
4932.01375139	4.63075e-15
4933.78388995	4.54878e-15
4935.55402851	4.45662e-15
4937.32416707	4.35377e-15
4939.09430562	4.38224e-15
4940.85449958	4.42963e-15
4942.62463814	4.30067e-15
4944.3947767	4.23934e-15
4946.16491526	4.24307e-15
4947.93505382	4.19284e-15
4949.69524777	4.18307e-15
4951.46538633	4.20133e-15
4953.23552489	4.09648e-15
4955.00566345	4.02084e-15
4956.76585741	4.01730e-15
4958.53599597	3.95977e-15
4960.30613452	3.94660e-15
4962.07627308	3.93263e-15
4963.84641164	3.95712e-15
4965.6066056	3.95041e-15
4967.37674416	3.96562e-15
4969.14688272	4.02840e-15
4970.91702127	4.06351e-15
4972.68715983	4.01233e-15
4974.44735379	3.92330e-15
4976.21749235	3.92035e-15
4977.98763091	3.99584e-15
4979.75776947	4.08566e-15
4981.52790802	4.10634e-15
4983.28810198	4.10761e-15
4985.05824054	4.06563e-15
4986.8283791	4.09216e-15
4988.59851766	4.09525e-15
4990.36865622	4.06406e-15
4992.12885018	4.11378e-15
4993.89898873	4.23273e-15
4995.66912729	4.20915e-15
4997.43926585	4.23738e-15
4999.19945981	4.28685e-15
5000.96959837	4.27640e-15
5002.73973693	4.31753e-15
5004.50987548	4.45744e-15
5006.28001404	4.56419e-15
5008.040208	4.65750e-15
5009.81034656	4.88126e-15
5011.58048512	4.92781e-15
5013.35062368	5.04209e-15
5015.12076223	5.11259e-15
5016.88095619	5.09914e-15
5018.65109475	5.13347e-15
5020.42123331	5.05928e-15
5022.19137187	5.04139e-15
5023.96151043	5.02682e-15
5025.72170438	5.00528e-15
5027.49184294	4.91118e-15
5029.2619815	4.79439e-15
5031.03212006	4.72447e-15
5032.79231402	4.70891e-15
5034.56245258	4.65458e-15
5036.33259113	4.53013e-15
5038.10272969	4.40842e-15
5039.87286825	4.42767e-15
5041.63306221	4.39281e-15
5043.40320077	4.38857e-15
5045.17333933	4.50649e-15
5046.94347788	4.41584e-15
5048.71361644	4.32635e-15
5050.4738104	4.27072e-15
5052.24394896	4.24884e-15
5054.01408752	4.19393e-15
5055.78422608	4.12242e-15
5057.55436463	4.15657e-15
5059.31455859	4.10651e-15
5061.08469715	3.98919e-15
5062.85483571	3.94356e-15
5064.62497427	3.95468e-15
5066.39511283	3.94818e-15
5068.15530679	3.96075e-15
5069.92544534	3.88213e-15
5071.6955839	3.81089e-15
5073.46572246	3.79681e-15
5075.22591642	3.80878e-15
5076.99605498	3.82086e-15
5078.76619354	3.81922e-15
5080.53633209	3.77929e-15
5082.30647065	3.72775e-15
5084.06666461	3.78737e-15
5085.83680317	3.85317e-15
5087.60694173	3.78482e-15
5089.37708029	3.77791e-15
5091.14721884	3.75297e-15
5092.9074128	3.74873e-15
5094.67755136	3.78882e-15
5096.44768992	3.80093e-15
5098.21782848	3.81032e-15
5099.98796704	3.80482e-15
5101.748161	3.79276e-15
5103.51829955	3.81676e-15
5105.28843811	3.80929e-15
5107.05857667	3.73827e-15
5108.82871523	3.81123e-15
5110.58890919	3.83310e-15
5112.35904775	3.85711e-15
5114.1291863	3.86932e-15
5115.89932486	3.84604e-15
5117.65951882	3.86055e-15
5119.42965738	3.92434e-15
5121.19979594	3.99309e-15
5122.96993449	3.98475e-15
5124.74007305	3.96844e-15
5126.50026701	3.98574e-15
5128.27040557	4.07881e-15
5130.04054413	4.07356e-15
5131.81068269	4.10187e-15
5133.58082124	4.13284e-15
5135.3410152	4.17720e-15
5137.11115376	4.13662e-15
5138.88129232	4.15277e-15
5140.65143088	4.22496e-15
5142.42156944	4.24064e-15
5144.1817634	4.23018e-15
5145.95190195	4.28333e-15
5147.72204051	4.36778e-15
5149.49217907	4.39228e-15
5151.25237303	4.34014e-15
5153.02251159	4.35048e-15
5154.79265015	4.42923e-15
5156.5627887	4.38687e-15
5158.33292726	4.36437e-15
5160.09312122	4.30737e-15
5161.86325978	4.32172e-15
5163.63339834	4.40740e-15
5165.4035369	4.47988e-15
5167.17367545	4.51345e-15
5168.93386941	4.56521e-15
5170.70400797	4.54625e-15
5172.47414653	4.58775e-15
5174.24428509	4.63654e-15
5176.01442365	4.62466e-15
5177.77461761	4.54878e-15
5179.54475616	4.54411e-15
5181.31489472	4.55006e-15
5183.08503328	4.56960e-15
5184.84522724	4.57206e-15
5186.6153658	4.55727e-15
5188.38550436	4.52611e-15
5190.15564291	4.47265e-15
5191.92578147	4.46310e-15
5193.68597543	4.48432e-15
5195.45611399	4.44040e-15
5197.22625255	4.43144e-15
5198.99639111	4.39273e-15
5200.76652966	4.31858e-15
5202.52672362	4.25565e-15
5204.29686218	4.29780e-15
5206.06700074	4.30478e-15
5207.8371393	4.28567e-15
5209.60727786	4.27430e-15
5211.36747181	4.29453e-15
5213.13761037	4.22796e-15
5214.90774893	4.14884e-15
5216.67788749	4.08323e-15
5218.44802605	4.11999e-15
5220.20822001	4.14356e-15
5221.97835856	4.10832e-15
5223.74849712	4.09593e-15
5225.51863568	4.10942e-15
5227.27882964	4.09051e-15
5229.0489682	4.06518e-15
5230.81910676	4.04808e-15
5232.58924531	4.04308e-15
5234.35938387	4.01083e-15
5236.11957783	3.99473e-15
5237.88971639	4.04682e-15
5239.65985495	3.96233e-15
5241.42999351	3.97013e-15
5243.20013206	4.03823e-15
5244.96032602	4.01899e-15
5246.73046458	3.97118e-15
5248.50060314	3.94634e-15
5250.2707417	3.99350e-15
5252.04088026	3.95310e-15
5253.80107422	3.95859e-15
5255.57121277	3.97228e-15
5257.34135133	3.95978e-15
5259.11148989	3.93826e-15
5260.88162845	3.92964e-15
5262.64182241	3.91582e-15
5264.41196097	3.89778e-15
5266.18209952	3.89183e-15
5267.95223808	3.86898e-15
5269.71243204	3.88169e-15
5271.4825706	3.91611e-15
5273.25270916	3.86089e-15
5275.02284772	3.81690e-15
5276.79298627	3.83616e-15
5278.55318023	3.86313e-15
5280.32331879	3.87024e-15
5282.09345735	3.83415e-15
5283.86359591	3.78254e-15
5285.63373447	3.80596e-15
5287.39392842	3.76450e-15
5289.16406698	3.71428e-15
5290.93420554	3.69694e-15
5292.7043441	3.74022e-15
5294.47448266	3.72420e-15
5296.23467662	3.67156e-15
5298.00481517	3.65497e-15
5299.77495373	3.68117e-15
5301.54509229	3.62609e-15
5303.30528625	3.58681e-15
5305.07542481	3.54975e-15
5306.84556337	3.55111e-15
5308.61570192	3.57804e-15
5310.38584048	3.56238e-15
5312.14603444	3.49775e-15
5313.916173	3.45043e-15
5315.68631156	3.48860e-15
5317.45645012	3.47065e-15
5319.22658867	3.43725e-15
5320.98678263	3.41431e-15
5322.75692119	3.40661e-15
5324.52705975	3.42666e-15
5326.29719831	3.43437e-15
5328.06733687	3.41542e-15
5329.82753083	3.39658e-15
5331.59766938	3.29284e-15
5333.36780794	3.22196e-15
5335.1379465	3.18072e-15
5336.90808506	3.21558e-15
5338.66827902	3.17699e-15
5340.43841758	3.14762e-15
5342.20855613	3.18437e-15
5343.97869469	3.12198e-15
5345.73888865	3.07795e-15
5347.50902721	3.06774e-15
5349.27916577	3.02592e-15
5351.04930433	3.03224e-15
5352.81944288	3.03718e-15
5354.57963684	2.94925e-15
5356.3497754	2.89288e-15
5358.11991396	2.91650e-15
5359.89005252	2.86473e-15
5361.66019108	2.82944e-15
5363.42038503	2.87342e-15
5365.19052359	2.87503e-15
5366.96066215	2.80877e-15
5368.73080071	2.73708e-15
5370.50093927	2.75319e-15
5372.26113323	2.75068e-15
5374.03127178	2.66928e-15
5375.80141034	2.63308e-15
5377.5715489	2.65572e-15
5379.34168746	2.66230e-15
5381.10188142	2.59276e-15
5382.87201998	2.55908e-15
5384.64215853	2.56691e-15
5386.41229709	2.57756e-15
5388.17249105	2.60557e-15
5389.94262961	2.58654e-15
5391.71276817	2.53790e-15
5393.48290673	2.54131e-15
5395.25304528	2.54975e-15
5397.01323924	2.52752e-15
5398.7833778	2.49688e-15
5400.55351636	2.51195e-15
5402.32365492	2.51340e-15
5404.09379348	2.47376e-15
5405.85398744	2.47153e-15
5407.62412599	2.46009e-15
5409.39426455	2.45083e-15
5411.16440311	2.40711e-15
5412.93454167	2.36735e-15
5414.69473563	2.38514e-15
5416.46487419	2.37510e-15
5418.23501274	2.35628e-15
5420.0051513	2.34735e-15
5421.76534526	2.28739e-15
5423.53548382	2.20656e-15
5425.30562238	2.23732e-15
5427.07576094	2.28249e-15
5428.84589949	2.29171e-15
5430.60609345	2.26938e-15
5432.37623201	2.19433e-15
5434.14637057	2.19776e-15
5435.91650913	2.18213e-15
5437.68664769	2.15124e-15
5439.44684165	2.13101e-15
5441.2169802	2.14747e-15
5442.98711876	2.14218e-15
5444.75725732	2.08876e-15
5446.52739588	2.08261e-15
5448.28758984	2.10722e-15
5450.0577284	2.10232e-15
5451.82786695	2.08562e-15
5453.59800551	2.04058e-15
5455.35819947	2.07854e-15
5457.12833803	2.11491e-15
5458.89847659	2.08897e-15
5460.66861515	2.02118e-15
5462.4387537	1.96635e-15
5464.19894766	1.98014e-15
5465.96908622	2.00483e-15
5467.73922478	1.99644e-15
5469.50936334	1.98738e-15
5471.27950189	2.01317e-15
5473.03969585	1.98039e-15
5474.80983441	1.92076e-15
5476.57997297	1.95402e-15
5478.35011153	1.99551e-15
5480.12025009	1.93320e-15
5481.88044405	1.88118e-15
5483.6505826	1.89346e-15
5485.42072116	1.87794e-15
5487.19085972	1.91215e-15
5488.96099828	1.91421e-15
5490.72119224	1.94669e-15
5492.4913308	1.92092e-15
5494.26146935	1.91305e-15
5496.03160791	1.93868e-15
5497.79180187	1.92114e-15
5499.56194043	1.89839e-15
5501.33207899	1.84535e-15
5503.10221755	1.88176e-15
5504.8723561	1.93862e-15
5506.63255006	1.89137e-15
5508.40268862	1.85869e-15
5510.17282718	1.87206e-15
5511.94296574	1.89461e-15
5513.7131043	1.91124e-15
5515.47329826	1.86120e-15
5517.24343681	1.84991e-15
5519.01357537	1.85705e-15
5520.78371393	1.82506e-15
5522.55385249	1.81801e-15
5524.31404645	1.87513e-15
5526.08418501	1.87420e-15
5527.85432356	1.75055e-15
5529.62446212	1.72263e-15
5531.39460068	1.71141e-15
5533.15479464	1.71277e-15
5534.9249332	1.73079e-15
5536.69507176	1.68514e-15
5538.46521031	1.64328e-15
5540.22540427	1.64729e-15
5541.99554283	1.63833e-15
5543.76568139	1.65115e-15
5545.53581995	1.72232e-15
5547.30595851	1.64328e-15
5549.06615246	1.47949e-15
5550.83629102	1.47734e-15
5552.60642958	1.48966e-15
5554.37656814	1.47652e-15
5556.1467067	1.49020e-15
5557.90690066	1.44805e-15
5559.67703921	1.42013e-15
5561.44717777	1.40620e-15
5563.21731633	1.36479e-15
5564.98745489	1.36619e-15
5566.74764885	1.37815e-15
5568.51778741	1.38853e-15
5570.28792596	1.33029e-15
5572.05806452	1.31146e-15
5573.82820308	1.32755e-15
5575.58839704	1.29166e-15
5577.3585356	1.29646e-15
5579.12867416	1.31141e-15
5580.89881271	1.29951e-15
5582.65900667	1.27564e-15
5584.42914523	1.27584e-15
5586.19928379	1.25201e-15
5587.96942235	1.25262e-15
5589.73956091	1.21791e-15
5591.49975487	1.24405e-15
5593.26989342	1.23558e-15
5595.04003198	1.25190e-15
5596.81017054	1.21896e-15
5598.5803091	1.18102e-15
5600.34050306	1.17023e-15
5602.11064162	1.21230e-15
5603.88078017	1.24613e-15
5605.65091873	1.24270e-15
5607.42105729	1.22147e-15
5609.18125125	1.20703e-15
5610.95138981	1.24187e-15
5612.72152837	1.24494e-15
5614.49166692	1.22029e-15
5616.25186088	1.20607e-15
5618.02199944	1.22075e-15
5619.792138	1.22252e-15
5621.56227656	1.24350e-15
5623.33241512	1.27295e-15
5625.09260907	1.26781e-15
5626.86274763	1.22488e-15
5628.63288619	1.19489e-15
5630.40302475	1.23627e-15
5632.17316331	1.29223e-15
5633.93335727	1.28767e-15
5635.70349582	1.27967e-15
5637.47363438	1.22768e-15
5639.24377294	1.21792e-15
5641.0139115	1.21385e-15
5642.77410546	1.22105e-15
5644.54424402	1.31797e-15
5646.31438257	1.30012e-15
5648.08452113	1.25613e-15
5649.85465969	1.23862e-15
5651.61485365	1.21465e-15
5653.38499221	1.24428e-15
5655.15513077	1.29830e-15
5656.92526932	1.29379e-15
5658.68546328	1.29751e-15
5660.45560184	1.25205e-15
5662.2257404	1.25446e-15
5663.99587896	1.26897e-15
5665.76601752	1.25384e-15
5667.52621148	1.26755e-15
5669.29635003	1.24628e-15
5671.06648859	1.20951e-15
5672.83662715	1.26520e-15
5674.60676571	1.25243e-15
5676.36695967	1.19769e-15
5678.13709823	1.24746e-15
5679.90723678	1.23580e-15
5681.67737534	1.17419e-15
5683.4475139	1.15730e-15
5685.20770786	1.17610e-15
5686.97784642	1.13560e-15
5688.74798498	1.14426e-15
5690.51812353	1.19680e-15
5692.28826209	1.18369e-15
5694.04845605	1.15703e-15
5695.81859461	1.13828e-15
5697.58873317	1.09226e-15
5699.35887173	1.08332e-15
5701.11906569	1.11140e-15
5702.88920424	1.12606e-15
5704.6593428	1.09794e-15
5706.42948136	1.04777e-15
5708.19961992	1.06001e-15
5709.95981388	1.09373e-15
5711.72995243	1.08152e-15
5713.50009099	1.03742e-15
5715.27022955	1.00973e-15
5717.04036811	1.00749e-15
5718.80056207	1.03694e-15
5720.57070063	1.02223e-15
5722.34083918	9.64584e-16
5724.11097774	9.86587e-16
5725.8811163	1.01279e-15
5727.64131026	1.01319e-15
5729.41144882	1.03055e-15
5731.18158738	1.01427e-15
5732.95172593	9.79488e-16
5734.72186449	9.94404e-16
5736.48205845	1.00963e-15
5738.25219701	1.00469e-15
5740.02233557	9.87738e-16
5741.79247413	9.68675e-16
5743.55266809	9.69516e-16
5745.32280664	9.68479e-16
5747.0929452	9.95471e-16
5748.86308376	9.95534e-16
5750.63322232	9.96106e-16
5752.39341628	1.00366e-15
5754.16355484	9.99095e-16
5755.93369339	1.02463e-15
5757.70383195	1.05513e-15
5759.47397051	1.04688e-15
5761.23416447	1.04205e-15
5763.00430303	1.04344e-15
5764.77444159	1.02591e-15
5766.54458014	1.03018e-15
5768.3147187	1.05610e-15
5770.07491266	1.07226e-15
5771.84505122	1.07012e-15
5773.61518978	1.13542e-15
5775.38532834	1.12357e-15
5777.1455223	1.10717e-15
5778.91566085	1.12506e-15
5780.68579941	1.14656e-15
5782.45593797	1.11292e-15
5784.22607653	1.12524e-15
5785.98627049	1.14093e-15
5787.75640905	1.17295e-15
5789.5265476	1.18933e-15
5791.29668616	1.25022e-15
5793.06682472	1.26727e-15
5794.82701868	1.24226e-15
5796.59715724	1.26731e-15
5798.3672958	1.29952e-15
5800.13743435	1.28917e-15
5801.90757291	1.27627e-15
5803.66776687	1.34553e-15
5805.43790543	1.36609e-15
5807.20804399	1.38096e-15
5808.97818255	1.40582e-15
5810.7483211	1.44563e-15
5812.50851506	1.50556e-15
5814.27865362	1.54975e-15
5816.04879218	1.57806e-15
5817.81893074	1.59845e-15
5819.5791247	1.66089e-15
5821.34926325	1.67168e-15
5823.11940181	1.72819e-15
5824.88954037	1.75887e-15
5826.65967893	1.81298e-15
5828.41987289	1.88340e-15
5830.19001145	1.93705e-15
5831.96015	1.97827e-15
5833.73028856	2.05795e-15
5835.50042712	2.05386e-15
5837.26062108	2.10823e-15
5839.03075964	2.27589e-15
5840.8008982	2.34855e-15
5842.57103675	2.44030e-15
5844.34117531	2.52054e-15
5846.10136927	2.63731e-15
5847.87150783	2.71030e-15
5849.64164639	2.81341e-15
5851.41178495	2.91361e-15
5853.1819235	2.98606e-15
5854.94211746	3.00113e-15
5856.71225602	3.04269e-15
5858.48239458	3.08906e-15
5860.25253314	3.13392e-15
5862.0127271	3.22597e-15
5863.78286566	3.32015e-15
5865.55300421	3.34655e-15
5867.32314277	3.41814e-15
5869.09328133	3.56886e-15
5870.85347529	3.62332e-15
5872.62361385	3.65239e-15
5874.39375241	3.69922e-15
5876.16389096	3.63736e-15
5877.93402952	3.61497e-15
5879.69422348	3.57119e-15
5881.46436204	3.47012e-15
5883.2345006	3.41096e-15
5885.00463916	3.30560e-15
5886.77477771	3.17700e-15
5888.53497167	3.06648e-15
5890.30511023	2.94678e-15
5892.07524879	2.84999e-15
5893.84538735	2.85781e-15
5895.60558131	2.76540e-15
5897.37571986	2.73055e-15
5899.14585842	2.61100e-15
5900.91599698	2.55312e-15
5902.68613554	2.45283e-15
5904.4463295	2.37067e-15
5906.21646806	2.26068e-15
5907.98660661	2.20883e-15
5909.75674517	2.17145e-15
5911.52688373	2.07827e-15
5913.28707769	2.07943e-15
5915.05721625	2.02513e-15
5916.82735481	1.95551e-15
5918.59749336	1.91591e-15
5920.36763192	1.86209e-15
5922.12782588	1.83466e-15
5923.89796444	1.77525e-15
5925.668103	1.74418e-15
5927.43824156	1.74607e-15
5929.19843552	1.75569e-15
5930.96857407	1.66180e-15
5932.73871263	1.63770e-15
5934.50885119	1.65302e-15
5936.27898975	1.61550e-15
5938.03918371	1.57151e-15
5939.80932227	1.58693e-15
5941.57946082	1.59061e-15
5943.34959938	1.58413e-15
5945.11973794	1.59591e-15
5946.8799319	1.59060e-15
5948.65007046	1.54692e-15
5950.42020902	1.54076e-15
5952.19034757	1.55798e-15
5953.96048613	1.51471e-15
5955.72068009	1.52614e-15
5957.49081865	1.47354e-15
5959.26095721	1.43982e-15
5961.03109577	1.48143e-15
5962.80123432	1.45774e-15
5964.56142828	1.40860e-15
5966.33156684	1.39532e-15
5968.1017054	1.36472e-15
5969.87184396	1.36769e-15
5971.63203792	1.36743e-15
5973.40217647	1.34534e-15
5975.17231503	1.34435e-15
5976.94245359	1.33970e-15
5978.71259215	1.33946e-15
5980.47278611	1.32710e-15
5982.24292467	1.31882e-15
5984.01306322	1.29414e-15
5985.78320178	1.26885e-15
5987.55334034	1.28787e-15
5989.3135343	1.30553e-15
5991.08367286	1.27902e-15
5992.85381142	1.25437e-15
5994.62394997	1.23836e-15
5996.39408853	1.23697e-15
5998.15428249	1.25127e-15
5999.92442105	1.23414e-15
6001.69455961	1.25078e-15
6003.46469817	1.22321e-15
6005.23483672	1.19981e-15
6006.99503068	1.21203e-15
6008.76516924	1.19055e-15
6010.5353078	1.19066e-15
6012.30544636	1.17233e-15
6014.06564032	1.13858e-15
6015.83577888	1.12776e-15
6017.60591743	1.14880e-15
6019.37605599	1.13496e-15
6021.14619455	1.15800e-15
6022.90638851	1.16323e-15
6024.67652707	1.12901e-15
6026.44666563	1.11450e-15
6028.21680418	1.11367e-15
6029.98694274	1.09714e-15
6031.7471367	1.10395e-15
6033.51727526	1.14862e-15
6035.28741382	1.12637e-15
6037.05755238	1.09905e-15
6038.82769093	1.11146e-15
6040.58788489	1.09070e-15
6042.35802345	1.10841e-15
6044.12816201	1.10616e-15
6045.89830057	1.09085e-15
6047.65849453	1.09095e-15
6049.42863309	1.03567e-15
6051.19877164	1.04069e-15
6052.9689102	1.05964e-15
6054.73904876	1.05512e-15
6056.49924272	1.05635e-15
6058.26938128	1.08865e-15
6060.03951983	1.09116e-15
6061.80965839	1.09196e-15
6063.57979695	1.11193e-15
6065.33999091	1.14016e-15
6067.11012947	1.12197e-15
6068.88026803	1.12909e-15
6070.65040658	1.11971e-15
6072.42054514	1.15527e-15
6074.1807391	1.17510e-15
6075.95087766	1.12770e-15
6077.72101622	1.16171e-15
6079.49115478	1.15077e-15
6081.26129333	1.17731e-15
6083.02148729	1.20868e-15
6084.79162585	1.23050e-15
6086.56176441	1.21685e-15
6088.33190297	1.11677e-15
6090.09209693	1.17102e-15
6091.86223549	1.19335e-15
6093.63237404	1.18135e-15
6095.4025126	1.22971e-15
6097.17265116	1.29096e-15
6098.93284512	1.27753e-15
6100.70298368	1.24957e-15
6102.47312224	1.25460e-15
6104.24326079	1.26699e-15
6106.01339935	1.30280e-15
6107.77359331	1.28731e-15
6109.54373187	1.28199e-15
6111.31387043	1.26375e-15
6113.08400899	1.27871e-15
6114.85414754	1.27930e-15
6116.6143415	1.27179e-15
6118.38448006	1.26212e-15
6120.15461862	1.28277e-15
6121.92475718	1.23464e-15
6123.68495114	1.24584e-15
6125.4550897	1.26471e-15
6127.22522825	1.27694e-15
6128.99536681	1.30075e-15
6130.76550537	1.26796e-15
6132.52569933	1.23897e-15
6134.29583789	1.25372e-15
6136.06597645	1.28210e-15
6137.836115	1.28754e-15
6139.60625356	1.30040e-15
6141.36644752	1.30485e-15
6143.13658608	1.28970e-15
6144.90672464	1.33211e-15
6146.6768632	1.35801e-15
6148.44700175	1.33872e-15
6150.20719571	1.31777e-15
6151.97733427	1.32398e-15
6153.74747283	1.31971e-15
6155.51761139	1.28956e-15
6157.27780535	1.27422e-15
6159.0479439	1.31020e-15
6160.81808246	1.36405e-15
6162.58822102	1.35535e-15
6164.35835958	1.30425e-15
6166.11855354	1.32721e-15
6167.8886921	1.31922e-15
6169.65883065	1.32383e-15
6171.42896921	1.29796e-15
6173.19910777	1.28598e-15
6174.95930173	1.27049e-15
6176.72944029	1.28777e-15
6178.49957885	1.31152e-15
6180.2697174	1.27591e-15
6182.03985596	1.23991e-15
6183.80004992	1.23272e-15
6185.57018848	1.22453e-15
6187.34032704	1.23575e-15
6189.1104656	1.25165e-15
6190.88060415	1.27297e-15
6192.64079811	1.23222e-15
6194.41093667	1.21286e-15
6196.18107523	1.22842e-15
6197.95121379	1.23348e-15
6199.71140775	1.21209e-15
6201.48154631	1.21602e-15
6203.25168486	1.24551e-15
6205.02182342	1.24512e-15
6206.79196198	1.24722e-15
6208.55215594	1.27324e-15
6210.3222945	1.31244e-15
6212.09243306	1.27918e-15
6213.86257161	1.27677e-15
6215.63271017	1.30959e-15
6217.39290413	1.33553e-15
6219.16304269	1.33365e-15
6220.93318125	1.32732e-15
6222.70331981	1.35052e-15
6224.47345836	1.37596e-15
6226.23365232	1.37313e-15
6228.00379088	1.35284e-15
6229.77392944	1.37256e-15
6231.544068	1.40925e-15
6233.31420656	1.37690e-15
6235.07440051	1.32194e-15
6236.84453907	1.33134e-15
6238.61467763	1.33878e-15
6240.38481619	1.29293e-15
6242.14501015	1.26468e-15
6243.91514871	1.24510e-15
6245.68528726	1.23228e-15
6247.45542582	1.27968e-15
6249.22556438	1.34316e-15
6250.98575834	1.35211e-15
6252.7558969	1.32780e-15
6254.52603546	1.33012e-15
6256.29617401	1.36261e-15
6258.06631257	1.34414e-15
6259.82650653	1.31214e-15
6261.59664509	1.32108e-15
6263.36678365	1.38214e-15
6265.13692221	1.43492e-15
6266.90706076	1.41993e-15
6268.66725472	1.45959e-15
6270.43739328	1.49288e-15
6272.20753184	1.47110e-15
6273.9776704	1.47450e-15
6275.74780896	1.48187e-15
6277.50800292	1.49565e-15
6279.27814147	1.52236e-15
6281.04828003	1.53230e-15
6282.81841859	1.51915e-15
6284.57861255	1.50450e-15
6286.34875111	1.54606e-15
6288.11888967	1.59271e-15
6289.88902822	1.60044e-15
6291.65916678	1.61436e-15
6293.41936074	1.59351e-15
6295.1894993	1.58879e-15
6296.95963786	1.66694e-15
6298.72977642	1.72672e-15
6300.49991497	1.67378e-15
6302.26010893	1.70077e-15
6304.03024749	1.75880e-15
6305.80038605	1.73303e-15
6307.57052461	1.69629e-15
6309.34066317	1.68194e-15
6311.10085712	1.71753e-15
6312.87099568	1.71171e-15
6314.64113424	1.73393e-15
6316.4112728	1.76289e-15
6318.18141136	1.76769e-15
6319.94160532	1.77617e-15
6321.71174387	1.79158e-15
6323.48188243	1.82613e-15
6325.25202099	1.84153e-15
6327.01221495	1.81100e-15
6328.78235351	1.78384e-15
6330.55249207	1.80362e-15
6332.32263062	1.84894e-15
6334.09276918	1.85753e-15
6335.85296314	1.84168e-15
6337.6231017	1.84839e-15
6339.39324026	1.84281e-15
6341.16337882	1.83228e-15
6342.93351737	1.83660e-15
6344.69371133	1.84407e-15
6346.46384989	1.87286e-15
6348.23398845	1.85053e-15
6350.00412701	1.85485e-15
6351.77426557	1.91013e-15
6353.53445953	1.87207e-15
6355.30459808	1.85106e-15
6357.07473664	1.82947e-15
6358.8448752	1.85911e-15
6360.60506916	1.88168e-15
6362.37520772	1.85380e-15
6364.14534628	1.84048e-15
6365.91548483	1.81156e-15
6367.68562339	1.79264e-15
6369.44581735	1.80904e-15
6371.21595591	1.81320e-15
6372.98609447	1.77290e-15
6374.75623303	1.76368e-15
6376.52637158	1.80262e-15
6378.28656554	1.84812e-15
6380.0567041	1.83933e-15
6381.82684266	1.77693e-15
6383.59698122	1.75333e-15
6385.36711978	1.81289e-15
6387.12731374	1.82993e-15
6388.89745229	1.78813e-15
6390.66759085	1.79247e-15
6392.43772941	1.79150e-15
6394.20786797	1.80864e-15
6395.96806193	1.83030e-15
6397.73820049	1.83112e-15
6399.50833904	1.84965e-15
6401.2784776	1.88497e-15
6403.03867156	1.82126e-15
6404.80881012	1.84247e-15
6406.57894868	1.80635e-15
6408.34908724	1.78971e-15
6410.11922579	1.84249e-15
6411.87941975	1.84338e-15
6413.64955831	1.79930e-15
6415.41969687	1.79036e-15
6417.18983543	1.79351e-15
6418.95997398	1.77832e-15
6420.72016794	1.75431e-15
6422.4903065	1.72356e-15
6424.26044506	1.68819e-15
6426.03058362	1.68973e-15
6427.80072218	1.69555e-15
6429.56091614	1.66668e-15
6431.33105469	1.65012e-15
6433.10119325	1.65243e-15
6434.87133181	1.61169e-15
6436.64147037	1.59346e-15
6438.40166433	1.54598e-15
6440.17180289	1.54227e-15
6441.94194144	1.55241e-15
6443.71208	1.59300e-15
6445.47227396	1.55171e-15
6447.24241252	1.54099e-15
6449.01255108	1.54041e-15
6450.78268964	1.55073e-15
6452.55282819	1.52387e-15
6454.31302215	1.53093e-15
6456.08316071	1.52586e-15
6457.85329927	1.49023e-15
6459.62343783	1.47397e-15
6461.39357639	1.50352e-15
6463.15377035	1.49240e-15
6464.9239089	1.48648e-15
6466.69404746	1.48456e-15
6468.46418602	1.47998e-15
6470.23432458	1.45256e-15
6471.99451854	1.43088e-15
6473.7646571	1.43363e-15
6475.53479565	1.38015e-15
6477.30493421	1.35855e-15
6479.07507277	1.32389e-15
6480.83526673	1.32466e-15
6482.60540529	1.38693e-15
6484.37554385	1.36964e-15
6486.1456824	1.35666e-15
6487.90587636	1.37198e-15
6489.67601492	1.36577e-15
6491.44615348	1.38180e-15
6493.21629204	1.38579e-15
6494.9864306	1.33766e-15
6496.74662455	1.30110e-15
6498.51676311	1.31010e-15
6500.28690167	1.32053e-15
6502.05704023	1.31694e-15
6503.82717879	1.34910e-15
6505.58737275	1.37907e-15
6507.3575113	1.39436e-15
6509.12764986	1.37430e-15
6510.89778842	1.34656e-15
6512.66792698	1.32418e-15
6514.42812094	1.32092e-15
6516.1982595	1.35621e-15
6517.96839805	1.38979e-15
6519.73853661	1.38456e-15
6521.49873057	1.35105e-15
6523.26886913	1.37698e-15
6525.03900769	1.37834e-15
6526.80914625	1.39261e-15
6528.5792848	1.42248e-15
6530.33947876	1.40647e-15
6532.10961732	1.43468e-15
6533.87975588	1.45680e-15
6535.64989444	1.45148e-15
6537.420033	1.46056e-15
6539.18022696	1.46315e-15
6540.95036551	1.44091e-15
6542.72050407	1.45252e-15
6544.49064263	1.47252e-15
6546.26078119	1.45972e-15
6548.02097515	1.44833e-15
6549.79111371	1.45883e-15
6551.56125226	1.47903e-15
6553.33139082	1.48871e-15
6555.10152938	1.49147e-15
6556.86172334	1.47814e-15
6558.6318619	1.41681e-15
6560.40200046	1.31931e-15
6562.17213901	1.33940e-15
6563.93233297	1.42946e-15
6565.70247153	1.44685e-15
6567.47261009	1.46159e-15
6569.24274865	1.48522e-15
6571.01288721	1.49081e-15
6572.77308116	1.48174e-15
6574.54321972	1.46325e-15
6576.31335828	1.50715e-15
6578.08349684	1.48543e-15
6579.8536354	1.43079e-15
6581.61382936	1.44137e-15
6583.38396791	1.43973e-15
6585.15410647	1.39527e-15
6586.92424503	1.35382e-15
6588.69438359	1.39641e-15
6590.45457755	1.39619e-15
6592.22471611	1.36017e-15
6593.99485466	1.34410e-15
6595.76499322	1.36496e-15
6597.52518718	1.36133e-15
6599.29532574	1.35889e-15
6601.0654643	1.34197e-15
6602.83560286	1.33017e-15
6604.60574141	1.29386e-15
6606.36593537	1.26803e-15
6608.13607393	1.27801e-15
6609.90621249	1.28200e-15
6611.67635105	1.27574e-15
6613.44648961	1.25522e-15
6615.20668357	1.22720e-15
6616.97682212	1.21184e-15
6618.74696068	1.22023e-15
6620.51709924	1.21824e-15
6622.2872378	1.22991e-15
6624.04743176	1.22087e-15
6625.81757032	1.19810e-15
6627.58770887	1.22316e-15
6629.35784743	1.24919e-15
6631.11804139	1.24926e-15
6632.88817995	1.24777e-15
6634.65831851	1.26795e-15
6636.42845707	1.29440e-15
6638.19859562	1.29560e-15
6639.95878958	1.35057e-15
6641.72892814	1.38881e-15
6643.4990667	1.43094e-15
6645.26920526	1.45609e-15
6647.03934382	1.49095e-15
6648.79953778	1.51423e-15
6650.56967633	1.55695e-15
6652.33981489	1.55518e-15
6654.10995345	1.62453e-15
6655.88009201	1.64862e-15
6657.64028597	1.63016e-15
6659.41042452	1.67073e-15
6661.18056308	1.70473e-15
6662.95070164	1.74113e-15
6664.7208402	1.72676e-15
6666.48103416	1.75537e-15
6668.25117272	1.77672e-15
6670.02131127	1.77503e-15
6671.79144983	1.78657e-15
6673.55164379	1.80929e-15
6675.32178235	1.86525e-15
6677.09192091	1.80981e-15
6678.86205947	1.81879e-15
6680.63219802	1.85178e-15
6682.39239198	1.80340e-15
6684.16253054	1.82554e-15
6685.9326691	1.82562e-15
6687.70280766	1.74831e-15
6689.47294622	1.66982e-15
6691.23314018	1.66732e-15
6693.00327873	1.62080e-15
6694.77341729	1.55238e-15
6696.54355585	1.48095e-15
6698.31369441	1.41668e-15
6700.07388837	1.37711e-15
6701.84402693	1.28403e-15
6703.61416548	1.23093e-15
6705.38430404	1.20279e-15
6707.1544426	1.18911e-15
6708.91463656	1.16313e-15
6710.68477512	1.14667e-15
6712.45491368	1.13117e-15
6714.22505223	1.06826e-15
6715.98524619	1.04673e-15
6717.75538475	1.05180e-15
6719.52552331	1.06179e-15
6721.29566187	1.03599e-15
6723.06580043	9.77275e-16
6724.82599439	9.48594e-16
6726.59613294	9.59747e-16
6728.3662715	9.47925e-16
6730.13641006	9.22470e-16
6731.90654862	9.58285e-16
6733.66674258	1.00099e-15
6735.43688114	9.53492e-16
6737.20701969	9.22598e-16
6738.97715825	9.15905e-16
6740.74729681	8.83372e-16
6742.50749077	8.73905e-16
6744.27762933	8.37704e-16
6746.04776789	8.29827e-16
6747.81790644	8.41751e-16
6749.588045	8.36545e-16
6751.34823896	8.35347e-16
6753.11837752	8.50490e-16
6754.88851608	8.47017e-16
6756.65865464	8.11603e-16
6758.41884859	8.22637e-16
6760.18898715	8.20523e-16
6761.95912571	7.95389e-16
6763.72926427	8.24323e-16
6765.49940283	8.07974e-16
6767.25959679	7.81058e-16
6769.02973534	8.08450e-16
6770.7998739	8.09447e-16
6772.57001246	7.76852e-16
6774.34015102	7.78054e-16
6776.10034498	7.93616e-16
6777.87048354	7.92365e-16
6779.64062209	7.88302e-16
6781.41076065	7.79661e-16
6783.18089921	7.67037e-16
6784.94109317	7.56583e-16
6786.71123173	7.61754e-16
6788.48137029	7.68709e-16
6790.25150884	7.63073e-16
6792.0117028	7.75983e-16
6793.78184136	7.63694e-16
6795.55197992	7.47577e-16
6797.32211848	7.62704e-16
6799.09225704	7.62030e-16
6800.852451	7.25307e-16
6802.62258955	7.21651e-16
6804.39272811	7.22351e-16
6806.16286667	6.97383e-16
6807.93300523	7.13438e-16
6809.69319919	7.35886e-16
6811.46333775	7.17085e-16
6813.2334763	7.05193e-16
6815.00361486	6.85849e-16
6816.77375342	6.92461e-16
6818.53394738	7.04389e-16
6820.30408594	7.01516e-16
6822.0742245	6.94482e-16
6823.84436305	7.13036e-16
6825.60455701	7.11149e-16
6827.37469557	6.76682e-16
6829.14483413	6.69145e-16
6830.91497269	6.40745e-16
6832.68511125	6.59729e-16
6834.4453052	7.05949e-16
6836.21544376	6.82609e-16
6837.98558232	6.38212e-16
6839.75572088	6.46631e-16
6841.52585944	6.75216e-16
6843.2860534	6.64069e-16
6845.05619195	6.48151e-16
6846.82633051	6.52020e-16
6848.59646907	6.46853e-16
6850.36660763	6.61722e-16
6852.12680159	6.37303e-16
6853.89694015	6.16817e-16
6855.6670787	6.35234e-16
6857.43721726	6.47860e-16
6859.20735582	6.47789e-16
6860.96754978	6.40016e-16
6862.73768834	6.15194e-16
6864.5078269	6.19835e-16
6866.27796545	6.34642e-16
6868.03815941	6.32334e-16
6869.80829797	6.28975e-16
6871.57843653	6.19399e-16
6873.34857509	6.06246e-16
6875.11871365	5.93108e-16
6876.87890761	6.02290e-16
6878.64904616	6.02621e-16
6880.41918472	6.13501e-16
6882.18932328	6.13843e-16
6883.95946184	6.11760e-16
6885.7196558	6.42641e-16
6887.48979436	6.50710e-16
6889.25993291	6.19526e-16
6891.03007147	5.92893e-16
6892.80021003	6.03431e-16
6894.56040399	6.24509e-16
6896.33054255	6.36189e-16
6898.10068111	6.31709e-16
6899.87081966	6.38170e-16
6901.63101362	6.22525e-16
6903.40115218	6.12189e-16
6905.17129074	6.22053e-16
6906.9414293	6.14817e-16
6908.71156786	6.17636e-16
6910.47176181	6.47385e-16
6912.24190037	6.97717e-16
6914.01203893	6.60294e-16
6915.78217749	6.27791e-16
6917.55231605	6.64812e-16
6919.31251001	6.72325e-16
6921.08264856	6.58933e-16
6922.85278712	6.70809e-16
6924.62292568	6.76866e-16
6926.39306424	6.62429e-16
6928.1532582	6.57510e-16
6929.92339676	6.75986e-16
6931.69353531	6.81927e-16
6933.46367387	6.75015e-16
6935.23381243	6.65838e-16
6936.99400639	6.75065e-16
6938.76414495	7.00593e-16
6940.53428351	7.28022e-16
6942.30442206	7.07831e-16
6944.06461602	6.87641e-16
6945.83475458	6.73970e-16
6947.60489314	6.61359e-16
6949.3750317	6.51722e-16
6951.14517026	6.46851e-16
6952.90536422	6.54945e-16
6954.67550277	6.68876e-16
6956.44564133	6.82407e-16
6958.21577989	7.01208e-16
6959.98591845	6.81332e-16
6961.74611241	6.89118e-16
6963.51625097	7.01783e-16
6965.28638952	7.00271e-16
6967.05652808	6.86155e-16
6968.82666664	7.15685e-16
6970.5868606	7.47766e-16
6972.35699916	7.42806e-16
6974.12713772	7.48159e-16
6975.89727627	7.32194e-16
6977.66741483	7.33298e-16
6979.42760879	7.38218e-16
6981.19774735	7.77826e-16
6982.96788591	7.69944e-16
6984.73802447	7.45173e-16
6986.49821843	7.68602e-16
6988.26835698	7.82975e-16
6990.03849554	7.86896e-16
6991.8086341	8.15824e-16
6993.57877266	8.50083e-16
6995.33896662	8.51304e-16
6997.10910518	8.44461e-16
6998.87924373	8.60386e-16
7000.64938229	8.50353e-16
7002.41952085	8.64989e-16
7004.17971481	8.94813e-16
7005.94985337	8.97840e-16
7007.71999192	8.84642e-16
7009.49013048	9.18721e-16
7011.26026904	9.41345e-16
7013.020463	9.59664e-16
7014.79060156	9.63331e-16
7016.56074012	9.83560e-16
7018.33087867	1.00597e-15
7020.10101723	1.05382e-15
7021.86121119	1.05663e-15
7023.63134975	1.06751e-15
7025.40148831	1.14802e-15
7027.17162687	1.23213e-15
7028.93182083	1.28718e-15
7030.70195938	1.34367e-15
7032.47209794	1.39681e-15
7034.2422365	1.45837e-15
7036.01237506	1.50914e-15
7037.77256902	1.57370e-15
7039.54270758	1.64413e-15
7041.31284613	1.73718e-15
7043.08298469	1.81487e-15
7044.85312325	1.87384e-15
7046.61331721	1.88366e-15
7048.38345577	1.94216e-15
7050.15359433	2.01496e-15
7051.92373288	2.06980e-15
7053.69387144	2.03972e-15
7055.4540654	2.03562e-15
7057.22420396	2.01647e-15
7058.99434252	1.97327e-15
7060.76448108	1.92788e-15
7062.53461963	1.94071e-15
7064.29481359	1.97682e-15
7066.06495215	2.01304e-15
7067.83509071	1.99816e-15
7069.60522927	1.94784e-15
7071.36542323	1.93595e-15
7073.13556179	1.95540e-15
7074.90570034	1.93601e-15
7076.6758389	1.83701e-15
7078.44597746	1.75981e-15
7080.20617142	1.67692e-15
7081.97630998	1.59794e-15
7083.74644854	1.52775e-15
7085.51658709	1.40865e-15
7087.28672565	1.31357e-15
7089.04691961	1.24400e-15
7090.81705817	1.22265e-15
7092.58719673	1.18931e-15
7094.35733529	1.17387e-15
7096.12747384	1.18441e-15
7097.8876678	1.12847e-15
7099.65780636	1.09300e-15
7101.42794492	1.06138e-15
7103.19808348	1.03309e-15
7104.95827744	9.93192e-16
7106.72841599	9.58584e-16
7108.49855455	9.21993e-16
7110.26869311	9.13841e-16
7112.03883167	9.36143e-16
7113.79902563	8.95417e-16
7115.56916419	8.63816e-16
7117.33930274	8.48073e-16
7119.1094413	8.43199e-16
7120.87957986	8.27751e-16
7122.63977382	8.04408e-16
7124.40991238	7.90619e-16
7126.18005094	7.99224e-16
7127.95018949	7.79635e-16
7129.72032805	7.86142e-16
7131.48052201	7.83227e-16
7133.25066057	7.54241e-16
7135.02079913	7.10916e-16
7136.79093769	7.13080e-16
7138.56107624	7.12928e-16
7140.3212702	7.42867e-16
7142.09140876	7.37701e-16
7143.86154732	7.21683e-16
7145.63168588	6.59854e-16
7147.39187984	6.56607e-16
7149.1620184	6.85053e-16
7150.93215695	6.86494e-16
7152.70229551	6.96673e-16
7154.47243407	6.86610e-16
7156.23262803	6.82984e-16
7158.00276659	6.83973e-16
7159.77290515	6.84696e-16
7161.5430437	7.08122e-16
7163.31318226	7.11798e-16
7165.07337622	7.46670e-16
7166.84351478	7.19976e-16
7168.61365334	7.04575e-16
7170.3837919	7.18635e-16
7172.15393045	7.11722e-16
7173.91412441	7.39048e-16
7175.68426297	7.45687e-16
7177.45440153	7.38525e-16
7179.22454009	7.03595e-16
7180.99467865	6.76845e-16
7182.7548726	6.96803e-16
7184.52501116	7.01404e-16
7186.29514972	6.94523e-16
7188.06528828	7.04473e-16
7189.82548224	6.76463e-16
7191.5956208	6.82673e-16
7193.36575935	7.28478e-16
7195.13589791	7.31164e-16
7196.90603647	7.30944e-16
7198.66623043	7.45529e-16
7200.43636899	7.63802e-16
7202.20650755	7.43339e-16
7203.9766461	7.34569e-16
7205.74678466	6.96989e-16
7207.50697862	7.31020e-16
7209.27711718	7.44842e-16
7211.04725574	7.51130e-16
7212.8173943	7.56155e-16
7214.58753285	7.67922e-16
7216.34772681	7.28904e-16
7218.11786537	7.64624e-16
7219.88800393	7.77519e-16
7221.65814249	7.81264e-16
7223.42828105	7.62253e-16
7225.18847501	7.95834e-16
7226.95861356	8.21632e-16
7228.72875212	7.91553e-16
7230.49889068	8.11726e-16
7232.25908464	8.27559e-16
7234.0292232	8.57509e-16
7235.79936176	8.37282e-16
7237.56950031	8.48123e-16
7239.33963887	8.17945e-16
7241.09983283	8.18969e-16
7242.86997139	8.49802e-16
7244.64010995	8.81096e-16
7246.41024851	9.17498e-16
7248.18038706	8.94843e-16
7249.94058102	8.75136e-16
7251.71071958	8.88967e-16
7253.48085814	9.27240e-16
7255.2509967	9.39866e-16
7257.02113526	9.61881e-16
7258.78132921	9.65637e-16
7260.55146777	9.58994e-16
7262.32160633	9.48559e-16
7264.09174489	9.93087e-16
7265.85193885	1.01002e-15
7267.62207741	1.00897e-15
7269.39221596	1.02134e-15
7271.16235452	1.01365e-15
7272.93249308	9.94671e-16
7274.69268704	9.76371e-16
7276.4628256	9.89389e-16
7278.23296416	9.49295e-16
