4757.14436982	3.266667E-17
4759.0753299	4.615983E-17
4761.00628997	4.571823E-17
4762.93725005	3.908055E-17
4764.86821012	2.716084E-17
4766.7991702	2.958382E-17
4768.73013027	3.378760E-17
4770.66109035	3.320599E-17
4772.59205042	3.795596E-17
4774.5230105	2.350813E-17
4776.45397058	3.252132E-17
4778.38493065	3.947462E-17
4780.31589073	3.882830E-17
4782.2468508	3.827589E-17
4784.17781088	3.595345E-17
4786.10877095	4.311733E-17
4788.03973103	3.814636E-17
4789.9706911	3.138634E-17
4791.90165118	3.063173E-17
4793.83261125	2.683038E-17
4795.76357133	3.010600E-17
4797.6945314	3.546877E-17
4799.62549148	3.553162E-17
4801.55645155	3.345058E-17
4803.48741163	3.564692E-17
4805.4183717	3.200554E-17
4807.34933178	2.965177E-17
4809.28029185	2.962147E-17
4811.21125193	3.537899E-17
4813.142212	3.168197E-17
4815.07317208	2.599103E-17
4817.00413216	3.077632E-17
4818.93509223	2.974985E-17
4820.86605231	1.876752E-17
4822.79701238	2.418956E-17
4824.72797246	2.595438E-17
4826.65893253	3.132760E-17
4828.58989261	2.790731E-17
4830.52085268	2.260619E-17
4832.45181276	1.952660E-17
4834.38277283	2.188905E-17
4836.31373291	2.068407E-17
4838.24469298	2.570805E-17
4840.17565306	2.411627E-17
4842.10661313	1.831641E-17
4844.03757321	3.263455E-17
4845.96853328	3.163641E-17
4847.89949336	2.104673E-17
4849.83045343	2.700034E-17
4851.76141351	2.599138E-17
4853.69237358	2.344975E-17
4855.62333366	3.532753E-17
4857.55429374	3.444871E-17
4859.48525381	2.711694E-17
4861.41621389	4.017177E-17
4863.34717396	4.297870E-17
4865.27813404	3.016773E-17
4867.20909411	3.560593E-17
4869.14005419	3.358016E-17
4871.07101426	2.749878E-17
4873.00197434	2.182600E-17
4874.93293441	2.627281E-17
4876.86389449	2.708788E-17
4878.79485456	2.426835E-17
4880.72581464	2.564638E-17
4882.65677471	3.323196E-17
4884.58773479	2.593677E-17
4886.51869486	2.506489E-17
4888.44965494	2.723445E-17
4890.38061501	3.092241E-17
4892.31157509	2.976491E-17
4894.24253516	2.418375E-17
4896.17349524	2.606821E-17
4898.10445532	3.520334E-17
4900.03541539	3.167434E-17
4901.96637547	2.170918E-17
4903.89733554	2.903417E-17
4905.82829562	2.962090E-17
4907.75925569	3.452262E-17
4909.69021577	3.526806E-17
4911.62117584	3.538586E-17
4913.55213592	3.882786E-17
4915.48309599	4.227913E-17
4917.41405607	4.077318E-17
4919.34501614	3.890215E-17
4921.27597622	4.103247E-17
4923.20693629	4.034176E-17
4925.13789637	4.223282E-17
4927.06885644	4.805186E-17
4928.99981652	5.044568E-17
4930.93077659	4.432829E-17
4932.86173667	4.878513E-17
4934.79269674	5.959512E-17
4936.72365682	4.583568E-17
4938.6546169	5.254162E-17
4940.58557697	5.307710E-17
4942.51653705	5.451276E-17
4944.44749712	5.250494E-17
4946.3784572	5.240851E-17
4948.30941727	5.370574E-17
4950.24037735	5.377123E-17
4952.17133742	5.668270E-17
4954.1022975	5.638489E-17
4956.03325757	5.040160E-17
4957.96421765	4.426801E-17
4959.89517772	4.798542E-17
4961.8261378	5.522668E-17
4963.75709787	5.483216E-17
4965.68805795	5.213121E-17
4967.61901802	5.872082E-17
4969.5499781	5.510868E-17
4971.48093817	5.904820E-17
4973.41189825	6.768262E-17
4975.34285832	5.789605E-17
4977.2738184	5.876157E-17
4979.20477848	6.359372E-17
4981.13573855	5.699613E-17
4983.06669863	5.511916E-17
4984.9976587	6.533160E-17
4986.92861878	6.065465E-17
4988.85957885	4.752025E-17
4990.79053893	5.316649E-17
4992.721499	5.786474E-17
4994.65245908	5.616276E-17
4996.58341915	5.438371E-17
4998.51437923	5.586340E-17
5000.4453393	5.702858E-17
5002.37629938	5.287973E-17
5004.30725945	5.063023E-17
5006.23821953	6.215405E-17
5008.1691796	6.082782E-17
5010.10013968	5.472390E-17
5012.03109975	5.647415E-17
5013.96205983	4.940705E-17
5015.8930199	4.992193E-17
5017.82397998	4.143452E-17
5019.75494006	4.433781E-17
5021.68590013	5.300000E-17
5023.61686021	4.811546E-17
5025.54782028	5.205395E-17
5027.47878036	4.671802E-17
5029.40974043	4.215398E-17
5031.34070051	4.428006E-17
5033.27166058	4.301810E-17
5035.20262066	4.414883E-17
5037.13358073	4.273919E-17
5039.06454081	3.813265E-17
5040.99550088	3.798763E-17
5042.92646096	4.158959E-17
5044.85742103	4.128956E-17
5046.78838111	4.139533E-17
5048.71934118	4.355047E-17
5050.65030126	4.478319E-17
5052.58126133	4.083436E-17
5054.51222141	4.782517E-17
5056.44318148	3.608061E-17
5058.37414156	4.223794E-17
5060.30510164	4.526043E-17
5062.23606171	3.500158E-17
5064.16702179	3.804204E-17
5066.09798186	3.619931E-17
5068.02894194	4.289751E-17
5069.95990201	4.689570E-17
5071.89086209	4.596958E-17
5073.82182216	4.182231E-17
5075.75278224	3.385627E-17
5077.68374231	4.544592E-17
5079.61470239	4.307941E-17
5081.54566246	3.423223E-17
5083.47662254	3.900892E-17
5085.40758261	4.174297E-17
5087.33854269	4.273457E-17
5089.26950276	4.378424E-17
5091.20046284	4.553637E-17
5093.13142291	4.695706E-17
5095.06238299	4.906287E-17
5096.99334306	4.084011E-17
5098.92430314	3.700250E-17
5100.85526322	4.531678E-17
5102.78622329	4.574876E-17
5104.71718337	4.413593E-17
5106.64814344	4.559284E-17
5108.57910352	4.620089E-17
5110.51006359	4.601138E-17
5112.44102367	4.132683E-17
5114.37198374	4.342246E-17
5116.30294382	4.774812E-17
5118.23390389	4.418117E-17
5120.16486397	5.062932E-17
5122.09582404	4.971168E-17
5124.02678412	5.395855E-17
5125.95774419	5.122868E-17
5127.88870427	4.810298E-17
5129.81966434	4.968156E-17
5131.75062442	4.352083E-17
5133.68158449	4.601696E-17
5135.61254457	4.620672E-17
5137.54350464	4.542114E-17
5139.47446472	5.517827E-17
5141.4054248	5.509386E-17
5143.33638487	4.695577E-17
5145.26734495	4.421308E-17
5147.19830502	5.037041E-17
5149.1292651	5.046843E-17
5151.06022517	4.951253E-17
5152.99118525	5.001791E-17
5154.92214532	4.907760E-17
5156.8531054	4.975683E-17
5158.78406547	5.106979E-17
5160.71502555	5.306410E-17
5162.64598562	5.023369E-17
5164.5769457	5.123953E-17
5166.50790577	5.171327E-17
5168.43886585	4.824295E-17
5170.36982592	5.538649E-17
5172.300786	6.001806E-17
5174.23174607	5.270973E-17
5176.16270615	4.590762E-17
5178.09366622	4.696662E-17
5180.0246263	5.151259E-17
5181.95558638	5.342263E-17
5183.88654645	4.877179E-17
5185.81750653	4.278368E-17
5187.7484666	4.741805E-17
5189.67942668	5.138391E-17
5191.61038675	5.181091E-17
5193.54134683	5.663248E-17
5195.4723069	5.649379E-17
5197.40326698	4.864396E-17
5199.33422705	4.523285E-17
5201.26518713	5.377951E-17
5203.1961472	5.747483E-17
5205.12710728	5.308079E-17
5207.05806735	4.932407E-17
5208.98902743	4.927510E-17
5210.9199875	5.371715E-17
5212.85094758	5.111783E-17
5214.78190765	4.893482E-17
5216.71286773	5.448163E-17
5218.6438278	5.323878E-17
5220.57478788	4.777568E-17
5222.50574796	5.004139E-17
5224.43670803	5.155693E-17
5226.36766811	5.786564E-17
5228.29862818	5.540332E-17
5230.22958826	5.591566E-17
5232.16054833	4.938931E-17
5234.09150841	5.149419E-17
5236.02246848	5.581181E-17
5237.95342856	5.772126E-17
5239.88438863	5.846317E-17
5241.81534871	5.436216E-17
5243.74630878	4.986809E-17
5245.67726886	5.506323E-17
5247.60822893	5.792832E-17
5249.53918901	5.091108E-17
5251.47014908	4.700910E-17
5253.40110916	5.281423E-17
5255.33206923	5.036299E-17
5257.26302931	5.610204E-17
5259.19398938	6.076542E-17
5261.12494946	6.092830E-17
5263.05590954	5.639486E-17
5264.98686961	5.521319E-17
5266.91782969	6.006385E-17
5268.84878976	6.115330E-17
5270.77974984	6.059032E-17
5272.71070991	5.932113E-17
5274.64166999	6.056301E-17
5276.57263006	6.350549E-17
5278.50359014	5.754219E-17
5280.43455021	6.374329E-17
5282.36551029	6.222084E-17
5284.29647036	6.662735E-17
5286.22743044	6.116871E-17
5288.15839051	5.521158E-17
5290.08935059	6.165279E-17
5292.02031066	6.142609E-17
5293.95127074	6.023652E-17
5295.88223081	6.522935E-17
5297.81319089	6.535892E-17
5299.74415096	6.468740E-17
5301.67511104	6.531300E-17
5303.60607112	6.430341E-17
5305.53703119	6.588088E-17
5307.46799127	6.465848E-17
5309.39895134	6.045205E-17
5311.32991142	6.657448E-17
5313.26087149	6.971106E-17
5315.19183157	6.888894E-17
5317.12279164	6.991370E-17
5319.05375172	6.939479E-17
5320.98471179	7.171317E-17
5322.91567187	6.930240E-17
5324.84663194	6.755193E-17
5326.77759202	6.925295E-17
5328.70855209	6.988821E-17
5330.63951217	7.086542E-17
5332.57047224	7.376717E-17
5334.50143232	7.486890E-17
5336.43239239	7.165807E-17
5338.36335247	7.337395E-17
5340.29431254	6.843636E-17
5342.22527262	6.831927E-17
5344.1562327	7.346887E-17
5346.08719277	7.166555E-17
5348.01815285	7.646036E-17
5349.94911292	7.330486E-17
5351.880073	7.176503E-17
5353.81103307	6.859699E-17
5355.74199315	6.624624E-17
5357.67295322	6.342563E-17
5359.6039133	6.665830E-17
5361.53487337	7.435338E-17
5363.46583345	7.314163E-17
5365.39679352	6.920454E-17
5367.3277536	7.300819E-17
5369.25871367	8.119570E-17
5371.18967375	6.901020E-17
5373.12063382	6.908355E-17
5375.0515939	7.708517E-17
5376.98255397	7.819297E-17
5378.91351405	7.597979E-17
5380.84447412	7.315985E-17
5382.7754342	7.208632E-17
5384.70639428	7.033126E-17
5386.63735435	7.177146E-17
5388.56831443	7.211921E-17
5390.4992745	7.098593E-17
5392.43023458	6.984092E-17
5394.36119465	7.276777E-17
5396.29215473	7.194720E-17
5398.2231148	7.082807E-17
5400.15407488	6.813723E-17
5402.08503495	6.467714E-17
5404.01599503	7.312041E-17
5405.9469551	7.213433E-17
5407.87791518	7.247089E-17
5409.80887525	7.410177E-17
5411.73983533	7.089764E-17
5413.6707954	7.292627E-17
5415.60175548	7.054135E-17
5417.53271555	6.939167E-17
5419.46367563	7.128875E-17
5421.3946357	7.274380E-17
5423.32559578	7.306991E-17
5425.25655586	6.843441E-17
5427.18751593	6.781767E-17
5429.11847601	7.278642E-17
5431.04943608	7.454742E-17
5432.98039616	7.107771E-17
5434.91135623	7.167395E-17
5436.84231631	7.070893E-17
5438.77327638	7.105053E-17
5440.70423646	7.996067E-17
5442.63519653	7.878316E-17
5444.56615661	6.967764E-17
5446.49711668	6.885893E-17
5448.42807676	7.617142E-17
5450.35903683	7.731295E-17
5452.28999691	7.628197E-17
5454.22095698	7.708859E-17
5456.15191706	8.181401E-17
5458.08287713	8.624568E-17
5460.01383721	8.386337E-17
5461.94479728	8.515767E-17
5463.87575736	8.479968E-17
5465.80671744	8.470361E-17
5467.73767751	8.374046E-17
5469.66863759	9.300535E-17
5471.59959766	8.990227E-17
5473.53055774	8.463991E-17
5475.46151781	9.453573E-17
5477.39247789	9.155299E-17
5479.32343796	8.899149E-17
5481.25439804	9.300411E-17
5483.18535811	9.183246E-17
5485.11631819	9.287385E-17
5487.04727826	9.057949E-17
5488.97823834	9.047725E-17
5490.90919841	8.843084E-17
5492.84015849	8.499674E-17
5494.77111856	8.788411E-17
5496.70207864	9.007158E-17
5498.63303871	8.807398E-17
5500.56399879	9.277312E-17
5502.49495886	9.046233E-17
5504.42591894	8.739988E-17
5506.35687902	9.104507E-17
5508.28783909	9.287526E-17
5510.21879917	8.960543E-17
5512.14975924	8.692181E-17
5514.08071932	9.109584E-17
5516.01167939	9.159806E-17
5517.94263947	8.814729E-17
5519.87359954	8.658749E-17
5521.80455962	8.652417E-17
5523.73551969	8.765138E-17
5525.66647977	8.965272E-17
5527.59743984	8.912985E-17
5529.52839992	8.708118E-17
5531.45935999	9.026992E-17
5533.39032007	8.771773E-17
5535.32128014	9.589376E-17
5537.25224022	9.268771E-17
5539.18320029	8.667109E-17
5541.11416037	8.940739E-17
5543.04512044	8.174022E-17
5544.97608052	7.546203E-17
5546.9070406	7.813627E-17
5548.83800067	8.049993E-17
5550.76896075	8.923490E-17
5552.69992082	8.656996E-17
5554.6308809	8.377088E-17
5556.56184097	7.771850E-17
5558.49280105	7.264851E-17
5560.42376112	8.001763E-17
5562.3547212	7.827136E-17
5564.28568127	7.898756E-17
5566.21664135	7.985646E-17
5568.14760142	8.271837E-17
5570.0785615	7.761457E-17
5572.00952157	7.800033E-17
5573.94048165	7.899769E-17
5575.87144172	8.155785E-17
5577.8024018	7.677589E-17
5579.73336187	7.440624E-17
5581.66432195	7.607918E-17
5583.59528202	7.911187E-17
5585.5262421	8.096157E-17
5587.45720218	7.740712E-17
5589.38816225	7.838254E-17
5591.31912233	8.095631E-17
5593.2500824	8.079712E-17
5595.18104248	7.867274E-17
5597.11200255	7.618310E-17
5599.04296263	7.855491E-17
5600.9739227	7.699481E-17
5602.90488278	7.807083E-17
5604.83584285	8.171177E-17
5606.76680293	7.753711E-17
5608.697763	8.302421E-17
5610.62872308	7.904252E-17
5612.55968315	7.424409E-17
5614.49064323	7.751965E-17
5616.4216033	7.543231E-17
5618.35256338	7.567363E-17
5620.28352345	7.733955E-17
5622.21448353	7.650654E-17
5624.1454436	7.602509E-17
5626.07640368	7.803388E-17
5628.00736376	7.511986E-17
5629.93832383	7.265778E-17
5631.86928391	7.337302E-17
5633.80024398	7.494265E-17
5635.73120406	7.364730E-17
5637.66216413	7.190750E-17
5639.59312421	6.981039E-17
5641.52408428	7.076778E-17
5643.45504436	6.878499E-17
5645.38600443	6.556081E-17
5647.31696451	6.332005E-17
5649.24792458	6.205837E-17
5651.17888466	5.927536E-17
5653.10984473	5.986906E-17
5655.04080481	5.430719E-17
5656.97176488	5.405118E-17
5658.90272496	5.549584E-17
5660.83368503	5.412270E-17
5662.76464511	5.423474E-17
5664.69560518	4.953157E-17
5666.62656526	4.941706E-17
5668.55752534	4.489081E-17
5670.48848541	3.869782E-17
5672.41944549	4.192363E-17
5674.35040556	4.296130E-17
5676.28136564	3.969452E-17
5678.21232571	3.737874E-17
5680.14328579	3.758516E-17
5682.07424586	3.722431E-17
5684.00520594	3.791401E-17
5685.93616601	3.661745E-17
5687.86712609	3.603789E-17
5689.79808616	3.274413E-17
5691.72904624	3.286475E-17
5693.66000631	3.087357E-17
5695.59096639	2.738307E-17
5697.52192646	2.859661E-17
5699.45288654	2.986298E-17
5701.38384661	3.159066E-17
5703.31480669	3.007850E-17
5705.24576676	3.472109E-17
5707.17672684	3.730603E-17
5709.10768692	3.225762E-17
5711.03864699	3.458002E-17
5712.96960707	3.779205E-17
5714.90056714	4.248908E-17
5716.83152722	4.238899E-17
5718.76248729	4.206035E-17
5720.69344737	4.271334E-17
5722.62440744	3.866397E-17
5724.55536752	3.686647E-17
5726.48632759	3.901548E-17
5728.41728767	3.982093E-17
5730.34824774	4.069271E-17
5732.27920782	4.347100E-17
5734.21016789	4.415256E-17
5736.14112797	4.552627E-17
5738.07208804	5.045675E-17
5740.00304812	5.019672E-17
5741.93400819	4.997398E-17
5743.86496827	5.547317E-17
5745.79592834	5.692178E-17
5747.72688842	5.303909E-17
5749.6578485	5.135695E-17
5751.58880857	5.430917E-17
5753.51976865	6.339840E-17
5755.45072872	6.354176E-17
5757.3816888	6.137861E-17
5759.31264887	6.530975E-17
5761.24360895	6.943234E-17
5763.17456902	6.714107E-17
5765.1055291	6.590076E-17
5767.03648917	7.100984E-17
5768.96744925	7.352644E-17
5770.89840932	6.868404E-17
5772.8293694	7.396468E-17
5774.76032947	7.431758E-17
5776.69128955	7.945964E-17
5778.62224962	7.935811E-17
5780.5532097	8.029772E-17
5782.48416977	8.179106E-17
5784.41512985	8.049169E-17
5786.34608992	8.111409E-17
5788.27705	8.572260E-17
5790.20801008	8.915951E-17
5792.13897015	8.985520E-17
5794.06993023	9.395675E-17
5796.0008903	9.855124E-17
5797.93185038	9.678854E-17
5799.86281045	9.224519E-17
5801.79377053	9.648398E-17
5803.7247306	9.792840E-17
5805.65569068	9.270772E-17
5807.58665075	9.343991E-17
5809.51761083	9.809524E-17
5811.4485709	9.920049E-17
5813.37953098	1.041498E-16
5815.31049105	1.053756E-16
5817.24145113	1.030425E-16
5819.1724112	1.014771E-16
5821.10337128	1.081938E-16
5823.03433135	1.126241E-16
5824.96529143	1.072391E-16
5826.8962515	1.092757E-16
5828.82721158	1.098284E-16
5830.75817166	1.101735E-16
5832.68913173	1.087034E-16
5834.62009181	1.094075E-16
5836.55105188	1.065860E-16
5838.48201196	1.117465E-16
5840.41297203	1.123348E-16
5842.34393211	1.045200E-16
5844.27489218	1.086623E-16
5846.20585226	1.168580E-16
5848.13681233	1.122524E-16
5850.06777241	1.060631E-16
5851.99873248	1.088024E-16
5853.92969256	1.109898E-16
5855.86065263	1.095970E-16
5857.79161271	1.130754E-16
5859.72257278	1.161967E-16
5861.65353286	1.128605E-16
5863.58449293	1.132573E-16
5865.51545301	1.117794E-16
5867.44641308	1.109633E-16
5869.37737316	1.162505E-16
5871.30833324	1.153347E-16
5873.23929331	1.153112E-16
5875.17025339	1.183893E-16
5877.10121346	1.210422E-16
5879.03217354	1.189343E-16
5880.96313361	1.265325E-16
5882.89409369	1.206365E-16
5884.82505376	1.184130E-16
5886.75601384	1.198554E-16
5888.68697391	1.211261E-16
5890.61793399	1.157320E-16
5892.54889406	1.136014E-16
5894.47985414	1.088397E-16
5896.41081421	1.079422E-16
5898.34177429	1.091220E-16
5900.27273436	1.138991E-16
5902.20369444	1.181261E-16
5904.13465451	1.224192E-16
5906.06561459	1.186980E-16
5907.99657466	1.134369E-16
5909.92753474	1.211749E-16
5911.85849482	1.230319E-16
5913.78945489	1.171381E-16
5915.72041497	1.136749E-16
5917.65137504	1.148558E-16
5919.58233512	1.207907E-16
5921.51329519	1.190308E-16
5923.44425527	1.120367E-16
5925.37521534	1.112144E-16
5927.30617542	1.192307E-16
5929.23713549	1.157266E-16
5931.16809557	1.109943E-16
5933.09905564	1.187340E-16
5935.03001572	1.137332E-16
5936.96097579	1.117020E-16
5938.89193587	1.149716E-16
5940.82289594	1.175023E-16
5942.75385602	1.093216E-16
5944.68481609	1.087354E-16
5946.61577617	1.140510E-16
5948.54673624	1.162635E-16
5950.47769632	1.130125E-16
5952.4086564	1.126433E-16
5954.33961647	1.104203E-16
5956.27057655	1.056487E-16
5958.20153662	1.068908E-16
5960.1324967	1.126629E-16
5962.06345677	1.138843E-16
5963.99441685	1.103293E-16
5965.92537692	1.091428E-16
5967.856337	1.067654E-16
5969.78729707	1.060330E-16
5971.71825715	1.076982E-16
5973.64921722	1.039045E-16
5975.5801773	1.086803E-16
5977.51113737	1.034675E-16
5979.44209745	1.004606E-16
5981.37305752	1.040353E-16
5983.3040176	1.073620E-16
5985.23497767	1.035651E-16
5987.16593775	9.952926E-17
5989.09689782	9.893379E-17
5991.0278579	1.047853E-16
5992.95881798	1.014312E-16
5994.88977805	1.024058E-16
5996.82073813	9.728647E-17
5998.7516982	9.442052E-17
6000.68265828	9.382599E-17
6002.61361835	9.592279E-17
6004.54457843	9.535326E-17
6006.4755385	9.399989E-17
6008.40649858	9.456015E-17
6010.33745865	9.768593E-17
6012.26841873	9.525901E-17
6014.1993788	9.459819E-17
6016.13033888	9.518496E-17
6018.06129895	8.956029E-17
6019.99225903	9.381855E-17
6021.9232191	9.594722E-17
6023.85417918	8.712408E-17
6025.78513925	8.718441E-17
6027.71609933	8.812214E-17
6029.64705941	8.816894E-17
6031.57801948	9.164928E-17
6033.50897956	9.437732E-17
6035.43993963	9.092189E-17
6037.37089971	8.932305E-17
6039.30185978	9.256888E-17
6041.23281986	9.453010E-17
6043.16377993	9.693325E-17
6045.09474001	8.958338E-17
6047.02570008	8.919809E-17
6048.95666016	8.732410E-17
6050.88762023	8.981045E-17
6052.81858031	8.861872E-17
6054.74954038	8.983713E-17
6056.68050046	8.928672E-17
6058.61146053	8.683510E-17
6060.54242061	8.796519E-17
6062.47338068	8.750435E-17
6064.40434076	8.730375E-17
6066.33530083	8.822715E-17
6068.26626091	8.761218E-17
6070.19722099	8.835767E-17
6072.12818106	8.982142E-17
6074.05914114	9.081447E-17
6075.99010121	9.042562E-17
6077.92106129	8.879327E-17
6079.85202136	8.788938E-17
6081.78298144	8.569795E-17
6083.71394151	8.619156E-17
6085.64490159	8.551726E-17
6087.57586166	8.142497E-17
6089.50682174	8.643081E-17
6091.43778181	8.472212E-17
6093.36874189	8.230188E-17
6095.29970196	9.640003E-17
6097.23066204	9.463975E-17
6099.16162211	8.930718E-17
6101.09258219	8.712507E-17
6103.02354226	9.003177E-17
6104.95450234	8.598797E-17
6106.88546241	8.331081E-17
6108.81642249	8.738186E-17
6110.74738257	8.727196E-17
6112.67834264	8.665933E-17
6114.60930272	8.535902E-17
6116.54026279	8.319021E-17
6118.47122287	8.430072E-17
6120.40218294	8.523002E-17
6122.33314302	8.590999E-17
6124.26410309	8.822629E-17
6126.19506317	9.280973E-17
6128.12602324	9.147909E-17
6130.05698332	8.725221E-17
6131.98794339	8.617555E-17
6133.91890347	9.020639E-17
6135.84986354	8.829124E-17
6137.78082362	8.504522E-17
6139.71178369	8.067878E-17
6141.64274377	8.625292E-17
6143.57370384	9.233056E-17
6145.50466392	9.257626E-17
6147.43562399	8.616376E-17
6149.36658407	8.767377E-17
6151.29754415	8.951998E-17
6153.22850422	8.528785E-17
6155.1594643	8.777410E-17
6157.09042437	8.760176E-17
6159.02138445	8.985527E-17
6160.95234452	9.446473E-17
6162.8833046	9.055419E-17
6164.81426467	9.175566E-17
6166.74522475	9.590402E-17
6168.67618482	9.141876E-17
6170.6071449	8.932443E-17
6172.53810497	9.167097E-17
6174.46906505	9.338659E-17
6176.40002512	9.025352E-17
6178.3309852	9.060998E-17
6180.26194527	9.509207E-17
6182.19290535	9.034381E-17
6184.12386542	9.269423E-17
6186.0548255	9.417667E-17
6187.98578557	9.632597E-17
6189.91674565	9.552688E-17
6191.84770573	8.956111E-17
6193.7786658	8.883343E-17
6195.70962588	8.836240E-17
6197.64058595	8.984654E-17
6199.57154603	9.222028E-17
6201.5025061	9.651040E-17
6203.43346618	9.579684E-17
6205.36442625	9.104604E-17
6207.29538633	8.866147E-17
6209.2263464	8.934500E-17
6211.15730648	9.185381E-17
6213.08826655	8.073970E-17
6215.01922663	7.151798E-17
6216.9501867	8.153906E-17
6218.88114678	8.879425E-17
6220.81210685	9.577431E-17
6222.74306693	9.370396E-17
6224.674027	9.092110E-17
6226.60498708	9.346723E-17
6228.53594715	8.772008E-17
6230.46690723	8.465171E-17
6232.39786731	8.394782E-17
6234.32882738	8.612764E-17
6236.25978746	8.689835E-17
6238.19074753	8.171689E-17
6240.12170761	8.554390E-17
6242.05266768	9.145441E-17
6243.98362776	8.815687E-17
6245.91458783	9.239024E-17
6247.84554791	9.107435E-17
6249.77650798	8.739390E-17
6251.70746806	8.570991E-17
6253.63842813	8.536032E-17
6255.56938821	8.325879E-17
6257.50034828	8.468291E-17
6259.43130836	8.670929E-17
6261.36226843	8.340895E-17
6263.29322851	8.313614E-17
6265.22418858	8.313862E-17
6267.15514866	8.454568E-17
6269.08610873	8.305512E-17
6271.01706881	8.123116E-17
6272.94802889	8.692705E-17
6274.87898896	8.175254E-17
6276.80994904	8.346035E-17
6278.74090911	8.232421E-17
6280.67186919	8.283279E-17
6282.60282926	8.126583E-17
6284.53378934	7.953839E-17
6286.46474941	7.915762E-17
6288.39570949	8.344400E-17
6290.32666956	8.267343E-17
6292.25762964	9.104070E-17
6294.18858971	8.593775E-17
6296.11954979	8.523346E-17
6298.05050986	8.851494E-17
6299.98146994	8.728667E-17
6301.91243001	8.529071E-17
6303.84339009	8.517943E-17
6305.77435016	8.875618E-17
6307.70531024	8.687983E-17
6309.63627031	8.193511E-17
6311.56723039	8.368888E-17
6313.49819047	8.681128E-17
6315.42915054	8.335449E-17
6317.36011062	8.744721E-17
6319.29107069	8.374109E-17
6321.22203077	8.343097E-17
6323.15299084	8.589197E-17
6325.08395092	8.200043E-17
6327.01491099	8.247594E-17
6328.94587107	8.077683E-17
6330.87683114	8.379220E-17
6332.80779122	8.556422E-17
6334.73875129	8.308833E-17
6336.66971137	8.636431E-17
6338.60067144	8.433566E-17
6340.53163152	8.255126E-17
6342.46259159	8.098829E-17
6344.39355167	8.168641E-17
6346.32451174	8.508715E-17
6348.25547182	8.445968E-17
6350.18643189	8.359307E-17
6352.11739197	8.437861E-17
6354.04835205	8.389953E-17
6355.97931212	8.488073E-17
6357.9102722	8.806588E-17
6359.84123227	8.691330E-17
6361.77219235	8.425468E-17
6363.70315242	8.333827E-17
6365.6341125	8.209538E-17
6367.56507257	8.210114E-17
6369.49603265	8.401765E-17
6371.42699272	8.785382E-17
6373.3579528	8.621430E-17
6375.28891287	8.862012E-17
6377.21987295	8.889249E-17
6379.15083302	9.056910E-17
6381.0817931	9.227719E-17
6383.01275317	8.885855E-17
6384.94371325	8.597805E-17
6386.87467332	9.105229E-17
6388.8056334	9.240197E-17
6390.73659347	8.896684E-17
6392.66755355	8.515259E-17
6394.59851363	8.286599E-17
6396.5294737	8.761171E-17
6398.46043378	8.916518E-17
6400.39139385	8.674329E-17
6402.32235393	8.625466E-17
6404.253314	8.578446E-17
6406.18427408	8.866390E-17
6408.11523415	8.684986E-17
6410.04619423	8.913655E-17
6411.9771543	9.159479E-17
6413.90811438	8.849277E-17
6415.83907445	8.677499E-17
6417.77003453	8.556602E-17
6419.7009946	8.527898E-17
6421.63195468	8.547802E-17
6423.56291475	9.033430E-17
6425.49387483	8.950158E-17
6427.4248349	8.685205E-17
6429.35579498	9.012429E-17
6431.28675505	8.668125E-17
6433.21771513	8.084598E-17
6435.14867521	8.381660E-17
6437.07963528	7.735755E-17
6439.01059536	7.099987E-17
6440.94155543	7.974574E-17
6442.87251551	7.854317E-17
6444.80347558	7.665614E-17
6446.73443566	7.561638E-17
6448.66539573	7.727972E-17
6450.59635581	7.656633E-17
6452.52731588	7.713625E-17
6454.45827596	7.519890E-17
6456.38923603	7.468109E-17
6458.32019611	7.333622E-17
6460.25115618	7.255604E-17
6462.18211626	6.917112E-17
6464.11307633	6.942021E-17
6466.04403641	7.091720E-17
6467.97499648	6.463191E-17
6469.90595656	6.163384E-17
6471.83691663	6.268377E-17
6473.76787671	6.234722E-17
6475.69883679	6.191876E-17
6477.62979686	6.393184E-17
6479.56075694	6.400137E-17
6481.49171701	6.116766E-17
6483.42267709	6.186518E-17
6485.35363716	6.216565E-17
6487.28459724	6.362143E-17
6489.21555731	6.547017E-17
6491.14651739	6.540348E-17
6493.07747746	6.660569E-17
6495.00843754	6.649471E-17
6496.93939761	6.575175E-17
6498.87035769	6.402239E-17
6500.80131776	6.463736E-17
6502.73227784	6.516730E-17
6504.66323791	6.250416E-17
6506.59419799	6.565495E-17
6508.52515806	6.548254E-17
6510.45611814	6.699655E-17
6512.38707821	6.881672E-17
6514.31803829	6.999921E-17
6516.24899837	6.885849E-17
6518.17995844	7.060292E-17
6520.11091852	7.233370E-17
6522.04187859	6.830173E-17
6523.97283867	6.996785E-17
6525.90379874	7.302650E-17
6527.83475882	7.258148E-17
6529.76571889	7.552406E-17
6531.69667897	8.109237E-17
6533.62763904	8.270511E-17
6535.55859912	7.664561E-17
6537.48955919	8.018240E-17
6539.42051927	7.890307E-17
6541.35147934	8.502977E-17
6543.28243942	8.527187E-17
6545.21339949	8.527544E-17
6547.14435957	8.926109E-17
6549.07531964	9.111674E-17
6551.00627972	9.200653E-17
6552.93723979	9.226416E-17
6554.86819987	9.087297E-17
6556.79915995	9.023273E-17
6558.73012002	9.465372E-17
6560.6610801	1.080531E-16
6562.59204017	1.182481E-16
6564.52300025	1.201767E-16
6566.45396032	1.247807E-16
6568.3849204	1.218984E-16
6570.31588047	1.072571E-16
6572.24684055	9.645835E-17
6574.17780062	1.011897E-16
6576.1087607	9.809630E-17
6578.03972077	1.003048E-16
6579.97068085	1.077545E-16
6581.90164092	1.073484E-16
6583.832601	1.100396E-16
6585.76356107	1.125686E-16
6587.69452115	1.099386E-16
6589.62548122	1.106739E-16
6591.5564413	1.086020E-16
6593.48740137	1.032261E-16
6595.41836145	1.054187E-16
6597.34932153	1.089892E-16
6599.2802816	1.110118E-16
6601.21124168	1.123905E-16
6603.14220175	1.116333E-16
6605.07316183	1.098051E-16
6607.0041219	1.087519E-16
6608.93508198	1.117101E-16
6610.86604205	1.089872E-16
6612.79700213	1.060403E-16
6614.7279622	1.077104E-16
6616.65892228	1.083522E-16
6618.58988235	1.069705E-16
6620.52084243	1.045228E-16
6622.4518025	1.070161E-16
6624.38276258	1.090616E-16
6626.31372265	1.104634E-16
6628.24468273	1.110983E-16
6630.1756428	1.103643E-16
6632.10660288	1.089705E-16
6634.03756295	1.116552E-16
6635.96852303	1.118577E-16
6637.89948311	1.096975E-16
6639.83044318	1.111291E-16
6641.76140326	1.143437E-16
6643.69236333	1.138055E-16
6645.62332341	1.119135E-16
6647.55428348	1.109611E-16
6649.48524356	1.082678E-16
6651.41620363	1.094966E-16
6653.34716371	1.080522E-16
6655.27812378	1.072696E-16
6657.20908386	1.072276E-16
6659.14004393	1.114080E-16
6661.07100401	1.073586E-16
6663.00196408	1.044901E-16
6664.93292416	1.057191E-16
6666.86388423	1.067567E-16
6668.79484431	1.050992E-16
6670.72580438	1.062878E-16
6672.65676446	1.049403E-16
6674.58772453	1.058159E-16
6676.51868461	1.066311E-16
6678.44964469	1.073007E-16
6680.38060476	1.068217E-16
6682.31156484	1.056929E-16
6684.24252491	1.056538E-16
6686.17348499	1.040634E-16
6688.10444506	1.065146E-16
6690.03540514	1.065554E-16
6691.96636521	1.047153E-16
6693.89732529	1.031448E-16
6695.82828536	1.015570E-16
6697.75924544	1.006679E-16
6699.69020551	1.049250E-16
6701.62116559	1.081292E-16
6703.55212566	1.068734E-16
6705.48308574	1.014623E-16
6707.41404581	1.014219E-16
6709.34500589	1.017278E-16
6711.27596596	1.019343E-16
6713.20692604	1.002726E-16
6715.13788611	1.035332E-16
6717.06884619	1.054290E-16
6718.99980627	1.057192E-16
6720.93076634	1.072060E-16
6722.86172642	1.040232E-16
6724.79268649	1.020948E-16
6726.72364657	1.008584E-16
6728.65460664	1.004151E-16
6730.58556672	1.056606E-16
6732.51652679	1.065460E-16
6734.44748687	1.041299E-16
6736.37844694	1.046819E-16
6738.30940702	1.036816E-16
6740.24036709	1.013892E-16
6742.17132717	1.033223E-16
6744.10228724	1.000431E-16
6746.03324732	9.873210E-17
6747.96420739	9.454671E-17
6749.89516747	9.972088E-17
6751.82612754	1.005594E-16
6753.75708762	9.472307E-17
6755.68804769	9.661514E-17
6757.61900777	9.949745E-17
6759.54996785	1.005264E-16
6761.48092792	1.001874E-16
6763.411888	9.944260E-17
6765.34284807	1.023209E-16
6767.27380815	1.009645E-16
6769.20476822	1.032714E-16
6771.1357283	1.004225E-16
6773.06668837	1.023965E-16
6774.99764845	9.798493E-17
6776.92860852	9.714249E-17
6778.8595686	1.007664E-16
6780.79052867	9.750886E-17
6782.72148875	9.509835E-17
6784.65244882	9.581353E-17
6786.5834089	9.353854E-17
6788.51436897	9.574236E-17
6790.44532905	9.550707E-17
6792.37628912	9.577132E-17
6794.3072492	9.377751E-17
6796.23820927	9.086634E-17
6798.16916935	9.053069E-17
6800.10012943	9.166209E-17
6802.0310895	9.116150E-17
6803.96204958	8.822385E-17
6805.89300965	9.385340E-17
6807.82396973	8.943575E-17
6809.7549298	8.494463E-17
6811.68588988	8.637133E-17
6813.61684995	8.625818E-17
6815.54781003	8.229878E-17
6817.4787701	7.040319E-17
6819.40973018	6.717239E-17
6821.34069025	6.295161E-17
6823.27165033	5.745777E-17
6825.2026104	4.892188E-17
6827.13357048	4.462942E-17
6829.06453055	5.232223E-17
6830.99549063	5.689334E-17
6832.9264507	5.821634E-17
6834.85741078	6.135604E-17
6836.78837085	6.193903E-17
6838.71933093	6.268130E-17
6840.65029101	6.013487E-17
6842.58125108	5.435644E-17
6844.51221116	5.404904E-17
6846.44317123	5.338760E-17
6848.37413131	5.126798E-17
6850.30509138	5.333516E-17
6852.23605146	5.340016E-17
6854.16701153	5.377300E-17
6856.09797161	5.290978E-17
6858.02893168	5.546300E-17
6859.95989176	5.182450E-17
6861.89085183	5.099116E-17
6863.82181191	5.468303E-17
6865.75277198	5.880843E-17
6867.68373206	5.924394E-17
6869.61469213	5.688817E-17
6871.54565221	5.591952E-17
6873.47661228	5.559083E-17
6875.40757236	5.406210E-17
6877.33853243	5.432963E-17
6879.26949251	5.679757E-17
6881.20045259	5.893327E-17
6883.13141266	6.247025E-17
6885.06237274	6.187611E-17
6886.99333281	5.939533E-17
6888.92429289	6.439862E-17
6890.85525296	6.663574E-17
6892.78621304	6.524163E-17
6894.71717311	7.028799E-17
6896.64813319	7.119241E-17
6898.57909326	6.751537E-17
6900.51005334	6.701721E-17
6902.44101341	7.026624E-17
6904.37197349	7.396282E-17
6906.30293356	7.116230E-17
6908.23389364	7.219337E-17
6910.16485371	7.661014E-17
6912.09581379	7.739559E-17
6914.02677386	8.019761E-17
6915.95773394	8.276156E-17
6917.88869401	8.627950E-17
6919.81965409	8.864494E-17
6921.75061417	8.858851E-17
6923.68157424	9.306920E-17
6925.61253432	9.491673E-17
6927.54349439	9.197673E-17
6929.47445447	9.562932E-17
6931.40541454	9.254000E-17
6933.33637462	9.576674E-17
6935.26733469	9.503311E-17
6937.19829477	9.356470E-17
6939.12925484	9.667502E-17
6941.06021492	9.741677E-17
6942.99117499	1.020173E-16
6944.92213507	1.055397E-16
6946.85309514	1.041103E-16
6948.78405522	1.055102E-16
6950.71501529	1.059636E-16
6952.64597537	1.068462E-16
6954.57693544	1.123320E-16
6956.50789552	1.140156E-16
6958.43885559	1.127654E-16
6960.36981567	1.084371E-16
6962.30077575	1.096524E-16
6964.23173582	1.106307E-16
6966.1626959	1.113532E-16
6968.09365597	1.144638E-16
6970.02461605	1.202617E-16
6971.95557612	1.165278E-16
6973.8865362	1.150611E-16
6975.81749627	1.152156E-16
6977.74845635	1.143722E-16
6979.67941642	1.155849E-16
6981.6103765	1.170231E-16
6983.54133657	1.201036E-16
6985.47229665	1.226731E-16
6987.40325672	1.240306E-16
6989.3342168	1.263043E-16
6991.26517687	1.238007E-16
6993.19613695	1.225651E-16
6995.12709702	1.234704E-16
6997.0580571	1.204973E-16
6998.98901717	1.169444E-16
7000.91997725	1.118504E-16
7002.85093733	1.170510E-16
7004.7818974	1.161235E-16
7006.71285748	1.115749E-16
7008.64381755	1.168177E-16
7010.57477763	1.172679E-16
7012.5057377	1.146067E-16
7014.43669778	1.120038E-16
7016.36765785	1.139189E-16
7018.29861793	1.193785E-16
7020.229578	1.193263E-16
7022.16053808	1.176988E-16
7024.09149815	1.167387E-16
7026.02245823	1.165943E-16
7027.9534183	1.168019E-16
7029.88437838	1.096580E-16
7031.81533845	1.141707E-16
7033.74629853	1.142763E-16
7035.6772586	1.128121E-16
7037.60821868	1.125667E-16
7039.53917875	1.089608E-16
7041.47013883	1.091045E-16
7043.40109891	1.094512E-16
7045.33205898	1.083416E-16
7047.26301906	1.077987E-16
7049.19397913	1.099379E-16
7051.12493921	1.075489E-16
7053.05589928	1.091251E-16
7054.98685936	1.119075E-16
7056.91781943	1.102207E-16
7058.84877951	1.093743E-16
7060.77973958	1.097653E-16
7062.71069966	1.120567E-16
7064.64165973	1.134660E-16
7066.57261981	1.140617E-16
7068.50357988	1.143553E-16
7070.43453996	1.158174E-16
7072.36550003	1.149325E-16
7074.29646011	1.118242E-16
7076.22742018	1.101277E-16
7078.15838026	1.060665E-16
7080.08934033	1.030838E-16
7082.02030041	1.053259E-16
7083.95126049	1.045192E-16
7085.88222056	1.039441E-16
7087.81318064	1.027378E-16
7089.74414071	1.046191E-16
7091.67510079	1.056641E-16
7093.60606086	1.083973E-16
7095.53702094	1.113757E-16
7097.46798101	1.083033E-16
7099.39894109	1.102459E-16
7101.32990116	1.104854E-16
7103.26086124	1.090830E-16
7105.19182131	1.083700E-16
7107.12278139	1.074839E-16
7109.05374146	1.053056E-16
7110.98470154	1.065725E-16
7112.91566161	1.034953E-16
7114.84662169	1.028293E-16
7116.77758176	9.650417E-17
7118.70854184	9.771541E-17
7120.63950191	9.660900E-17
7122.57046199	9.497242E-17
7124.50142207	9.033377E-17
7126.43238214	8.752189E-17
7128.36334222	9.110314E-17
7130.29430229	9.288700E-17
7132.22526237	9.269684E-17
7134.15622244	9.247442E-17
7136.08718252	9.310224E-17
7138.01814259	9.475631E-17
7139.94910267	9.389082E-17
7141.88006274	9.551065E-17
7143.81102282	9.893698E-17
7145.74198289	9.750965E-17
7147.67294297	9.442001E-17
7149.60390304	9.282067E-17
7151.53486312	9.078782E-17
7153.46582319	9.187558E-17
7155.39678327	9.350928E-17
7157.32774334	9.881848E-17
7159.25870342	3.955689E-17
7161.18966349	-1.247590E-17
7163.12062357	4.962301E-17
7165.05158365	1.069409E-16
7166.98254372	1.025670E-16
7168.9135038	1.069121E-16
7170.84446387	1.011242E-16
7172.77542395	1.057876E-16
7174.70638402	1.101613E-16
7176.6373441	1.095769E-16
7178.56830417	1.016083E-16
7180.49926425	1.045053E-16
7182.43022432	1.048052E-16
7184.3611844	1.028547E-16
7186.29214447	1.033221E-16
7188.22310455	1.028176E-16
7190.15406462	1.019608E-16
7192.0850247	1.056806E-16
7194.01598477	1.063667E-16
7195.94694485	1.039382E-16
7197.87790492	1.014056E-16
7199.808865	1.018243E-16
7201.73982507	1.020315E-16
7203.67078515	9.774476E-17
7205.60174523	9.603901E-17
7207.5327053	9.697050E-17
7209.46366538	9.963959E-17
7211.39462545	1.010608E-16
7213.32558553	1.012565E-16
7215.2565456	1.036470E-16
7217.18750568	1.032162E-16
7219.11846575	1.035004E-16
7221.04942583	1.073473E-16
7222.9803859	1.096927E-16
7224.91134598	1.055506E-16
7226.84230605	1.049181E-16
7228.77326613	1.019496E-16
7230.7042262	1.043755E-16
7232.63518628	1.117347E-16
7234.56614635	1.107424E-16
7236.49710643	1.099124E-16
7238.4280665	1.101561E-16
7240.35902658	1.049803E-16
7242.28998665	1.020095E-16
7244.22094673	9.976035E-17
7246.15190681	1.044642E-16
7248.08286688	1.031095E-16
7250.01382696	1.056570E-16
7251.94478703	1.090934E-16
7253.87574711	1.081001E-16
7255.80670718	1.104207E-16
7257.73766726	1.109312E-16
7259.66862733	1.121392E-16
7261.59958741	1.169833E-16
7263.53054748	1.218140E-16
7265.46150756	1.209656E-16
7267.39246763	1.187100E-16
7269.32342771	1.189295E-16
7271.25438778	1.207752E-16
7273.18534786	1.195255E-16
7275.11630793	1.148084E-16
7277.04726801	1.151623E-16
7278.97822808	1.145958E-16
7280.90918816	1.122055E-16
7282.84014823	1.130219E-16
7284.77110831	1.126319E-16
7286.70206839	1.145536E-16
7288.63302846	1.142079E-16
7290.56398854	1.139123E-16
7292.49494861	1.154033E-16
7294.42590869	1.177973E-16
7296.35686876	1.181706E-16
7298.28782884	1.195329E-16
7300.21878891	1.220232E-16
7302.14974899	1.215081E-16
7304.08070906	1.218906E-16
7306.01166914	1.195557E-16
7307.94262921	1.170481E-16
7309.87358929	1.185173E-16
7311.80454936	1.141953E-16
7313.73550944	1.162730E-16
7315.66646951	1.147984E-16
7317.59742959	1.085370E-16
7319.52838966	1.029503E-16
7321.45934974	1.023979E-16
7323.39030981	1.071231E-16
7325.32126989	1.062878E-16
7327.25222997	1.096947E-16
7329.18319004	1.122762E-16
7331.11415012	1.118421E-16
7333.04511019	1.151963E-16
7334.97607027	1.155465E-16
7336.90703034	1.118336E-16
7338.83799042	1.142770E-16
7340.76895049	1.176463E-16
7342.69991057	1.147680E-16
7344.63087064	1.122880E-16
7346.56183072	1.127616E-16
7348.49279079	1.136699E-16
7350.42375087	1.105607E-16
7352.35471094	1.115846E-16
7354.28567102	1.107183E-16
7356.21663109	1.051132E-16
7358.14759117	1.064871E-16
7360.07855124	1.054482E-16
7362.00951132	1.024147E-16
7363.94047139	1.011734E-16
7365.87143147	9.934731E-17
7367.80239155	1.005739E-16
7369.73335162	1.049219E-16
7371.6643117	1.082808E-16
7373.59527177	1.126728E-16
7375.52623185	1.155975E-16
7377.45719192	1.137208E-16
7379.388152	1.131759E-16
7381.31911207	1.134432E-16
7383.25007215	1.118781E-16
7385.18103222	1.104593E-16
7387.1119923	1.072201E-16
7389.04295237	1.043057E-16
7390.97391245	1.080943E-16
7392.90487252	1.032198E-16
7394.8358326	9.935383E-17
7396.76679267	1.012780E-16
7398.69775275	9.927999E-17
7400.62871282	9.980569E-17
7402.5596729	1.021722E-16
7404.49063297	1.006167E-16
7406.42159305	9.992587E-17
7408.35255313	1.014798E-16
7410.2835132	1.026311E-16
7412.21447328	1.048115E-16
7414.14543335	1.074792E-16
7416.07639343	1.088786E-16
7418.0073535	1.093279E-16
7419.93831358	1.106276E-16
7421.86927365	1.117125E-16
7423.80023373	1.059473E-16
7425.7311938	1.032684E-16
7427.66215388	1.045234E-16
7429.59311395	9.863765E-17
7431.52407403	1.009465E-16
7433.4550341	9.696043E-17
7435.38599418	9.455073E-17
7437.31695425	9.678860E-17
7439.24791433	9.843940E-17
7441.1788744	9.678814E-17
7443.10983448	9.833193E-17
7445.04079455	1.009399E-16
7446.97175463	9.919726E-17
7448.90271471	1.026216E-16
7450.83367478	1.026792E-16
7452.76463486	1.067252E-16
7454.69559493	1.054392E-16
7456.62655501	1.111730E-16
7458.55751508	1.078023E-16
7460.48847516	1.072948E-16
7462.41943523	1.060885E-16
7464.35039531	1.038463E-16
7466.28135538	1.043253E-16
7468.21231546	9.950005E-17
7470.14327553	1.000900E-16
7472.07423561	1.018672E-16
7474.00519568	9.540362E-17
7475.93615576	9.551064E-17
7477.86711583	9.841765E-17
7479.79807591	9.560170E-17
7481.72903598	9.832559E-17
7483.65999606	9.680882E-17
7485.59095613	9.208496E-17
7487.52191621	9.347152E-17
7489.45287629	9.508099E-17
7491.38383636	9.589635E-17
7493.31479644	9.574673E-17
7495.24575651	1.004653E-16
7497.17671659	1.048942E-16
7499.10767666	1.050667E-16
7501.03863674	1.049245E-16
7502.96959681	1.024268E-16
7504.90055689	1.015136E-16
7506.83151696	1.004457E-16
7508.76247704	9.889751E-17
7510.69343711	9.462337E-17
7512.62439719	8.919986E-17
7514.55535726	8.923073E-17
7516.48631734	8.678506E-17
7518.41727741	8.422139E-17
7520.34823749	8.493439E-17
7522.27919756	8.540836E-17
7524.21015764	8.915237E-17
7526.14111772	8.728100E-17
7528.07207779	9.086703E-17
7530.00303787	9.269443E-17
7531.93399794	9.141139E-17
7533.86495802	8.710836E-17
7535.79591809	8.663269E-17
7537.72687817	8.781486E-17
7539.65783824	8.256198E-17
7541.58879832	7.086300E-17
7543.51975839	6.152945E-17
7545.45071847	5.163518E-17
7547.38167854	3.521666E-17
7549.31263862	2.272335E-17
7551.24359869	1.738873E-17
7553.17455877	1.402011E-17
7555.10551884	9.574037E-18
7557.03647892	8.365208E-18
7558.96743899	1.269788E-17
7560.89839907	1.458034E-17
7562.82935914	2.161015E-17
7564.76031922	2.873501E-17
7566.6912793	3.704963E-17
7568.62223937	4.165026E-17
7570.55319945	4.185206E-17
7572.48415952	3.719061E-17
7574.4151196	3.226107E-17
7576.34607967	2.910649E-17
7578.27703975	2.692887E-17
7580.20799982	2.533359E-17
7582.1389599	2.430683E-17
7584.06991997	2.679091E-17
7586.00088005	2.812188E-17
7587.93184012	3.037796E-17
7589.8628002	3.274284E-17
7591.79376027	3.215453E-17
7593.72472035	3.774458E-17
7595.65568042	3.803143E-17
7597.5866405	3.877514E-17
7599.51760057	4.350288E-17
7601.44856065	4.384116E-17
7603.37952072	4.821827E-17
7605.3104808	5.286593E-17
7607.24144088	5.288725E-17
7609.17240095	5.703234E-17
7611.10336103	6.403897E-17
7613.0343211	6.440142E-17
7614.96528118	6.415111E-17
7616.89624125	7.003075E-17
7618.82720133	7.119205E-17
7620.7581614	6.999906E-17
7622.68912148	7.388482E-17
7624.62008155	7.274626E-17
7626.55104163	7.317428E-17
7628.4820017	7.624060E-17
7630.41296178	7.522010E-17
7632.34392185	7.936615E-17
7634.27488193	8.045585E-17
7636.205842	7.903933E-17
7638.13680208	7.776989E-17
7640.06776215	7.783749E-17
7641.99872223	7.906504E-17
7643.9296823	7.919612E-17
7645.86064238	7.621435E-17
7647.79160246	7.481104E-17
7649.72256253	7.771786E-17
7651.65352261	7.659974E-17
7653.58448268	7.502080E-17
7655.51544276	7.534281E-17
7657.44640283	7.861648E-17
7659.37736291	7.951703E-17
7661.30832298	8.390779E-17
7663.23928306	9.062051E-17
7665.17024313	9.565720E-17
7667.10120321	9.161922E-17
7669.03216328	9.121491E-17
7670.96312336	9.457546E-17
7672.89408343	9.622153E-17
7674.82504351	9.682588E-17
7676.75600358	9.619015E-17
7678.68696366	9.844932E-17
7680.61792373	1.009626E-16
7682.54888381	1.004639E-16
7684.47984388	1.043252E-16
7686.41080396	1.059556E-16
7688.34176404	1.072155E-16
7690.27272411	1.052667E-16
7692.20368419	1.073317E-16
7694.13464426	1.135378E-16
7696.06560434	1.119629E-16
7697.99656441	1.098467E-16
7699.92752449	1.058190E-16
7701.85848456	1.032914E-16
7703.78944464	1.043349E-16
7705.72040471	1.088193E-16
7707.65136479	1.086996E-16
7709.58232486	1.022488E-16
7711.51328494	1.002910E-16
7713.44424501	1.016491E-16
7715.37520509	9.941607E-17
7717.30616516	9.831548E-17
7719.23712524	9.871062E-17
7721.16808531	9.864337E-17
7723.09904539	9.911502E-17
7725.03000546	9.722539E-17
7726.96096554	9.804766E-17
7728.89192562	1.003863E-16
7730.82288569	1.007957E-16
7732.75384577	1.028848E-16
7734.68480584	1.089015E-16
7736.61576592	1.157015E-16
7738.54672599	1.137633E-16
7740.47768607	1.070209E-16
7742.40864614	1.124452E-16
7744.33960622	1.206712E-16
7746.27056629	1.201771E-16
7748.20152637	1.184382E-16
7750.13248644	1.158471E-16
7752.06344652	1.191229E-16
7753.99440659	1.194483E-16
7755.92536667	1.152362E-16
7757.85632674	1.150868E-16
7759.78728682	1.111988E-16
7761.71824689	1.126807E-16
7763.64920697	1.115232E-16
7765.58016704	1.068822E-16
7767.51112712	1.069613E-16
7769.4420872	1.063971E-16
7771.37304727	1.039765E-16
7773.30400735	1.051385E-16
7775.23496742	1.083571E-16
7777.1659275	1.057816E-16
7779.09688757	1.014587E-16
7781.02784765	1.042103E-16
7782.95880772	1.051154E-16
7784.8897678	1.032397E-16
7786.82072787	1.059273E-16
7788.75168795	1.058823E-16
7790.68264802	1.066448E-16
7792.6136081	1.053439E-16
7794.54456817	1.064086E-16
7796.47552825	1.145635E-16
7798.40648832	1.190667E-16
7800.3374484	1.187950E-16
7802.26840847	1.165419E-16
7804.19936855	1.189983E-16
7806.13032862	1.218379E-16
7808.0612887	1.182195E-16
7809.99224878	1.131785E-16
7811.92320885	1.116387E-16
7813.85416893	1.101540E-16
7815.785129	1.080965E-16
7817.71608908	1.080054E-16
7819.64704915	1.040601E-16
7821.57800923	1.017931E-16
7823.5089693	1.015236E-16
7825.43992938	1.008904E-16
7827.37088945	1.035051E-16
7829.30184953	1.011735E-16
7831.2328096	9.831775E-17
7833.16376968	9.872635E-17
7835.09472975	1.035185E-16
7837.02568983	1.052774E-16
7838.9566499	1.039375E-16
7840.88760998	1.035537E-16
7842.81857005	1.046627E-16
7844.74953013	1.060326E-16
7846.6804902	1.084128E-16
7848.61145028	1.113845E-16
7850.54241036	1.096009E-16
7852.47337043	1.083120E-16
7854.40433051	1.084201E-16
7856.33529058	1.145504E-16
7858.26625066	1.176967E-16
7860.19721073	1.190043E-16
7862.12817081	1.151397E-16
7864.05913088	1.112342E-16
7865.99009096	1.108616E-16
7867.92105103	1.108451E-16
7869.85201111	1.084397E-16
7871.78297118	1.060440E-16
7873.71393126	1.063285E-16
7875.64489133	1.032781E-16
7877.57585141	9.992761E-17
7879.50681148	1.020122E-16
7881.43777156	9.705771E-17
7883.36873163	9.201920E-17
7885.29969171	9.851255E-17
7887.23065178	9.870313E-17
7889.16161186	9.645651E-17
7891.09257194	9.799967E-17
7893.02353201	9.715098E-17
7894.95449209	1.005682E-16
7896.88545216	1.014613E-16
7898.81641224	1.004733E-16
7900.74737231	9.728260E-17
7902.67833239	1.000547E-16
7904.60929246	1.082159E-16
7906.54025254	1.095362E-16
7908.47121261	1.080896E-16
7910.40217269	1.075912E-16
7912.33313276	1.031152E-16
7914.26409284	1.037357E-16
7916.19505291	1.040119E-16
7918.12601299	9.705462E-17
7920.05697306	9.818646E-17
7921.98793314	9.290541E-17
7923.91889321	9.129474E-17
7925.84985329	9.106272E-17
7927.78081336	8.898807E-17
7929.71177344	8.663665E-17
7931.64273352	8.794827E-17
7933.57369359	8.955098E-17
7935.50465367	8.952224E-17
7937.43561374	9.179668E-17
7939.36657382	9.454326E-17
7941.29753389	9.235683E-17
7943.22849397	9.136506E-17
7945.15945404	9.691555E-17
7947.09041412	9.885273E-17
7949.02137419	9.708052E-17
7950.95233427	1.001071E-16
7952.88329434	9.983425E-17
7954.81425442	9.757295E-17
7956.74521449	9.846784E-17
7958.67617457	9.485203E-17
7960.60713464	9.489844E-17
7962.53809472	9.426070E-17
7964.46905479	9.214593E-17
7966.40001487	9.021597E-17
7968.33097494	8.842287E-17
7970.26193502	8.460758E-17
7972.1928951	7.713673E-17
7974.12385517	7.567809E-17
7976.05481525	7.996249E-17
7977.98577532	7.927401E-17
7979.9167354	8.031030E-17
7981.84769547	8.113403E-17
7983.77865555	8.191365E-17
7985.70961562	8.249075E-17
7987.6405757	8.063306E-17
7989.57153577	8.331141E-17
7991.50249585	8.730211E-17
7993.43345592	9.035633E-17
7995.364416	9.399145E-17
7997.29537607	9.455292E-17
7999.22633615	8.972144E-17
8001.15729622	9.233922E-17
8003.0882563	9.256720E-17
8005.01921637	8.827401E-17
8006.95017645	8.994833E-17
8008.88113652	8.638084E-17
8010.8120966	8.272244E-17
8012.74305668	8.619019E-17
8014.67401675	8.277859E-17
8016.60497683	8.454941E-17
8018.5359369	8.389859E-17
8020.46689698	7.958208E-17
8022.39785705	8.252563E-17
8024.32881713	8.114910E-17
8026.2597772	7.887589E-17
8028.19073728	7.680566E-17
8030.12169735	7.368719E-17
8032.05265743	7.246412E-17
8033.9836175	7.336768E-17
8035.91457758	7.424839E-17
8037.84553765	7.568646E-17
8039.77649773	7.652477E-17
8041.7074578	7.545037E-17
8043.63841788	7.712302E-17
8045.56937795	7.952933E-17
8047.50033803	7.856736E-17
8049.4312981	8.363662E-17
8051.36225818	8.564318E-17
8053.29321826	8.209840E-17
8055.22417833	8.240888E-17
8057.15513841	8.065171E-17
8059.08609848	7.999538E-17
8061.01705856	8.342924E-17
8062.94801863	7.921675E-17
8064.87897871	7.484439E-17
8066.80993878	7.476514E-17
8068.74089886	7.376629E-17
8070.67185893	7.268518E-17
8072.60281901	7.076420E-17
8074.53377908	6.721582E-17
8076.46473916	6.432121E-17
8078.39569923	6.213633E-17
8080.32665931	6.266552E-17
8082.25761938	6.158397E-17
8084.18857946	6.099048E-17
8086.11953953	5.530184E-17
8088.05049961	5.482074E-17
8089.98145968	5.792682E-17
8091.91241976	6.004446E-17
8093.84337984	6.211236E-17
8095.77433991	6.088489E-17
8097.70529999	6.072105E-17
8099.63626006	5.958143E-17
8101.56722014	5.975034E-17
8103.49818021	6.094644E-17
8105.42914029	6.203774E-17
8107.36010036	6.567735E-17
8109.29106044	6.478340E-17
8111.22202051	6.689258E-17
8113.15298059	6.275524E-17
8115.08394066	6.669097E-17
8117.01490074	7.187136E-17
8118.94586081	7.121563E-17
8120.87682089	6.857517E-17
8122.80778096	6.906747E-17
8124.73874104	7.000579E-17
8126.66970111	6.422560E-17
8128.60066119	6.082619E-17
8130.53162126	6.060127E-17
8132.46258134	6.286245E-17
8134.39354142	6.371976E-17
8136.32450149	6.198546E-17
8138.25546157	6.211179E-17
8140.18642164	6.093362E-17
8142.11738172	6.157588E-17
8144.04834179	5.981577E-17
8145.97930187	5.988590E-17
8147.91026194	6.439897E-17
8149.84122202	6.509761E-17
8151.77218209	6.601052E-17
8153.70314217	6.486517E-17
8155.63410224	6.575504E-17
8157.56506232	6.944716E-17
8159.49602239	6.888420E-17
8161.42698247	6.856352E-17
8163.35794254	7.063149E-17
8165.28890262	7.133557E-17
8167.21986269	6.671161E-17
8169.15082277	6.334179E-17
8171.08178284	6.587193E-17
8173.01274292	6.342131E-17
8174.943703	5.978576E-17
8176.87466307	5.947824E-17
8178.80562315	6.322951E-17
8180.73658322	6.975189E-17
8182.6675433	7.351099E-17
8184.59850337	7.496934E-17
8186.52946345	7.774420E-17
8188.46042352	7.783081E-17
8190.3913836	7.414014E-17
8192.32234367	7.674480E-17
8194.25330375	8.035692E-17
8196.18426382	8.194366E-17
8198.1152239	7.796344E-17
8200.04618397	7.367515E-17
8201.97714405	7.313030E-17
8203.90810412	6.868504E-17
8205.8390642	6.767077E-17
8207.77002427	6.651633E-17
8209.70098435	6.571777E-17
8211.63194442	6.483831E-17
8213.5629045	6.517130E-17
8215.49386458	6.416180E-17
8217.42482465	6.253800E-17
8219.35578473	5.958952E-17
8221.2867448	5.730813E-17
8223.21770488	5.917429E-17
8225.14866495	6.000507E-17
8227.07962503	5.730752E-17
8229.0105851	5.786326E-17
8230.94154518	5.521716E-17
8232.87250525	4.724590E-17
8234.80346533	4.610458E-17
8236.7344254	3.663908E-17
8238.66538548	2.688080E-17
8240.59634555	5.286879E-17
8242.52730563	5.777430E-17
8244.4582657	5.735095E-17
8246.38922578	5.521506E-17
8248.32018585	5.083428E-17
8250.25114593	5.824423E-17
8252.182106	6.241408E-17
8254.11306608	6.121438E-17
8256.04402616	5.820259E-17
8257.97498623	5.588658E-17
8259.90594631	5.613771E-17
8261.83690638	5.029288E-17
8263.76786646	4.269159E-17
8265.69882653	4.416392E-17
8267.62978661	4.418565E-17
8269.56074668	4.000896E-17
8271.49170676	3.847320E-17
8273.42266683	3.422123E-17
8275.35362691	3.605706E-17
8277.28458698	3.769129E-17
8279.21554706	3.609893E-17
8281.14650713	3.506924E-17
8283.07746721	3.462173E-17
8285.00842728	3.600904E-17
8286.93938736	3.965545E-17
8288.87034743	2.963898E-17
8290.80130751	2.685129E-17
8292.73226758	2.974029E-17
8294.66322766	2.616405E-17
8296.59418774	2.817725E-17
8298.52514781	3.154616E-17
8300.45610789	2.798719E-17
8302.38706796	2.829010E-17
8304.31802804	3.569060E-17
8306.24898811	3.881211E-17
8308.17994819	3.701530E-17
8310.11090826	4.343772E-17
8312.04186834	3.941833E-17
8313.97282841	3.973425E-17
8315.90378849	4.004177E-17
8317.83474856	4.405485E-17
8319.76570864	4.274787E-17
8321.69666871	4.596299E-17
8323.62762879	5.114771E-17
8325.55858886	4.743664E-17
8327.48954894	4.412256E-17
8329.42050901	4.704870E-17
8331.35146909	5.128904E-17
8333.28242916	5.100205E-17
8335.21338924	4.468852E-17
8337.14434932	4.284139E-17
8339.07530939	4.021702E-17
8341.00626947	3.716661E-17
8342.93722954	3.145036E-17
8344.86818962	3.048964E-17
8346.79914969	3.265826E-17
8348.73010977	3.210175E-17
8350.66106984	3.499900E-17
8352.59202992	4.555425E-17
8354.52298999	5.032618E-17
8356.45395007	5.441698E-17
8358.38491014	6.243457E-17
8360.31587022	6.605503E-17
8362.24683029	7.045254E-17
8364.17779037	7.096054E-17
8366.10875044	6.781751E-17
8368.03971052	7.858469E-17
8369.97067059	7.962273E-17
8371.90163067	8.799945E-17
8373.83259074	9.841561E-17
8375.76355082	9.827863E-17
8377.6945109	9.363250E-17
8379.62547097	8.612834E-17
8381.55643105	7.874233E-17
8383.48739112	7.095813E-17
8385.4183512	6.855807E-17
8387.34931127	6.693182E-17
8389.28027135	6.393948E-17
8391.21123142	6.178620E-17
8393.1421915	6.100430E-17
8395.07315157	5.743114E-17
8397.00411165	5.080494E-17
8398.93507172	5.105096E-17
8400.8660318	5.639455E-17
8402.79699187	6.576410E-17
8404.72795195	6.951705E-17
8406.65891202	7.523242E-17
8408.5898721	8.235139E-17
8410.52083217	8.092561E-17
8412.45179225	8.670124E-17
8414.38275232	8.817088E-17
8416.3137124	8.753802E-17
8418.24467248	8.435208E-17
8420.17563255	8.288280E-17
8422.10659263	8.477841E-17
8424.0375527	8.424977E-17
8425.96851278	7.647387E-17
8427.89947285	7.018544E-17
8429.83043293	7.393142E-17
8431.761393	7.470768E-17
8433.69235308	7.254193E-17
8435.62331315	6.800886E-17
8437.55427323	6.549490E-17
8439.4852333	6.413846E-17
8441.41619338	5.888515E-17
8443.34715345	6.153508E-17
8445.27811353	6.159391E-17
8447.2090736	5.787503E-17
8449.14003368	5.412675E-17
8451.07099375	5.609504E-17
8453.00195383	6.135561E-17
8454.9329139	6.524447E-17
8456.86387398	6.692642E-17
8458.79483406	7.147752E-17
8460.72579413	7.780147E-17
8462.65675421	8.169866E-17
8464.58771428	8.890595E-17
8466.51867436	9.056887E-17
8468.44963443	9.423415E-17
8470.38059451	9.429782E-17
8472.31155458	9.931506E-17
8474.24251466	1.007496E-16
8476.17347473	9.879911E-17
8478.10443481	1.004618E-16
8480.03539488	1.013478E-16
8481.96635496	9.969091E-17
8483.89731503	1.000644E-16
8485.82827511	9.487648E-17
8487.75923518	8.967128E-17
8489.69019526	8.909748E-17
8491.62115533	8.432348E-17
8493.55211541	8.169046E-17
8495.48307548	8.622924E-17
8497.41403556	8.861909E-17
8499.34499564	8.714902E-17
8501.27595571	9.179833E-17
8503.20691579	9.440280E-17
8505.13787586	9.855499E-17
8507.06883594	9.584556E-17
8508.99979601	1.047941E-16
8510.93075609	1.065624E-16
8512.86171616	1.067929E-16
8514.79267624	1.130695E-16
8516.72363631	1.203658E-16
8518.65459639	1.281786E-16
8520.58555646	1.336652E-16
8522.51651654	1.384526E-16
8524.44747661	1.419806E-16
8526.37843669	1.425694E-16
8528.30939676	1.453194E-16
8530.24035684	1.422206E-16
8532.17131691	1.426055E-16
8534.10227699	1.380959E-16
8536.03323706	1.338431E-16
8537.96419714	1.324433E-16
8539.89515722	1.237556E-16
8541.82611729	1.266347E-16
8543.75707737	1.184541E-16
8545.68803744	1.189999E-16
8547.61899752	1.256143E-16
8549.54995759	1.265390E-16
8551.48091767	1.264166E-16
8553.41187774	1.241959E-16
8555.34283782	1.245339E-16
8557.27379789	1.289753E-16
8559.20475797	1.296152E-16
8561.13571804	1.323244E-16
8563.06667812	1.388500E-16
8564.99763819	1.470092E-16
8566.92859827	1.465515E-16
8568.85955834	1.511656E-16
8570.79051842	1.585659E-16
8572.72147849	1.659852E-16
8574.65243857	1.674758E-16
8576.58339864	1.727635E-16
8578.51435872	1.784559E-16
8580.4453188	1.777475E-16
8582.37627887	1.800853E-16
8584.30723895	1.793764E-16
8586.23819902	1.779457E-16
8588.1691591	1.802169E-16
8590.10011917	1.821156E-16
8592.03107925	1.847820E-16
8593.96203932	1.733267E-16
8595.8929994	1.674055E-16
8597.82395947	1.668468E-16
8599.75491955	1.610661E-16
8601.68587962	1.583487E-16
8603.6168397	1.540595E-16
8605.54779977	1.512677E-16
8607.47875985	1.496241E-16
8609.40971992	1.471413E-16
8611.34068	1.450723E-16
8613.27164007	1.444547E-16
8615.20260015	1.501219E-16
8617.13356022	1.521868E-16
8619.0645203	1.494170E-16
8620.99548038	1.559536E-16
8622.92644045	1.606096E-16
8624.85740053	1.580179E-16
8626.7883606	1.632374E-16
8628.71932068	1.663701E-16
8630.65028075	1.753569E-16
8632.58124083	1.797236E-16
8634.5122009	1.845522E-16
8636.44316098	1.870964E-16
8638.37412105	1.853455E-16
8640.30508113	1.883333E-16
8642.2360412	1.923422E-16
8644.16700128	1.913640E-16
8646.09796135	1.923071E-16
8648.02892143	1.936166E-16
8649.9598815	1.893621E-16
8651.89084158	1.885669E-16
8653.82180165	1.883855E-16
8655.75276173	1.817695E-16
8657.6837218	1.807512E-16
8659.61468188	1.766034E-16
8661.54564196	1.658341E-16
8663.47660203	1.588136E-16
8665.40756211	1.552901E-16
8667.33852218	1.545447E-16
8669.26948226	1.434838E-16
8671.20044233	1.381794E-16
8673.13140241	1.427842E-16
8675.06236248	1.414932E-16
8676.99332256	1.389748E-16
8678.92428263	1.404267E-16
8680.85524271	1.405686E-16
8682.78620278	1.411125E-16
8684.71716286	1.439894E-16
8686.64812293	1.455458E-16
8688.57908301	1.482358E-16
8690.51004308	1.510979E-16
8692.44100316	1.511650E-16
8694.37196323	1.601316E-16
8696.30292331	1.680625E-16
8698.23388338	1.759091E-16
8700.16484346	1.743250E-16
8702.09580354	1.839671E-16
8704.02676361	1.820054E-16
8705.95772369	1.860374E-16
8707.88868376	1.783302E-16
8709.81964384	1.641240E-16
8711.75060391	1.739685E-16
8713.68156399	1.747112E-16
8715.61252406	1.617284E-16
8717.54348414	1.593171E-16
8719.47444421	1.507102E-16
8721.40540429	1.364199E-16
8723.33636436	1.288325E-16
8725.26732444	1.268651E-16
8727.19828451	1.264739E-16
8729.12924459	1.252945E-16
8731.06020466	1.154290E-16
8732.99116474	1.190977E-16
8734.92212481	1.182209E-16
8736.85308489	1.208240E-16
8738.78404496	1.201223E-16
8740.71500504	1.227227E-16
8742.64596512	1.271417E-16
8744.57692519	1.286347E-16
8746.50788527	1.291969E-16
8748.43884534	1.309886E-16
8750.36980542	1.358176E-16
8752.30076549	1.429992E-16
8754.23172557	1.470482E-16
8756.16268564	1.452878E-16
8758.09364572	1.456556E-16
8760.02460579	1.503578E-16
8761.95556587	1.505589E-16
8763.88652594	1.455737E-16
8765.81748602	1.472035E-16
8767.74844609	1.514186E-16
8769.67940617	1.432816E-16
8771.61036624	1.417703E-16
8773.54132632	1.270306E-16
8775.47228639	1.149538E-16
8777.40324647	1.097651E-16
8779.33420654	1.084976E-16
8781.26516662	1.085280E-16
8783.1961267	1.001895E-16
8785.12708677	9.579927E-17
8787.05804685	1.013531E-16
8788.98900692	1.030979E-16
8790.919967	1.003654E-16
8792.85092707	1.032458E-16
8794.78188715	1.007628E-16
8796.71284722	9.898408E-17
8798.6438073	1.050843E-16
8800.57476737	1.090301E-16
8802.50572745	1.130364E-16
8804.43668752	1.212676E-16
8806.3676476	1.251533E-16
8808.29860767	1.286367E-16
8810.22956775	1.270076E-16
8812.16052782	1.288140E-16
8814.0914879	1.337295E-16
8816.02244797	1.324502E-16
8817.95340805	1.311404E-16
8819.88436812	1.282396E-16
8821.8153282	1.262152E-16
8823.74628828	1.265746E-16
8825.67724835	1.202662E-16
8827.60820843	1.107504E-16
8829.5391685	1.099685E-16
8831.47012858	1.050158E-16
8833.40108865	9.598413E-17
8835.33204873	8.699672E-17
8837.2630088	9.285197E-17
8839.19396888	8.848442E-17
8841.12492895	8.675971E-17
8843.05588903	8.373228E-17
8844.9868491	8.046992E-17
8846.91780918	7.799514E-17
8848.84876925	7.635745E-17
8850.77972933	7.877954E-17
8852.7106894	7.848527E-17
8854.64164948	8.542498E-17
8856.57260955	8.466586E-17
8858.50356963	8.430390E-17
8860.4345297	7.784993E-17
8862.36548978	9.023296E-17
8864.29644986	9.184980E-17
8866.22740993	9.771978E-17
8868.15837001	9.840153E-17
8870.08933008	9.861559E-17
8872.02029016	9.906630E-17
8873.95125023	1.037874E-16
8875.88221031	1.021075E-16
8877.81317038	9.685404E-17
8879.74413046	9.661671E-17
8881.67509053	9.277780E-17
8883.60605061	8.365548E-17
8885.53701068	7.566225E-17
8887.46797076	7.105873E-17
8889.39893083	7.243832E-17
8891.32989091	7.388816E-17
8893.26085098	6.823171E-17
8895.19181106	7.004670E-17
8897.12277113	6.230133E-17
8899.05373121	6.167002E-17
8900.98469128	5.685848E-17
8902.91565136	5.709337E-17
8904.84661144	5.844392E-17
8906.77757151	5.403137E-17
8908.70853159	5.375290E-17
8910.63949166	5.530252E-17
8912.57045174	6.124130E-17
8914.50141181	6.544008E-17
8916.43237189	6.258503E-17
8918.36333196	6.787438E-17
8920.29429204	7.251748E-17
8922.22525211	7.199707E-17
8924.15621219	7.402656E-17
8926.08717226	7.032271E-17
8928.01813234	7.154932E-17
8929.94909241	6.796373E-17
8931.88005249	6.169434E-17
8933.81101256	6.601596E-17
8935.74197264	7.202396E-17
8937.67293271	7.074894E-17
8939.60389279	7.226317E-17
8941.53485286	7.127834E-17
8943.46581294	6.609996E-17
8945.39677302	5.977354E-17
8947.32773309	5.481756E-17
8949.25869317	5.374618E-17
8951.18965324	5.575869E-17
8953.12061332	5.841737E-17
8955.05157339	5.630590E-17
8956.98253347	5.468483E-17
8958.91349354	5.083890E-17
8960.84445362	5.288572E-17
8962.77541369	5.221952E-17
8964.70637377	5.290621E-17
8966.63733384	5.663255E-17
8968.56829392	5.461184E-17
8970.49925399	6.110527E-17
8972.43021407	6.330604E-17
8974.36117414	6.505188E-17
8976.29213422	6.966354E-17
8978.22309429	7.239556E-17
8980.15405437	7.569104E-17
8982.08501444	7.836612E-17
8984.01597452	7.793846E-17
8985.9469346	8.129828E-17
8987.87789467	9.032157E-17
8989.80885475	9.158182E-17
8991.73981482	8.733401E-17
8993.6707749	8.578550E-17
8995.60173497	8.703916E-17
8997.53269505	9.004637E-17
8999.46365512	8.072489E-17
9001.3946152	7.591386E-17
9003.32557527	7.177391E-17
9005.25653535	7.023201E-17
9007.18749542	6.595116E-17
9009.1184555	5.943606E-17
9011.04941557	5.850272E-17
9012.98037565	5.816323E-17
9014.91133572	5.302739E-17
9016.8422958	5.188214E-17
9018.77325587	5.330872E-17
9020.70421595	5.093231E-17
9022.63517603	5.244755E-17
9024.5661361	4.860225E-17
9026.49709618	4.651616E-17
9028.42805625	4.698288E-17
9030.35901633	5.077261E-17
9032.2899764	4.849461E-17
9034.22093648	5.141715E-17
9036.15189655	5.099385E-17
9038.08285663	5.162163E-17
9040.0138167	5.340698E-17
9041.94477678	5.659889E-17
9043.87573685	5.392502E-17
9045.80669693	5.474311E-17
9047.737657	6.304764E-17
9049.66861708	6.491205E-17
9051.59957715	6.458621E-17
9053.53053723	6.736399E-17
9055.4614973	6.746352E-17
9057.39245738	6.803563E-17
9059.32341745	6.746976E-17
9061.25437753	6.449801E-17
9063.18533761	6.203700E-17
9065.11629768	6.225200E-17
9067.04725776	6.177147E-17
9068.97821783	6.006305E-17
9070.90917791	5.528951E-17
9072.84013798	5.161898E-17
9074.77109806	4.740381E-17
9076.70205813	4.996358E-17
9078.63301821	4.678123E-17
9080.56397828	4.454663E-17
9082.49493836	5.100120E-17
9084.42589843	5.280946E-17
9086.35685851	5.146867E-17
9088.28781858	4.933066E-17
9090.21877866	4.742973E-17
9092.14973873	4.180037E-17
9094.08069881	4.440942E-17
9096.01165888	3.990328E-17
9097.94261896	3.856400E-17
9099.87357903	4.060372E-17
9101.80453911	4.502436E-17
9103.73549919	4.831938E-17
9105.66645926	4.838204E-17
9107.59741934	4.979303E-17
9109.52837941	4.992558E-17
9111.45933949	4.904719E-17
9113.39029956	5.080779E-17
9115.32125964	5.337590E-17
9117.25221971	5.331740E-17
9119.18317979	5.569105E-17
9121.11413986	6.142082E-17
9123.04509994	6.370429E-17
9124.97606001	6.780618E-17
9126.90702009	7.219796E-17
9128.83798016	7.701302E-17
9130.76894024	7.364322E-17
9132.69990031	7.289767E-17
9134.63086039	7.093687E-17
9136.56182046	7.246020E-17
9138.49278054	7.495188E-17
9140.42374061	7.590987E-17
9142.35470069	7.433380E-17
9144.28566077	7.415522E-17
9146.21662084	7.248705E-17
9148.14758092	6.586815E-17
9150.07854099	6.579205E-17
9152.00950107	6.828062E-17
9153.94046114	6.098192E-17
9155.87142122	5.746105E-17
9157.80238129	6.149556E-17
9159.73334137	6.121442E-17
9161.66430144	5.850134E-17
9163.59526152	6.219021E-17
9165.52622159	5.814696E-17
9167.45718167	5.861915E-17
9169.38814174	6.344944E-17
9171.31910182	5.998835E-17
9173.25006189	6.220930E-17
9175.18102197	6.053441E-17
9177.11198204	5.768439E-17
9179.04294212	6.271611E-17
9180.97390219	6.404120E-17
9182.90486227	6.397279E-17
9184.83582235	6.511672E-17
9186.76678242	6.834027E-17
9188.6977425	7.554344E-17
9190.62870257	7.496633E-17
9192.55966265	7.413291E-17
9194.49062272	7.726794E-17
9196.4215828	7.842107E-17
9198.35254287	7.601706E-17
9200.28350295	7.839670E-17
9202.21446302	8.032862E-17
9204.1454231	7.972535E-17
9206.07638317	7.342172E-17
9208.00734325	7.314270E-17
9209.93830332	7.128646E-17
9211.8692634	7.308683E-17
9213.80022347	6.803063E-17
9215.73118355	5.986824E-17
9217.66214362	5.751066E-17
9219.5931037	5.676920E-17
9221.52406377	5.443447E-17
9223.45502385	5.072045E-17
9225.38598393	5.044824E-17
9227.316944	5.076888E-17
9229.24790408	4.781970E-17
9231.17886415	4.732062E-17
9233.10982423	4.825749E-17
9235.0407843	4.597491E-17
9236.97174438	4.150276E-17
9238.90270445	3.959964E-17
9240.83366453	4.218085E-17
9242.7646246	3.573110E-17
9244.69558468	3.469809E-17
9246.62654475	3.959324E-17
9248.55750483	4.391490E-17
9250.4884649	4.282571E-17
9252.41942498	3.100423E-17
9254.35038505	3.069980E-17
9256.28134513	3.609624E-17
9258.2123052	3.381491E-17
9260.14326528	3.665075E-17
9262.07422535	3.128214E-17
9264.00518543	3.427195E-17
9265.93614551	3.624497E-17
9267.86710558	4.472723E-17
9269.79806566	3.940501E-17
9271.72902573	3.762847E-17
9273.65998581	3.649620E-17
9275.59094588	3.465530E-17
9277.52190596	3.109524E-17
9279.45286603	2.682891E-17
9281.38382611	2.725314E-17
9283.31478618	2.679670E-17
9285.24574626	2.868489E-17
9287.17670633	3.127787E-17
9289.10766641	2.963984E-17
9291.03862648	3.151445E-17
9292.96958656	3.304192E-17
9294.90054663	2.639672E-17
9296.83150671	2.462379E-17
9298.76246678	3.161623E-17
9300.69342686	3.360431E-17
9302.62438693	2.583551E-17
9304.55534701	2.564683E-17
9306.48630709	2.268960E-17
9308.41726716	2.763758E-17
9310.34822724	2.258024E-17
9312.27918731	3.057414E-17
9314.21014739	2.520792E-17
9316.14110746	1.902585E-17
9318.07206754	2.515699E-17
9320.00302761	2.482484E-17
9321.93398769	2.800840E-17
9323.86494776	3.649702E-17
9325.79590784	4.210676E-17
9327.72686791	4.405159E-17
9329.65782799	4.694202E-17
9331.58878806	5.936129E-17
9333.51974814	6.332702E-17
9335.45070821	5.860816E-17
9337.38166829	5.099675E-17
9339.31262836	5.362802E-17
9341.24358844	4.968377E-17
9343.17454851	5.415123E-17
9345.10550859	5.199142E-17
9347.03646867	4.861052E-17
9348.96742874	4.519124E-17
9350.89838882	4.836526E-17
9352.82934889	4.560868E-17
9354.76030897	4.527921E-17
9356.69126904	4.473097E-17
9358.62222912	4.103630E-17
9360.55318919	4.034738E-17
9362.48414927	3.953687E-17
9364.41510934	3.390318E-17
9366.34606942	3.092744E-17
9368.27702949	3.401076E-17
9370.20798957	3.302828E-17
9372.13894964	3.732613E-17
9374.06990972	3.258882E-17
9376.00086979	3.202385E-17
9377.93182987	2.791748E-17
9379.86278994	2.477686E-17
9381.79375002	2.864925E-17
9383.72471009	2.842411E-17
9385.65567017	2.785181E-17
9387.58663025	3.510977E-17
9389.51759032	3.945296E-17
9391.4485504	3.399266E-17
9393.37951047	3.190964E-17
9395.31047055	3.129209E-17
9397.24143062	3.093520E-17
9399.1723907	3.256599E-17
9401.10335077	3.161658E-17
9403.03431085	3.622129E-17
9404.96527092	4.424259E-17
9406.896231	4.697191E-17
9408.82719107	4.758909E-17
9410.75815115	4.840018E-17
9412.68911122	4.156312E-17
9414.6200713	3.599280E-17
9416.55103137	3.608680E-17
9418.48199145	3.369992E-17
9420.41295152	3.606395E-17
9422.3439116	4.132687E-17
9424.27487167	3.986799E-17
9426.20583175	4.403695E-17
9428.13679183	4.337631E-17
9430.0677519	3.828600E-17
9431.99871198	3.317647E-17
9433.92967205	2.990864E-17
9435.86063213	2.636054E-17
9437.7915922	2.373391E-17
9439.72255228	3.051939E-17
9441.65351235	3.033545E-17
9443.58447243	2.863519E-17
9445.5154325	3.656599E-17
9447.44639258	3.877807E-17
9449.37735265	3.497564E-17
9451.30831273	3.767543E-17
9453.2392728	3.782487E-17
9455.17023288	3.239387E-17
9457.10119295	2.655197E-17
9459.03215303	2.958789E-17
9460.9631131	2.682171E-17
9462.89407318	2.791368E-17
9464.82503325	3.257353E-17
9466.75599333	3.535557E-17
9468.68695341	3.861425E-17
9470.61791348	3.672483E-17
9472.54887356	3.715251E-17
9474.47983363	4.264660E-17
9476.41079371	4.168637E-17
9478.34175378	3.831103E-17
9480.27271386	3.362214E-17
9482.20367393	3.734468E-17
9484.13463401	3.875061E-17
9486.06559408	3.876376E-17
9487.99655416	4.552133E-17
9489.92751423	3.991556E-17
9491.85847431	4.184300E-17
9493.78943438	3.923356E-17
9495.72039446	3.251685E-17
9497.65135453	2.999870E-17
9499.58231461	3.747830E-17
9501.51327468	3.885807E-17
9503.44423476	3.273361E-17
9505.37519483	2.884391E-17
9507.30615491	2.957414E-17
9509.23711499	3.192707E-17
9511.16807506	3.041848E-17
9513.09903514	3.209938E-17
9515.02999521	3.569504E-17
9516.96095529	2.982356E-17
9518.89191536	3.012082E-17
9520.82287544	2.889544E-17
9522.75383551	2.641840E-17
9524.68479559	3.066074E-17
9526.61575566	3.025920E-17
9528.54671574	2.896148E-17
9530.47767581	3.020764E-17
9532.40863589	3.356013E-17
9534.33959596	3.655556E-17
9536.27055604	3.699758E-17
9538.20151611	4.120603E-17
9540.13247619	4.460218E-17
9542.06343626	4.008735E-17
9543.99439634	3.412524E-17
9545.92535641	3.662050E-17
9547.85631649	4.126211E-17
9549.78727657	4.262932E-17
9551.71823664	4.555947E-17
9553.64919672	4.461241E-17
9555.58015679	4.146766E-17
9557.51111687	3.810690E-17
9559.44207694	3.246784E-17
9561.37303702	3.859397E-17
9563.30399709	3.533790E-17
9565.23495717	3.607568E-17
9567.16591724	4.020803E-17
9569.09687732	3.988928E-17
9571.02783739	4.265096E-17
9572.95879747	3.648019E-17
9574.88975754	2.907878E-17
9576.82071762	2.920395E-17
9578.75167769	3.405797E-17
9580.68263777	3.409323E-17
9582.61359784	1.413062E-16
9584.54455792	1.699297E-16
9586.47551799	5.862120E-17
9588.40647807	3.910149E-17
9590.33743815	3.478881E-17
9592.26839822	3.243836E-17
9594.1993583	3.527064E-17
9596.13031837	2.741928E-17
9598.06127845	3.728679E-17
9599.99223852	3.744465E-17
9601.9231986	3.975584E-17
9603.85415867	3.220581E-17
9605.78511875	3.400250E-17
9607.71607882	4.090635E-17
9609.6470389	4.883795E-17
9611.57799897	4.676167E-17
9613.50895905	4.040814E-17
9615.43991912	4.403001E-17
9617.3708792	4.676715E-17
9619.30183927	5.343795E-17
9621.23279935	5.366598E-17
9623.16375942	4.632289E-17
9625.0947195	4.669820E-17
9627.02567957	4.140652E-17
9628.95663965	4.191836E-17
9630.88759973	5.222555E-17
9632.8185598	4.238900E-17
9634.74951988	4.269110E-17
9636.68047995	4.114277E-17
9638.61144003	3.578284E-17
9640.5424001	3.789178E-17
9642.47336018	3.044366E-17
9644.40432025	3.579430E-17
9646.33528033	4.317663E-17
9648.2662404	4.044436E-17
9650.19720048	3.927180E-17
9652.12816055	3.805919E-17
9654.05912063	3.670872E-17
9655.9900807	3.876983E-17
9657.92104078	4.061083E-17
9659.85200085	4.049383E-17
9661.78296093	3.877855E-17
9663.713921	4.410563E-17
9665.64488108	4.528804E-17
9667.57584115	3.838321E-17
9669.50680123	4.182879E-17
9671.43776131	3.746853E-17
9673.36872138	2.847113E-17
9675.29968146	2.676531E-17
9677.23064153	3.344242E-17
9679.16160161	3.615801E-17
9681.09256168	4.128800E-17
9683.02352176	4.756966E-17
9684.95448183	4.272538E-17
9686.88544191	4.175189E-17
9688.81640198	4.769138E-17
9690.74736206	4.614276E-17
9692.67832213	4.898163E-17
9694.60928221	4.958703E-17
9696.54024228	4.333769E-17
9698.47120236	4.515993E-17
9700.40216243	4.675840E-17
9702.33312251	4.451527E-17
9704.26408258	4.578587E-17
9706.19504266	4.232929E-17
9708.12600273	3.937219E-17
9710.05696281	4.344127E-17
9711.98792289	4.430153E-17
9713.91888296	4.197806E-17
9715.84984304	3.468353E-17
9717.78080311	3.884742E-17
9719.71176319	3.688521E-17
9721.64272326	3.443735E-17
9723.57368334	3.760269E-17
9725.50464341	3.753566E-17
9727.43560349	4.206787E-17
9729.36656356	3.909539E-17
9731.29752364	3.798390E-17
9733.22848371	4.080047E-17
9735.15944379	3.792922E-17
9737.09040386	3.647584E-17
9739.02136394	4.344026E-17
9740.95232401	4.160734E-17
9742.88328409	4.052178E-17
9744.81424416	4.441671E-17
9746.74520424	3.833481E-17
9748.67616431	4.040591E-17
9750.60712439	4.817659E-17
9752.53808447	4.992991E-17
9754.46904454	5.703547E-17
9756.40000462	4.765147E-17
9758.33096469	4.930434E-17
9760.26192477	5.209843E-17
9762.19288484	4.698259E-17
9764.12384492	4.800902E-17
9766.05480499	4.994131E-17
9767.98576507	4.887478E-17
9769.91672514	5.431479E-17
9771.84768522	5.209252E-17
9773.77864529	5.393949E-17
9775.70960537	4.250896E-17
9777.64056544	3.497660E-17
9779.57152552	4.473516E-17
9781.50248559	4.666310E-17
9783.43344567	4.058597E-17
9785.36440574	3.448502E-17
9787.29536582	3.663988E-17
9789.22632589	7.432171E-17
9791.15728597	8.632771E-17
9793.08824605	4.233963E-17
9795.01920612	4.046141E-17
9796.9501662	4.285644E-17
9798.88112627	4.262589E-17
9800.81208635	4.049302E-17
9802.74304642	4.377573E-17
9804.6740065	4.050128E-17
9806.60496657	3.975291E-17
9808.53592665	3.448292E-17
9810.46688672	2.973557E-17
9812.3978468	3.861120E-17
9814.32880687	5.199981E-17
9816.25976695	4.980352E-17
9818.19072702	4.802388E-17
9820.1216871	4.569338E-17
9822.05264717	4.733132E-17
9823.98360725	5.269588E-17
9825.91456732	5.813073E-17
9827.8455274	5.382438E-17
9829.77648747	4.819118E-17
9831.70744755	5.030098E-17
9833.63840763	4.638431E-17
9835.5693677	4.392569E-17
9837.50032778	4.750858E-17
9839.43128785	5.136189E-17
9841.36224793	4.839963E-17
9843.293208	5.384028E-17
9845.22416808	5.223739E-17
9847.15512815	4.183186E-17
9849.08608823	3.585400E-17
9851.0170483	3.814124E-17
9852.94800838	3.562294E-17
9854.87896845	3.794786E-17
9856.80992853	3.904362E-17
9858.7408886	3.667601E-17
9860.67184868	4.123440E-17
9862.60280875	4.475016E-17
9864.53376883	4.245458E-17
9866.4647289	3.343703E-17
9868.39568898	3.685923E-17
9870.32664905	4.453121E-17
9872.25760913	3.905420E-17
9874.18856921	3.741974E-17
9876.11952928	4.108906E-17
9878.05048936	3.860341E-17
9879.98144943	2.844543E-17
9881.91240951	2.787142E-17
9883.84336958	4.490908E-17
9885.77432966	3.287300E-17
9887.70528973	3.261382E-17
9889.63624981	2.747511E-17
9891.56720988	3.970282E-17
9893.49816996	5.548154E-17
9895.42913003	4.643021E-17
9897.36009011	5.303965E-17
9899.29105018	5.326180E-17
9901.22201026	5.538683E-17
9903.15297033	4.523755E-17
9905.08393041	5.203904E-17
9907.01489048	5.420589E-17
9908.94585056	5.432828E-17
9910.87681063	4.765547E-17
9912.80777071	4.710226E-17
9914.73873079	4.771850E-17
9916.66969086	4.312961E-17
9918.60065094	4.540220E-17
9920.53161101	4.047682E-17
9922.46257109	3.080328E-17
9924.39353116	3.482829E-17
9926.32449124	3.702668E-17
9928.25545131	2.562482E-17
9930.18641139	3.826300E-17
9932.11737146	3.903621E-17
9934.04833154	4.724815E-17
9935.97929161	4.112877E-17
9937.91025169	2.865417E-17
9939.84121176	2.108629E-17
9941.77217184	1.707208E-17
9943.70313191	1.249076E-17
9945.63409199	2.485529E-17
9947.56505206	3.265201E-17
9949.49601214	3.742633E-17
9951.42697221	3.794346E-17
9953.35793229	3.582773E-17
9955.28889237	3.941577E-17
9957.21985244	3.402860E-17
9959.15081252	3.558939E-17
9961.08177259	4.589412E-17
9963.01273267	4.775696E-17
9964.94369274	4.434192E-17
9966.87465282	4.139559E-17
9968.80561289	3.948356E-17
9970.73657297	3.754566E-17
9972.66753304	4.214173E-17
9974.59849312	4.358788E-17
9976.52945319	4.203243E-17
9978.46041327	3.378837E-17
9980.39137334	3.433819E-17
9982.32233342	4.459593E-17
9984.25329349	3.172147E-17
9986.18425357	2.884440E-17
9988.11521364	3.939399E-17
9990.04617372	4.643628E-17
9991.97713379	4.164998E-17
9993.90809387	3.784658E-17
9995.83905395	3.420516E-17
9997.77001402	2.671536E-17
9999.7009741	2.796622E-17
