2419	8.6411e-17
2421.5	2.8295e-17
2424.1	6.9096e-16
2426.6	4.0118e-16
2429.2	6.3026e-17
2431.7	3.2852e-16
2434.3	1.5253e-16
2436.8	5.3021e-16
2439.4	2.2277e-16
2441.9	2.0855e-16
2444.5	2.3423e-16
2447	2.4066e-16
2449.6	1.0827e-16
2452.1	3.5316e-16
2454.7	3.2468e-16
2457.2	3.334e-16
2459.7	4.7818e-16
2462.3	4.1645e-16
2464.8	3.7109e-16
2467.4	4.3677e-16
2469.9	3.9908e-16
2472.5	3.1642e-16
2475	3.4625e-16
2477.6	4.0619e-16
2480.1	4.9352e-16
2482.7	4.263e-16
2485.2	4.8666e-16
2487.8	4.2458e-16
2490.3	4.76e-16
2492.9	4.7924e-16
2495.4	5.4226e-16
2498	5.8263e-16
2500.5	5.8549e-16
2503.1	5.3188e-16
2505.6	5.3645e-16
2508.2	5.3659e-16
2510.7	6.523e-16
2513.3	6.0117e-16
2515.8	6.0284e-16
2518.4	6.4436e-16
2520.9	6.4915e-16
2523.5	6.7458e-16
2526	6.5008e-16
2528.6	6.673e-16
2531.1	7.4792e-16
2533.6	7.4728e-16
2536.2	7.5243e-16
2538.7	6.8723e-16
2541.3	6.7932e-16
2543.8	6.9602e-16
2546.4	7.9067e-16
2548.9	8.3087e-16
2551.5	8.5416e-16
2554	8.421e-16
2556.6	8.2011e-16
2559.1	7.5791e-16
2561.7	7.7074e-16
2564.2	7.7142e-16
2566.8	7.7061e-16
2569.3	7.7921e-16
2571.9	8.5774e-16
2574.4	7.8697e-16
2577	7.8788e-16
2579.5	7.4557e-16
2582.1	7.6638e-16
2584.6	6.7268e-16
2587.2	6.6769e-16
2589.7	7.7702e-16
2592.3	7.9637e-16
2594.8	8.556e-16
2597.4	7.135e-16
2599.9	6.0965e-16
2602.4	7.1191e-16
2605	6.6327e-16
2607.5	6.0173e-16
2610.1	6.2628e-16
2612.6	5.7451e-16
2615.2	5.5173e-16
2617.7	5.2769e-16
2620.3	4.9638e-16
2622.8	4.751e-16
2625.4	4.7097e-16
2627.9	4.5726e-16
2630.5	4.693e-16
2633	4.3807e-16
2635.6	4.5468e-16
2638.1	4.1433e-16
2640.7	4.2026e-16
2643.2	4.3777e-16
2645.8	4.3725e-16
2648.3	4.1633e-16
2650.9	4.0078e-16
2653.4	4.0684e-16
2656	3.8702e-16
2658.5	3.7709e-16
2661.1	3.6338e-16
2663.6	3.5207e-16
2666.2	3.5666e-16
2668.7	3.6279e-16
2671.3	3.2754e-16
2673.8	3.1913e-16
2676.3	3.2335e-16
2678.9	3.4144e-16
2681.4	3.2296e-16
2684	3.4253e-16
2686.5	4.0101e-16
2689.1	3.9623e-16
2691.6	4.1866e-16
2694.2	4.6373e-16
2696.7	4.5732e-16
2699.3	4.8822e-16
2701.8	5.0583e-16
2704.4	5.2823e-16
2706.9	5.7228e-16
2709.5	5.9519e-16
2712	6.3778e-16
2714.6	6.5625e-16
2717.1	6.6227e-16
2719.7	6.5831e-16
2722.2	6.8294e-16
2724.8	7.0954e-16
2727.3	7.1527e-16
2729.9	7.4012e-16
2732.4	7.6948e-16
2735	7.7952e-16
2737.5	7.7775e-16
2740.1	8.2748e-16
2742.6	8.1799e-16
2745.2	8.4047e-16
2747.7	9.04e-16
2750.2	9.0514e-16
2752.8	9.345e-16
2755.3	9.4977e-16
2757.9	9.5945e-16
2760.4	9.6536e-16
2763	9.8691e-16
2765.5	9.95e-16
2768.1	1.0054e-15
2770.6	1.0123e-15
2773.2	1.0246e-15
2775.7	1.0622e-15
2778.3	1.0581e-15
2780.8	1.086e-15
2783.4	1.0809e-15
2785.9	1.0656e-15
2788.5	1.0646e-15
2791	1.0718e-15
2793.6	9.1408e-16
2796.1	7.4006e-16
2798.7	9.0579e-16
2801.2	8.6044e-16
2803.8	7.4242e-16
2806.3	9.4949e-16
2808.9	9.9416e-16
2811.4	9.7414e-16
2814	9.9383e-16
2816.5	9.7642e-16
2819.1	9.7939e-16
2821.6	9.7958e-16
2824.1	9.7418e-16
2826.7	9.8436e-16
2829.2	9.9541e-16
2831.8	9.8099e-16
2834.3	9.7678e-16
2836.9	9.8051e-16
2839.4	9.8986e-16
2842	9.6994e-16
2844.5	9.7453e-16
2847.1	9.7987e-16
2849.6	1.0033e-15
2852.2	9.5598e-16
2854.7	9.5705e-16
2857.3	9.9911e-16
2859.8	1.02e-15
2862.4	9.9912e-16
2864.9	9.8119e-16
2867.5	1.0163e-15
2870	1.0067e-15
2872.6	1.01e-15
2875.1	9.8729e-16
2877.7	1.011e-15
2880.2	1.0006e-15
2882.8	1.0033e-15
2885.3	1.0036e-15
2887.9	1.0094e-15
2890.4	1.0114e-15
2893	1.0105e-15
2895.5	1.0269e-15
2898	1.0229e-15
2900.6	1.0304e-15
2903.1	1.0234e-15
2905.7	1.0479e-15
2908.2	1.03e-15
2910.8	1.0539e-15
2913.3	1.0581e-15
2915.9	1.0611e-15
2918.4	1.0423e-15
2921	1.0526e-15
2923.5	1.048e-15
2926.1	1.0498e-15
2928.6	1.077e-15
2931.2	1.0736e-15
2933.7	1.0661e-15
2936.3	1.0594e-15
2938.8	1.0844e-15
2941.4	1.0872e-15
2943.9	1.0904e-15
2946.5	1.0844e-15
2949	1.0722e-15
2951.6	1.0845e-15
2954.1	1.0887e-15
2956.7	1.0823e-15
2959.2	1.107e-15
2961.8	1.0923e-15
2964.3	1.076e-15
2966.9	1.0738e-15
2969.4	1.0797e-15
2971.9	1.0497e-15
2974.5	1.039e-15
2977	1.0162e-15
2979.6	9.9526e-16
2982.1	1.004e-15
2984.7	1.0004e-15
2987.2	9.9744e-16
2989.8	9.9056e-16
2992.3	9.7854e-16
2994.9	9.8582e-16
2997.4	9.8307e-16
3000	9.9201e-16
3002.5	9.6598e-16
3005.1	1.0123e-15
3007.6	9.9856e-16
3010.2	9.7674e-16
3012.7	9.8569e-16
3015.3	9.9152e-16
3017.8	9.8741e-16
3020.4	9.8807e-16
3022.9	9.8859e-16
3025.5	9.8291e-16
3028	9.967e-16
3030.6	9.884e-16
3033.1	1.0005e-15
3035.7	9.9265e-16
3038.2	1.0141e-15
3040.8	1.0044e-15
3043.3	9.9791e-16
3045.8	1.0323e-15
3048.4	1.0189e-15
3050.9	1.0291e-15
3053.5	1.0177e-15
3056	1.0197e-15
3058.6	1.0398e-15
3061.1	1.0196e-15
3063.7	1.0425e-15
3066.2	1.0273e-15
3068.8	1.0189e-15
3071.3	1.0235e-15
3073.9	1.0307e-15
3076.4	1.0423e-15
3079	1.0281e-15
3081.5	1.0433e-15
3084.1	1.0474e-15
3086.6	1.0577e-15
3089.2	1.0505e-15
3091.7	1.0406e-15
3094.3	1.0321e-15
3096.8	1.065e-15
3099.4	1.0457e-15
3101.9	1.0658e-15
3104.5	1.0452e-15
3107	1.049e-15
3109.6	1.0555e-15
3112.1	1.0506e-15
3114.6	1.069e-15
3117.2	1.0649e-15
3119.7	1.0415e-15
3122.3	1.0307e-15
3124.8	1.0072e-15
3127.4	1.0265e-15
3129.9	1.0459e-15
3132.5	1.0422e-15
3135	1.0465e-15
3137.6	1.0264e-15
3140.1	1.0442e-15
3142.7	1.0489e-15
3145.2	1.0379e-15
3147.8	1.0393e-15
3150.3	1.0245e-15
3152.9	9.9972e-16
3155.4	9.9548e-16
3158	1.0119e-15
3160.5	9.8816e-16
3163.1	1.0173e-15
3165.6	1.0008e-15
3168.2	1.0047e-15
3170.7	9.864e-16
3173.3	9.6897e-16
3175.8	9.7304e-16
3178.4	9.7492e-16
3180.9	9.8677e-16
3183.5	9.9008e-16
3186	9.8752e-16
3188.5	9.7828e-16
3191.1	9.8662e-16
3193.6	9.9182e-16
3196.2	9.8057e-16
3198.7	9.9557e-16
3201.3	9.9042e-16
3203.8	9.9259e-16
3206.4	9.861e-16
3208.9	9.8944e-16
3211.5	9.8867e-16
3214	9.8202e-16
3216.6	9.9647e-16
3219.1	9.7867e-16
3221.7	9.9977e-16
3224.2	9.8804e-16
3226.8	1.0039e-15
3229.3	9.8679e-16
3231.9	9.8549e-16
3234.4	9.8767e-16
3237	9.8965e-16
3239.5	9.9154e-16
3242.1	9.8514e-16
3244.6	1.0003e-15
3247.2	9.933e-16
3249.7	9.8979e-16
3252.3	9.7635e-16
3254.8	9.861e-16
3257.4	9.7452e-16
3259.9	9.9593e-16
3262.4	9.8458e-16
3265	9.851e-16
3267.5	9.8314e-16
3270.1	9.8579e-16
3272.6	9.7765e-16
3275.2	9.6529e-16
3277.7	9.7685e-16
3280.3	9.6979e-16
3282.8	9.7627e-16
3285.4	9.7307e-16
3287.9	9.786e-16
3290.5	9.7999e-16
3293	9.7307e-16
3295.6	9.9183e-16
3298.1	9.9324e-16
3300.7	9.8756e-16
3303.2	9.9381e-16
3305.8	9.9655e-16
3308.3	1.0036e-15
3310.9	9.9672e-16
3313.4	1.0032e-15
3316	9.8811e-16
3318.5	9.9074e-16
3321.1	1.0004e-15
3323.6	1.0072e-15
3326.2	9.9481e-16
3328.7	1.0129e-15
3331.3	1.0174e-15
3333.8	1.0156e-15
3336.3	1.012e-15
3338.9	9.9898e-16
3341.4	1.0196e-15
3344	1.0322e-15
3346.5	1.0216e-15
3349.1	1.0256e-15
3351.6	1.0184e-15
3354.2	1.0099e-15
3356.7	1.0157e-15
3359.3	1.0256e-15
3361.8	1.0122e-15
3364.4	1.0084e-15
3366.9	1.0099e-15
3369.5	1.0042e-15
3372	9.9822e-16
3374.6	1.0048e-15
3377.1	9.9982e-16
3379.7	1.0082e-15
3382.2	9.9375e-16
3384.8	9.9275e-16
3387.3	9.7606e-16
3389.9	9.9209e-16
3392.4	9.9053e-16
3395	9.8392e-16
3397.5	9.7734e-16
3400.1	9.8351e-16
3402.6	9.7213e-16
3405.2	9.9293e-16
3407.7	9.9219e-16
3410.2	9.9325e-16
3412.8	9.8145e-16
3415.3	9.6959e-16
3417.9	9.767e-16
3420.4	9.8181e-16
3423	9.6275e-16
3425.5	9.7891e-16
3428.1	1.0055e-15
3430.6	9.7377e-16
3433.2	9.8876e-16
3435.7	9.83e-16
3438.3	9.7573e-16
3440.8	9.7389e-16
3443.4	9.7299e-16
3445.9	9.7424e-16
3448.5	9.7576e-16
3451	9.621e-16
3453.6	9.7463e-16
3456.1	9.6556e-16
3458.7	9.6308e-16
3461.2	9.5226e-16
3463.8	9.4121e-16
3466.3	9.5346e-16
3468.9	9.3752e-16
3471.4	9.4091e-16
3474	9.4177e-16
3476.5	9.3006e-16
3479.1	9.3332e-16
3481.6	9.3436e-16
3484.1	9.2471e-16
3486.7	9.3224e-16
3489.2	9.2551e-16
3491.8	9.2173e-16
3494.3	9.1992e-16
3496.9	9.34e-16
3499.4	9.3026e-16
3502	9.4635e-16
3504.5	9.3569e-16
3507.1	9.2848e-16
3509.6	9.3653e-16
3512.2	9.1887e-16
3514.7	9.0902e-16
3517.3	9.4309e-16
3519.8	9.3128e-16
3522.4	9.3676e-16
3524.9	9.3531e-16
3527.5	9.2981e-16
3530	9.3078e-16
3532.6	9.2943e-16
3535.1	9.2119e-16
3537.7	9.403e-16
3540.2	9.5041e-16
3542.8	9.5268e-16
3545.3	9.5933e-16
3547.9	9.4843e-16
3550.4	9.5523e-16
3553	9.5503e-16
3555.5	9.7955e-16
3558	9.6748e-16
3560.6	9.6769e-16
3563.1	9.6836e-16
3565.7	9.6481e-16
3568.2	9.7362e-16
3570.8	9.5928e-16
3573.3	9.7122e-16
3575.9	9.6257e-16
3578.4	9.7656e-16
3581	9.6829e-16
3583.5	9.5477e-16
3586.1	9.4061e-16
3588.6	9.4507e-16
3591.2	9.6283e-16
3593.7	9.3824e-16
3596.3	9.5159e-16
3598.8	9.3443e-16
3601.4	9.3462e-16
3603.9	9.2829e-16
3606.5	9.238e-16
3609	9.1583e-16
3611.6	9.2445e-16
3614.1	9.0689e-16
3616.7	9.1498e-16
3619.2	9.0556e-16
3621.8	9.0627e-16
3624.3	9.1247e-16
3626.8	9.0238e-16
3629.4	9.1153e-16
3631.9	8.8947e-16
3634.5	9.0328e-16
3637	8.9767e-16
3639.6	8.762e-16
3642.1	8.9208e-16
3644.7	8.7743e-16
3647.2	8.8722e-16
3649.8	9.0107e-16
3652.3	8.92e-16
3654.9	8.7802e-16
3657.4	8.6194e-16
3660	8.6275e-16
3662.5	8.6094e-16
3665.1	8.4653e-16
3667.6	8.7376e-16
3670.2	8.5683e-16
3672.7	8.766e-16
3675.3	8.5272e-16
3677.8	8.6324e-16
3680.4	8.4996e-16
3682.9	8.5563e-16
3685.5	8.3944e-16
3688	8.7351e-16
3690.6	8.5669e-16
3693.1	8.521e-16
3695.7	8.5927e-16
3698.2	8.763e-16
3700.7	8.6167e-16
3703.3	8.7181e-16
3705.8	8.6479e-16
3708.4	8.5549e-16
3710.9	8.8219e-16
3713.5	8.7122e-16
3716	8.7189e-16
3718.6	8.7244e-16
3721.1	8.8467e-16
3723.7	8.7545e-16
3726.2	9.1093e-16
3728.8	9.0603e-16
3731.3	9.0217e-16
3733.9	8.8784e-16
3736.4	8.7825e-16
3739	8.9401e-16
3741.5	8.8725e-16
3744.1	8.7716e-16
3746.6	8.7049e-16
3749.2	8.7018e-16
3751.7	8.7156e-16
3754.3	8.6197e-16
3756.8	8.7266e-16
3759.4	8.5767e-16
3761.9	8.658e-16
3764.5	8.5357e-16
3767	8.4346e-16
3769.6	8.4436e-16
3772.1	8.2941e-16
3774.6	8.3702e-16
3777.2	8.2478e-16
3779.7	8.1882e-16
3782.3	8.344e-16
3784.8	8.1803e-16
3787.4	8.1202e-16
3789.9	8.1986e-16
3792.5	8.1126e-16
3795	8.146e-16
3797.6	8.1563e-16
3800.1	8.1535e-16
3802.7	8.0348e-16
3805.2	8.087e-16
3807.8	8.0097e-16
3810.3	8.0874e-16
3812.9	7.9813e-16
3815.4	8.0012e-16
3818	7.9898e-16
3820.5	7.8755e-16
3823.1	7.8737e-16
3825.6	7.9446e-16
3828.2	7.9471e-16
3830.7	8.034e-16
3833.3	7.9703e-16
3835.8	7.847e-16
3838.4	7.8958e-16
3840.9	7.8514e-16
3843.5	8.0054e-16
3846	7.8334e-16
3848.5	7.926e-16
3851.1	7.9884e-16
3853.6	7.8862e-16
3856.2	8.0556e-16
3858.7	8.0163e-16
3861.3	7.938e-16
3863.8	7.8117e-16
3866.4	8.0076e-16
3868.9	8.0713e-16
3871.5	8.0409e-16
3874	8.0132e-16
3876.6	7.9992e-16
3879.1	7.9807e-16
3881.7	7.9345e-16
3884.2	7.8397e-16
3886.8	7.9252e-16
3889.3	8.02e-16
3891.9	7.9374e-16
3894.4	8.1521e-16
3897	8.1443e-16
3899.5	8.0109e-16
3902.1	8.1466e-16
3904.6	8.1563e-16
3907.2	8.1203e-16
3909.7	8.29e-16
3912.3	8.1525e-16
3914.8	8.3043e-16
3917.4	8.1557e-16
3919.9	8.2651e-16
3922.4	8.1832e-16
3925	8.1249e-16
3927.5	8.0928e-16
3930.1	8.1342e-16
3932.6	8.0543e-16
3935.2	8.0381e-16
3937.7	7.9811e-16
3940.3	8.0365e-16
3942.8	8.0637e-16
3945.4	8.0157e-16
3947.9	8.022e-16
3950.5	7.8865e-16
3953	7.9492e-16
3955.6	7.8773e-16
3958.1	7.8696e-16
3960.7	7.7675e-16
3963.2	7.7239e-16
3965.8	7.8865e-16
3968.3	7.5925e-16
3970.9	7.6827e-16
3973.4	7.7522e-16
3976	7.6135e-16
3978.5	7.4485e-16
3981.1	7.5546e-16
3983.6	7.4678e-16
3986.2	7.549e-16
3988.7	7.4645e-16
3991.3	7.5342e-16
3993.8	7.5593e-16
3996.3	7.5213e-16
3998.9	7.5126e-16
4001.4	7.4531e-16
4004	7.4933e-16
4006.5	7.4764e-16
4009.1	7.5223e-16
4011.6	7.4852e-16
4014.2	7.5987e-16
4016.7	7.5853e-16
4019.3	7.5685e-16
4021.8	7.3734e-16
4024.4	7.4861e-16
4026.9	7.5638e-16
4029.5	7.5757e-16
4032	7.676e-16
4034.6	7.7367e-16
4037.1	7.5568e-16
4039.7	7.6699e-16
4042.2	7.6448e-16
4044.8	7.6952e-16
4047.3	7.6699e-16
4049.9	7.7666e-16
4052.4	7.6163e-16
4055	7.5866e-16
4057.5	7.6836e-16
4060.1	7.8332e-16
4062.6	7.6505e-16
4065.2	7.8428e-16
4067.7	7.91e-16
4070.2	7.7722e-16
4072.8	7.8554e-16
4075.3	7.8137e-16
4077.9	7.8385e-16
4080.4	7.8242e-16
4083	7.8457e-16
4085.5	7.7019e-16
4088.1	7.7623e-16
4090.6	7.7209e-16
4093.2	7.7118e-16
4095.7	7.8113e-16
4098.3	7.7453e-16
4100.8	7.9188e-16
4103.4	7.6454e-16
4105.9	7.6546e-16
4108.5	7.7592e-16
4111	7.8453e-16
4113.6	7.7257e-16
4116.1	7.6977e-16
4118.7	7.7672e-16
4121.2	7.5576e-16
4123.8	7.5521e-16
4126.3	7.6127e-16
4128.9	7.5446e-16
4131.4	7.5508e-16
4134	7.4261e-16
4136.5	7.4457e-16
4139	7.5753e-16
4141.6	7.5782e-16
4144.1	7.6374e-16
4146.7	7.5296e-16
4149.2	7.5476e-16
4151.8	7.3833e-16
4154.3	7.4348e-16
4156.9	7.1509e-16
4159.4	7.1274e-16
4162	7.1378e-16
4164.5	7.0642e-16
4167.1	6.8777e-16
4169.6	6.9478e-16
4172.2	6.9585e-16
4174.7	6.8667e-16
4177.3	7.1436e-16
4179.8	6.9417e-16
4182.4	6.8608e-16
4184.9	6.7086e-16
4187.5	6.6261e-16
4190	6.6931e-16
4192.6	6.8224e-16
4195.1	6.7211e-16
4197.7	6.5235e-16
4200.2	6.6396e-16
4202.8	6.6361e-16
4205.3	6.5826e-16
4207.9	6.6899e-16
4210.4	6.5863e-16
4212.9	6.4458e-16
4215.5	6.4477e-16
4218	6.5334e-16
4220.6	6.4724e-16
4223.1	6.4749e-16
4225.7	6.4491e-16
4228.2	6.4831e-16
4230.8	6.5195e-16
4233.3	6.3903e-16
4235.9	6.4536e-16
4238.4	6.4965e-16
4241	6.396e-16
4243.5	6.385e-16
4246.1	6.3334e-16
4248.6	6.3312e-16
4251.2	6.4059e-16
4253.7	6.3348e-16
4256.3	6.3826e-16
4258.8	6.3279e-16
4261.4	6.4669e-16
4263.9	6.3858e-16
4266.5	6.2901e-16
4269	6.3077e-16
4271.6	6.4638e-16
4274.1	6.5303e-16
4276.7	6.4667e-16
4279.2	6.5937e-16
4281.8	6.561e-16
4284.3	6.5842e-16
4286.8	6.4171e-16
4289.4	6.7169e-16
4291.9	6.5606e-16
4294.5	6.4673e-16
4297	6.6382e-16
4299.6	6.6753e-16
4302.1	6.599e-16
4304.7	6.7046e-16
4307.2	6.6566e-16
4309.8	6.6225e-16
4312.3	6.5684e-16
4314.9	6.6044e-16
4317.4	6.5801e-16
4320	6.7131e-16
4322.5	6.7528e-16
4325.1	6.7668e-16
4327.6	6.8128e-16
4330.2	6.7021e-16
4332.7	6.9032e-16
4335.3	6.8821e-16
4337.8	6.9831e-16
4340.4	6.922e-16
4342.9	7.0166e-16
4345.5	6.9297e-16
4348	6.9086e-16
4350.6	7.0367e-16
4353.1	6.9395e-16
4355.7	7.0273e-16
4358.2	7.0666e-16
4360.7	7.0399e-16
4363.3	6.9642e-16
4365.8	6.9955e-16
4368.4	7.0109e-16
4370.9	7.07e-16
4373.5	7.2133e-16
4376	7.1543e-16
4378.6	6.9225e-16
4381.1	7.0114e-16
4383.7	7.0401e-16
4386.2	6.8825e-16
4388.8	7.1244e-16
4391.3	7.1473e-16
4393.9	7.2024e-16
4396.4	7.237e-16
4399	7.0115e-16
4401.5	7.0164e-16
4404.1	6.9861e-16
4406.6	7.293e-16
4409.2	7.0015e-16
4411.7	7.1114e-16
4414.3	6.92e-16
4416.8	7.1733e-16
4419.4	7.1021e-16
4421.9	7.0614e-16
4424.5	7.0556e-16
4427	6.9075e-16
4429.6	7.5106e-16
4432.1	7.3925e-16
4434.6	6.7358e-16
4437.2	6.939e-16
4439.7	7.0542e-16
4442.3	6.9428e-16
4444.8	6.9274e-16
4447.4	6.9227e-16
4449.9	7.1019e-16
4452.5	6.9195e-16
4455	6.9875e-16
4457.6	6.7097e-16
4460.1	6.515e-16
4462.7	6.739e-16
4465.2	6.7255e-16
4467.8	6.7075e-16
4470.3	6.7072e-16
4472.9	6.7356e-16
4475.4	6.7289e-16
4478	6.8245e-16
4480.5	6.6685e-16
4483.1	6.6121e-16
4485.6	6.626e-16
4488.2	6.718e-16
4490.7	6.9013e-16
4493.3	6.8954e-16
4495.8	6.8005e-16
4498.4	6.9367e-16
4500.9	6.7837e-16
4503.5	6.6806e-16
4506	6.9163e-16
4508.5	6.9017e-16
4511.1	6.9555e-16
4513.6	6.9736e-16
4516.2	6.9215e-16
4518.7	7.1004e-16
4521.3	6.6375e-16
4523.8	7.0827e-16
4526.4	6.8425e-16
4528.9	6.7265e-16
4531.5	6.8589e-16
4534	6.8259e-16
4536.6	6.8082e-16
4539.1	6.6568e-16
4541.7	6.7374e-16
4544.2	6.719e-16
4546.8	6.7858e-16
4549.3	6.8345e-16
4551.9	6.7648e-16
4554.4	6.7337e-16
4557	6.8124e-16
4559.5	6.9281e-16
4562.1	6.8947e-16
4564.6	6.7313e-16
4567.2	6.7143e-16
4569.7	6.7771e-16
4572.3	6.9266e-16
4574.8	6.9308e-16
4577.4	6.8483e-16
4579.9	6.9341e-16
4582.4	6.8209e-16
4585	6.8407e-16
4587.5	6.8e-16
4590.1	6.9253e-16
4592.6	6.848e-16
4595.2	6.8918e-16
4597.7	6.9603e-16
4600.3	6.752e-16
4602.8	6.7591e-16
4605.4	6.7987e-16
4607.9	6.8806e-16
4610.5	7.0022e-16
4613	7.0613e-16
4615.6	7.1132e-16
4618.1	6.9393e-16
4620.7	7.0704e-16
4623.2	7.0781e-16
4625.8	6.9889e-16
4628.3	6.9057e-16
4630.9	6.8666e-16
4633.4	6.9313e-16
4636	6.8488e-16
4638.5	7.0673e-16
4641.1	6.9712e-16
4643.6	6.8601e-16
4646.2	7.1536e-16
4648.7	6.9361e-16
4651.2	6.952e-16
4653.8	7.0161e-16
4656.3	6.8729e-16
4658.9	6.9649e-16
4661.4	7.0135e-16
4664	7.0227e-16
4666.5	6.8787e-16
4669.1	7.0298e-16
4671.6	6.8051e-16
4674.2	6.9653e-16
4676.7	6.6025e-16
4679.3	6.7163e-16
4681.8	6.6316e-16
4684.4	6.6168e-16
4686.9	6.8096e-16
4689.5	6.7325e-16
4692	6.9395e-16
4694.6	6.7181e-16
4697.1	6.4632e-16
4699.7	6.5361e-16
4702.2	6.5126e-16
4704.8	6.4341e-16
4707.3	6.5068e-16
4709.9	6.4573e-16
4712.4	6.4887e-16
4715	6.3161e-16
4717.5	6.371e-16
4720.1	6.2241e-16
4722.6	6.0467e-16
4725.1	6.1255e-16
4727.7	6.2951e-16
4730.2	6.2566e-16
4732.8	6.207e-16
4735.3	6.1954e-16
4737.9	6.1078e-16
4740.4	6.1567e-16
4743	5.9693e-16
4745.5	5.987e-16
4748.1	6.1604e-16
4750.6	6.0671e-16
4753.2	6.2099e-16
4755.7	6.1058e-16
4758.3	5.9928e-16
4760.8	6.056e-16
4763.4	6.0459e-16
4765.9	5.9742e-16
4768.5	5.9779e-16
4771	5.952e-16
4773.6	6.0918e-16
4776.1	5.9924e-16
4778.7	5.8938e-16
4781.2	5.7956e-16
4783.8	5.8456e-16
4786.3	5.9793e-16
4788.9	5.8147e-16
4791.4	5.7343e-16
4794	5.8508e-16
4796.5	5.8024e-16
4799	5.759e-16
4801.6	5.7276e-16
4804.1	5.7938e-16
4806.7	5.8469e-16
4809.2	5.7043e-16
4811.8	5.7217e-16
4814.3	5.7649e-16
4816.9	5.6586e-16
4819.4	5.7123e-16
4822	5.7211e-16
4824.5	5.6024e-16
4827.1	5.6363e-16
4829.6	5.5008e-16
4832.2	5.6296e-16
4834.7	5.6865e-16
4837.3	5.7246e-16
4839.8	5.6337e-16
4842.4	5.6994e-16
4844.9	5.7373e-16
4847.5	5.582e-16
4850	5.7262e-16
4852.6	5.7109e-16
4855.1	5.868e-16
4857.7	5.9137e-16
4860.2	5.9105e-16
4862.8	5.7005e-16
4865.3	5.7298e-16
4867.9	5.6707e-16
4870.4	5.6719e-16
4872.9	5.8703e-16
4875.5	5.837e-16
4878	5.9033e-16
4880.6	5.8379e-16
4883.1	5.6234e-16
4885.7	5.6802e-16
4888.2	5.7709e-16
4890.8	5.8165e-16
4893.3	5.8006e-16
4895.9	5.8265e-16
4898.4	5.7046e-16
4901	5.7529e-16
4903.5	5.8845e-16
4906.1	5.8634e-16
4908.6	5.7993e-16
4911.2	5.8703e-16
4913.7	5.8475e-16
4916.3	5.6928e-16
4918.8	5.8186e-16
4921.4	5.7489e-16
4923.9	5.7063e-16
4926.5	5.8104e-16
4929	5.8349e-16
4931.6	5.8147e-16
4934.1	5.8109e-16
4936.7	5.9147e-16
4939.2	5.8062e-16
4941.8	5.8741e-16
4944.3	5.8292e-16
4946.8	5.7953e-16
4949.4	5.8638e-16
4951.9	5.8419e-16
4954.5	5.8271e-16
4957	5.93e-16
4959.6	5.8161e-16
4962.1	5.7871e-16
4964.7	5.842e-16
4967.2	5.7408e-16
4969.8	5.8261e-16
4972.3	5.6929e-16
4974.9	5.8101e-16
4977.4	5.8742e-16
4980	5.8021e-16
4982.5	5.723e-16
4985.1	5.9711e-16
4987.6	5.6996e-16
4990.2	5.7665e-16
4992.7	5.8467e-16
4995.3	5.7174e-16
4997.8	5.764e-16
5000.4	5.8299e-16
5002.9	5.9996e-16
5005.5	6.2363e-16
5008	5.7276e-16
5010.6	5.599e-16
5013.1	5.6324e-16
5015.7	5.6744e-16
5018.2	5.6898e-16
5020.7	5.7947e-16
5023.3	5.7949e-16
5025.8	5.7015e-16
5028.4	5.8186e-16
5030.9	5.7236e-16
5033.5	5.6515e-16
5036	5.8258e-16
5038.6	5.738e-16
5041.1	5.8402e-16
5043.7	5.7917e-16
5046.2	5.8807e-16
5048.8	5.7571e-16
5051.3	5.8698e-16
5053.9	5.916e-16
5056.4	5.9559e-16
5059	5.9754e-16
5061.5	5.7993e-16
5064.1	5.8482e-16
5066.6	5.8931e-16
5069.2	5.9261e-16
5071.7	5.9072e-16
5074.3	5.8326e-16
5076.8	5.7918e-16
5079.4	5.9291e-16
5081.9	5.7883e-16
5084.5	5.927e-16
5087	5.8592e-16
5089.6	5.8612e-16
5092.1	5.9774e-16
5094.6	5.8254e-16
5097.2	5.8148e-16
5099.7	5.7943e-16
5102.3	5.993e-16
5104.8	5.9524e-16
5107.4	5.8488e-16
5109.9	5.853e-16
5112.5	5.9795e-16
5115	5.9867e-16
5117.6	5.8959e-16
5120.1	5.9099e-16
5122.7	5.8536e-16
5125.2	5.8991e-16
5127.8	5.8519e-16
5130.3	5.9225e-16
5132.9	5.9351e-16
5135.4	5.7143e-16
5138	5.8329e-16
5140.5	5.895e-16
5143.1	5.8703e-16
5145.6	5.7715e-16
5148.2	5.8883e-16
5150.7	5.7915e-16
5153.3	5.8262e-16
5155.8	5.784e-16
5158.4	5.7322e-16
5160.9	5.7425e-16
5163.4	5.8737e-16
5166	5.848e-16
5168.5	5.8852e-16
5171.1	5.7794e-16
5173.6	5.7776e-16
5176.2	5.6218e-16
5178.7	5.604e-16
5181.3	5.6907e-16
5183.8	5.7368e-16
5186.4	5.8446e-16
5188.9	5.8865e-16
5191.5	5.7169e-16
5194	5.656e-16
5196.6	5.6933e-16
5199.1	5.6797e-16
5201.7	5.6294e-16
5204.2	5.7003e-16
5206.8	5.6759e-16
5209.3	5.5459e-16
5211.9	5.6438e-16
5214.4	5.6901e-16
5217	5.6304e-16
5219.5	5.5796e-16
5222.1	5.5892e-16
5224.6	5.7503e-16
5227.2	5.5791e-16
5229.7	5.5994e-16
5232.3	5.6013e-16
5234.8	5.3922e-16
5237.3	5.5486e-16
5239.9	5.4159e-16
5242.4	5.4422e-16
5245	5.5493e-16
5247.5	5.5096e-16
5250.1	5.5002e-16
5252.6	5.336e-16
5255.2	5.3091e-16
5257.7	5.5872e-16
5260.3	5.4933e-16
5262.8	5.3565e-16
5265.4	5.3179e-16
5267.9	5.4646e-16
5270.5	5.2189e-16
5273	5.2963e-16
5275.6	5.3965e-16
5278.1	5.2874e-16
5280.7	5.3556e-16
5283.2	5.4547e-16
5285.8	5.2905e-16
5288.3	5.3443e-16
5290.9	5.228e-16
5293.4	5.1718e-16
5296	5.2477e-16
5298.5	5.2036e-16
5301.1	5.1528e-16
5303.6	5.2064e-16
5306.2	5.2011e-16
5308.7	5.2116e-16
5311.2	5.2208e-16
5313.8	5.1406e-16
5316.3	5.0793e-16
5318.9	5.1008e-16
5321.4	5.1192e-16
5324	5.2117e-16
5326.5	5.0589e-16
5329.1	5.0924e-16
5331.6	5.1123e-16
5334.2	5.1293e-16
5336.7	5.0416e-16
5339.3	5.1547e-16
5341.8	5.032e-16
5344.4	5.084e-16
5346.9	4.9196e-16
5349.5	5.0802e-16
5352	4.9823e-16
5354.6	4.9244e-16
5357.1	4.9422e-16
5359.7	4.9347e-16
5362.2	4.9671e-16
5364.8	5.0202e-16
5367.3	4.9214e-16
5369.9	5.0179e-16
5372.4	4.9402e-16
5375	4.9639e-16
5377.5	4.9558e-16
5380.1	4.9681e-16
5382.6	4.8734e-16
5385.1	4.7808e-16
5387.7	4.9937e-16
5390.2	4.7886e-16
5392.8	4.7555e-16
5395.3	4.9023e-16
5397.9	4.8352e-16
5400.4	4.8845e-16
5403	4.8529e-16
5405.5	4.7409e-16
5408.1	4.8264e-16
5410.6	4.7883e-16
5413.2	4.8952e-16
5415.7	4.8198e-16
5418.3	4.7481e-16
5420.8	4.752e-16
5423.4	4.7716e-16
5425.9	4.85e-16
5428.5	4.8429e-16
5431	4.6729e-16
5433.6	4.7868e-16
5436.1	4.7649e-16
5438.7	4.7584e-16
5441.2	4.6976e-16
5443.8	4.6886e-16
5446.3	4.6351e-16
5448.9	4.5673e-16
5451.4	4.7233e-16
5454	4.8836e-16
5456.5	4.7983e-16
5459	4.6164e-16
5461.6	4.5017e-16
5464.1	4.4545e-16
5466.7	4.6203e-16
5469.2	4.586e-16
5471.8	4.5254e-16
5474.3	4.5231e-16
5476.9	4.5706e-16
5479.4	4.6161e-16
5482	4.5475e-16
5484.5	4.4776e-16
5487.1	4.4548e-16
5489.6	4.4553e-16
5492.2	4.4277e-16
5494.7	4.3808e-16
5497.3	4.4088e-16
5499.8	4.4497e-16
5502.4	4.3914e-16
5504.9	4.3429e-16
5507.5	4.3558e-16
5510	4.2568e-16
5512.6	4.4036e-16
5515.1	4.2315e-16
5517.7	4.3069e-16
5520.2	4.2854e-16
5522.8	4.2215e-16
5525.3	4.1636e-16
5527.9	4.1639e-16
5530.4	4.1696e-16
5532.9	4.2837e-16
5535.5	4.2256e-16
5538	4.2973e-16
5540.6	4.1331e-16
5543.1	4.294e-16
5545.7	4.1431e-16
5548.2	4.1831e-16
5550.8	4.3073e-16
5553.3	4.1462e-16
5555.9	4.2276e-16
5558.4	4.1473e-16
5561	4.2012e-16
5563.5	4.1716e-16
5566.1	4.15e-16
5568.6	4.083e-16
5571.2	4.1578e-16
5573.7	4.1152e-16
5576.3	4.1275e-16
5578.8	4.2487e-16
5581.4	4.0495e-16
5583.9	4.2353e-16
5586.5	4.2026e-16
5589	4.1659e-16
5591.6	4.1876e-16
5594.1	4.3364e-16
5596.7	4.2408e-16
5599.2	4.2511e-16
5601.8	4.2097e-16
5604.3	4.2367e-16
5606.8	4.3113e-16
5609.4	4.1581e-16
5611.9	4.249e-16
5614.5	4.2158e-16
5617	4.2444e-16
5619.6	4.2863e-16
5622.1	4.2595e-16
5624.7	4.3581e-16
5627.2	4.3138e-16
5629.8	4.2896e-16
5632.3	4.3823e-16
5634.9	4.2637e-16
5637.4	4.3312e-16
5640	4.3031e-16
5642.5	4.2721e-16
5645.1	4.2778e-16
5647.6	4.2962e-16
5650.2	4.3913e-16
5652.7	4.3169e-16
5655.3	4.2986e-16
5657.8	4.3129e-16
5660.4	4.224e-16
5662.9	4.3526e-16
5665.5	4.3382e-16
5668	4.274e-16
5670.6	4.3075e-16
5673.1	4.3884e-16
5675.6	4.2961e-16
5678.2	4.3318e-16
5680.7	4.2464e-16
5683.3	4.3278e-16
5685.8	4.2702e-16
5688.4	4.3466e-16
5690.9	4.3362e-16
5693.5	4.3547e-16
5696	4.315e-16
5698.6	4.3342e-16
5701.1	4.4031e-16
5703.7	4.2722e-16
5706.2	4.3434e-16
5708.8	4.2384e-16
5711.3	4.2599e-16
5713.9	4.2449e-16
5716.4	4.3195e-16
5719	4.2795e-16
5721.5	4.3249e-16
5724.1	4.3291e-16
5726.6	4.1348e-16
5729.2	4.2281e-16
5731.7	4.1764e-16
5734.3	4.2118e-16
5736.8	4.2392e-16
5739.4	4.0722e-16
5741.9	4.2215e-16
5744.5	4.1452e-16
5747	4.2128e-16
5749.5	4.1253e-16
5752.1	4.3143e-16
5754.6	4.3045e-16
5757.2	4.2546e-16
5759.7	4.2245e-16
5762.3	4.1588e-16
5764.8	4.1114e-16
5767.4	4.1677e-16
5769.9	4.1632e-16
5772.5	4.2084e-16
5775	4.191e-16
5777.6	4.2235e-16
5780.1	4.1322e-16
5782.7	4.1416e-16
5785.2	4.1451e-16
5787.8	4.154e-16
5790.3	4.147e-16
5792.9	4.1252e-16
5795.4	4.0911e-16
5798	4.1471e-16
5800.5	4.1682e-16
5803.1	4.1781e-16
5805.6	4.1714e-16
5808.2	4.1604e-16
5810.7	4.1762e-16
5813.3	4.2022e-16
5815.8	4.1519e-16
5818.4	4.0202e-16
5820.9	4.0426e-16
5823.4	4.1018e-16
5826	4.0819e-16
5828.5	4.0199e-16
5831.1	4.0758e-16
5833.6	4.1617e-16
5836.2	4.0328e-16
5838.7	4.0799e-16
5841.3	4.0394e-16
5843.8	4.0704e-16
5846.4	3.985e-16
5848.9	3.9831e-16
5851.5	4.0325e-16
5854	4.0025e-16
5856.6	4.0067e-16
5859.1	3.9064e-16
5861.7	4.0473e-16
5864.2	3.9175e-16
5866.8	3.953e-16
5869.3	4.0942e-16
5871.9	4.0736e-16
5874.4	4.0556e-16
5877	4.0591e-16
5879.5	4.0342e-16
5882.1	4.0644e-16
5884.6	3.9624e-16
5887.2	3.9579e-16
5889.7	3.9016e-16
5892.3	3.9284e-16
5894.8	3.9457e-16
5897.3	3.986e-16
5899.9	3.9588e-16
5902.4	3.8303e-16
5905	3.9971e-16
5907.5	3.9034e-16
5910.1	3.906e-16
5912.6	3.8186e-16
5915.2	3.9313e-16
5917.7	3.8808e-16
5920.3	3.9449e-16
5922.8	3.8861e-16
5925.4	3.8464e-16
5927.9	3.881e-16
5930.5	3.8778e-16
5933	3.7464e-16
5935.6	3.8742e-16
5938.1	3.8385e-16
5940.7	3.98e-16
5943.2	3.8806e-16
5945.8	3.802e-16
5948.3	3.8715e-16
5950.9	3.8082e-16
5953.4	3.869e-16
5956	3.8304e-16
5958.5	3.7739e-16
5961.1	3.8732e-16
5963.6	3.8288e-16
5966.2	3.8349e-16
5968.7	3.877e-16
5971.2	3.8006e-16
5973.8	3.9051e-16
5976.3	3.8634e-16
5978.9	3.9498e-16
5981.4	3.9255e-16
5984	3.8307e-16
5986.5	3.8057e-16
5989.1	3.8527e-16
5991.6	3.8129e-16
5994.2	3.8492e-16
5996.7	3.8766e-16
5999.3	3.8242e-16
6001.8	3.6854e-16
6004.4	3.7951e-16
6006.9	3.771e-16
6009.5	3.8248e-16
6012	3.9226e-16
6014.6	3.9815e-16
6017.1	3.7986e-16
6019.7	3.8331e-16
6022.2	3.8082e-16
6024.8	3.8265e-16
6027.3	3.8335e-16
6029.9	3.6875e-16
6032.4	3.7548e-16
6035	3.7009e-16
6037.5	3.7349e-16
6040.1	3.4671e-16
6042.6	3.5386e-16
6045.1	3.6159e-16
6047.7	3.7342e-16
6050.2	3.6843e-16
6052.8	3.5039e-16
6055.3	3.7358e-16
6057.9	3.6583e-16
6060.4	3.6379e-16
6063	3.774e-16
6065.5	3.6356e-16
6068.1	3.6028e-16
6070.6	3.4211e-16
6073.2	3.7168e-16
6075.7	3.5267e-16
6078.3	3.5908e-16
6080.8	3.7095e-16
6083.4	3.5145e-16
6085.9	3.6873e-16
6088.5	3.527e-16
6091	3.5357e-16
6093.6	3.5829e-16
6096.1	3.5563e-16
6098.7	3.6332e-16
6101.2	3.6226e-16
6103.8	3.6182e-16
6106.3	3.546e-16
6108.9	3.569e-16
6111.4	3.6002e-16
6113.9	3.5444e-16
6116.5	3.4911e-16
6119	3.6398e-16
6121.6	3.4827e-16
6124.1	3.5499e-16
6126.7	3.6594e-16
6129.2	3.6039e-16
6131.8	3.4986e-16
6134.3	3.4526e-16
6136.9	3.5327e-16
6139.4	3.6192e-16
6142	3.4144e-16
6144.5	3.4245e-16
6147.1	3.4775e-16
6149.6	3.4912e-16
6152.2	3.4302e-16
6154.7	3.5726e-16
6157.3	3.6774e-16
6159.8	3.4997e-16
6162.4	3.5508e-16
6164.9	3.6371e-16
6167.5	3.6289e-16
6170	3.5218e-16
6172.6	3.465e-16
6175.1	3.5888e-16
6177.7	3.6128e-16
6180.2	3.5623e-16
6182.8	3.5823e-16
6185.3	3.5426e-16
6187.8	3.53e-16
6190.4	3.616e-16
6192.9	3.5706e-16
6195.5	3.5461e-16
6198	3.5691e-16
6200.6	3.5757e-16
6203.1	3.6043e-16
6205.7	3.6181e-16
6208.2	3.6135e-16
6210.8	3.7241e-16
6213.3	3.811e-16
6215.9	3.7035e-16
6218.4	3.4818e-16
6221	3.6035e-16
6223.5	3.7107e-16
6226.1	3.6628e-16
6228.6	3.5779e-16
6231.2	3.6204e-16
6233.7	3.5736e-16
6236.3	3.4937e-16
6238.8	3.6264e-16
6241.4	3.5999e-16
6243.9	3.5915e-16
6246.5	3.6787e-16
6249	3.5722e-16
6251.6	3.6568e-16
6254.1	3.7418e-16
6256.7	3.5318e-16
6259.2	3.5876e-16
6261.7	3.5259e-16
6264.3	3.5355e-16
6266.8	3.5989e-16
6269.4	3.5679e-16
6271.9	3.5417e-16
6274.5	3.4178e-16
6277	3.4941e-16
6279.6	3.54e-16
6282.1	3.5152e-16
6284.7	3.5361e-16
6287.2	3.6614e-16
6289.8	3.4467e-16
6292.3	3.4757e-16
6294.9	3.4755e-16
6297.4	3.4675e-16
6300	3.3461e-16
6302.5	3.4296e-16
6305.1	3.4477e-16
6307.6	3.3754e-16
6310.2	3.2188e-16
6312.7	3.3674e-16
6315.3	3.3443e-16
6317.8	3.3356e-16
6320.4	3.398e-16
6322.9	3.38e-16
6325.5	3.3592e-16
6328	3.4482e-16
6330.6	3.3524e-16
6333.1	3.3948e-16
6335.6	3.3118e-16
6338.2	3.3762e-16
6340.7	3.4344e-16
6343.3	3.3353e-16
6345.8	3.3415e-16
6348.4	3.453e-16
6350.9	3.4703e-16
6353.5	3.3704e-16
6356	3.3357e-16
6358.6	3.37e-16
6361.1	3.342e-16
6363.7	3.3901e-16
6366.2	3.4478e-16
6368.8	3.3319e-16
6371.3	3.351e-16
6373.9	3.4198e-16
6376.4	3.5683e-16
6379	3.4282e-16
6381.5	3.3522e-16
6384.1	3.3161e-16
6386.6	3.424e-16
6389.2	3.3871e-16
6391.7	3.363e-16
6394.3	3.4659e-16
6396.8	3.4693e-16
6399.4	3.461e-16
6401.9	3.5383e-16
6404.5	3.4312e-16
6407	3.4303e-16
6409.5	3.4538e-16
6412.1	3.4952e-16
6414.6	3.4666e-16
6417.2	3.3708e-16
6419.7	3.3711e-16
6422.3	3.5216e-16
6424.8	3.4762e-16
6427.4	3.4706e-16
6429.9	3.5509e-16
6432.5	3.373e-16
6435	3.439e-16
6437.6	3.5327e-16
6440.1	3.5304e-16
6442.7	3.5587e-16
6445.2	3.5301e-16
6447.8	3.5752e-16
6450.3	3.4898e-16
6452.9	3.573e-16
6455.4	3.5934e-16
6458	3.6582e-16
6460.5	3.6074e-16
6463.1	3.5825e-16
6465.6	3.6675e-16
6468.2	3.6991e-16
6470.7	3.5724e-16
6473.3	3.7047e-16
6475.8	3.6229e-16
6478.4	3.6809e-16
6480.9	3.6302e-16
6483.4	3.7079e-16
6486	3.66e-16
6488.5	3.6041e-16
6491.1	3.6821e-16
6493.6	3.6131e-16
6496.2	3.7576e-16
6498.7	3.6541e-16
6501.3	3.5673e-16
6503.8	3.6728e-16
6506.4	3.6826e-16
6508.9	3.6832e-16
6511.5	3.6084e-16
6514	3.7045e-16
6516.6	3.7011e-16
6519.1	3.7604e-16
6521.7	3.6577e-16
6524.2	3.6211e-16
6526.8	3.6711e-16
6529.3	3.7324e-16
6531.9	3.6132e-16
6534.4	3.5511e-16
6537	3.6695e-16
6539.5	3.7284e-16
6542.1	3.7176e-16
6544.6	3.7294e-16
6547.2	3.7158e-16
6549.7	3.5571e-16
6552.3	3.7591e-16
6554.8	3.7244e-16
6557.3	3.7913e-16
6559.9	4.1638e-16
6562.4	4.0063e-16
6565	3.7325e-16
6567.5	3.7153e-16
6570.1	3.6396e-16
6572.6	3.6448e-16
6575.2	3.536e-16
6577.7	3.6583e-16
6580.3	3.6809e-16
6582.8	3.726e-16
6585.4	3.5447e-16
6587.9	3.478e-16
6590.5	3.7004e-16
6593	3.8336e-16
6595.6	3.5276e-16
6598.1	3.4282e-16
6600.7	3.6149e-16
6603.2	3.5207e-16
6605.8	3.5416e-16
6608.3	3.5e-16
6610.9	3.5655e-16
6613.4	3.5801e-16
6616	3.5802e-16
6618.5	3.5394e-16
6621.1	3.6074e-16
6623.6	3.5516e-16
6626.1	3.7256e-16
6628.7	3.8108e-16
6631.2	3.7424e-16
6633.8	3.5788e-16
6636.3	3.5331e-16
6638.9	3.4881e-16
6641.4	3.585e-16
6644	3.5294e-16
6646.5	3.5768e-16
6649.1	3.586e-16
6651.6	3.4652e-16
6654.2	3.516e-16
6656.7	3.572e-16
6659.3	3.584e-16
6661.8	3.6059e-16
6664.4	3.5845e-16
6666.9	3.553e-16
6669.5	3.4851e-16
6672	3.4355e-16
6674.6	3.6948e-16
6677.1	3.4361e-16
6679.7	3.4845e-16
6682.2	3.4453e-16
6684.8	3.5781e-16
6687.3	3.5161e-16
6689.9	3.3782e-16
6692.4	3.4628e-16
6695	3.5119e-16
6697.5	3.58e-16
6700	3.5847e-16
6702.6	3.4026e-16
6705.1	3.3418e-16
6707.7	3.4409e-16
6710.2	3.4815e-16
6712.8	3.3361e-16
6715.3	3.5555e-16
6717.9	3.4499e-16
6720.4	3.3854e-16
6723	3.5131e-16
6725.5	3.3781e-16
6728.1	3.4337e-16
6730.6	3.4689e-16
6733.2	3.3901e-16
6735.7	3.2529e-16
6738.3	3.4115e-16
6740.8	3.3597e-16
6743.4	3.3791e-16
6745.9	3.3016e-16
6748.5	3.3311e-16
6751	3.3138e-16
6753.6	3.304e-16
6756.1	3.3345e-16
6758.7	3.3858e-16
6761.2	3.323e-16
6763.8	3.19e-16
6766.3	3.1947e-16
6768.9	3.2921e-16
6771.4	3.2291e-16
6773.9	3.2936e-16
6776.5	3.2973e-16
6779	3.3499e-16
6781.6	3.2719e-16
6784.1	3.1888e-16
6786.7	3.2761e-16
6789.2	3.2275e-16
6791.8	3.2504e-16
6794.3	3.3429e-16
6796.9	3.1973e-16
6799.4	3.2398e-16
6802	3.2333e-16
6804.5	3.264e-16
6807.1	3.196e-16
6809.6	3.2676e-16
6812.2	3.2574e-16
6814.7	3.1908e-16
6817.3	3.3071e-16
6819.8	3.2484e-16
6822.4	3.3143e-16
6824.9	3.1963e-16
6827.5	3.2389e-16
6830	3.2235e-16
6832.6	3.2174e-16
6835.1	3.2257e-16
6837.7	3.295e-16
6840.2	3.1971e-16
6842.8	3.1453e-16
6845.3	3.2706e-16
6847.8	3.3497e-16
6850.4	3.3568e-16
6852.9	3.2847e-16
6855.5	3.4356e-16
6858	3.2531e-16
6860.6	3.3555e-16
6863.1	3.3674e-16
6865.7	3.2353e-16
6868.2	3.3074e-16
6870.8	3.2587e-16
6873.3	3.2207e-16
6875.9	3.2423e-16
6878.4	3.3254e-16
6881	3.2185e-16
6883.5	3.2324e-16
6886.1	3.2698e-16
6888.6	3.2915e-16
6891.2	3.2656e-16
6893.7	3.1683e-16
6896.3	3.2394e-16
6898.8	3.2814e-16
6901.4	3.2499e-16
6903.9	3.1673e-16
6906.5	3.2252e-16
6909	3.1677e-16
6911.6	3.1626e-16
6914.1	3.1306e-16
6916.7	3.1693e-16
6919.2	3.149e-16
6921.7	3.1871e-16
6924.3	3.1452e-16
6926.8	3.202e-16
6929.4	3.0603e-16
6931.9	3.1114e-16
6934.5	3.0158e-16
6937	3.105e-16
6939.6	3.1152e-16
6942.1	3.121e-16
6944.7	3.0718e-16
6947.2	3.0884e-16
6949.8	3.135e-16
6952.3	3.0959e-16
6954.9	3.0166e-16
6957.4	3.1079e-16
6960	3.1279e-16
6962.5	3.1328e-16
6965.1	3.1736e-16
6967.6	3.1097e-16
6970.2	3.0639e-16
6972.7	3.3403e-16
6975.3	3.1815e-16
6977.8	3.0245e-16
6980.4	3.0841e-16
6982.9	3.1729e-16
6985.5	3.0199e-16
6988	3.1021e-16
6990.6	3.0828e-16
6993.1	3.0627e-16
6995.6	3.0816e-16
6998.2	3.0097e-16
7000.7	3.0514e-16
7003.3	3.0758e-16
7005.8	3.1078e-16
7008.4	3.0882e-16
7010.9	3.5707e-16
7013.5	3.4978e-16
7016	3.1423e-16
7018.6	3.2352e-16
7021.1	3.3374e-16
7023.7	3.1032e-16
7026.2	3.0956e-16
7028.8	3.1432e-16
7031.3	3.1426e-16
7033.9	3.1188e-16
7036.4	3.1056e-16
7039	3.1959e-16
7041.5	3.1299e-16
7044.1	3.1847e-16
7046.6	3.2509e-16
7049.2	3.0901e-16
7051.7	3.1605e-16
7054.3	3.0382e-16
7056.8	3.1999e-16
7059.4	3.3563e-16
7061.9	3.3358e-16
7064.5	3.2474e-16
7067	3.1539e-16
7069.5	3.1368e-16
7072.1	3.2497e-16
7074.6	3.3216e-16
7077.2	3.2208e-16
7079.7	3.2248e-16
7082.3	3.2633e-16
7084.8	3.4723e-16
7087.4	3.5003e-16
7089.9	3.3684e-16
7092.5	3.2072e-16
7095	3.1489e-16
7097.6	3.1654e-16
7100.1	3.1789e-16
7102.7	3.2947e-16
7105.2	3.2221e-16
7107.8	3.3339e-16
7110.3	3.1603e-16
7112.9	3.2663e-16
7115.4	3.326e-16
7118	3.3959e-16
7120.5	3.1804e-16
7123.1	3.3162e-16
7125.6	3.1558e-16
7128.2	3.2186e-16
7130.7	3.2048e-16
7133.3	3.2817e-16
7135.8	3.3026e-16
7138.3	3.1878e-16
7140.9	3.2838e-16
7143.4	3.4023e-16
7146	3.31e-16
7148.5	3.3414e-16
7151.1	3.1576e-16
7153.6	3.3815e-16
7156.2	3.1534e-16
7158.7	3.331e-16
7161.3	3.2832e-16
7163.8	3.4624e-16
7166.4	3.1746e-16
7168.9	3.3504e-16
7171.5	3.366e-16
7174	3.3596e-16
7176.6	3.2891e-16
7179.1	3.3678e-16
7181.7	3.3406e-16
7184.2	3.4381e-16
7186.8	3.2778e-16
7189.3	3.3181e-16
7191.9	3.2955e-16
7194.4	3.2113e-16
7197	3.2532e-16
7199.5	3.2633e-16
7202.1	3.2823e-16
7204.6	3.2144e-16
7207.2	3.2616e-16
7209.7	3.3267e-16
7212.2	3.2524e-16
7214.8	3.373e-16
7217.3	3.3329e-16
7219.9	3.3923e-16
7222.4	3.2436e-16
7225	3.3112e-16
7227.5	3.3149e-16
7230.1	3.3593e-16
7232.6	3.2467e-16
7235.2	3.3067e-16
7237.7	3.1397e-16
7240.3	3.2102e-16
7242.8	3.1936e-16
7245.4	3.3529e-16
7247.9	3.1711e-16
7250.5	3.2253e-16
7253	3.2604e-16
7255.6	3.1444e-16
7258.1	3.1608e-16
7260.7	3.1984e-16
7263.2	3.1414e-16
7265.8	3.1388e-16
7268.3	3.2145e-16
7270.9	3.2418e-16
7273.4	3.1776e-16
7276	3.2197e-16
7278.5	3.2333e-16
7281.1	3.1647e-16
7283.6	3.1419e-16
7286.1	3.0228e-16
7288.7	3.206e-16
7291.2	3.1841e-16
7293.8	3.1065e-16
7296.3	3.1869e-16
7298.9	3.0806e-16
7301.4	3.1131e-16
7304	3.0804e-16
7306.5	3.2328e-16
7309.1	3.0492e-16
7311.6	3.1632e-16
7314.2	3.1728e-16
7316.7	3.1893e-16
7319.3	3.1413e-16
7321.8	3.1017e-16
7324.4	3.1622e-16
7326.9	3.2335e-16
7329.5	3.132e-16
7332	3.1047e-16
7334.6	3.0765e-16
7337.1	3.1379e-16
7339.7	3.1235e-16
7342.2	3.0506e-16
7344.8	3.1508e-16
7347.3	3.1342e-16
7349.9	3.1818e-16
7352.4	3.1227e-16
7355	3.0627e-16
7357.5	2.9854e-16
7360	3.0443e-16
7362.6	2.9638e-16
7365.1	2.9523e-16
7367.7	3.1022e-16
7370.2	2.9886e-16
7372.8	3.0323e-16
7375.3	2.9316e-16
7377.9	2.9471e-16
7380.4	2.9376e-16
7383	2.8582e-16
7385.5	2.9353e-16
7388.1	2.8404e-16
7390.6	2.9879e-16
7393.2	3.0664e-16
7395.7	3.3209e-16
7398.3	3.1415e-16
7400.8	3.0005e-16
7403.4	2.979e-16
7405.9	2.9661e-16
7408.5	3.1869e-16
7411	2.948e-16
7413.6	2.7863e-16
7416.1	3.0513e-16
7418.7	3.0992e-16
7421.2	2.7121e-16
7423.8	3.1515e-16
7426.3	2.9197e-16
7428.9	2.7664e-16
7431.4	2.9753e-16
7433.9	2.7601e-16
7436.5	2.8581e-16
7439	2.5632e-16
7441.6	2.6568e-16
7444.1	2.7567e-16
7446.7	3.1879e-16
7449.2	3.1805e-16
7451.8	3.0801e-16
7454.3	2.393e-16
7456.9	2.5971e-16
7459.4	2.709e-16
7462	2.5235e-16
7464.5	2.5975e-16
7467.1	2.7633e-16
7469.6	2.5023e-16
7472.2	2.625e-16
7474.7	2.6044e-16
7477.3	2.6699e-16
7479.8	2.6101e-16
7482.4	2.7357e-16
7484.9	2.6111e-16
7487.5	2.4468e-16
7490	2.6034e-16
7492.6	2.6719e-16
7495.1	2.5444e-16
7497.7	2.6199e-16
7500.2	2.8196e-16
7502.8	3.2348e-16
7505.3	2.3556e-16
7507.8	2.5245e-16
7510.4	2.4995e-16
7512.9	3.0129e-16
7515.5	2.5105e-16
7518	2.7329e-16
7520.6	2.541e-16
7523.1	2.6143e-16
7525.7	2.6747e-16
7528.2	3.3037e-16
7530.8	2.2971e-16
7533.3	2.779e-16
7535.9	2.5266e-16
7538.4	2.5793e-16
7541	2.4935e-16
7543.5	2.7539e-16
7546.1	2.5235e-16
7548.6	3.0436e-16
7551.2	2.7449e-16
7553.7	2.5207e-16
7556.3	2.6441e-16
7558.8	2.6195e-16
7561.4	2.9032e-16
7563.9	2.6962e-16
7566.5	3.1492e-16
7569	2.672e-16
7571.6	2.6845e-16
7574.1	2.5769e-16
7576.7	2.6685e-16
7579.2	2.494e-16
7581.7	2.5768e-16
7584.3	2.749e-16
7586.8	2.6751e-16
7589.4	2.7364e-16
7591.9	2.7556e-16
7594.5	2.6017e-16
7597	2.5259e-16
7599.6	2.7595e-16
7602.1	2.8334e-16
7604.7	2.6602e-16
7607.2	2.6771e-16
7609.8	2.6672e-16
7612.3	2.682e-16
7614.9	2.6729e-16
7617.4	2.4871e-16
7620	2.6197e-16
7622.5	2.6954e-16
7625.1	2.7126e-16
7627.6	2.8238e-16
7630.2	2.749e-16
7632.7	2.8934e-16
7635.3	2.5793e-16
7637.8	2.498e-16
7640.4	2.7647e-16
7642.9	2.8707e-16
7645.5	2.9197e-16
7648	2.8134e-16
7650.5	2.8204e-16
7653.1	2.8288e-16
7655.6	2.7141e-16
7658.2	2.7456e-16
7660.7	2.7099e-16
7663.3	2.8993e-16
7665.8	2.8632e-16
7668.4	2.8134e-16
7670.9	2.7808e-16
7673.5	2.7605e-16
7676	2.8524e-16
7678.6	2.8079e-16
7681.1	2.9521e-16
7683.7	2.8759e-16
7686.2	2.9812e-16
7688.8	2.8699e-16
7691.3	3.0051e-16
7693.9	2.9523e-16
7696.4	2.9536e-16
7699	2.9873e-16
7701.5	2.7628e-16
7704.1	3.0734e-16
7706.6	2.9901e-16
7709.2	2.9666e-16
7711.7	2.9164e-16
7714.3	2.7781e-16
7716.8	3.1077e-16
7719.4	3.0343e-16
7721.9	3.3911e-16
7724.4	2.7466e-16
7727	3.0347e-16
7729.5	2.9433e-16
7732.1	2.9995e-16
7734.6	2.938e-16
7737.2	2.8518e-16
7739.7	3.0091e-16
7742.3	2.9092e-16
7744.8	2.8518e-16
7747.4	2.8584e-16
7749.9	2.9157e-16
7752.5	2.8239e-16
7755	2.8989e-16
7757.6	2.9119e-16
7760.1	2.8307e-16
7762.7	3.0419e-16
7765.2	2.9862e-16
7767.8	2.9102e-16
7770.3	2.9161e-16
7772.9	2.763e-16
7775.4	2.9057e-16
7778	3.3543e-16
7780.5	2.8372e-16
7783.1	3.2588e-16
7785.6	2.9743e-16
7788.2	2.8686e-16
7790.7	2.9303e-16
7793.3	3.0647e-16
7795.8	3.1615e-16
7798.3	2.8288e-16
7800.9	2.9317e-16
7803.4	2.881e-16
7806	2.7601e-16
7808.5	2.809e-16
7811.1	2.9697e-16
7813.6	2.9337e-16
7816.2	3.0335e-16
7818.7	3.0731e-16
7821.3	2.8168e-16
7823.8	2.7122e-16
7826.4	3.3286e-16
7828.9	2.8882e-16
7831.5	2.9533e-16
7834	2.9399e-16
7836.6	2.9953e-16
7839.1	2.7872e-16
7841.7	3.1018e-16
7844.2	3.4475e-16
7846.8	2.8426e-16
7849.3	2.9323e-16
7851.9	2.9941e-16
7854.4	2.8843e-16
7857	3.0347e-16
7859.5	3.035e-16
7862.1	2.7471e-16
7864.6	2.8838e-16
7867.2	2.7851e-16
7869.7	2.8705e-16
7872.2	3.0372e-16
7874.8	3.0697e-16
7877.3	3.2775e-16
7879.9	2.7324e-16
7882.4	2.6324e-16
7885	2.7607e-16
7887.5	2.7335e-16
7890.1	2.8661e-16
7892.6	2.7583e-16
7895.2	2.8554e-16
7897.7	3.273e-16
7900.3	2.9509e-16
7902.8	3.0437e-16
7905.4	2.8288e-16
7907.9	3.0301e-16
7910.5	3.2245e-16
7913	3.1765e-16
7915.6	2.6678e-16
7918.1	2.4929e-16
7920.7	2.7095e-16
7923.2	2.7011e-16
7925.8	2.6401e-16
7928.3	2.789e-16
7930.9	2.7718e-16
7933.4	2.6874e-16
7936	2.6293e-16
7938.5	2.7607e-16
7941.1	2.5965e-16
7943.6	2.769e-16
7946.1	2.6619e-16
7948.7	2.7464e-16
7951.2	2.9171e-16
7953.8	3.1763e-16
7956.3	2.9186e-16
7958.9	2.628e-16
7961.4	2.4361e-16
7964	3.0025e-16
7966.5	2.7288e-16
7969.1	2.6498e-16
7971.6	2.6889e-16
7974.2	2.7553e-16
7976.7	2.6913e-16
7979.3	2.5705e-16
7981.8	2.3789e-16
7984.4	2.6692e-16
7986.9	2.5069e-16
7989.5	2.5866e-16
7992	2.6746e-16
7994.6	2.5364e-16
7997.1	2.771e-16
7999.7	2.6218e-16
8002.2	2.9108e-16
8004.8	2.7803e-16
8007.3	2.5351e-16
8009.9	3.2533e-16
8012.4	2.613e-16
8015	2.4439e-16
8017.5	2.3643e-16
8020	2.656e-16
8022.6	2.3469e-16
8025.1	2.9001e-16
8027.7	2.8378e-16
8030.2	2.8055e-16
8032.8	2.7086e-16
8035.3	2.6082e-16
8037.9	2.4736e-16
8040.4	2.7397e-16
8043	2.3651e-16
8045.5	2.3469e-16
8048.1	2.3876e-16
8050.6	2.3028e-16
8053.2	2.2823e-16
8055.7	2.4571e-16
8058.3	2.6716e-16
8060.8	2.4892e-16
8063.4	2.7573e-16
8065.9	2.7734e-16
8068.5	2.2856e-16
8071	2.9327e-16
8073.6	2.6465e-16
8076.1	2.7286e-16
8078.7	2.9745e-16
8081.2	2.6214e-16
8083.8	2.284e-16
8086.3	2.1842e-16
8088.9	2.4952e-16
8091.4	2.678e-16
8093.9	2.2144e-16
8096.5	2.277e-16
8099	2.2029e-16
8101.6	2.2798e-16
8104.1	2.2406e-16
8106.7	2.5187e-16
8109.2	2.9578e-16
8111.8	2.793e-16
8114.3	2.1075e-16
8116.9	2.0064e-16
8119.4	2.3435e-16
8122	3.3553e-16
8124.5	2.8602e-16
8127.1	2.7717e-16
8129.6	1.4232e-16
8132.2	2.3804e-16
8134.7	2.1925e-16
8137.3	2.3661e-16
8139.8	2.5599e-16
8142.4	2.3044e-16
8144.9	2.501e-16
8147.5	2.3178e-16
8150	2.0018e-16
8152.6	2.6622e-16
8155.1	1.9395e-16
8157.7	2.4819e-16
8160.2	2.5569e-16
8162.7	1.8912e-16
8165.3	2.5968e-16
8167.8	2.2294e-16
8170.4	3.9654e-16
8172.9	3.6508e-16
8175.5	5.2464e-17
8178	2.1927e-16
8180.6	3.0562e-16
8183.1	2.132e-16
