2.852390939597315537e+03 4.027865185185185977e-16
2.854913624161074040e+03 4.005195185185185650e-16
2.857436317114093981e+03 4.032190370370371560e-16
2.859959001677852484e+03 4.126068888888889527e-16
2.862481686241610532e+03 4.152504074074075187e-16
2.865004379194630928e+03 4.145071481481482115e-16
2.867527063758389431e+03 4.166509259259259874e-16
2.870049748322147479e+03 4.157170000000000753e-16
2.872572441275167876e+03 4.108982222222222607e-16
2.875095125838926378e+03 4.072328888888890058e-16
2.877617810402684427e+03 3.995844074074074728e-16
2.880140503355704823e+03 3.911828148148149165e-16
2.882663187919463326e+03 3.871494444444445015e-16
2.885185880872483267e+03 3.804261111111111385e-16
2.887708565436241770e+03 3.703574074074074911e-16
2.890231250000000273e+03 3.653888888888889317e-16
2.892753942953020214e+03 3.564964814814815367e-16
2.895276627516778717e+03 3.475454814814814431e-16
2.897799312080536765e+03 3.416706296296297294e-16
2.900322005033557161e+03 3.359792592592592389e-16
2.902844689597315664e+03 3.342138518518519201e-16
2.905367374161073712e+03 3.333492592592592829e-16
2.907890067114094109e+03 3.337818148148148442e-16
2.910412751677852611e+03 3.304510370370371438e-16
2.912935436241610660e+03 3.279397407407407919e-16
2.915458129194631056e+03 3.343374444444445024e-16
2.917980813758389559e+03 3.393441111111111840e-16
2.920503498322147607e+03 3.396155555555555845e-16
2.923026191275168003e+03 3.410181851851852444e-16
2.925548875838926506e+03 3.392451481481481631e-16
2.928071560402685009e+03 3.341352592592593710e-16
2.930594253355704495e+03 3.287581851851852187e-16
2.933116937919462998e+03 3.241192962962963312e-16
2.935639622483221956e+03 3.179758888888888651e-16
2.938162315436241443e+03 3.151842962962963645e-16
2.940684999999999945e+03 3.154135555555556204e-16
2.943207684563758448e+03 3.124004074074074351e-16
2.945730377516778844e+03 3.133738518518519108e-16
2.948253062080536893e+03 3.144661111111111474e-16
2.950775755033557289e+03 3.134265555555555646e-16
2.953298439597315792e+03 3.174195925925926603e-16
2.955821124161073840e+03 3.185514074074074634e-16
2.958343817114094236e+03 3.196890370370371082e-16
2.960866501677852739e+03 3.228857037037037663e-16
2.963389186241610787e+03 3.231129629629630372e-16
2.965911879194630728e+03 3.206718148148148146e-16
2.968434563758389231e+03 3.200516296296297029e-16
2.970957248322147734e+03 3.194783333333333047e-16
2.973479941275167675e+03 3.170669629629630371e-16
2.976002625838926178e+03 3.125681481481481933e-16
2.978525310402684681e+03 3.078575555555556214e-16
2.981048003355704623e+03 3.043893333333333567e-16
2.983570687919463126e+03 3.008028518518518195e-16
2.986093372483221628e+03 2.964170740740741444e-16
2.988616065436242025e+03 2.938580740740740766e-16
2.991138750000000073e+03 2.921674814814815518e-16
2.993661434563758576e+03 2.914181851851851879e-16
2.996184127516778972e+03 2.898989259259260136e-16
2.998706812080537020e+03 2.882407407407407260e-16
3.001229496644295523e+03 2.862243333333333860e-16
3.003752189597315464e+03 2.845345185185186140e-16
3.006274874161073967e+03 2.825145925925926877e-16
3.008797567114093908e+03 2.799750000000000776e-16
3.011320251677852411e+03 2.770115555555555931e-16
3.013842936241610914e+03 2.745674444444444699e-16
3.016365629194630856e+03 2.713882222222222381e-16
3.018888313758389359e+03 2.673571481481482264e-16
3.021410998322147861e+03 2.633125925925926569e-16
3.023933691275167803e+03 2.612720370370370900e-16
3.026456375838926306e+03 2.577841111111111466e-16
3.028979060402684809e+03 2.545924814814815280e-16
3.031501753355705205e+03 2.529892962962963468e-16
3.034024437919463253e+03 2.511391851851852191e-16
3.036547122483221756e+03 2.459339259259259490e-16
3.039069815436241697e+03 2.394734074074074532e-16
3.041592499999999745e+03 2.359670000000000634e-16
3.044115184563758703e+03 2.318846666666667466e-16
3.046637877516778644e+03 2.284822592592593186e-16
3.049160562080537147e+03 2.271197407407407629e-16
3.051683246644295195e+03 2.266661481481481831e-16
3.054205939597315592e+03 2.243188888888888896e-16
3.056728624161074094e+03 2.190890370370370364e-16
3.059251308724832143e+03 2.136907037037037245e-16
3.061774001677852539e+03 2.097214814814814838e-16
3.064296686241611042e+03 2.061194814814814747e-16
3.066819379194630983e+03 2.012500740740740960e-16
3.069342063758389486e+03 1.963851851851851975e-16
3.071864748322147989e+03 1.951812592592592829e-16
3.074387441275167930e+03 1.952870740740741163e-16
3.076910125838925978e+03 1.939052222222222815e-16
3.079432810402684936e+03 1.908764814814814951e-16
3.081955503355704877e+03 1.865110370370370670e-16
3.084478187919462925e+03 1.824786296296296415e-16
3.087000872483221428e+03 1.811163333333333502e-16
3.089523565436241825e+03 1.804840740740741004e-16
3.092046249999999873e+03 1.805227407407407819e-16
3.094568934563758376e+03 1.809550000000000236e-16
3.097091627516778772e+03 1.811450370370370602e-16
3.099614312080537275e+03 1.815281481481481633e-16
3.102136996644295323e+03 1.795231111111111406e-16
3.104659689597315719e+03 1.776610740740740839e-16
3.107182374161074222e+03 1.777060740740740925e-16
3.109705058724832270e+03 1.782651481481481584e-16
3.112227751677852211e+03 1.795369259259259224e-16
3.114750436241611169e+03 1.797665555555556025e-16
3.117273120805369217e+03 1.795537407407407557e-16
3.119795813758389158e+03 1.779166666666666899e-16
3.122318498322147661e+03 1.762551111111111238e-16
3.124841182885906164e+03 1.772756666666666761e-16
3.127363875838926106e+03 1.807248518518518581e-16
3.129886560402684609e+03 1.839992592592592818e-16
3.132409253355705005e+03 1.862182962962963313e-16
3.134931937919463053e+03 1.881781851851852349e-16
3.137454622483221556e+03 1.899042222222222733e-16
3.139977315436241952e+03 1.905139259259259773e-16
3.142500000000000455e+03 1.903144074074074516e-16
3.145022684563758503e+03 1.908690370370370680e-16
3.147545377516778444e+03 1.918830740740741057e-16
3.150068062080537402e+03 1.935632962962963304e-16
3.152590746644295450e+03 1.959692592592592821e-16
3.155113439597315391e+03 1.987955555555555711e-16
3.157636124161073894e+03 1.996684444444444435e-16
3.160158808724832397e+03 1.977832962962963280e-16
3.162681501677852339e+03 1.960379259259259612e-16
3.165204186241610842e+03 1.954361481481481667e-16
3.167726870805369344e+03 1.940809629629630045e-16
3.170249563758389286e+03 1.945675555555555841e-16
3.172772248322147789e+03 1.954085185185185537e-16
3.175294932885906292e+03 1.965579629629629953e-16
3.177817625838926233e+03 1.969252222222222053e-16
3.180340310402684736e+03 1.965751851851852312e-16
3.182862994966443239e+03 1.958501481481481770e-16
3.185385687919463635e+03 1.955883333333333515e-16
3.187908372483221683e+03 1.961828148148148294e-16
3.190431065436241624e+03 1.975589629629629794e-16
3.192953750000000127e+03 1.987648888888889037e-16
3.195476434563758175e+03 1.984810740740740948e-16
3.197999127516778572e+03 1.968156666666666445e-16
3.200521812080537075e+03 1.953312592592592952e-16
3.203044496644295577e+03 1.935050000000000007e-16
3.205567189597315519e+03 1.924054444444444722e-16
3.208089874161074022e+03 1.928893333333333445e-16
3.210612558724832525e+03 1.927058148148148224e-16
3.213135251677852466e+03 1.903280000000000183e-16
3.215657936241610969e+03 1.881863703703703872e-16
3.218180620805369472e+03 1.879124814814815222e-16
3.220703313758389413e+03 1.882175555555555401e-16
3.223225998322147916e+03 1.860409259259259488e-16
3.225748682885906419e+03 1.843967407407407784e-16
3.228271375838926360e+03 1.840136666666667029e-16
3.230794060402684408e+03 1.833897037037037129e-16
3.233316744966442911e+03 1.832187037037037344e-16
3.235839437919463307e+03 1.830409259259259494e-16
3.238362122483221356e+03 1.828650740740741188e-16
3.240884807046979859e+03 1.826161481481481625e-16
3.243407500000000255e+03 1.812514444444444836e-16
3.245930184563758303e+03 1.796372962962963384e-16
3.248452869127516806e+03 1.790804814814815002e-16
3.250975562080537202e+03 1.789415925925926365e-16
3.253498246644295705e+03 1.788818888888889117e-16
3.256020939597315191e+03 1.788836666666667064e-16
3.258543624161074149e+03 1.789789259259259289e-16
3.261066308724832652e+03 1.783029259259259304e-16
3.263589001677852593e+03 1.771023333333333406e-16
3.266111686241610641e+03 1.772848518518518948e-16
3.268634370805369144e+03 1.782262962962963141e-16
3.271157063758389540e+03 1.798038518518518673e-16
3.273679748322147589e+03 1.803398518518518528e-16
3.276202432885906092e+03 1.794781481481481596e-16
3.278725125838926488e+03 1.793837777777778220e-16
3.281247810402684536e+03 1.801056296296296619e-16
3.283770494966443039e+03 1.803134444444444968e-16
3.286293187919463435e+03 1.803444074074074099e-16
3.288815872483221483e+03 1.804082222222222369e-16
3.291338557046979986e+03 1.806842962962962990e-16
3.293861250000000382e+03 1.808301851851852337e-16
3.296383934563758885e+03 1.816053333333333666e-16
3.298906619127516933e+03 1.828597407407407842e-16
3.301429312080536874e+03 1.823395555555555903e-16
3.303951996644295377e+03 1.818080740740740850e-16
3.306474681208053880e+03 1.821806296296296759e-16
3.308997374161073822e+03 1.821434074074074417e-16
3.311520058724832325e+03 1.831658518518518715e-16
3.314042751677852721e+03 1.851168888888889036e-16
3.316565436241610769e+03 1.867203333333333768e-16
3.319088120805369272e+03 1.884174814814814683e-16
3.321610813758389668e+03 1.896348148148148362e-16
3.324133498322147716e+03 1.901298888888888876e-16
3.326656182885906219e+03 1.906002592592592978e-16
3.329178875838926615e+03 1.918307037037037253e-16
3.331701560402684663e+03 1.935751851851852317e-16
3.334224244966443166e+03 1.949228888888889144e-16
3.336746937919463107e+03 1.961900740740740937e-16
3.339269622483221610e+03 1.964691111111111304e-16
3.341792307046980113e+03 1.966140740740741031e-16
3.344315000000000055e+03 1.969040740740740793e-16
3.346837684563758557e+03 1.976035185185185579e-16
3.349360369127516606e+03 1.993518888888889022e-16
3.351883062080537002e+03 2.012276666666667101e-16
3.354405746644295505e+03 2.026167777777778093e-16
3.356928431208054008e+03 2.032606666666666931e-16
3.359451124161073949e+03 2.033662222222222591e-16
3.361973808724832452e+03 2.041973703703703924e-16
3.364496493288590955e+03 2.057054814814814891e-16
3.367019186241610896e+03 2.067948148148148281e-16
3.369541870805369399e+03 2.081817407407407301e-16
3.372064555369127902e+03 2.095085185185185511e-16
3.374587248322147843e+03 2.103934814814814876e-16
3.377109932885906346e+03 2.111198518518519062e-16
3.379632625838926288e+03 2.116415185185185505e-16
3.382155310402684790e+03 2.126519259259259685e-16
3.384677994966442839e+03 2.132648888888889175e-16
3.387200687919463235e+03 2.131568518518519086e-16
3.389723372483221738e+03 2.130273333333333524e-16
3.392246057046979786e+03 2.132228148148148311e-16
3.394768750000000182e+03 2.142621851851851772e-16
3.397291434563758685e+03 2.161560000000000507e-16
3.399814119127516733e+03 2.175168148148148670e-16
3.402336812080537129e+03 2.176204814814815309e-16
3.404859496644295632e+03 2.176561851851852132e-16
3.407382181208054135e+03 2.182076666666667415e-16
3.409904874161073622e+03 2.192627407407407468e-16
3.412427558724832124e+03 2.206880740740741123e-16
3.414950243288591082e+03 2.210651481481481834e-16
3.417472936241611023e+03 2.213178518518518947e-16
3.419995620805369072e+03 2.214034074074074377e-16
3.422518305369127575e+03 2.205439629629629969e-16
3.425040998322147971e+03 2.203670000000000662e-16
3.427563682885906019e+03 2.221432962962963185e-16
3.430086367449664522e+03 2.232753703703704383e-16
3.432609060402684918e+03 2.231904074074074606e-16
3.435131744966442966e+03 2.239408518518519030e-16
3.437654437919462907e+03 2.243435555555556019e-16
3.440177122483221865e+03 2.238157037037037165e-16
3.442699807046979913e+03 2.239302592592592892e-16
3.445222499999999854e+03 2.241720740740740916e-16
3.447745184563758812e+03 2.234096666666666927e-16
3.450267869127516860e+03 2.225607777777778135e-16
3.452790562080536802e+03 2.229352222222222572e-16
3.455313246644295759e+03 2.234572962962963533e-16
3.457835931208053807e+03 2.230029259259259714e-16
3.460358624161073749e+03 2.225383703703704029e-16
3.462881308724832707e+03 2.214047407407407528e-16
3.465403993288590755e+03 2.192874444444444868e-16
3.467926686241611151e+03 2.177329629629629893e-16
3.470449370805368744e+03 2.178010000000000508e-16
3.472972055369127702e+03 2.183453703703704006e-16
3.475494748322148098e+03 2.183069259259259588e-16
3.478017432885905691e+03 2.173384814814814949e-16
3.480540117449664649e+03 2.166378148148148580e-16
3.483062810402685045e+03 2.167533703703703986e-16
3.485585494966443093e+03 2.166027407407407687e-16
3.488108179530201596e+03 2.167133333333333743e-16
3.490630872483221992e+03 2.167576296296296854e-16
3.493153557046980040e+03 2.162982592592593162e-16
3.495676249999999982e+03 2.153503703703704131e-16
3.498198934563758939e+03 2.145202222222222477e-16
3.500721619127516988e+03 2.135127037037037490e-16
3.503244312080536929e+03 2.120040740740741176e-16
3.505766996644294977e+03 2.117120740740741317e-16
3.508289681208053935e+03 2.117682962962963225e-16
3.510812374161074331e+03 2.106761481481481934e-16
3.513335058724831924e+03 2.097130000000000612e-16
3.515857743288590882e+03 2.090314444444444883e-16
3.518380436241611278e+03 2.086540370370370700e-16
3.520903120805368872e+03 2.076698518518518946e-16
3.523425805369127829e+03 2.064439259259259473e-16
3.525948498322148225e+03 2.063002222222222590e-16
3.528471182885906273e+03 2.064544444444444812e-16
3.530993867449664776e+03 2.066107037037037160e-16
3.533516560402685172e+03 2.074084074074074440e-16
3.536039244966443221e+03 2.078519259259259693e-16
3.538561929530201724e+03 2.072611111111111143e-16
3.541084622483221210e+03 2.058561111111111190e-16
3.543607307046980168e+03 2.047504444444444539e-16
3.546129991610738671e+03 2.042399629629629888e-16
3.548652684563758157e+03 2.036107407407407688e-16
3.551175369127517115e+03 2.030675185185185467e-16
3.553698053691275163e+03 2.021484814814815380e-16
3.556220746644295104e+03 2.011429259259259475e-16
3.558743431208054062e+03 2.011514444444445210e-16
3.561266124161074458e+03 2.009588888888888906e-16
3.563788808724832052e+03 2.000450000000000537e-16
3.566311493288591009e+03 1.987074814814815083e-16
3.568834186241611405e+03 1.972082222222222584e-16
3.571356870805369454e+03 1.956867777777777884e-16
3.573879555369127957e+03 1.938886296296296632e-16
3.576402248322147443e+03 1.927502222222222410e-16
3.578924932885906401e+03 1.924481481481482008e-16
3.581447617449664904e+03 1.922263703703703750e-16
3.583970310402684390e+03 1.919177407407407433e-16
3.586492994966443348e+03 1.914542592592592718e-16
3.589015679530201396e+03 1.908613333333333488e-16
3.591538372483221337e+03 1.902412962962963229e-16
3.594061057046980295e+03 1.894230740740741111e-16
3.596583741610738343e+03 1.889062592592592943e-16
3.599106434563758285e+03 1.885726666666666800e-16
3.601629119127517242e+03 1.876842962962962895e-16
3.604151803691275290e+03 1.860909259259259200e-16
3.606674496644295232e+03 1.841057407407407358e-16
3.609197181208054189e+03 1.829924814814815084e-16
3.611719865771812238e+03 1.826460740740740801e-16
3.614242558724832179e+03 1.821910370370370530e-16
3.616765243288591137e+03 1.813765925925925962e-16
3.619287936241610623e+03 1.806436296296296570e-16
3.621810620805369581e+03 1.800920000000000182e-16
3.624333305369127174e+03 1.797207037037037365e-16
3.626855998322147570e+03 1.784582222222222496e-16
3.629378682885906528e+03 1.770423333333333455e-16
3.631901367449664122e+03 1.757552222222222479e-16
3.634424060402684518e+03 1.746533333333333623e-16
3.636946744966443475e+03 1.743451851851851884e-16
3.639469429530201523e+03 1.744479629629629673e-16
3.641992122483221465e+03 1.744557407407407664e-16
3.644514807046980422e+03 1.740822222222222353e-16
3.647037491610738471e+03 1.734895185185185273e-16
3.649560184563758412e+03 1.726464074074074128e-16
3.652082869127516460e+03 1.720807407407407771e-16
3.654605553691275418e+03 1.711454814814815005e-16
3.657128246644295359e+03 1.703013333333333658e-16
3.659650931208053407e+03 1.699150740740741006e-16
3.662173615771812365e+03 1.694233703703704263e-16
3.664696308724832761e+03 1.683829629629629861e-16
3.667218993288590354e+03 1.672521481481481509e-16
3.669741677852349312e+03 1.665753333333333472e-16
3.672264370805369708e+03 1.666874444444444554e-16
3.674787055369127302e+03 1.674542222222222486e-16
3.677309739932886259e+03 1.679001481481481862e-16
3.679832432885906655e+03 1.675577037037037251e-16
3.682355117449664704e+03 1.672186296296296657e-16
3.684877810402684645e+03 1.669432962962963287e-16
3.687400494966442693e+03 1.664829629629629700e-16
3.689923179530201651e+03 1.662475555555555992e-16
3.692445872483221592e+03 1.663657777777778193e-16
3.694968557046979640e+03 1.665868888888889259e-16
3.697491241610738598e+03 1.669748888888889088e-16
3.700013934563758539e+03 1.676686666666666809e-16
3.702536619127516587e+03 1.685922592592592960e-16
3.705059303691275545e+03 1.696295925925926293e-16
3.707581996644295941e+03 1.700759259259259201e-16
3.710104681208053535e+03 1.697109629629629902e-16
3.712627365771812492e+03 1.693295185185185741e-16
3.715150058724832888e+03 1.691603333333333932e-16
3.717672743288590482e+03 1.692152222222222688e-16
3.720195427852349439e+03 1.697163703703704046e-16
3.722718120805368926e+03 1.706247037037037412e-16
3.725240805369127884e+03 1.712721851851852172e-16
3.727763489932886387e+03 1.714435185185185183e-16
3.730286182885905873e+03 1.712976666666667099e-16
3.732808867449664831e+03 1.710540000000000329e-16
3.735331552013422424e+03 1.711747407407407728e-16
3.737854244966442820e+03 1.713478518518518932e-16
3.740376929530201778e+03 1.712316666666667104e-16
3.742899622483221719e+03 1.711351111111111510e-16
3.745422307046979768e+03 1.711591481481481717e-16
3.747944991610738725e+03 1.715668888888889102e-16
3.750467684563758667e+03 1.720276296296296468e-16
3.752990369127516715e+03 1.721775925925926068e-16
3.755513053691275672e+03 1.719125925925926163e-16
3.758035746644295159e+03 1.712824444444444837e-16
3.760558431208053662e+03 1.700104444444445047e-16
3.763081115771812620e+03 1.690292222222222299e-16
3.765603808724832106e+03 1.684620000000000146e-16
3.768126493288590609e+03 1.678770370370370535e-16
3.770649177852348657e+03 1.669013703703704022e-16
3.773171870805369053e+03 1.651922222222222525e-16
3.775694555369128011e+03 1.642917037037037180e-16
3.778217239932885605e+03 1.643739259259259361e-16
3.780739932885906001e+03 1.640329259259259470e-16
3.783262617449664958e+03 1.631959999999999997e-16
3.785785302013422552e+03 1.625284074074074424e-16
3.788307994966442948e+03 1.619323703703703604e-16
3.790830679530201905e+03 1.608988518518518836e-16
3.793353364093959954e+03 1.596917407407407547e-16
3.795876057046979895e+03 1.589752962962963292e-16
3.798398741610738853e+03 1.585033333333333612e-16
3.800921426174496901e+03 1.582018518518518617e-16
3.803444119127516842e+03 1.577968518518518334e-16
3.805966803691274890e+03 1.567928518518518963e-16
3.808489496644295286e+03 1.558658518518518765e-16
3.811012181208053789e+03 1.550163333333333797e-16
3.813534865771811837e+03 1.542491851851852116e-16
3.816057558724832234e+03 1.537101481481481963e-16
3.818580243288591191e+03 1.529147037037037206e-16
3.821102927852348785e+03 1.521656296296296457e-16
3.823625620805369181e+03 1.518118888888888979e-16
3.826148305369128138e+03 1.515001111111111288e-16
3.828670989932885732e+03 1.510235185185185238e-16
3.831193682885906128e+03 1.504834074074074114e-16
3.833716367449665086e+03 1.501952222222222329e-16
3.836239052013423134e+03 1.497642222222222511e-16
3.838761744966443075e+03 1.493577407407407725e-16
3.841284429530201123e+03 1.495295185185185285e-16
3.843807114093960081e+03 1.494681851851852183e-16
3.846329807046980022e+03 1.490818888888889255e-16
3.848852491610738070e+03 1.486911851851852108e-16
3.851375176174497028e+03 1.485158888888889179e-16
3.853897869127516969e+03 1.485859259259259397e-16
3.856420553691275018e+03 1.486516296296296442e-16
3.858943238255033975e+03 1.486414074074074300e-16
3.861465931208054371e+03 1.485673333333333611e-16
3.863988615771811965e+03 1.485601851851852290e-16
3.866511308724832361e+03 1.487482222222222312e-16
3.869033993288591319e+03 1.488803703703703654e-16
3.871556677852348912e+03 1.487107037037037020e-16
3.874079370805369308e+03 1.484109259259259418e-16
3.876602055369127356e+03 1.480486296296296421e-16
3.879124739932886314e+03 1.475962222222222423e-16
3.881647432885906255e+03 1.472187037037036918e-16
3.884170117449664303e+03 1.468406296296296775e-16
3.886692802013423261e+03 1.466059629629629579e-16
3.889215494966443202e+03 1.465050000000000259e-16
3.891738179530201251e+03 1.464315185185185470e-16
3.894260864093960208e+03 1.464707407407407909e-16
3.896783557046980150e+03 1.470784074074074576e-16
3.899306241610738198e+03 1.479170740740741226e-16
3.901828926174497155e+03 1.482235555555555601e-16
3.904351619127517097e+03 1.483737037037037076e-16
3.906874303691275145e+03 1.484771111111111288e-16
3.909396988255034103e+03 1.480252592592592913e-16
3.911919681208053589e+03 1.474986296296296628e-16
3.914442365771812092e+03 1.473394444444444810e-16
3.916965050335571050e+03 1.474221481481481570e-16
3.919487743288590536e+03 1.472999629629629944e-16
3.922010427852349039e+03 1.467310000000000368e-16
3.924533120805369435e+03 1.458208518518518780e-16
3.927055805369127484e+03 1.454309629629629930e-16
3.929578489932886441e+03 1.457405185185185620e-16
3.932101182885906383e+03 1.457401111111111101e-16
3.934623867449664431e+03 1.455712962962963041e-16
3.937146552013423388e+03 1.453368518518518488e-16
3.939669244966443330e+03 1.451033703703703585e-16
3.942191929530201378e+03 1.451738888888889121e-16
3.944714614093960336e+03 1.456668888888889232e-16
3.947237307046979822e+03 1.461627037037037245e-16
3.949759991610738325e+03 1.460227777777777913e-16
3.952282676174497283e+03 1.454595555555555955e-16
3.954805369127516769e+03 1.449726296296296440e-16
3.957328053691275272e+03 1.445962222222222429e-16
3.959850738255033320e+03 1.443288518518518678e-16
3.962373431208053717e+03 1.442350370370370432e-16
3.964896115771812219e+03 1.440334444444444525e-16
3.967418800335570268e+03 1.437090740740740846e-16
3.969941493288590664e+03 1.433308148148148089e-16
3.972464177852349621e+03 1.429054444444444813e-16
3.974986862416107215e+03 1.425600740740740979e-16
3.977509555369127611e+03 1.426522592592592630e-16
3.980032239932886569e+03 1.426358888888889091e-16
3.982554924496644162e+03 1.425345185185185253e-16
3.985077617449664558e+03 1.424362962962963034e-16
3.987600302013422606e+03 1.419711851851851972e-16
3.990122994966443002e+03 1.414492962962963132e-16
3.992645679530201505e+03 1.413516296296296291e-16
3.995168364093959553e+03 1.413720000000000024e-16
3.997691057046979950e+03 1.409491851851852222e-16
4.000213741610738452e+03 1.403230000000000321e-16
4.002736426174496501e+03 1.397732592592592708e-16
4.005259119127516897e+03 1.394010000000000242e-16
4.007781803691275400e+03 1.390256666666666709e-16
4.010304488255033448e+03 1.386847777777777892e-16
4.012827181208053844e+03 1.382902962962963195e-16
4.015349865771812347e+03 1.378925925925926325e-16
4.017872550335570395e+03 1.376955185185185466e-16
4.020395243288590791e+03 1.375884074074074503e-16
4.022917927852348839e+03 1.377143333333333403e-16
4.025440612416107342e+03 1.380309629629629862e-16
4.027963305369127738e+03 1.379316666666666673e-16
4.030485989932885786e+03 1.373648518518518792e-16
4.033008674496644289e+03 1.367295555555555749e-16
4.035531367449664685e+03 1.363783333333333468e-16
4.038054052013422734e+03 1.361000370370370599e-16
4.040576736577181691e+03 1.358118888888889090e-16
4.043099429530201633e+03 1.355082962962962922e-16
4.045622114093959681e+03 1.354099259259259353e-16
4.048144807046980077e+03 1.354147037037037321e-16
4.050667491610738580e+03 1.346270740740740832e-16
4.053190176174496628e+03 1.337376666666666971e-16
4.055712869127517024e+03 1.337514074074074483e-16
4.058235553691275072e+03 1.340736666666666990e-16
4.060758238255033575e+03 1.339781851851852368e-16
4.063280931208053971e+03 1.335337037037037218e-16
4.065803615771812019e+03 1.332174074074074233e-16
4.068326300335570522e+03 1.331402592592592969e-16
4.070848993288590918e+03 1.331348148148148302e-16
4.073371677852348967e+03 1.329962222222222614e-16
4.075894362416107469e+03 1.328492962962963066e-16
4.078417055369127866e+03 1.325163333333333592e-16
4.080939739932885914e+03 1.317466666666666959e-16
4.083462424496644871e+03 1.310669629629629483e-16
4.085985117449664813e+03 1.305538888888889082e-16
4.088507802013422861e+03 1.300469629629629830e-16
4.091030486577181819e+03 1.293682222222222496e-16
4.093553179530201305e+03 1.285130000000000187e-16
4.096075864093960263e+03 1.280984074074074184e-16
4.098598548657718311e+03 1.284528518518518638e-16
4.101121241610738252e+03 1.284981851851852197e-16
4.103643926174497210e+03 1.278087407407407649e-16
4.106166610738255258e+03 1.271074074074074335e-16
4.108689303691275200e+03 1.265318518518518568e-16
4.111211988255034157e+03 1.260601111111111286e-16
4.113734681208054099e+03 1.253656296296296589e-16
4.116257365771812147e+03 1.246356296296296697e-16
4.118780050335571104e+03 1.239909999999999868e-16
4.121302743288591046e+03 1.232678518518518594e-16
4.123825427852349094e+03 1.226585185185185302e-16
4.126348112416108052e+03 1.222428888888889098e-16
4.128870805369127083e+03 1.216426666666666702e-16
4.131393489932886041e+03 1.208122592592592621e-16
4.133916174496644999e+03 1.201247407407407617e-16
4.136438867449664031e+03 1.193527037037037139e-16
4.138961552013422988e+03 1.182905185185185301e-16
4.141484236577181036e+03 1.173645185185185274e-16
4.144006929530200978e+03 1.165425925925926159e-16
4.146529614093959935e+03 1.158317037037037154e-16
4.149052298657717984e+03 1.154845185185185344e-16
4.151574991610737925e+03 1.153195555555555879e-16
4.154097676174496883e+03 1.148417777777778029e-16
4.156620360738254931e+03 1.142908148148148340e-16
4.159143053691274872e+03 1.138685185185185393e-16
4.161665738255033830e+03 1.133412222222222408e-16
4.164188422818791878e+03 1.126055185185185422e-16
4.166711115771811819e+03 1.115985555555555566e-16
4.169233800335570777e+03 1.107553333333333592e-16
4.171756493288590718e+03 1.102288148148148382e-16
4.174279177852349676e+03 1.097059259259259371e-16
4.176801862416106815e+03 1.090004814814815033e-16
4.179324555369127665e+03 1.082468888888888989e-16
4.181847239932886623e+03 1.076945925925926026e-16
4.184369924496643762e+03 1.072262222222222391e-16
4.186892617449664613e+03 1.069790740740741021e-16
4.189415302013423570e+03 1.070484074074074141e-16
4.191937986577181618e+03 1.070630740740740902e-16
4.194460679530201560e+03 1.067457037037037069e-16
4.196983364093960517e+03 1.065379259259259367e-16
4.199506048657718566e+03 1.064083703703703775e-16
4.202028741610738507e+03 1.060570370370370542e-16
4.204551426174497465e+03 1.057683703703703809e-16
4.207074110738255513e+03 1.056444851851852039e-16
4.209596803691275454e+03 1.053407370370370637e-16
4.212119488255033502e+03 1.051357481481481568e-16
4.214642172818792460e+03 1.050900444444444507e-16
4.217164865771812401e+03 1.047687851851852048e-16
4.219687550335570450e+03 1.044271925925926133e-16
4.222210234899329407e+03 1.045456740740740885e-16
4.224732927852349349e+03 1.045716000000000237e-16
4.227255612416107397e+03 1.043069333333333435e-16
4.229778296979866354e+03 1.042867111111111178e-16
4.232300989932886296e+03 1.043217481481481548e-16
4.234823674496644344e+03 1.043035629629629664e-16
4.237346367449664285e+03 1.043748962962963004e-16
4.239869052013423243e+03 1.045549333333333379e-16
4.242391736577181291e+03 1.046884518518518764e-16
4.244914429530201232e+03 1.048373037037037241e-16
4.247437114093959281e+03 1.051262666666666677e-16
4.249959798657718238e+03 1.053956370370370525e-16
4.252482491610738180e+03 1.055266370370370467e-16
4.255005176174496228e+03 1.058654518518518633e-16
4.257527860738255185e+03 1.062469333333333440e-16
4.260050553691275127e+03 1.065240444444444632e-16
4.262573238255033175e+03 1.067586000000000137e-16
4.265095922818792133e+03 1.068199703703703885e-16
4.267618615771812983e+03 1.072636740740740890e-16
4.270141300335570122e+03 1.080728222222222142e-16
4.272663984899329080e+03 1.088411925925925900e-16
4.275186677852349931e+03 1.096363740740740856e-16
4.277709362416107069e+03 1.104634555555555695e-16
4.280232046979866027e+03 1.110561851851851919e-16
4.282754739932885968e+03 1.117702592592592820e-16
4.285277424496644926e+03 1.127436296296296532e-16
4.287800109060402974e+03 1.132129629629629939e-16
4.290322802013422915e+03 1.135022962962963001e-16
4.292845486577181873e+03 1.142055925925926136e-16
4.295368179530201814e+03 1.151968148148148383e-16
4.297890864093959863e+03 1.161624444444444627e-16
4.300413548657718820e+03 1.170611481481481750e-16
4.302936241610738762e+03 1.178867407407407587e-16
4.305458926174496810e+03 1.187552222222222338e-16
4.307981610738255768e+03 1.194429259259259708e-16
4.310504303691275709e+03 1.201654444444444806e-16
4.313026988255033757e+03 1.210512962962963267e-16
4.315549672818792715e+03 1.219904444444444659e-16
4.318072365771811747e+03 1.228629629629629880e-16
4.320595050335570704e+03 1.237131851851852070e-16
4.323117734899328752e+03 1.244172222222222457e-16
4.325640427852348694e+03 1.253168518518518706e-16
4.328163112416107651e+03 1.261477037037037089e-16
4.330685796979865700e+03 1.269319629629630054e-16
4.333208489932885641e+03 1.278998148148148299e-16
4.335731174496644599e+03 1.285930740740740920e-16
4.338253859060402647e+03 1.291028518518518596e-16
4.340776552013422588e+03 1.296666666666666947e-16
4.343299236577181546e+03 1.301534074074074094e-16
4.345821921140939594e+03 1.307882962962963112e-16
4.348344614093959535e+03 1.318336666666666863e-16
4.350867298657718493e+03 1.327284814814814868e-16
4.353389991610738434e+03 1.332024074074074369e-16
4.355912676174496482e+03 1.338006296296296175e-16
4.358435360738254531e+03 1.344338518518518569e-16
4.360958053691275381e+03 1.347094074074074335e-16
4.363480738255033430e+03 1.347878888888888997e-16
4.366003422818791478e+03 1.349323703703703900e-16
4.368526115771812329e+03 1.350072592592592640e-16
4.371048800335571286e+03 1.350098148148148360e-16
4.373571484899328425e+03 1.349785185185185263e-16
4.376094177852349276e+03 1.351811851851852141e-16
4.378616862416108233e+03 1.355048518518518845e-16
4.381139546979865372e+03 1.357319629629630202e-16
4.383662239932886223e+03 1.357832592592593036e-16
4.386184924496645181e+03 1.358320000000000149e-16
4.388707609060403229e+03 1.359021111111110921e-16
4.391230302013423170e+03 1.359317777777777670e-16
4.393752986577181218e+03 1.356345925925926064e-16
4.396275671140940176e+03 1.351603333333333584e-16
4.398798364093960117e+03 1.346851481481481731e-16
4.401321048657718165e+03 1.342876666666667011e-16
4.403843733221477123e+03 1.341167777777778302e-16
4.406366426174497064e+03 1.339868518518518715e-16
4.408889110738255113e+03 1.337103703703703822e-16
4.411411795302014070e+03 1.333487037037037248e-16
4.413934488255034012e+03 1.327761111111111227e-16
4.416457172818792060e+03 1.319653333333333627e-16
4.418979865771812001e+03 1.311638518518518550e-16
4.421502550335570959e+03 1.305352592592592773e-16
4.424025234899329007e+03 1.301240370370370295e-16
4.426547927852348948e+03 1.297071851851852015e-16
4.429070612416106997e+03 1.292409259259259429e-16
4.431593296979865954e+03 1.288274814814814950e-16
4.434115989932885896e+03 1.282910370370370547e-16
4.436638674496643944e+03 1.277498148148148176e-16
4.439161359060402901e+03 1.274229629629629822e-16
4.441684052013422843e+03 1.272771851851852044e-16
4.444206736577180891e+03 1.269624444444444854e-16
4.446729421140939849e+03 1.264007037037037152e-16
4.449252114093959790e+03 1.258500370370370659e-16
4.451774798657717838e+03 1.252329629629629654e-16
4.454297483221476796e+03 1.246097407407407745e-16
4.456820176174496737e+03 1.241017777777777798e-16
4.459342860738254785e+03 1.235317407407407745e-16
4.461865545302013743e+03 1.227582592592593040e-16
4.464388238255033684e+03 1.219588888888889135e-16
4.466910922818791732e+03 1.212444444444444731e-16
4.469433607382550690e+03 1.205288518518518804e-16
4.471956300335570631e+03 1.197628518518518646e-16
4.474478984899328680e+03 1.189623703703703741e-16
4.477001677852349530e+03 1.182521481481481682e-16
4.479524362416107579e+03 1.175769259259259470e-16
4.482047046979866536e+03 1.170414074074074194e-16
4.484569739932886478e+03 1.165243333333333352e-16
4.487092424496644526e+03 1.158877037037036911e-16
4.489615109060403483e+03 1.152628888888889177e-16
4.492137802013423425e+03 1.144461851851852085e-16
4.494660486577181473e+03 1.136337777777777890e-16
4.497183171140940431e+03 1.131579629629629614e-16
4.499705864093959462e+03 1.127185555555555630e-16
4.502228548657718420e+03 1.121973333333333489e-16
4.504751233221477378e+03 1.116084814814815006e-16
4.507273926174496410e+03 1.109065555555555668e-16
4.509796610738255367e+03 1.100668518518518817e-16
4.512319295302013415e+03 1.092438518518518607e-16
4.514841988255033357e+03 1.085978518518518597e-16
4.517364672818792315e+03 1.079336666666666702e-16
4.519887357382550363e+03 1.073346370370370481e-16
4.522410050335570304e+03 1.067785259259259445e-16
4.524932734899329262e+03 1.061442666666666973e-16
4.527455419463087310e+03 1.054877185185185476e-16
4.529978112416107251e+03 1.049896037037037290e-16
4.532500796979866209e+03 1.047999740740740949e-16
4.535023481543624257e+03 1.047591962962963085e-16
4.537546174496644198e+03 1.045235666666667102e-16
4.540068859060403156e+03 1.041118703703703929e-16
4.542591552013423097e+03 1.036837111111111280e-16
4.545114236577181146e+03 1.031227888888889002e-16
4.547636921140939194e+03 1.027659370370370425e-16
4.550159614093960045e+03 1.026215666666666844e-16
4.552682298657718093e+03 1.024947148148148325e-16
4.555204983221476141e+03 1.021599333333333379e-16
4.557727676174496992e+03 1.016742740740740962e-16
4.560250360738255040e+03 1.015554592592592614e-16
4.562773045302013088e+03 1.015303481481481560e-16
4.565295738255033939e+03 1.013353481481481474e-16
4.567818422818791987e+03 1.011794962962963028e-16
4.570341107382550035e+03 1.009434222222222374e-16
4.572863800335570886e+03 1.007109592592592533e-16
4.575386484899329844e+03 1.005115481481481472e-16
4.577909169463086982e+03 1.003962518518518616e-16
4.580431862416107833e+03 1.004505481481481473e-16
4.582954546979865881e+03 1.005823259259259312e-16
4.585477231543623930e+03 1.006634000000000093e-16
4.587999924496644780e+03 1.007257259259259361e-16
4.590522609060402829e+03 1.006934666666666862e-16
4.593045293624161786e+03 1.005957407407407727e-16
4.595567986577181728e+03 1.007678444444444630e-16
4.598090671140939776e+03 1.011447370370370469e-16
4.600613364093959717e+03 1.013027370370370610e-16
4.603136048657718675e+03 1.011335888888888954e-16
4.605658733221476723e+03 1.010817370370370496e-16
4.608181426174496664e+03 1.013147296296296446e-16
4.610704110738255622e+03 1.016297407407407565e-16
4.613226795302013670e+03 1.019828111111111219e-16
4.615749488255033611e+03 1.020399518518518739e-16
4.618272172818791660e+03 1.018921222222222329e-16
4.620794857382550617e+03 1.017747888888889101e-16
4.623317550335570559e+03 1.019573111111111277e-16
4.625840234899328607e+03 1.023742296296296473e-16
4.628362919463087565e+03 1.025089703703703935e-16
4.630885612416107506e+03 1.024204518518518759e-16
4.633408296979865554e+03 1.023378962962963104e-16
4.635930981543624512e+03 1.023203407407407519e-16
4.638453674496644453e+03 1.025181555555555630e-16
4.640976359060402501e+03 1.026637296296296395e-16
4.643499043624161459e+03 1.027488074074074250e-16
4.646021736577181400e+03 1.029988444444444691e-16
4.648544421140939448e+03 1.031612518518518681e-16
4.651067105704698406e+03 1.031022518518518656e-16
4.653589798657718347e+03 1.029505259259259368e-16
4.656112483221476396e+03 1.027718703703703800e-16
4.658635167785235353e+03 1.028040185185185347e-16
4.661157860738255295e+03 1.028203037037037078e-16
4.663680545302013343e+03 1.025145851851852095e-16
4.666203238255034194e+03 1.022945851851852030e-16
4.668725922818792242e+03 1.022014000000000084e-16
4.671248607382550290e+03 1.021441148148148338e-16
4.673771300335571141e+03 1.019751888888889079e-16
4.676293984899329189e+03 1.016514222222222308e-16
4.678816669463088147e+03 1.012007814814815001e-16
4.681339362416107178e+03 1.009210296296296403e-16
4.683862046979866136e+03 1.008231555555555670e-16
4.686384731543625094e+03 1.005757481481481749e-16
4.688907424496644126e+03 1.003147148148148148e-16
4.691430109060403083e+03 1.001189592592592799e-16
4.693952793624161131e+03 9.991291481481482674e-17
4.696475486577181073e+03 9.981372962962964004e-17
4.698998171140940030e+03 9.979635925925925668e-17
4.701520855704698079e+03 9.952855555555556463e-17
4.704043548657718020e+03 9.906004074074075395e-17
4.706566233221476978e+03 9.863233333333334445e-17
4.709088917785235026e+03 9.840613333333333251e-17
4.711611610738254967e+03 9.826020370370370690e-17
4.714134295302013925e+03 9.771398888888889547e-17
4.716656979865771973e+03 9.707811481481482700e-17
4.719179672818791914e+03 9.673149629629629686e-17
4.721702357382550872e+03 9.646445185185188077e-17
4.724225050335570813e+03 9.612967407407407413e-17
4.726747734899328862e+03 9.571252592592593879e-17
4.729270419463086910e+03 9.529525185185185774e-17
4.731793112416107761e+03 9.509003703703703549e-17
4.734315796979865809e+03 9.465108888888889307e-17
4.736838481543623857e+03 9.396603703703704671e-17
4.739361174496644708e+03 9.330376296296297351e-17
4.741883859060402756e+03 9.286816296296296945e-17
4.744406543624160804e+03 9.246218518518521207e-17
4.746929236577181655e+03 9.212300370370372079e-17
4.749451921140939703e+03 9.172926296296297622e-17
4.751974605704697751e+03 9.137407037037039276e-17
4.754497298657718602e+03 9.112809629629629785e-17
4.757019983221476650e+03 9.084907407407407467e-17
4.759542667785234698e+03 9.036405925925927644e-17
4.762065360738255549e+03 8.972996666666666591e-17
4.764588045302013597e+03 8.922297407407409840e-17
4.767110729865771646e+03 8.871734814814816104e-17
4.769633422818792496e+03 8.842247037037039377e-17
4.772156107382550545e+03 8.816627407407407227e-17
4.774678791946308593e+03 8.764717777777777662e-17
4.777201484899329444e+03 8.714074814814814741e-17
4.779724169463087492e+03 8.675649629629630487e-17
4.782246862416107433e+03 8.645035925925926621e-17
4.784769546979866391e+03 8.619746666666666718e-17
4.787292231543624439e+03 8.578056666666667366e-17
4.789814924496644380e+03 8.546681481481480929e-17
4.792337609060403338e+03 8.537999999999999404e-17
4.794860293624161386e+03 8.519218888888889481e-17
4.797382986577181327e+03 8.493483333333334473e-17
4.799905671140939376e+03 8.459177407407407947e-17
4.802428355704698333e+03 8.427334444444447422e-17
4.804951048657718275e+03 8.413815555555557294e-17
4.807473733221476323e+03 8.419926666666668038e-17
4.809996417785235280e+03 8.421416666666667250e-17
4.812519110738255222e+03 8.422379259259260880e-17
4.815041795302013270e+03 8.419500370370369333e-17
4.817564479865772228e+03 8.421942592592593945e-17
4.820087172818792169e+03 8.406135925925925836e-17
4.822609857382550217e+03 8.377306296296297229e-17
4.825132541946309175e+03 8.362169629629630519e-17
4.827655234899329116e+03 8.368044814814816591e-17
4.830177919463087164e+03 8.368638148148150335e-17
4.832700604026846122e+03 8.339605185185185561e-17
4.835223296979866063e+03 8.334027777777779532e-17
4.837745981543624112e+03 8.329355555555555819e-17
4.840268666107383069e+03 8.317988148148150686e-17
4.842791359060403011e+03 8.324357037037037582e-17
4.845314043624161059e+03 8.321351851851852482e-17
4.847836736577181910e+03 8.306050740740740941e-17
4.850359421140939958e+03 8.303346666666668617e-17
4.852882105704698006e+03 8.303959259259259934e-17
4.855404798657718857e+03 8.301861851851853520e-17
4.857927483221476905e+03 8.303045185185185811e-17
4.860450167785234953e+03 8.310108148148149461e-17
4.862972860738255804e+03 8.318184444444446427e-17
4.865495545302013852e+03 8.321784814814815421e-17
4.868018229865771900e+03 8.317150000000002925e-17
4.870540922818791842e+03 8.300031481481482630e-17
4.873063607382550799e+03 8.293470740740741583e-17
4.875586291946308847e+03 8.296945185185187053e-17
4.878108984899328789e+03 8.298123703703704026e-17
4.880631669463087746e+03 8.287842592592594636e-17
4.883154354026845795e+03 8.267766666666667455e-17
4.885677046979865736e+03 8.249152962962965066e-17
4.888199731543624694e+03 8.260380370370370753e-17
4.890722416107382742e+03 8.271308148148149945e-17
4.893245109060402683e+03 8.251075185185185925e-17
4.895767793624161641e+03 8.226665555555559025e-17
4.898290478187919689e+03 8.224194074074076176e-17
4.900813171140939630e+03 8.240163333333335269e-17
4.903335855704698588e+03 8.234083333333334143e-17
4.905858548657717620e+03 8.249360000000001532e-17
4.908381233221476577e+03 8.285928518518520595e-17
4.910903917785235535e+03 8.296099259259260039e-17
4.913426610738254567e+03 8.291136296296297941e-17
4.915949295302013525e+03 8.274810000000001038e-17
4.918471979865771573e+03 8.259582222222223186e-17
4.920994672818791514e+03 8.257596666666666838e-17
4.923517357382550472e+03 8.261753703703705814e-17
4.926040041946308520e+03 8.260085555555555878e-17
4.928562734899329371e+03 8.244444074074075124e-17
4.931085419463087419e+03 8.226368148148147779e-17
4.933608104026845467e+03 8.225375925925928348e-17
4.936130796979866318e+03 8.261797407407410003e-17
4.938653481543624366e+03 8.308429629629631296e-17
4.941176166107382414e+03 8.327907777777778212e-17
4.943698859060403265e+03 8.338741851851852356e-17
4.946221543624161313e+03 8.355127407407408258e-17
4.948744228187919362e+03 8.391178888888891201e-17
4.951266921140940212e+03 8.433240370370371850e-17
4.953789605704698261e+03 8.466564074074075911e-17
4.956312290268456309e+03 8.493639259259259991e-17
4.958834983221477160e+03 8.527535555555556408e-17
4.961357667785235208e+03 8.570924074074075254e-17
4.963880352348993256e+03 8.617565925925927183e-17
4.966403045302014107e+03 8.645019259259260490e-17
4.968925729865772155e+03 8.649540370370371539e-17
4.971448422818792096e+03 8.674353703703705606e-17
4.973971107382551054e+03 8.693224074074074057e-17
4.976493791946309102e+03 8.705498888888890311e-17
4.979016484899329043e+03 8.744347777777778132e-17
4.981539169463088001e+03 8.796569259259262430e-17
4.984061854026846049e+03 8.851245925925927314e-17
4.986584546979865991e+03 8.895455925925927790e-17
4.989107231543624039e+03 8.938849259259259488e-17
4.991629916107382996e+03 8.976893703703704306e-17
4.994152609060402938e+03 9.008318518518519106e-17
4.996675293624160986e+03 9.058065555555557852e-17
4.999197978187919944e+03 9.107453333333334912e-17
5.001720671140939885e+03 9.126895185185185630e-17
5.004243355704697933e+03 9.127841481481483158e-17
5.006766040268456891e+03 9.135136296296296224e-17
5.009288733221476832e+03 9.156751481481483415e-17
5.011811417785234880e+03 9.175696666666666906e-17
5.014334102348993838e+03 9.179799259259260968e-17
5.016856795302013779e+03 9.167764444444444645e-17
5.019379479865771827e+03 9.168716666666667580e-17
5.021902164429530785e+03 9.179993703703705328e-17
5.024424857382549817e+03 9.179550370370371694e-17
5.026947541946308775e+03 9.178551481481481866e-17
5.029470234899329625e+03 9.181298888888889582e-17
5.031992919463087674e+03 9.173037037037040064e-17
5.034515604026845722e+03 9.172530740740743436e-17
5.037038296979866573e+03 9.197064814814817438e-17
5.039560981543624621e+03 9.207444074074074699e-17
5.042083666107382669e+03 9.207728888888890142e-17
5.044606359060403520e+03 9.217937037037039571e-17
5.047129043624161568e+03 9.220540370370371351e-17
5.049651728187919616e+03 9.224348888888890597e-17
5.052174421140939558e+03 9.230150740740742980e-17
5.054697105704698515e+03 9.228658518518518659e-17
5.057219790268456563e+03 9.225073703703704475e-17
5.059742483221476505e+03 9.230121481481482278e-17
5.062265167785235462e+03 9.242590000000001600e-17
5.064787852348993511e+03 9.240455555555557696e-17
5.067310545302013452e+03 9.242684814814816738e-17
5.069833229865772410e+03 9.286897407407408655e-17
5.072355914429530458e+03 9.335567407407408566e-17
5.074878607382550399e+03 9.367800370370371598e-17
5.077401291946309357e+03 9.382202592592596260e-17
5.079923976510067405e+03 9.391426666666668146e-17
5.082446669463087346e+03 9.421424444444446729e-17
5.084969354026846304e+03 9.449338888888889891e-17
5.087492038590604352e+03 9.456836296296297832e-17
5.090014731543624293e+03 9.463812222222223133e-17
5.092537416107383251e+03 9.485055925925927795e-17
5.095060109060402283e+03 9.508113333333334751e-17
5.097582793624161241e+03 9.529551111111113743e-17
5.100105478187919289e+03 9.562410740740741550e-17
5.102628171140939230e+03 9.602267037037037279e-17
5.105150855704698188e+03 9.633685925925925440e-17
5.107673540268456236e+03 9.659972592592593820e-17
5.110196233221476177e+03 9.681120370370370790e-17
5.112718917785235135e+03 9.686638888888890315e-17
5.115241602348993183e+03 9.684462592592593603e-17
5.117764295302013124e+03 9.667011481481483348e-17
5.120286979865772082e+03 9.649726666666668073e-17
5.122809664429530130e+03 9.655010000000001752e-17
5.125332357382550981e+03 9.644048148148149005e-17
5.127855041946309029e+03 9.623633333333336429e-17
5.130377726510067077e+03 9.605707777777777992e-17
5.132900419463087928e+03 9.574162962962965075e-17
5.135423104026845067e+03 9.566913703703703882e-17
5.137945788590604025e+03 9.570395185185186081e-17
5.140468481543624875e+03 9.550555555555556069e-17
5.142991166107382924e+03 9.537537037037039627e-17
5.145513850671140972e+03 9.548081481481484244e-17
5.148036543624161823e+03 9.545926666666667748e-17
5.150559228187919871e+03 9.541844074074075015e-17
5.153081921140939812e+03 9.559057777777779245e-17
5.155604605704698770e+03 9.576278518518520204e-17
5.158127290268456818e+03 9.589914074074074483e-17
5.160649983221476759e+03 9.602651111111113146e-17
5.163172667785235717e+03 9.605379259259259593e-17
5.165695352348993765e+03 9.601012222222223913e-17
5.168218045302013707e+03 9.595470740740741588e-17
5.170740729865771755e+03 9.583067777777779166e-17
5.173263414429530712e+03 9.552694814814816523e-17
5.175786107382550654e+03 9.527865925925926414e-17
5.178308791946308702e+03 9.516334814814815278e-17
5.180831476510067660e+03 9.500139999999999741e-17
5.183354169463087601e+03 9.485181851851853784e-17
5.185876854026845649e+03 9.481430000000002095e-17
5.188399538590604607e+03 9.483678148148149912e-17
5.190922231543624548e+03 9.475572962962965971e-17
5.193444916107382596e+03 9.459894074074075232e-17
5.195967600671141554e+03 9.446327037037039324e-17
5.198490293624161495e+03 9.442445185185186389e-17
5.201012978187919543e+03 9.465960370370371698e-17
5.203535662751678501e+03 9.463502222222224712e-17
5.206058355704697533e+03 9.419874074074074732e-17
5.208581040268456491e+03 9.394020000000001726e-17
5.211103733221476432e+03 9.382801481481482917e-17
5.213626417785234480e+03 9.357169259259261127e-17
5.216149102348993438e+03 9.336492962962963473e-17
5.218671795302014289e+03 9.305493333333334823e-17
5.221194479865771427e+03 9.256784444444444807e-17
5.223717164429530385e+03 9.218912222222224074e-17
5.226239857382551236e+03 9.180340000000001180e-17
5.228762541946308374e+03 9.136507407407408641e-17
5.231285226510067332e+03 9.102651111111112417e-17
5.233807919463088183e+03 9.078566296296298688e-17
5.236330604026846231e+03 9.055160000000001974e-17
5.238853288590604279e+03 9.028987037037038739e-17
5.241375981543624221e+03 9.017485185185187072e-17
5.243898666107383178e+03 8.994431481481481647e-17
5.246421350671141226e+03 8.942272962962965273e-17
5.248944043624161168e+03 8.893611111111110947e-17
5.251466728187920125e+03 8.861787037037037965e-17
5.253989412751678174e+03 8.836461481481483095e-17
5.256512105704698115e+03 8.818882222222224208e-17
5.259034790268457073e+03 8.815980370370371094e-17
5.261557474832215121e+03 8.824324814814816138e-17
5.264080167785235062e+03 8.832692222222223983e-17
5.266602852348994020e+03 8.819160370370370487e-17
5.269125536912752068e+03 8.790441111111111827e-17
5.271648229865772009e+03 8.772360000000000367e-17
5.274170914429530967e+03 8.762385185185186635e-17
5.276693607382549999e+03 8.742420740740740723e-17
5.279216291946308957e+03 8.711995555555557043e-17
5.281738976510067914e+03 8.688666296296296780e-17
5.284261669463086946e+03 8.674286296296297324e-17
5.286784354026845904e+03 8.672164814814815555e-17
5.289307038590603952e+03 8.681277777777778667e-17
5.291829731543623893e+03 8.679771851851853383e-17
5.294352416107382851e+03 8.675120000000001029e-17
5.296875100671140899e+03 8.683209259259260131e-17
5.299397793624160840e+03 8.696961851851852288e-17
5.301920478187919798e+03 8.698018518518519763e-17
5.304443162751677846e+03 8.687563703703704937e-17
5.306965855704697788e+03 8.678788148148149567e-17
5.309488540268456745e+03 8.663593333333333948e-17
5.312011224832214793e+03 8.663031851851853579e-17
5.314533917785234735e+03 8.693822592592593149e-17
5.317056602348993692e+03 8.718106666666669020e-17
5.319579286912751741e+03 8.708972962962963287e-17
5.322101979865772591e+03 8.689615185185186983e-17
5.324624664429529730e+03 8.661141111111111136e-17
5.327147348993288688e+03 8.616878888888889623e-17
5.329670041946309539e+03 8.568469259259258536e-17
5.332192726510066677e+03 8.519093703703703552e-17
5.334715419463087528e+03 8.493625555555556563e-17
5.337238104026846486e+03 8.481660370370371165e-17
5.339760788590604534e+03 8.452424074074075153e-17
5.342283481543624475e+03 8.433527407407408703e-17
5.344806166107383433e+03 8.430951481481483779e-17
5.347328850671141481e+03 8.423686296296297748e-17
5.349851543624161422e+03 8.414705925925928557e-17
5.352374228187920380e+03 8.403881851851851379e-17
5.354896912751678428e+03 8.380090370370373639e-17
5.357419605704698370e+03 8.340750740740741534e-17
5.359942290268456418e+03 8.304898518518520734e-17
5.362464974832215375e+03 8.273771851851853541e-17
5.364987667785235317e+03 8.222793703703705522e-17
5.367510352348993365e+03 8.178109629629630591e-17
5.370033036912752323e+03 8.163594814814815803e-17
5.372555729865772264e+03 8.152906666666667744e-17
5.375078414429530312e+03 8.129037407407408562e-17
5.377601098993289270e+03 8.111277407407409975e-17
5.380123791946309211e+03 8.093732222222223410e-17
5.382646476510067259e+03 8.063894444444446835e-17
5.385169161073826217e+03 8.030309629629630191e-17
5.387691854026845249e+03 8.013679259259260274e-17
5.390214538590604207e+03 8.007229629629629232e-17
5.392737223154363164e+03 7.997319259259261079e-17
5.395259916107382196e+03 7.987966666666666833e-17
5.397782600671141154e+03 8.002295185185189010e-17
5.400305293624161095e+03 8.037284074074074140e-17
5.402827978187919143e+03 8.049584444444445869e-17
5.405350662751678101e+03 8.039973703703705442e-17
5.407873355704698042e+03 8.041038518518519736e-17
5.410396040268456090e+03 8.022659629629631930e-17
5.412918724832215048e+03 7.978780740740741295e-17
5.415441417785235899e+03 7.945085925925927199e-17
5.417964102348993038e+03 7.922231111111112654e-17
5.420486786912751995e+03 7.893831851851853080e-17
5.423009479865771937e+03 7.865449259259259638e-17
5.425532164429529985e+03 7.844442962962964698e-17
5.428054848993288942e+03 7.832727777777778664e-17
5.430577541946308884e+03 7.826203703703703844e-17
5.433100226510067841e+03 7.819005925925926095e-17
5.435622911073824980e+03 7.785251851851853000e-17
5.438145604026845831e+03 7.738820370370370271e-17
5.440668288590604789e+03 7.711617777777778851e-17
5.443190973154361927e+03 7.697432962962963814e-17
5.445713666107382778e+03 7.681327777777778067e-17
5.448236350671141736e+03 7.660112222222222785e-17
5.450759035234899784e+03 7.634881481481484286e-17
5.453281728187919725e+03 7.638878518518520021e-17
5.455804412751678683e+03 7.660629259259260138e-17
5.458327105704697715e+03 7.668187407407409662e-17
5.460849790268456672e+03 7.671780370370371897e-17
5.463372474832215630e+03 7.665890000000001046e-17
5.465895167785234662e+03 7.652385185185185608e-17
5.468417852348993620e+03 7.626460740740741617e-17
5.470940536912751668e+03 7.594247037037037389e-17
5.473463229865771609e+03 7.571445555555557669e-17
5.475985914429530567e+03 7.555754814814816116e-17
5.478508598993288615e+03 7.558807777777780664e-17
5.481031291946308556e+03 7.571315925925926452e-17
5.483553976510067514e+03 7.573683333333334791e-17
5.486076661073825562e+03 7.567764814814814560e-17
5.488599354026845504e+03 7.577505925925926263e-17
5.491122038590604461e+03 7.592750740740741509e-17
5.493644723154362509e+03 7.598628518518519021e-17
5.496167416107382451e+03 7.600777037037037616e-17
5.498690100671141408e+03 7.596503333333334490e-17
5.501212785234899457e+03 7.584034444444446370e-17
5.503735478187919398e+03 7.585378518518520729e-17
5.506258162751677446e+03 7.596199259259261475e-17
5.508780847315436404e+03 7.591534814814817015e-17
5.511303540268456345e+03 7.580817777777778284e-17
5.513826224832214393e+03 7.566038148148148150e-17
5.516348909395973351e+03 7.557462592592592518e-17
5.518871602348993292e+03 7.557487407407407932e-17
5.521394286912751340e+03 7.531287037037039074e-17
5.523916979865772191e+03 7.501215185185185510e-17
5.526439664429531149e+03 7.483583333333334323e-17
5.528962348993288288e+03 7.465617777777779390e-17
5.531485041946309138e+03 7.468615925925927761e-17
5.534007726510068096e+03 7.454233703703706893e-17
5.536530411073825235e+03 7.421705925925927754e-17
5.539053104026846086e+03 7.416790000000001347e-17
5.541575788590604134e+03 7.406242592592594027e-17
5.544098473154363091e+03 7.374456296296298594e-17
5.546621166107383033e+03 7.352315555555555970e-17
5.549143850671141081e+03 7.342535185185186598e-17
5.551666535234900039e+03 7.326179629629630225e-17
5.554189228187919980e+03 7.301503333333335366e-17
5.556711912751678028e+03 7.259358888888890393e-17
5.559234597315436986e+03 7.213642592592594605e-17
5.561757290268456927e+03 7.194262222222221832e-17
5.564279974832214975e+03 7.181634074074076694e-17
5.566802659395973933e+03 7.162648148148149251e-17
5.569325352348993874e+03 7.156110740740741034e-17
5.571848036912751923e+03 7.162318148148149501e-17
5.574370721476510880e+03 7.155657407407407968e-17
5.576893414429529912e+03 7.138939259259260874e-17
5.579416098993288870e+03 7.128676666666667764e-17
5.581938791946308811e+03 7.122590000000001171e-17
5.584461476510066859e+03 7.110562962962965334e-17
5.586984161073825817e+03 7.090459629629631298e-17
5.589506854026845758e+03 7.071300000000000884e-17
5.592029538590603806e+03 7.043883703703705067e-17
5.594552223154362764e+03 7.024563703703705081e-17
5.597074916107382705e+03 7.020196296296296906e-17
5.599597600671140754e+03 7.003804444444444335e-17
5.602120285234899711e+03 6.999857777777778257e-17
5.604642978187919653e+03 7.012379629629629938e-17
5.607165662751677701e+03 7.002441851851853697e-17
5.609688347315436658e+03 6.995369629629630674e-17
5.612211040268456600e+03 7.013032222222222682e-17
5.614733724832214648e+03 7.014577777777778129e-17
5.617256409395973606e+03 6.998899629629631147e-17
5.619779102348993547e+03 6.994894444444446129e-17
5.622301786912751595e+03 7.010849629629631765e-17
5.624824471476509643e+03 7.035361481481483026e-17
5.627347164429530494e+03 7.041455555555556378e-17
5.629869848993288542e+03 7.020322222222224127e-17
5.632392533557046590e+03 7.003557407407407676e-17
5.634915226510067441e+03 7.009125925925926827e-17
5.637437911073826399e+03 7.013382592592593792e-17
5.639960604026846340e+03 7.001905185185186277e-17
5.642483288590604388e+03 6.998183333333335350e-17
5.645005973154363346e+03 6.992984444444447347e-17
5.647528666107382378e+03 6.972990370370371935e-17
5.650051350671141336e+03 6.952988888888888533e-17
5.652574035234900293e+03 6.925194444444444721e-17
5.655096728187919325e+03 6.899212962962963142e-17
5.657619412751678283e+03 6.889540740740742305e-17
5.660142097315436331e+03 6.894108518518520246e-17
5.662664790268456272e+03 6.893918888888889971e-17
5.665187474832215230e+03 6.892224444444445735e-17
5.667710159395973278e+03 6.888398888888890327e-17
5.670232852348993219e+03 6.865689629629630606e-17
5.672755536912752177e+03 6.837178888888889763e-17
5.675278221476510225e+03 6.821653703703704363e-17
5.677800914429530167e+03 6.812513703703704426e-17
5.680323598993289124e+03 6.792524814814815594e-17
5.682846283557047173e+03 6.770538518518519601e-17
5.685368976510067114e+03 6.761167037037036581e-17
5.687891661073826072e+03 6.751931481481482679e-17
5.690414345637584120e+03 6.729296296296296705e-17
5.692937038590604061e+03 6.696470370370371191e-17
5.695459723154362109e+03 6.667948148148148332e-17
5.697982407718121067e+03 6.648869629629629628e-17
5.700505100671141008e+03 6.623221851851851796e-17
5.703027785234899056e+03 6.582884074074074854e-17
5.705550478187919907e+03 6.557003703703703849e-17
5.708073162751677955e+03 6.551582962962963398e-17
5.710595847315436004e+03 6.524233703703704601e-17
5.713118540268456854e+03 6.476800000000000542e-17
5.715641224832214903e+03 6.440724444444445942e-17
5.718163909395972951e+03 6.428639629629631225e-17
5.720686602348993802e+03 6.436875555555556472e-17
5.723209286912751850e+03 6.443639629629629989e-17
5.725731971476509898e+03 6.438021111111111212e-17
5.728254664429530749e+03 6.424341481481482714e-17
5.730777348993288797e+03 6.412498888888891804e-17
5.733300033557046845e+03 6.398094814814815760e-17
5.735822726510067696e+03 6.391067407407408249e-17
5.738345411073825744e+03 6.392418888888889366e-17
5.740868095637584702e+03 6.373208148148149237e-17
5.743390788590604643e+03 6.337176666666667623e-17
5.745913473154362691e+03 6.303021481481482500e-17
5.748436157718121649e+03 6.286089999999999806e-17
5.750958850671141590e+03 6.286524074074074067e-17
5.753481535234899638e+03 6.274747407407408855e-17
5.756004219798658596e+03 6.258987777777777668e-17
5.758526912751677628e+03 6.242044814814816656e-17
5.761049597315436586e+03 6.220136296296297174e-17
5.763572290268456527e+03 6.206582222222222170e-17
5.766094974832214575e+03 6.202350000000001822e-17
5.768617659395973533e+03 6.222298148148149167e-17
5.771140352348993474e+03 6.245961851851853235e-17
5.773663036912751522e+03 6.241590000000001006e-17
5.776185721476510480e+03 6.219645555555556588e-17
5.778708414429530421e+03 6.216957037037037841e-17
5.781231098993288470e+03 6.254159629629630902e-17
5.783753783557047427e+03 6.294291111111111439e-17
5.786276476510067369e+03 6.309070740740740340e-17
5.788799161073825417e+03 6.326207407407408118e-17
5.791321845637584374e+03 6.348245925925927613e-17
5.793844538590604316e+03 6.367359999999999991e-17
5.796367223154362364e+03 6.380185185185185860e-17
5.798889907718121322e+03 6.375513333333334641e-17
5.801412600671141263e+03 6.368967777777778373e-17
5.803935285234899311e+03 6.359974814814815843e-17
5.806457969798657359e+03 6.352762962962964636e-17
5.808980662751678210e+03 6.367651111111112102e-17
5.811503347315436258e+03 6.385303333333335881e-17
5.814026031879194306e+03 6.384574074074075483e-17
5.816548724832215157e+03 6.373998148148149985e-17
5.819071409395973205e+03 6.370288518518518669e-17
5.821594093959731254e+03 6.379051111111113135e-17
5.824116786912752104e+03 6.389828888888889752e-17
5.826639471476510153e+03 6.403369629629630126e-17
5.829162164429530094e+03 6.425064074074073948e-17
5.831684848993289052e+03 6.449399629629629564e-17
5.834207533557048009e+03 6.465754074074074615e-17
5.836730226510067041e+03 6.458275925925926711e-17
5.839252911073825999e+03 6.440274444444445609e-17
5.841775595637584047e+03 6.424742222222223480e-17
5.844298288590603988e+03 6.414797777777778074e-17
5.846820973154362946e+03 6.395098148148148740e-17
5.849343657718120994e+03 6.353566296296297550e-17
5.851866350671140935e+03 6.312795185185186406e-17
5.854389035234899893e+03 6.288759259259258516e-17
5.856911719798657941e+03 6.247161481481482860e-17
5.859434412751677883e+03 6.190699259259260133e-17
5.861957097315436840e+03 6.153065555555555514e-17
5.864479781879194888e+03 6.130841481481482234e-17
5.867002474832214830e+03 6.111353703703703451e-17
5.869525159395973787e+03 6.078310000000000747e-17
5.872047843959731836e+03 6.035179259259260517e-17
5.874570536912751777e+03 5.994715925925926383e-17
5.877093221476509825e+03 5.964161481481482748e-17
5.879615906040268783e+03 5.945179259259261766e-17
5.882138598993288724e+03 5.923465925925925471e-17
5.884661283557046772e+03 5.885082592592592793e-17
5.887183976510067623e+03 5.829998148148149182e-17
5.889706661073825671e+03 5.779576296296297417e-17
5.892229345637583720e+03 5.739671111111110919e-17
5.894752038590604570e+03 5.710085925925927613e-17
5.897274723154362619e+03 5.684221481481482680e-17
5.899797407718120667e+03 5.660307777777779249e-17
5.902320100671141518e+03 5.640748888888889420e-17
5.904842785234899566e+03 5.607832222222224027e-17
5.907365469798657614e+03 5.571207777777778698e-17
5.909888162751678465e+03 5.547553703703705265e-17
5.912410847315436513e+03 5.519900370370371604e-17
5.914933531879194561e+03 5.487178518518519984e-17
5.917456224832215412e+03 5.464156666666667934e-17
5.919978909395973460e+03 5.454517407407408714e-17
5.922501593959731508e+03 5.435671851851852596e-17
5.925024286912752359e+03 5.411627777777778504e-17
5.927546971476510407e+03 5.405809629629630636e-17
5.930069656040268455e+03 5.393474444444445910e-17
5.932592348993289306e+03 5.363790000000001563e-17
5.935115033557047354e+03 5.341197777777777870e-17
5.937637718120805403e+03 5.330992222222222964e-17
5.940160411073826253e+03 5.329677777777779337e-17
5.942683095637584302e+03 5.322961851851852831e-17
5.945205780201343259e+03 5.302470740740741397e-17
5.947728473154362291e+03 5.282486296296297237e-17
5.950251157718121249e+03 5.287780740740741670e-17
5.952773850671141190e+03 5.284452592592593548e-17
5.955296535234899238e+03 5.274242962962963999e-17
5.957819219798658196e+03 5.280657777777778961e-17
5.960341912751678137e+03 5.283037777777778790e-17
5.962864597315436185e+03 5.275995185185186499e-17
5.965387281879195143e+03 5.262641851851852523e-17
5.967909974832215084e+03 5.236497037037038052e-17
5.970432659395973133e+03 5.205515555555556885e-17
5.972955343959732090e+03 5.195998148148148396e-17
5.975478036912752032e+03 5.193273333333334683e-17
5.978000721476510080e+03 5.193529629629630099e-17
5.980523406040269037e+03 5.205132222222222926e-17
5.983046098993288069e+03 5.226692592592592709e-17
5.985568783557047027e+03 5.239084074074074347e-17
5.988091468120805985e+03 5.236081481481481920e-17
5.990614161073825926e+03 5.234529629629630420e-17
5.993136845637583974e+03 5.241856666666666891e-17
5.995659530201342022e+03 5.242972222222223335e-17
5.998182223154362873e+03 5.237568518518518428e-17
6.000704907718120921e+03 5.223320000000000954e-17
6.003227592281878970e+03 5.210488148148148385e-17
6.005750285234899820e+03 5.209991851851852422e-17
6.008272969798657869e+03 5.196567407407408018e-17
6.010795662751678719e+03 5.183121851851852195e-17
6.013318347315436768e+03 5.174201481481482061e-17
6.015841031879194816e+03 5.158780370370371171e-17
6.018363724832214757e+03 5.127541481481481417e-17
6.020886409395973715e+03 5.120260000000000517e-17
6.023409093959731763e+03 5.144260370370371036e-17
6.025931786912751704e+03 5.161823703703704468e-17
6.028454471476510662e+03 5.166931481481483178e-17
6.030977156040268710e+03 5.155722962962963185e-17
6.033499848993288651e+03 5.142488518518519701e-17
6.036022533557047609e+03 5.149457037037038244e-17
6.038545218120805657e+03 5.167528148148149039e-17
6.041067911073825599e+03 5.161679259259260350e-17
6.043590595637584556e+03 5.143534814814815866e-17
6.046113280201342604e+03 5.120427037037038022e-17
6.048635973154362546e+03 5.084687407407408579e-17
6.051158657718121503e+03 5.053235925925926983e-17
6.053681342281879552e+03 5.039039259259260516e-17
6.056204035234899493e+03 5.028538888888889502e-17
6.058726719798657541e+03 5.017902962962963097e-17
6.061249404362416499e+03 5.009873703703704286e-17
6.063772097315436440e+03 4.992054444444445468e-17
6.066294781879194488e+03 4.977290370370371377e-17
6.068817474832214430e+03 4.975388888888889442e-17
6.071340159395973387e+03 4.967528518518519517e-17
6.073862843959731435e+03 4.961228148148149143e-17
6.076385536912752286e+03 4.968641111111112025e-17
6.078908221476510334e+03 4.964054074074074047e-17
6.081430906040268383e+03 4.954873703703704502e-17
6.083953598993289233e+03 4.975267777777778154e-17
6.086476283557047282e+03 5.012755185185186042e-17
6.088998968120805330e+03 5.040307037037037250e-17
6.091521661073826181e+03 5.048719629629630019e-17
6.094044345637584229e+03 5.041165185185186340e-17
6.096567030201342277e+03 5.031034074074075211e-17
6.099089723154363128e+03 5.035018148148149426e-17
6.101612407718121176e+03 5.055281851851851803e-17
6.104135092281879224e+03 5.061861111111111595e-17
6.106657785234900075e+03 5.057316666666667717e-17
6.109180469798658123e+03 5.066331481481482342e-17
6.111703154362416171e+03 5.077785555555556410e-17
6.114225847315437022e+03 5.086978888888889940e-17
6.116748531879195070e+03 5.110020740740742086e-17
6.119271216442953119e+03 5.132352962962963901e-17
6.121793909395973969e+03 5.150841111111111564e-17
6.124316593959732018e+03 5.182395925925926995e-17
6.126839278523490066e+03 5.212158888888889762e-17
6.129361971476510007e+03 5.232085185185186245e-17
6.131884656040268965e+03 5.246220740740741716e-17
6.134407348993288906e+03 5.248701851851852735e-17
6.136930033557046954e+03 5.255439629629629486e-17
6.139452718120805912e+03 5.274705925925926468e-17
6.141975411073825853e+03 5.291600000000001025e-17
6.144498095637583901e+03 5.306401481481482637e-17
6.147020780201342859e+03 5.326964814814815205e-17
6.149543473154362800e+03 5.360092962962965434e-17
6.152066157718120849e+03 5.372314814814815661e-17
6.154588842281879806e+03 5.359559259259260718e-17
6.157111535234899748e+03 5.355075555555555957e-17
6.159634219798657796e+03 5.362221851851853345e-17
6.162156904362416753e+03 5.375050370370370098e-17
6.164679597315435785e+03 5.388862222222223720e-17
6.167202281879194743e+03 5.398471111111110916e-17
6.169724966442953701e+03 5.394959259259260391e-17
6.172247659395972732e+03 5.380020000000000127e-17
6.174770343959731690e+03 5.372604814814815218e-17
6.177293028523489738e+03 5.382039629629629414e-17
6.179815721476509680e+03 5.402974444444444511e-17
6.182338406040268637e+03 5.422430740740740565e-17
6.184861090604026685e+03 5.425381851851852013e-17
6.187383783557047536e+03 5.440178148148148278e-17
6.189906468120805584e+03 5.476327037037037800e-17
6.192429161073826435e+03 5.487024814814815877e-17
6.194951845637584483e+03 5.475247777777778170e-17
6.197474530201342532e+03 5.466992222222222856e-17
6.199997223154362473e+03 5.484564074074074368e-17
6.202519907718121431e+03 5.518176296296297252e-17
6.205042592281879479e+03 5.537139259259260045e-17
6.207565285234899420e+03 5.533498888888889625e-17
6.210087969798658378e+03 5.506307037037038314e-17
6.212610654362416426e+03 5.480590740740740878e-17
6.215133347315436367e+03 5.479919629629630005e-17
6.217656031879195325e+03 5.483225925925926033e-17
6.220178716442953373e+03 5.487808148148148694e-17
6.222701409395973315e+03 5.497713333333333349e-17
6.225224093959732272e+03 5.485941111111111576e-17
6.227746778523490320e+03 5.467754444444445487e-17
6.230269471476510262e+03 5.464349259259259680e-17
6.232792156040269219e+03 5.450004444444444484e-17
6.235314840604027268e+03 5.421471481481481517e-17
6.237837533557047209e+03 5.394023333333334789e-17
6.240360218120806167e+03 5.379220740740741239e-17
6.242882902684564215e+03 5.367856666666668223e-17
6.245405595637584156e+03 5.344690000000001410e-17
6.247928280201342204e+03 5.318928148148149019e-17
6.250450964765101162e+03 5.302595555555555447e-17
6.252973657718121103e+03 5.295746666666668073e-17
6.255496342281879151e+03 5.289612222222223266e-17
6.258019035234899093e+03 5.254775555555555959e-17
6.260541719798658050e+03 5.206147777777778269e-17
6.263064404362416099e+03 5.175651481481482312e-17
6.265587097315436040e+03 5.170314444444445011e-17
6.268109781879194998e+03 5.163311111111111622e-17
6.270632466442953046e+03 5.138742962962964682e-17
6.273155159395972987e+03 5.102820000000001017e-17
6.275677843959731945e+03 5.076252962962964331e-17
6.278200528523489993e+03 5.070742222222223443e-17
6.280723221476510844e+03 5.067047037037038079e-17
6.283245906040267982e+03 5.044862962962964377e-17
6.285768590604026940e+03 5.009932592592593871e-17
6.288291283557047791e+03 4.969388518518519290e-17
6.290813968120804930e+03 4.929716666666667872e-17
6.293336652684563887e+03 4.922561111111112344e-17
6.295859345637584738e+03 4.930061111111112343e-17
6.298382030201342786e+03 4.912276296296297109e-17
6.300904714765100834e+03 4.894617037037037218e-17
6.303427407718121685e+03 4.890999259259259569e-17
6.305950092281879733e+03 4.891248888888888286e-17
6.308472776845637782e+03 4.886167777777778836e-17
6.310995469798658632e+03 4.874732592592592310e-17
6.313518154362416681e+03 4.854483333333334038e-17
6.316040847315436622e+03 4.821631481481483020e-17
6.318563531879194670e+03 4.829461424248606588e-17
6.321086216442953628e+03 4.835925237013936689e-17
6.323608909395973569e+03 4.824865141999697741e-17
6.326131593959731617e+03 4.817503361428106794e-17
6.328654278523490575e+03 4.835451006410281329e-17
6.331176971476510516e+03 4.853638447316586316e-17
6.333699656040268565e+03 4.847745684147026493e-17
6.336222340604027522e+03 4.834324198383079016e-17
6.338745033557047464e+03 4.837378064098820862e-17
6.341267718120805512e+03 4.861101355368324183e-17
6.343790402684564469e+03 4.887568887006404887e-17
6.346313095637584411e+03 4.905358066420471019e-17
6.348835780201342459e+03 4.921893338054965627e-17
6.351358464765101417e+03 4.944163220428407352e-17
6.353881157718120448e+03 4.970252528355612680e-17
6.356403842281879406e+03 5.000306817392134586e-17
6.358926526845638364e+03 5.034148309760197305e-17
6.361449219798657396e+03 5.048468486941281964e-17
6.363971904362416353e+03 5.040876978565017424e-17
6.366494588926174401e+03 5.040709340186959506e-17
6.369017281879194343e+03 5.057196682918219906e-17
6.371539966442953300e+03 5.078068266018057628e-17
6.374062651006711349e+03 5.100722978375361686e-17
6.376585343959731290e+03 5.130807857027169035e-17
6.379108028523490248e+03 5.156957716788292873e-17
6.381630721476511098e+03 5.187409224325402203e-17
6.384153406040269147e+03 5.232396824082940755e-17
6.386676090604027195e+03 5.234021314034525102e-17
6.389198783557047136e+03 5.235645803986109450e-17
6.391721468120806094e+03 5.237270293937693797e-17
6.394244152684563232e+03 5.238894783889278144e-17
6.396766845637584083e+03 5.240519273840861875e-17
6.399289530201343041e+03 5.242143763792446838e-17
6.401812214765101089e+03 5.243768253744031185e-17
6.404334907718121030e+03 5.245392743695616149e-17
6.406857592281879988e+03 5.247017233647199880e-17
6.409380276845638036e+03 5.248641723598784843e-17
6.411902969798657978e+03 5.250266213550369190e-17
6.414425654362416935e+03 5.251890703501952921e-17
6.416948338926174983e+03 5.253515193453537885e-17
6.419471031879194925e+03 5.224712718487503260e-17
6.421993716442953883e+03 5.200454892041779527e-17
6.424516401006711931e+03 5.166074306708960347e-17
6.427039093959731872e+03 5.135069481007564488e-17
6.429561778523489920e+03 5.124844118641295870e-17
6.432084463087248878e+03 5.127811182573115527e-17
6.434607156040268819e+03 5.133967339469691550e-17
6.437129840604026867e+03 5.144272589331024280e-17
6.439652533557046809e+03 5.169992858083038861e-17
6.442175218120805766e+03 5.195361849429438640e-17
6.444697902684563815e+03 5.205939192999853840e-17
6.447220595637583756e+03 5.229739333238728723e-17
6.449743280201342714e+03 5.253701899775694041e-17
6.452265964765100762e+03 5.250508744462599996e-17
6.454788657718120703e+03 5.255945052484632221e-17
6.457311342281879661e+03 5.265328601619569416e-17
6.459834026845637709e+03 5.256662725200743663e-17
6.462356719798657650e+03 5.246565571376303419e-17
6.464879404362415698e+03 5.236236399405509511e-17
6.467402088926174656e+03 5.238669283362432998e-17
6.469924781879194597e+03 5.251404593617447390e-17
6.472447466442952646e+03 5.257443441281661710e-17
6.474970151006711603e+03 5.272440270799521315e-17
6.477492843959732454e+03 5.312622859948802741e-17
6.480015528523489593e+03 5.363054542062840864e-17
6.482538213087248550e+03 5.408111243067561121e-17
6.485060906040269401e+03 5.427369629629631005e-17
6.487583590604026540e+03 5.459627777777778249e-17
6.490106275167785498e+03 5.495485185185185629e-17
6.492628968120806348e+03 5.541122222222222939e-17
6.495151652684564397e+03 5.583179629629630795e-17
6.497674345637584338e+03 5.613105555555557041e-17
6.500197030201342386e+03 5.641107777777778611e-17
6.502719714765101344e+03 5.664363333333333922e-17
6.505242407718121285e+03 5.688549629629629488e-17
6.507765092281879333e+03 5.699693703703704518e-17
6.510287776845638291e+03 5.707751851851852769e-17
6.512810469798658232e+03 5.734801481481481374e-17
6.515333154362416280e+03 5.746774074074074763e-17
6.517855838926175238e+03 5.754053703703705514e-17
6.520378531879195179e+03 5.788467037037038051e-17
6.522901216442953228e+03 5.817368888888889024e-17
6.525423901006712185e+03 5.834670370370370430e-17
6.527946593959732127e+03 5.863376666666666955e-17
6.530469278523490175e+03 5.873984074074075798e-17
6.532991963087249133e+03 5.876622222222222425e-17
6.535514656040268164e+03 5.877697037037036150e-17
6.538037340604027122e+03 5.877246666666667020e-17
6.540560025167786080e+03 5.883168518518518752e-17
6.543082718120805112e+03 5.867460740740741038e-17
6.545605402684564069e+03 5.826487037037036251e-17
6.548128087248322117e+03 5.801564814814814821e-17
6.550650780201342059e+03 5.800213333333333704e-17
6.553173464765101016e+03 5.815958518518517706e-17
6.555696149328859065e+03 5.828267777777778777e-17
6.558218842281879006e+03 5.838444444444446093e-17
6.560741526845637964e+03 5.862596296296296841e-17
6.563264219798657905e+03 5.886137407407407654e-17
6.565786904362415953e+03 5.900951481481481372e-17
6.568309588926174911e+03 5.896389259259260040e-17
6.570832281879194852e+03 5.870114444444444939e-17
6.573354966442952900e+03 5.828767407407408706e-17
6.575877651006711858e+03 5.802550000000001222e-17
6.578400343959731799e+03 5.782697407407407841e-17
6.580923028523489847e+03 5.755398888888889962e-17
6.583445713087247896e+03 5.743667777777779088e-17
6.585968406040268746e+03 5.741664444444445287e-17
6.588491090604027704e+03 5.725117037037037229e-17
6.591013775167784843e+03 5.705828888888889385e-17
6.593536468120805694e+03 5.708121851851852714e-17
6.596059152684564651e+03 5.710621481481482478e-17
6.598581837248321790e+03 5.718321111111111568e-17
6.601104530201342641e+03 5.734081111111111551e-17
6.603627214765101598e+03 5.737595555555557216e-17
6.606149899328859647e+03 5.729826666666667230e-17
6.608672592281879588e+03 5.716489259259260559e-17
6.611195276845638546e+03 5.705243333333334894e-17
6.613717961409396594e+03 5.694574444444444408e-17
6.616240654362416535e+03 5.669318148148147969e-17
6.618763338926174583e+03 5.641639629629629481e-17
6.621286031879194525e+03 5.632194814814815236e-17
6.623808716442953482e+03 5.645832962962963422e-17
6.626331401006711530e+03 5.641674074074075530e-17
6.628854093959731472e+03 5.614913703703705190e-17
6.631376778523490430e+03 5.598169259259260097e-17
6.633899463087248478e+03 5.585795925925927175e-17
6.636422156040268419e+03 5.582018148148148750e-17
6.638944840604027377e+03 5.589577407407408363e-17
6.641467525167785425e+03 5.606237037037036518e-17
6.643990218120805366e+03 5.596465185185186459e-17
6.646512902684564324e+03 5.569239999999999803e-17
6.649035587248322372e+03 5.539673333333334010e-17
6.651558280201342313e+03 5.504170740740741179e-17
6.654080964765100362e+03 5.451427037037037262e-17
6.656603649328859319e+03 5.409648518518518209e-17
6.659126342281879261e+03 5.391253333333333686e-17
6.661649026845637309e+03 5.365755555555556581e-17
6.664171711409396266e+03 5.337361851851852385e-17
6.666694404362416208e+03 5.330198888888889482e-17
6.669217088926174256e+03 5.327012222222222157e-17
6.671739773489933214e+03 5.326431851851853014e-17
6.674262466442953155e+03 5.338885185185185708e-17
6.676785151006711203e+03 5.360960000000000785e-17
6.679307835570470161e+03 5.393475925925926029e-17
6.681830528523491012e+03 5.418086666666668302e-17
6.684353213087248150e+03 5.410807037037037551e-17
6.686875906040269001e+03 5.390352592592593577e-17
6.689398590604027049e+03 5.368326666666667420e-17
6.691921275167785097e+03 5.331935555555555940e-17
6.694443968120805948e+03 5.307291111111111991e-17
6.696966652684563996e+03 5.289738888888889314e-17
6.699489337248322954e+03 5.261556296296297457e-17
6.702012030201342895e+03 5.239111111111111172e-17
6.704534714765100944e+03 5.212326296296297296e-17
6.707057399328859901e+03 5.178248148148149241e-17
6.709580092281879843e+03 5.137184074074075220e-17
6.712102776845637891e+03 5.119317777777778247e-17
6.714625461409396848e+03 5.142432962962964082e-17
6.717148154362416790e+03 5.173230370370370967e-17
6.719670838926174838e+03 5.191175925925927652e-17
6.722193523489933796e+03 5.228758518518519474e-17
6.724716216442952827e+03 5.259731111111111915e-17
6.727238901006711785e+03 5.255293333333333987e-17
6.729761585570469833e+03 5.250978518518519345e-17
6.732284278523489775e+03 5.251131111111111514e-17
6.734806963087248732e+03 5.235138518518520206e-17
6.737329647651006781e+03 5.219962222222222716e-17
6.739852340604026722e+03 5.196858148148150100e-17
6.742375025167785680e+03 5.153111111111112092e-17
6.744897718120805621e+03 5.110268518518520038e-17
6.747420402684563669e+03 5.066941481481482218e-17
6.749943087248322627e+03 5.031674444444445878e-17
6.752465780201342568e+03 5.016305185185186612e-17
6.754988464765100616e+03 4.998112222222223237e-17
6.757511149328859574e+03 4.978743703703704360e-17
6.760033842281879515e+03 4.970561111111112705e-17
6.762556526845637563e+03 4.965018888888889704e-17
6.765079211409395612e+03 4.980512222222222961e-17
6.767601904362416462e+03 4.998798888888888919e-17
6.770124588926174511e+03 4.994602592592593507e-17
6.772647273489932559e+03 5.003808518518518526e-17
6.775169966442953410e+03 5.032841851851852714e-17
6.777692651006711458e+03 5.053970370370370263e-17
6.780215335570469506e+03 5.054256666666667673e-17
6.782738028523490357e+03 5.035630740740741359e-17
6.785260713087249314e+03 5.022608888888889719e-17
6.787783397651006453e+03 5.007458148148148319e-17
6.790306090604027304e+03 4.973517777777778298e-17
6.792828775167786262e+03 4.947797777777779332e-17
6.795351459731543400e+03 4.930480740740741884e-17
6.797874152684564251e+03 4.905366296296297506e-17
6.800396837248322299e+03 4.880589629629630283e-17
6.802919521812081257e+03 4.860017037037037726e-17
6.805442214765101198e+03 4.836140000000001139e-17
6.807964899328859246e+03 4.815895555555555718e-17
6.810487592281879188e+03 4.812090000000001024e-17
6.813010276845638145e+03 4.810863703703703987e-17
6.815532961409396194e+03 4.816452592592593265e-17
6.818055654362416135e+03 4.834230740740740567e-17
6.820578338926175093e+03 4.844546296296297239e-17
6.823101023489933141e+03 4.832658148148148910e-17
6.825623716442953082e+03 4.813646666666667226e-17
6.828146401006712040e+03 4.806422222222222680e-17
6.830669085570470088e+03 4.792623703703704306e-17
6.833191778523490029e+03 4.753331111111111589e-17
6.835714463087248077e+03 4.718475185185185478e-17
6.838237147651007035e+03 4.700714074074074953e-17
6.840759840604026977e+03 4.672977037037038142e-17
6.843282525167785025e+03 4.637070370370371195e-17
6.845805209731543982e+03 4.603175555555556129e-17
6.848327902684563924e+03 4.572095925925927092e-17
6.850850587248321972e+03 4.540271481481482231e-17
6.853373271812080930e+03 4.504005925925926709e-17
6.855895964765100871e+03 4.475574444444445579e-17
6.858418649328858919e+03 4.464018148148148382e-17
6.860941333892617877e+03 4.462391851851852487e-17
6.863464026845637818e+03 4.459664444444444868e-17
6.865986711409395866e+03 4.452385185185185379e-17
6.868509404362416717e+03 4.446050000000000158e-17
6.871032088926174765e+03 4.439011851851852539e-17
6.873554773489932813e+03 4.434701481481482568e-17
6.876077466442953664e+03 4.435212222222223251e-17
6.878600151006712622e+03 4.423753333333333249e-17
6.881122835570469761e+03 4.409959629629630192e-17
6.883645528523489702e+03 4.399642962962963430e-17
6.886168213087248660e+03 4.378857037037037738e-17
6.888690897651006708e+03 4.359059629629629947e-17
6.891213590604027559e+03 4.345500000000000797e-17
6.893736275167786516e+03 4.332430370370370942e-17
6.896258959731543655e+03 4.319354074074074388e-17
6.898781652684563596e+03 4.308554074074075031e-17
6.901304337248322554e+03 4.285382222222222871e-17
6.903827021812081512e+03 4.246236296296296299e-17
6.906349714765101453e+03 4.204738518518518663e-17
6.908872399328858592e+03 4.161521481481481993e-17
6.911395083892617549e+03 4.140645925925925894e-17
6.913917776845637491e+03 4.153239629629630529e-17
6.916440461409396448e+03 4.164271481481482382e-17
6.918963145973155406e+03 4.164672962962963824e-17
6.921485838926175347e+03 4.170668148148149245e-17
6.924008523489932486e+03 4.176725185185185722e-17
6.926531216442952427e+03 4.172232962962962881e-17
6.929053901006711385e+03 4.162956666666666261e-17
6.931576585570470343e+03 4.164307037037036672e-17
6.934099278523490284e+03 4.164190370370371289e-17
6.936621963087249242e+03 4.161508518518519241e-17
6.939144647651006380e+03 4.160365185185186527e-17
6.941667340604027231e+03 4.140428518518519966e-17
6.944190025167785279e+03 4.132785555555555969e-17
6.946712709731544237e+03 4.154312222222222843e-17
6.949235402684564178e+03 4.162878518518518487e-17
6.951758087248321317e+03 4.142579629629630002e-17
6.954280771812080275e+03 4.102504074074074498e-17
6.956803464765101126e+03 4.069769259259260126e-17
6.959326149328859174e+03 4.053167407407407769e-17
6.961848833892618131e+03 4.039271481481482816e-17
6.964371526845638073e+03 4.003728148148149115e-17
6.966894211409396121e+03 3.968837037037038744e-17
6.969416895973154169e+03 3.960983333333334285e-17
6.971939588926175020e+03 3.973589259259260380e-17
6.974462273489933068e+03 4.000080370370371320e-17
6.976984958053692026e+03 4.031561481481481800e-17
6.979507651006711058e+03 4.043506666666667100e-17
6.982030335570470015e+03 4.043832962962964088e-17
6.984553020134228063e+03 4.044150740740740531e-17
6.987075713087248914e+03 4.030685185185185843e-17
6.989598397651007872e+03 3.999766296296296408e-17
6.992121090604027813e+03 3.978163333333334374e-17
6.994643775167784952e+03 3.959773703703703996e-17
6.997166459731543910e+03 3.939417037037038480e-17
6.999689152684563851e+03 3.936971111111110488e-17
7.002211837248322809e+03 3.935514074074074742e-17
7.004734521812081766e+03 3.912793703703703650e-17
7.007257214765101708e+03 3.899892962962963297e-17
7.009779899328858846e+03 3.921741111111110609e-17
7.012302583892617804e+03 3.925420370370371133e-17
7.014825276845637745e+03 3.912573703703703816e-17
7.017347961409396703e+03 3.904206296296296587e-17
7.019870645973155661e+03 3.905744814814814689e-17
7.022393338926173783e+03 3.929160740740740806e-17
7.024916023489932741e+03 3.935078518518519129e-17
7.027438708053691698e+03 3.925673703703704462e-17
7.029961401006711640e+03 3.939783333333333197e-17
7.032484085570470597e+03 3.966014814814815987e-17
7.035006770134227736e+03 3.985368888888889528e-17
7.037529463087247677e+03 3.995610000000000574e-17
7.040052147651006635e+03 3.995624444444444677e-17
7.042574832214765593e+03 3.984226666666668137e-17
7.045097525167785534e+03 3.968826666666666817e-17
7.047620209731544492e+03 3.972792962962963579e-17
7.050142902684563524e+03 3.995395185185185471e-17
7.052665587248322481e+03 3.993944814814815807e-17
7.055188271812080529e+03 3.995064814814815074e-17
7.057710964765101380e+03 4.012504444444445161e-17
7.060233649328859428e+03 4.009152962962962976e-17
7.062756333892617477e+03 4.022885185185186239e-17
7.065279026845637418e+03 4.044199259259259421e-17
7.067801711409396376e+03 4.029932592592592615e-17
7.070324395973154424e+03 4.020120740740741129e-17
7.072847088926175275e+03 4.031960000000000538e-17
7.075369773489934232e+03 4.038661851851852354e-17
7.077892458053691371e+03 4.024042592592592410e-17
7.080415151006711312e+03 4.009958518518519150e-17
7.082937835570470270e+03 3.996171851851852821e-17
7.085460520134228318e+03 3.998452592592592225e-17
7.087983213087249169e+03 4.009671111111112266e-17
7.090505897651008127e+03 3.990757407407406574e-17
7.093028582214765265e+03 3.997761111111111842e-17
7.095551275167785207e+03 4.055428148148148309e-17
7.098073959731544164e+03 4.082137407407408317e-17
7.100596644295303122e+03 4.088333333333334151e-17
7.103119337248323063e+03 4.120480000000000742e-17
7.105642021812080202e+03 4.178247037037037694e-17
7.108164706375839160e+03 4.212432222222223578e-17
7.110687399328859101e+03 4.208033703703703937e-17
7.113210083892618059e+03 4.189152962962964175e-17
7.115732776845638000e+03 4.153297777777778206e-17
7.118255461409396958e+03 4.103311111111112024e-17
7.120778145973154096e+03 4.094687777777778176e-17
7.123300838926174038e+03 4.088953333333333459e-17
7.125823523489932995e+03 4.078269259259260042e-17
7.128346208053691953e+03 4.122706666666667110e-17
7.130868901006711894e+03 4.181212592592593246e-17
7.133391585570469033e+03 4.210901481481482264e-17
7.135914270134227991e+03 4.210002222222222891e-17
7.138436963087248841e+03 4.192137407407408502e-17
7.140959647651006890e+03 4.183469629629630406e-17
7.143482332214765847e+03 4.186961481481481450e-17
7.146005025167785789e+03 4.207005555555556488e-17
7.148527709731542927e+03 4.217602592592593404e-17
7.151050394295301885e+03 4.208438888888889374e-17
7.153573087248322736e+03 4.189001851851852742e-17
7.156095771812080784e+03 4.186111111111111614e-17
7.158618456375839742e+03 4.206124814814815243e-17
7.161141149328859683e+03 4.211082222222222580e-17
7.163663833892617731e+03 4.193833333333334090e-17
7.166186518456375779e+03 4.176261481481481962e-17
7.168709211409396630e+03 4.170610370370370366e-17
7.171231895973154678e+03 4.162915925925926623e-17
7.173754588926175529e+03 4.138928518518518241e-17
7.176277273489932668e+03 4.118857407407408227e-17
7.178799958053691626e+03 4.127161481481481815e-17
7.181322651006711567e+03 4.167913703703704184e-17
7.183845335570470525e+03 4.206041111111110860e-17
7.186368020134229482e+03 4.208001111111111734e-17
7.188890713087249424e+03 4.202718518518518115e-17
7.191413397651006562e+03 4.233780740740741578e-17
7.193936082214765520e+03 4.271155555555556258e-17
7.196458775167785461e+03 4.257162222222222877e-17
7.198981459731544419e+03 4.205289259259258924e-17
7.201504144295303377e+03 4.171494814814814989e-17
7.204026837248321499e+03 4.166269629629630220e-17
7.206549521812080457e+03 4.169680000000000141e-17
7.209072206375839414e+03 4.169778888888889304e-17
7.211594899328859356e+03 4.158351481481481415e-17
7.214117583892618313e+03 4.144000000000000136e-17
7.216640268456375452e+03 4.164570370370371282e-17
7.219162961409395393e+03 4.198566296296296922e-17
7.221685645973154351e+03 4.222545185185185375e-17
7.224208330536913309e+03 4.234585555555555843e-17
7.226731023489933250e+03 4.246564814814814698e-17
7.229253708053692208e+03 4.241514814814815484e-17
7.231776392617449346e+03 4.216894074074074395e-17
7.234299085570469288e+03 4.205745925925927188e-17
7.236821770134228245e+03 4.208236666666666993e-17
7.239344463087249096e+03 4.211444074074074474e-17
7.241867147651007144e+03 4.205888148148148662e-17
7.244389832214764283e+03 4.207437037037036843e-17
7.246912525167785134e+03 4.209847037037037433e-17
7.249435209731544091e+03 4.182744444444444649e-17
7.251957894295302140e+03 4.162055925925925536e-17
7.254480587248322990e+03 4.178970370370370836e-17
7.257003271812081039e+03 4.188626666666667450e-17
7.259525956375838177e+03 4.159351851851852595e-17
7.262048649328859028e+03 4.119769629629629735e-17
7.264571333892617986e+03 4.078924444444444226e-17
7.267094018456376034e+03 4.034603333333333744e-17
7.269616711409396885e+03 4.000905925925926358e-17
7.272139395973154933e+03 3.980699629629630983e-17
7.274662080536912981e+03 3.981270370370371341e-17
7.277184773489932923e+03 3.999957407407408651e-17
7.279707458053691880e+03 4.003571111111111659e-17
7.282230142617449928e+03 3.996875185185185867e-17
7.284752835570470779e+03 3.973653703703704110e-17
7.287275520134227918e+03 3.949515185185186143e-17
7.289798204697986876e+03 3.941090000000000651e-17
7.292320897651006817e+03 3.940149259259259732e-17
7.294843582214765775e+03 3.944884444444445208e-17
7.297366275167785716e+03 3.963142962962963018e-17
7.299888959731544674e+03 3.988198518518519043e-17
7.302411644295301812e+03 3.998765555555555815e-17
7.304934337248321754e+03 3.996927777777778783e-17
7.307457021812080711e+03 3.984107407407408231e-17
7.309979706375839669e+03 3.966428888888888919e-17
7.312502399328859610e+03 3.961506666666667074e-17
7.315025083892616749e+03 3.951257407407406746e-17
7.317547768456375707e+03 3.921438148148148300e-17
7.320070461409395648e+03 3.877798888888889414e-17
7.322593145973154606e+03 3.853163333333332959e-17
7.325115830536913563e+03 3.857071481481482045e-17
7.327638523489933505e+03 3.870731851851851738e-17
7.330161208053690643e+03 3.892282222222222705e-17
7.332683892617449601e+03 3.917436666666667277e-17
7.335206585570469542e+03 3.957062222222223065e-17
7.337729270134228500e+03 3.995182962962963658e-17
7.340251954697987458e+03 4.017567407407407743e-17
7.342774647651007399e+03 4.034654814814815338e-17
7.345297332214764538e+03 4.051879259259259060e-17
7.347820016778523495e+03 4.107417777777778262e-17
7.350342709731544346e+03 4.136661851851852295e-17
7.352865394295302394e+03 4.121798518518519011e-17
7.355388087248323245e+03 4.116754444444445203e-17
7.357910771812080384e+03 4.115499629629629988e-17
7.360433456375839341e+03 4.084813333333333110e-17
7.362956149328859283e+03 4.030009629629629683e-17
7.365478833892618240e+03 3.972418888888888992e-17
7.368001518456376289e+03 3.935664814814815528e-17
7.370524211409397140e+03 3.919333703703704541e-17
7.373046895973154278e+03 3.886670000000000597e-17
7.375569580536913236e+03 3.840139259259259292e-17
7.378092273489933177e+03 3.823214814814815792e-17
7.380614958053692135e+03 3.811384814814815139e-17
7.383137642617450183e+03 3.809086296296297666e-17
7.385660335570469215e+03 3.845582592592593130e-17
7.388183020134228173e+03 3.903882222222224092e-17
7.390705704697987130e+03 3.930816666666667433e-17
7.393228397651007072e+03 3.921694074074074918e-17
7.395751082214766029e+03 3.919241111111111431e-17
7.398273766778523168e+03 3.897323333333334425e-17
7.400796459731543109e+03 3.872221851851852183e-17
7.403319144295302067e+03 3.870471111111111651e-17
7.405841828859061025e+03 3.868365185185185924e-17
7.408364521812080966e+03 3.845226666666667875e-17
7.410887206375839924e+03 3.810531111111111337e-17
7.413409890939597062e+03 3.772873703703704474e-17
7.415932583892617004e+03 3.695631111111111432e-17
7.418455268456375961e+03 3.632920740740741217e-17
7.420977961409395903e+03 3.589599259259259391e-17
7.423500645973154860e+03 3.544102592592592790e-17
7.426023330536913818e+03 3.495554074074074195e-17
7.428546023489932850e+03 3.465240740740741814e-17
7.431068708053690898e+03 3.470192222222222511e-17
7.433591392617449856e+03 3.488331481481481032e-17
7.436114085570470706e+03 3.497451851851852751e-17
7.438636770134228755e+03 3.511224814814815035e-17
7.441159454697985893e+03 3.540390740740741295e-17
7.443682147651006744e+03 3.589323333333333291e-17
7.446204832214765702e+03 3.637650370370370083e-17
7.448727516778523750e+03 3.664937777777777824e-17
7.451250209731544601e+03 3.701022222222222384e-17
7.453772894295302649e+03 3.749783333333334053e-17
7.456295578859059788e+03 3.765662222222222681e-17
7.458818271812080638e+03 3.727861111111111760e-17
7.461340956375839596e+03 3.697578518518518351e-17
7.463863640939597644e+03 3.694678888888889113e-17
7.466386333892618495e+03 3.707376296296296379e-17
7.468909018456375634e+03 3.705290740740740779e-17
7.471431703020134591e+03 3.657565925925926458e-17
7.473954395973154533e+03 3.604768888888889566e-17
7.476477080536913491e+03 3.604049259259260419e-17
7.478999773489933432e+03 3.619780740740740377e-17
7.481522458053692390e+03 3.602024814814815815e-17
7.484045142617449528e+03 3.584477407407407839e-17
7.486567835570469470e+03 3.589113333333333506e-17
7.489090520134228427e+03 3.622439629629630241e-17
7.491613204697987385e+03 3.654692962962963400e-17
7.494135897651007326e+03 3.677768888888889717e-17
7.496658582214766284e+03 3.697480370370371097e-17
7.499181266778523423e+03 3.699870000000000944e-17
7.501703959731543364e+03 3.700115185185185606e-17
7.504226644295302322e+03 3.703383333333334054e-17
7.506749328859061279e+03 3.681882222222222654e-17
7.509272021812081221e+03 3.649837777777777959e-17
7.511794706375838359e+03 3.615575925925926268e-17
7.514317390939597317e+03 3.556282592592592674e-17
7.516840083892617258e+03 3.493116296296296720e-17
7.519362768456376216e+03 3.411196296296295849e-17
7.521885453020135174e+03 3.319799999999999853e-17
7.524408145973155115e+03 3.285068888888889025e-17
7.526930830536912254e+03 3.319662592592592465e-17
7.529453515100671211e+03 3.334607777777777518e-17
7.531976208053691153e+03 3.306696666666665857e-17
7.534498892617450110e+03 3.305331481481481312e-17
7.537021577181209068e+03 3.333752222222222951e-17
7.539544270134228100e+03 3.352986666666667172e-17
7.542066954697986148e+03 3.342893333333334210e-17
7.544589647651006999e+03 3.300351111111111791e-17
7.547112332214765956e+03 3.278005925925926607e-17
7.549635016778524005e+03 3.302319629629630129e-17
7.552157709731544855e+03 3.309228148148148381e-17
7.554680394295301994e+03 3.286740370370371078e-17
7.557203078859060952e+03 3.258349259259259555e-17
7.559725771812080893e+03 3.251482222222222848e-17
7.562248456375839851e+03 3.258887037037037063e-17
7.564771140939597899e+03 3.257869629629630339e-17
7.567293833892618750e+03 3.238483333333334008e-17
7.569816518456375888e+03 3.215930740740741713e-17
7.572339203020134846e+03 3.199611111111111509e-17
7.574861895973154787e+03 3.196747037037037793e-17
7.577384580536913745e+03 3.185063333333334488e-17
7.579907265100671793e+03 3.176228888888888917e-17
7.582429958053690825e+03 3.180923333333333523e-17
7.584952642617449783e+03 3.198341481481481545e-17
7.587475327181208741e+03 3.240006296296296069e-17
7.589998020134228682e+03 3.277042222222222888e-17
7.592520704697987640e+03 3.289007407407407669e-17
7.595043389261744778e+03 3.310257037037037738e-17
7.597566082214764720e+03 3.365765555555556795e-17
7.600088766778523677e+03 3.428540740740741385e-17
7.602611459731543619e+03 3.430200740740741421e-17
7.605134144295302576e+03 3.376495925925926458e-17
7.607656828859061534e+03 3.348170370370369987e-17
7.610179521812080566e+03 3.375417037037038091e-17
7.612702206375838614e+03 3.410924444444445008e-17
7.615224890939597572e+03 3.422156296296297214e-17
7.617747583892617513e+03 3.403573333333334414e-17
7.620270268456376471e+03 3.400756666666667035e-17
7.622792953020133609e+03 3.416299629629629888e-17
7.625315645973154460e+03 3.445935185185185931e-17
7.627838330536912508e+03 3.456527407407408763e-17
7.630361015100671466e+03 3.442093703703704452e-17
7.632883708053692317e+03 3.426462962962964422e-17
7.635406392617450365e+03 3.449739629629630536e-17
7.637929077181207504e+03 3.516731851851852544e-17
7.640451770134228354e+03 3.560272962962963558e-17
7.642974454697986403e+03 3.581206666666666718e-17
7.645497139261745360e+03 3.635883333333333450e-17
7.648019832214766211e+03 3.701811111111111194e-17
7.650542516778523350e+03 3.766517777777777865e-17
7.653065201342281398e+03 3.833713703703704221e-17
7.655587894295302249e+03 3.901016296296296529e-17
7.658110578859061206e+03 3.955174814814816436e-17
7.660633271812081148e+03 3.945582222222222876e-17
7.663155956375840105e+03 3.886042962962963944e-17
7.665678640939597244e+03 3.815097037037037280e-17
7.668201333892617185e+03 3.650780111111111731e-17
7.670724018456376143e+03 3.519264222222222153e-17
7.673246703020135101e+03 3.552104222222222357e-17
7.675769395973155042e+03 3.621895333333334291e-17
7.678292080536914000e+03 3.617576074074074362e-17
7.680814765100671138e+03 3.590946814814815357e-17
7.683337458053691080e+03 3.556673481481482266e-17
7.685860142617450038e+03 3.548720518518519232e-17
7.688382827181208995e+03 3.564159407407408191e-17
7.690905520134228937e+03 3.585277555555556278e-17
7.693428204697986075e+03 3.634445703703704150e-17
7.695950889261745033e+03 3.676178296296296986e-17
7.698473582214764974e+03 3.754558666666667365e-17
7.700996266778523932e+03 3.862834592592593814e-17
7.703518951342282890e+03 3.845254962962964281e-17
7.706041644295302831e+03 3.729041259259260193e-17
7.708564328859059970e+03 3.611282370370371303e-17
7.711087013422818927e+03 3.511793111111111594e-17
7.713609706375838869e+03 3.464190518518518650e-17
7.716132390939597826e+03 3.501597185185185473e-17
7.718655075503356784e+03 3.510228666666666755e-17
7.721177768456375816e+03 3.497749037037037911e-17
7.723700453020133864e+03 3.469473851851852329e-17
7.726223145973154715e+03 3.403223851851852238e-17
7.728745830536912763e+03 3.385399407407408073e-17
7.731268515100671721e+03 3.384086444444445182e-17
7.733791208053692571e+03 3.356870888888889161e-17
7.736313892617449710e+03 3.430535592592592630e-17
7.738836577181207758e+03 3.534161481481482582e-17
7.741359270134228609e+03 3.567687777777777822e-17
