3.002516778523489847e+03 4.458166551724137602e-17
3.005011476510067496e+03 4.403677586206893943e-17
3.007506166107382796e+03 4.371459310344825662e-17
3.010000864093959990e+03 4.381239999999998421e-17
3.012495562080537184e+03 4.391358620689653196e-17
3.014990260067114377e+03 4.458928275862067739e-17
3.017484949664429678e+03 4.474823103448274253e-17
3.019979647651006871e+03 4.527996206896550160e-17
3.022474345637584065e+03 4.696226896551722564e-17
3.024969035234899366e+03 4.749270689655170024e-17
3.027463733221476559e+03 4.763035172413790905e-17
3.029958431208053753e+03 4.788089999999997454e-17
3.032453129194630947e+03 4.780655862068962846e-17
3.034947818791946247e+03 4.738773103448273839e-17
3.037442516778523441e+03 4.678788275862067431e-17
3.039937214765100634e+03 4.668801724137929220e-17
3.042431904362416390e+03 4.634796551724136022e-17
3.044926602348993583e+03 4.664804827586204682e-17
3.047421300335570777e+03 4.759154137931032617e-17
3.049915998322147971e+03 4.860425862068963770e-17
3.052410687919463271e+03 4.907975172413790999e-17
3.054905385906040465e+03 4.922410344827584230e-17
3.057400083892617658e+03 4.979776551724136478e-17
3.059894773489932959e+03 5.014819655172412620e-17
3.062389471476510153e+03 4.997476206896550839e-17
3.064884169463087346e+03 5.013979310344826462e-17
3.067378867449664540e+03 4.916716896551722845e-17
3.069873557046979840e+03 4.853220344827584677e-17
3.072368255033557034e+03 4.872840344827584269e-17
3.074862953020134228e+03 4.874133448275860110e-17
3.077357642617449528e+03 4.920141724137929301e-17
3.079852340604027177e+03 4.892835172413790939e-17
3.082347038590604370e+03 4.834357241379309322e-17
3.084841736577181564e+03 4.809568275862067285e-17
3.087336426174496864e+03 4.816638275862066431e-17
3.089831124161074058e+03 4.876024137931032212e-17
3.092325822147651252e+03 4.902446206896549889e-17
3.094820511744966552e+03 4.780435172413790828e-17
3.097315209731543746e+03 4.727486896551722504e-17
3.099809907718120940e+03 4.756240689655170535e-17
3.102304605704698133e+03 4.748392413793102071e-17
3.104799295302013434e+03 4.751090689655170836e-17
3.107293993288590627e+03 4.783693103448274059e-17
3.109788691275167821e+03 4.804397241379308289e-17
3.112283389261745015e+03 4.721728275862067296e-17
3.114778078859060315e+03 4.667405517241377145e-17
3.117272776845637964e+03 4.638491379310343171e-17
3.119767474832215157e+03 4.605421724137928868e-17
3.122262164429530458e+03 4.519544137931032703e-17
3.124756862416107651e+03 4.433963448275860395e-17
3.127251560402684845e+03 4.415945517241377714e-17
3.129746258389262039e+03 4.451763448275860408e-17
3.132240947986577339e+03 4.507033793103446668e-17
3.134735645973154533e+03 4.557773793103446138e-17
3.137230343959731726e+03 4.563306551724135796e-17
3.139725033557047027e+03 4.576443793103446671e-17
3.142219731543624221e+03 4.609224137931031752e-17
3.144714429530201414e+03 4.610118620689653718e-17
3.147209127516778608e+03 4.626870344827583721e-17
3.149703817114093908e+03 4.697201379310343069e-17
3.152198515100671557e+03 4.824373793103446245e-17
3.154693213087248751e+03 4.876151034482757092e-17
3.157187902684564051e+03 4.902613793103445915e-17
3.159682600671141245e+03 4.933550344827584619e-17
3.162177298657718438e+03 4.947290689655170454e-17
3.164671996644295632e+03 4.962402413793101135e-17
3.167166686241610932e+03 5.008526551724135343e-17
3.169661384228188126e+03 5.073652758620687001e-17
3.172156082214765320e+03 5.089111034482756612e-17
3.174650771812080620e+03 5.130415862068963055e-17
3.177145469798657814e+03 5.183538620689652320e-17
3.179640167785235008e+03 5.270032413793100476e-17
3.182134865771812201e+03 5.323178620689653219e-17
3.184629555369127502e+03 5.348522758620687141e-17
3.187124253355704695e+03 5.434078965517239237e-17
3.189618951342282344e+03 5.481574482758618290e-17
3.192113640939597644e+03 5.473992068965515570e-17
3.194608338926174838e+03 5.514226206896548956e-17
3.197103036912752032e+03 5.655991724137928972e-17
3.199597734899329225e+03 5.736764482758619164e-17
3.202092424496644526e+03 5.698337931034481126e-17
3.204587122483221719e+03 5.694364482758618218e-17
3.207081820469798913e+03 5.730768965517239158e-17
3.209576510067114214e+03 5.748723793103446414e-17
3.212071208053691407e+03 5.765455517241376321e-17
3.214565906040268601e+03 5.729505172413791279e-17
3.217060604026845795e+03 5.689344137931032133e-17
3.219555293624161095e+03 5.696571724137928489e-17
3.222049991610738289e+03 5.660849310344824315e-17
3.224544689597315482e+03 5.580869655172411238e-17
3.227039379194631238e+03 5.560951724137927974e-17
3.229534077181208431e+03 5.519555862068962511e-17
3.232028775167785625e+03 5.436129655172412114e-17
3.234523473154362819e+03 5.385668275862065937e-17
3.237018162751678119e+03 5.359503448275860171e-17
3.239512860738255313e+03 5.348161724137928662e-17
3.242007558724832506e+03 5.336933448275859835e-17
3.244502248322147807e+03 5.349723103448273196e-17
3.246996946308725001e+03 5.330397586206894510e-17
3.249491644295302194e+03 5.295607241379307696e-17
3.251986342281879388e+03 5.223413103448274674e-17
3.254481031879194688e+03 5.169623448275859760e-17
3.256975729865771882e+03 5.179907241379308227e-17
3.259470427852349076e+03 5.167693103448273248e-17
3.261965117449664376e+03 5.127563448275859847e-17
3.264459815436242025e+03 5.117443103448273073e-17
3.266954513422819218e+03 5.102605862068963817e-17
3.269449211409396412e+03 5.061698620689653282e-17
3.271943901006711712e+03 5.006377241379308196e-17
3.274438598993288906e+03 4.987086896551721955e-17
3.276933296979866100e+03 4.969499655172411693e-17
3.279427986577181400e+03 4.959531379310342813e-17
3.281922684563758594e+03 4.928062068965515887e-17
3.284417382550335788e+03 4.882228275862067020e-17
3.286912080536912981e+03 4.863954827586205044e-17
3.289406770134228282e+03 4.854792068965515660e-17
3.291901468120805475e+03 4.827258620689652548e-17
3.294396166107382669e+03 4.801383793103446955e-17
3.296890864093959863e+03 4.815656206896549444e-17
3.299385553691275163e+03 4.821067931034481171e-17
3.301880251677852812e+03 4.814771379310342360e-17
3.304374949664430005e+03 4.817628620689653317e-17
3.306869639261745306e+03 4.830397241379307997e-17
3.309364337248322499e+03 4.816656206896549978e-17
3.311859035234899693e+03 4.777510689655170114e-17
3.314353733221476432e+03 4.743256206896550353e-17
3.316848422818792187e+03 4.695422758620687435e-17
3.319343120805369381e+03 4.688116896551722074e-17
3.321837818791946574e+03 4.739508965517238779e-17
3.324332508389261875e+03 4.789863103448274389e-17
3.326827206375839069e+03 4.851590344827583554e-17
3.329321904362416262e+03 4.862524482758617875e-17
3.331816602348993456e+03 4.870163103448273569e-17
3.334311291946308756e+03 4.910570689655170545e-17
3.336805989932886405e+03 4.929782758620687165e-17
3.339300687919463599e+03 4.930544827586205550e-17
3.341795377516778899e+03 4.936692413793100984e-17
3.344290075503356093e+03 4.962814137931032657e-17
3.346784773489933286e+03 4.974460344827583887e-17
3.349279471476510025e+03 4.962531034482756166e-17
3.351774161073825780e+03 4.943040344827583788e-17
3.354268859060402974e+03 4.961964482758618017e-17
3.356763557046980168e+03 5.003854482758618339e-17
3.359258246644295468e+03 5.042492068965514129e-17
3.361752944630872662e+03 5.082567586206894188e-17
3.364247642617449856e+03 5.142026896551721225e-17
3.366742340604027049e+03 5.193472068965515155e-17
3.369237030201342350e+03 5.212858620689652099e-17
3.371731728187919543e+03 5.243443793103446589e-17
3.374226426174497192e+03 5.308500689655170707e-17
3.376721115771812492e+03 5.367771724137929438e-17
3.379215813758389686e+03 5.427651034482756045e-17
3.381710511744966880e+03 5.510302758620686907e-17
3.384205209731543619e+03 5.592051034482756804e-17
3.386699899328859374e+03 5.678547586206894309e-17
3.389194597315436567e+03 5.787793448275860223e-17
3.391689295302013306e+03 5.869186896551721290e-17
3.394183984899329062e+03 5.932092413793100480e-17
3.396678682885906255e+03 5.990959999999996971e-17
3.399173380872483449e+03 5.990552068965513998e-17
3.401668078859060188e+03 6.021375862068962203e-17
3.404162768456375943e+03 6.063181379310342637e-17
3.406657466442953137e+03 6.093002068965514559e-17
3.409152164429530330e+03 6.129993448275858911e-17
3.411646854026846086e+03 6.167667586206894061e-17
3.414141552013423279e+03 6.200629310344824381e-17
3.416636250000000473e+03 6.258112758620687245e-17
3.419130947986577212e+03 6.324523448275859678e-17
3.421625637583892967e+03 6.389561379310342282e-17
3.424120335570470161e+03 6.485032413793100251e-17
3.426615033557046900e+03 6.581959655172411201e-17
3.429109723154362655e+03 6.660274137931031327e-17
3.431604421140939849e+03 6.719674137931030872e-17
3.434099119127517042e+03 6.755391724137927914e-17
3.436593817114093781e+03 6.778276896551720202e-17
3.439088506711409536e+03 6.824953793103445810e-17
3.441583204697986730e+03 6.861972413793100958e-17
3.444077902684563924e+03 6.887932413793101088e-17
3.446572592281879224e+03 6.917095517241377074e-17
3.449067290268456418e+03 6.946269999999998091e-17
3.451561988255033611e+03 6.943285862068962870e-17
3.454056686241610805e+03 6.948740344827584756e-17
3.456551375838926560e+03 6.958417586206893648e-17
3.459046073825503754e+03 6.981918620689652144e-17
3.461540771812080948e+03 6.998027241379307609e-17
3.464035461409395793e+03 7.003149310344823713e-17
3.466530159395972987e+03 6.971567586206891455e-17
3.469024857382550181e+03 6.949057931034479043e-17
3.471519555369127374e+03 7.002902413793100716e-17
3.474014244966443130e+03 7.063514482758618980e-17
3.476508942953020323e+03 7.110701034482755113e-17
3.479003640939597517e+03 7.141591724137929140e-17
3.481498330536912817e+03 7.157735517241376434e-17
3.483993028523490011e+03 7.207417931034480494e-17
3.486487726510067205e+03 7.234366896551720678e-17
3.488982424496644398e+03 7.249917241379306660e-17
3.491477114093960154e+03 7.277836896551720031e-17
3.493971812080537347e+03 7.328808275862065599e-17
3.496466510067114541e+03 7.353779310344824443e-17
3.498961208053691735e+03 7.351193448275857929e-17
3.501455897651006580e+03 7.335093103448273595e-17
3.503950595637583774e+03 7.311810689655168100e-17
3.506445293624160968e+03 7.292815517241376797e-17
3.508939983221476723e+03 7.288071034482755272e-17
3.511434681208053917e+03 7.291212068965514903e-17
3.513929379194631110e+03 7.307228965517237316e-17
3.516424077181208304e+03 7.338264137931031522e-17
3.518918766778523604e+03 7.347395517241376394e-17
3.521413464765100798e+03 7.355861379310341832e-17
3.523908162751677992e+03 7.392486551724135405e-17
3.526402852348993747e+03 7.417369310344823963e-17
3.528897550335570941e+03 7.430971724137929368e-17
3.531392248322148134e+03 7.416648965517237771e-17
3.533886946308725328e+03 7.391270344827584819e-17
3.536381635906040174e+03 7.353372068965514270e-17
3.538876333892617367e+03 7.346705862068963763e-17
3.541371031879194561e+03 7.332589310344824635e-17
3.543865721476510316e+03 7.297846206896548714e-17
3.546360419463087510e+03 7.274991724137927522e-17
3.548855117449664704e+03 7.255279655172411559e-17
3.551349815436241897e+03 7.239587586206894132e-17
3.553844505033557198e+03 7.242724827586204598e-17
3.556339203020134391e+03 7.236661379310342035e-17
3.558833901006711585e+03 7.239150344827583198e-17
3.561328590604027340e+03 7.229067241379307267e-17
3.563823288590604534e+03 7.200148965517238345e-17
3.566317986577181728e+03 7.163413793103443622e-17
3.568812684563758921e+03 7.130604482758618212e-17
3.571307374161073767e+03 7.116999655172410474e-17
3.573802072147650961e+03 7.118495517241374785e-17
3.576296770134228154e+03 7.128416551724134006e-17
3.578791459731543910e+03 7.152035862068962318e-17
3.581286157718121103e+03 7.170609999999996082e-17
3.583780855704698297e+03 7.149616896551720878e-17
3.586275553691275491e+03 7.090909999999995497e-17
3.588770243288590336e+03 7.025072068965515177e-17
3.591264941275167985e+03 7.013875517241375414e-17
3.593759639261745178e+03 7.001811379310343011e-17
3.596254328859060934e+03 6.980577931034479011e-17
3.598749026845638127e+03 6.945677241379308346e-17
3.601243724832215321e+03 6.902261379310341719e-17
3.603738422818792515e+03 6.881079655172411809e-17
3.606233112416107360e+03 6.862915517241375718e-17
3.608727810402684554e+03 6.887903448275859526e-17
3.611222508389261748e+03 6.940898965517236893e-17
3.613717197986577503e+03 6.978764137931032780e-17
3.616211895973154697e+03 6.965395172413789408e-17
3.618706593959731890e+03 6.930413448275860388e-17
3.621201291946309084e+03 6.953982413793098976e-17
3.623695981543623930e+03 6.986052413793100994e-17
3.626190679530201123e+03 6.965527586206892988e-17
3.628685377516778772e+03 6.958612413793102317e-17
3.631180067114094072e+03 6.959525517241377548e-17
3.633674765100671721e+03 6.974461034482756522e-17
3.636169463087248914e+03 7.010145517241376436e-17
3.638664161073826108e+03 7.031248965517239190e-17
3.641158850671140954e+03 7.053198965517238984e-17
3.643653548657718147e+03 7.062348620689653187e-17
3.646148246644295341e+03 7.054174482758619305e-17
3.648642936241611096e+03 7.048093793103445379e-17
3.651137634228188290e+03 7.067467241379308990e-17
3.653632332214765484e+03 7.079573103448273586e-17
3.656127030201342677e+03 7.106204827586204649e-17
3.658621719798657523e+03 7.154532758620686978e-17
3.661116417785234717e+03 7.175179999999996667e-17
3.663611115771812365e+03 7.180030344827583777e-17
3.666105805369127665e+03 7.214148965517238425e-17
3.668600503355704859e+03 7.241039310344827614e-17
3.671095201342282508e+03 7.253747931034480155e-17
3.673589899328859701e+03 7.296215172413790857e-17
3.676084588926174547e+03 7.330259999999996616e-17
3.678579286912751741e+03 7.354531034482755764e-17
3.681073984899328934e+03 7.382460344827583400e-17
3.683568682885906128e+03 7.393292068965511820e-17
3.686063372483221883e+03 7.424278965517238400e-17
3.688558070469799077e+03 7.477002068965512741e-17
3.691052768456376270e+03 7.514610689655168900e-17
3.693547458053691116e+03 7.520301724137926719e-17
3.696042156040268310e+03 7.533214827586203427e-17
3.698536854026845504e+03 7.586248275862065055e-17
3.701031552013423152e+03 7.622777586206892476e-17
3.703526241610738452e+03 7.661883793103444946e-17
3.706020939597315646e+03 7.700227241379307463e-17
3.708515637583893295e+03 7.715401724137928401e-17
3.711010327181208140e+03 7.743455172413788486e-17
3.713505025167785334e+03 7.800425862068961993e-17
3.715999723154362528e+03 7.855186896551720429e-17
3.718494421140939721e+03 7.894282758620685835e-17
3.720989110738255476e+03 7.942090344827582941e-17
3.723483808724832670e+03 7.971282758620686889e-17
3.725978506711409864e+03 8.003692758620686857e-17
3.728473196308724710e+03 8.035160689655170033e-17
3.730967894295301903e+03 8.062395862068963073e-17
3.733462592281879097e+03 8.110497241379306436e-17
3.735957290268456291e+03 8.154970344827582073e-17
3.738451979865772046e+03 8.189577931034478048e-17
3.740946677852349239e+03 8.238230689655170293e-17
3.743441375838926888e+03 8.306590689655168903e-17
3.745936065436241734e+03 8.345343793103445159e-17
3.748430763422818927e+03 8.368811034482754961e-17
3.750925461409396121e+03 8.412658965517237758e-17
3.753420159395973315e+03 8.448785172413790572e-17
3.755914848993289070e+03 8.475144827586203776e-17
3.758409546979866263e+03 8.485740344827582663e-17
3.760904244966443457e+03 8.510989655172409633e-17
3.763398934563758303e+03 8.560399655172411899e-17
3.765893632550335496e+03 8.592607241379306099e-17
3.768388330536912690e+03 8.609099310344824940e-17
3.770883028523489884e+03 8.629785862068962023e-17
3.773377718120805639e+03 8.635374827586204656e-17
3.775872416107382833e+03 8.634048275862065288e-17
3.778367114093960026e+03 8.639716896551720676e-17
3.780861803691275327e+03 8.667295517241375665e-17
3.783356501677852521e+03 8.688751034482756665e-17
3.785851199664429714e+03 8.670462758620686892e-17
3.788345897651006908e+03 8.674931724137927793e-17
3.790840587248322663e+03 8.711248275862066079e-17
3.793335285234899857e+03 8.739980344827582629e-17
3.795829983221477050e+03 8.749692758620687048e-17
3.798324672818791896e+03 8.750941724137928362e-17
3.800819370805369090e+03 8.749569999999997732e-17
3.803314068791946283e+03 8.762939310344823807e-17
3.805808766778523477e+03 8.786855862068962375e-17
3.808303456375839232e+03 8.798633793103444386e-17
3.810798154362416426e+03 8.773962758620688229e-17
3.813292852348993620e+03 8.744644137931030968e-17
3.815787541946308920e+03 8.715036551724135814e-17
3.818282239932886114e+03 8.697979655172410824e-17
3.820776937919463307e+03 8.710265517241376292e-17
3.823271635906040501e+03 8.715319999999996239e-17
3.825766325503356256e+03 8.703275172413789901e-17
3.828261023489933450e+03 8.681023103448273951e-17
3.830755721476510644e+03 8.669885862068962912e-17
3.833250411073825489e+03 8.678543448275859421e-17
3.835745109060402683e+03 8.675374827586203827e-17
3.838239807046979877e+03 8.655669655172410931e-17
3.840734505033557070e+03 8.647675862068964322e-17
3.843229194630872826e+03 8.626198965517238857e-17
3.845723892617450019e+03 8.617536896551720383e-17
3.848218590604027213e+03 8.607256896551721081e-17
3.850713280201342513e+03 8.557127586206893055e-17
3.853207978187919707e+03 8.508936551724133806e-17
3.855702676174496901e+03 8.484479310344823518e-17
3.858197374161074094e+03 8.449675172413788107e-17
3.860692063758389850e+03 8.396899999999996974e-17
3.863186761744967043e+03 8.338372758620686066e-17
3.865681459731544237e+03 8.277983793103445234e-17
3.868176157718120521e+03 8.245017241379305317e-17
3.870670847315436276e+03 8.220492413793101338e-17
3.873165545302013470e+03 8.189164137931029976e-17
3.875660243288590664e+03 8.141335862068963671e-17
3.878154932885906419e+03 8.077732068965513087e-17
3.880649630872483613e+03 8.019157586206893752e-17
3.883144328859060806e+03 7.980673448275858989e-17
3.885639026845637545e+03 7.952513103448271654e-17
3.888133716442953300e+03 7.915332758620686196e-17
3.890628414429530494e+03 7.867685517241375033e-17
3.893123112416107688e+03 7.815261379310340482e-17
3.895617802013423443e+03 7.758492068965512312e-17
3.898112500000000637e+03 7.696260689655168855e-17
3.900607197986577830e+03 7.639408275862065163e-17
3.903101895973154114e+03 7.593972758620686236e-17
3.905596585570469870e+03 7.546074482758618976e-17
3.908091283557047063e+03 7.490715862068961196e-17
3.910585981543624257e+03 7.450643793103447601e-17
3.913080671140940012e+03 7.407137931034477456e-17
3.915575369127517206e+03 7.368217931034479824e-17
3.918070067114094400e+03 7.317738620689651949e-17
3.920564765100671138e+03 7.273877586206893354e-17
3.923059454697986894e+03 7.256685172413788418e-17
3.925554152684564087e+03 7.230580344827582942e-17
3.928048850671141281e+03 7.206443793103443308e-17
3.930543540268457036e+03 7.214488620689652441e-17
3.933038238255034230e+03 7.205693103448271186e-17
3.935532936241611424e+03 7.186575172413790568e-17
3.938027634228187708e+03 7.176117931034479128e-17
3.940522323825503463e+03 7.147783448275858485e-17
3.943017021812080657e+03 7.105745862068961619e-17
3.945511719798657850e+03 7.081833103448273449e-17
3.948006409395973606e+03 7.079616896551720480e-17
3.950501107382550799e+03 7.074524827586203906e-17
3.952995805369127083e+03 7.071638620689652003e-17
3.955490503355704732e+03 7.077561034482755920e-17
3.957985192953020032e+03 7.061972413793100510e-17
3.960479890939597681e+03 7.046001034482755758e-17
3.962974588926174874e+03 7.038749655172411372e-17
3.965469278523490175e+03 7.034402068965515420e-17
3.967963976510067823e+03 7.040236551724135450e-17
3.970458674496644107e+03 7.061966896551721811e-17
3.972953372483221301e+03 7.075211034482756236e-17
3.975448062080537056e+03 7.065806206896549138e-17
3.977942760067114250e+03 7.060557241379308154e-17
3.980437458053691444e+03 7.061347931034480470e-17
3.982932147651007199e+03 7.048217241379307494e-17
3.985426845637584393e+03 7.048910689655170523e-17
3.987921543624160677e+03 7.051132068965513327e-17
3.990416241610738325e+03 7.070878965517239648e-17
3.992910931208053626e+03 7.078660689655169922e-17
3.995405629194630819e+03 7.073178620689653306e-17
3.997900327181208468e+03 7.066212068965516177e-17
4.000395016778523768e+03 7.053988275862065701e-17
4.002889714765101417e+03 7.012706896551722121e-17
4.005384412751677701e+03 6.984572413793099982e-17
4.007879110738254894e+03 6.988356206896550217e-17
4.010373800335570650e+03 6.980409999999997202e-17
4.012868498322147843e+03 6.960327931034480063e-17
4.015363196308725037e+03 6.958176206896549350e-17
4.017857885906040792e+03 6.962430689655167884e-17
4.020352583892617986e+03 6.957496206896549751e-17
4.022847281879194270e+03 6.974128275862065572e-17
4.025341979865771464e+03 6.972160689655168833e-17
4.027836669463087219e+03 6.956422413793099712e-17
4.030331367449664413e+03 6.963132068965515644e-17
4.032826065436241606e+03 6.966026896551721380e-17
4.035320755033557361e+03 6.957567931034480241e-17
4.037815453020134555e+03 6.959908275862065659e-17
4.040310151006711294e+03 6.979647241379307250e-17
4.042804848993288488e+03 6.979596206896547191e-17
4.045299538590604243e+03 6.974788275862065074e-17
4.047794236577181437e+03 6.987358275862066233e-17
4.050288934563758630e+03 6.985546206896549536e-17
4.052783624161074385e+03 6.979931379310341707e-17
4.055278322147651579e+03 6.980746206896548452e-17
4.057773020134227863e+03 6.969637931034480208e-17
4.060267718120805057e+03 6.974115862068963807e-17
4.062762407718120812e+03 6.964345517241376264e-17
4.065257105704698006e+03 6.948345517241377582e-17
4.067751803691275200e+03 6.939861379310342813e-17
4.070246501677852848e+03 6.948838620689653242e-17
4.072741191275168148e+03 6.950771724137928487e-17
4.075235889261744887e+03 6.948896206896547501e-17
4.077730587248322081e+03 6.946620344827584339e-17
4.080225276845637836e+03 6.929770689655168552e-17
4.082719974832215030e+03 6.932670344827583885e-17
4.085214672818792224e+03 6.956420689655168946e-17
4.087709370805369417e+03 6.965612413793100508e-17
4.090204060402685172e+03 6.956753448275858663e-17
4.092698758389261457e+03 6.940393793103444635e-17
4.095193456375838650e+03 6.920613793103446116e-17
4.097688145973154860e+03 6.902596206896548603e-17
4.100182843959732054e+03 6.880835862068963946e-17
4.102677541946309248e+03 6.860577241379308699e-17
4.105172239932886441e+03 6.856823103448271593e-17
4.107666929530201742e+03 6.862359310344825867e-17
4.110161627516778026e+03 6.849862413793100797e-17
4.112656325503355220e+03 6.809599310344825232e-17
4.115151015100671430e+03 6.761586551724134857e-17
4.117645713087248623e+03 6.725315517241376697e-17
4.120140411073825817e+03 6.693585517241377560e-17
4.122635109060403011e+03 6.679703448275859663e-17
4.125129798657718311e+03 6.678696551724135446e-17
4.127624496644295505e+03 6.665781379310341572e-17
4.130119194630872698e+03 6.652326896551721578e-17
4.132613884228187999e+03 6.618435862068962630e-17
4.135108582214765192e+03 6.586882413793101600e-17
4.137603280201342386e+03 6.580977241379306581e-17
4.140097978187919580e+03 6.568382068965514259e-17
4.142592667785234880e+03 6.540693103448271720e-17
4.145087365771812074e+03 6.515231379310343248e-17
4.147582063758389268e+03 6.496811724137927861e-17
4.150076753355704568e+03 6.484607241379307147e-17
4.152571451342281762e+03 6.468772758620686708e-17
4.155066149328858955e+03 6.435703448275858804e-17
4.157560847315436149e+03 6.398245517241376788e-17
4.160055536912751450e+03 6.369625862068962488e-17
4.162550234899328643e+03 6.353291379310342090e-17
4.165044932885905837e+03 6.332306206896549151e-17
4.167539622483222047e+03 6.289456896551721905e-17
4.170034320469799241e+03 6.265485517241376579e-17
4.172529018456376434e+03 6.245070344827583323e-17
4.175023716442953628e+03 6.228918275862066130e-17
4.177518406040268019e+03 6.207644482758616769e-17
4.180013104026845213e+03 6.180032758620688350e-17
4.182507802013422406e+03 6.166275862068963335e-17
4.185002491610738616e+03 6.146007241379308656e-17
4.187497189597315810e+03 6.145387586206894516e-17
4.189991887583893003e+03 6.160457241379307836e-17
4.192486585570470197e+03 6.166139655172410589e-17
4.194981275167785498e+03 6.141348620689652618e-17
4.197475973154362691e+03 6.105359310344825349e-17
4.199970671140939885e+03 6.077237586206893842e-17
4.202465360738255185e+03 6.048372413793100912e-17
4.204960058724832379e+03 6.026534482758618200e-17
4.207454756711409573e+03 6.009168965517240388e-17
4.209949454697986766e+03 5.974625862068964205e-17
4.212444144295302067e+03 5.955800344827584245e-17
4.214938842281879261e+03 5.948078965517238197e-17
4.217433540268456454e+03 5.930580689655170404e-17
4.219928229865771755e+03 5.921316206896547920e-17
4.222422927852348948e+03 5.917599999999997540e-17
4.224917625838926142e+03 5.901185517241377986e-17
4.227412323825503336e+03 5.895594482758618187e-17
4.229907013422818636e+03 5.876797241379306990e-17
4.232401711409395830e+03 5.861026206896549607e-17
4.234896409395973023e+03 5.843765862068962114e-17
4.237391098993288324e+03 5.854694827586204750e-17
4.239885796979866427e+03 5.878714137931031304e-17
4.242380494966443621e+03 5.883194137931032069e-17
4.244875192953020814e+03 5.895472758620688071e-17
4.247369882550335205e+03 5.886908965517238082e-17
4.249864580536912399e+03 5.877216551724136226e-17
4.252359278523489593e+03 5.892689655172411786e-17
4.254853976510066786e+03 5.882474137931032276e-17
4.257348666107382996e+03 5.880625517241376918e-17
4.259843364093960190e+03 5.895137586206893555e-17
4.262338062080537384e+03 5.892545172413790375e-17
4.264832751677851775e+03 5.885106896551722050e-17
4.267327449664428968e+03 5.899393103448272521e-17
4.269822147651007072e+03 5.922709655172410645e-17
4.272316845637584265e+03 5.948986896551722360e-17
4.274811535234899566e+03 5.982588275862065685e-17
4.277306233221476759e+03 6.004258275862066588e-17
4.279800931208053953e+03 6.028344482758617731e-17
4.282295620805369254e+03 6.069156551724134914e-17
4.284790318791946447e+03 6.109361724137928586e-17
4.287285016778523641e+03 6.142556896551722171e-17
4.289779714765100834e+03 6.160891724137928804e-17
4.292274404362416135e+03 6.187276206896549238e-17
4.294769102348993329e+03 6.210433793103445786e-17
4.297263800335570522e+03 6.226656896551720668e-17
4.299758489932885823e+03 6.251147586206894483e-17
4.302253187919463016e+03 6.309616896551722266e-17
4.304747885906040210e+03 6.357433793103444772e-17
4.307242583892617404e+03 6.391537241379307688e-17
4.309737273489932704e+03 6.407400344827583290e-17
4.312231971476510807e+03 6.425821034482755411e-17
4.314726669463088001e+03 6.456919310344823809e-17
4.317221359060402392e+03 6.492618275862066353e-17
4.319716057046979586e+03 6.538430344827583124e-17
4.322210755033556779e+03 6.584023448275860493e-17
4.324705453020133973e+03 6.612553103448272507e-17
4.327200142617450183e+03 6.652172413793101967e-17
4.329694840604027377e+03 6.696001034482755001e-17
4.332189538590604570e+03 6.716518620689653541e-17
4.334684228187918961e+03 6.754197586206893358e-17
4.337178926174496155e+03 6.816882068965513514e-17
4.339673624161073349e+03 6.867962068965514632e-17
4.342168322147651452e+03 6.923690344827582258e-17
4.344663011744966752e+03 6.969565172413790519e-17
4.347157709731543946e+03 6.999759310344823918e-17
4.349652407718121140e+03 7.058916551724134799e-17
4.352147097315436440e+03 7.127413448275858955e-17
4.354641795302013634e+03 7.190709999999996153e-17
4.357136493288590827e+03 7.252382758620684959e-17
4.359631191275168021e+03 7.320812413793101823e-17
4.362125880872483322e+03 7.404179999999997529e-17
4.364620578859060515e+03 7.483110689655169030e-17
4.367115276845637709e+03 7.558969999999996688e-17
4.369609966442953009e+03 7.637773793103445773e-17
4.372104664429530203e+03 7.700275172413791155e-17
4.374599362416107397e+03 7.750989999999996995e-17
4.377094060402684590e+03 7.810066896551721089e-17
4.379588749999999891e+03 7.878731724137928286e-17
4.382083447986577085e+03 7.957474137931031481e-17
4.384578145973155188e+03 8.029770344827581537e-17
4.387072835570469579e+03 8.099340689655169332e-17
4.389567533557046772e+03 8.166044137931030056e-17
4.392062231543623966e+03 8.237051379310342303e-17
4.394556929530201160e+03 8.289117931034478675e-17
4.397051619127517370e+03 8.343142068965514820e-17
4.399546317114094563e+03 8.406627586206891891e-17
4.402041015100671757e+03 8.470734482758617567e-17
4.404535704697986148e+03 8.548184137931031321e-17
4.407030402684563342e+03 8.623020344827582599e-17
4.409525100671140535e+03 8.693553103448272450e-17
4.412019798657717729e+03 8.744079310344824818e-17
4.414514488255033939e+03 8.771771379310342490e-17
4.417009186241611133e+03 8.822777241379307086e-17
4.419503884228188326e+03 8.885415172413789149e-17
4.421998573825503627e+03 8.927386896551721858e-17
4.424493271812080820e+03 8.969785517241375971e-17
4.426987969798658014e+03 9.028117241379306642e-17
4.429482667785235208e+03 9.092710689655168846e-17
4.431977357382550508e+03 9.133346206896549155e-17
4.434472055369127702e+03 9.155177931034479134e-17
4.436966753355704896e+03 9.192643448275857017e-17
4.439461442953020196e+03 9.237039999999996264e-17
4.441956140939597390e+03 9.275926206896548900e-17
4.444450838926174583e+03 9.338826206896548157e-17
4.446945536912751777e+03 9.387940689655169701e-17
4.449440226510067077e+03 9.410041379310341174e-17
4.451934924496644271e+03 9.440284482758616233e-17
4.454429622483221465e+03 9.474337931034479522e-17
4.456924320469798658e+03 9.512824827586201786e-17
4.459419010067113959e+03 9.542271379310340662e-17
4.461913708053691153e+03 9.559564827586204050e-17
4.464408406040268346e+03 9.576537586206894320e-17
4.466903095637584556e+03 9.608472413793100326e-17
4.469397793624161750e+03 9.631539310344824254e-17
4.471892491610738944e+03 9.655253103448271886e-17
4.474387189597316137e+03 9.679811724137928258e-17
4.476881879194630528e+03 9.686072068965514191e-17
4.479376577181207722e+03 9.669721379310340396e-17
4.481871275167784916e+03 9.644806551724133910e-17
4.484365964765101126e+03 9.653082413793100276e-17
4.486860662751678319e+03 9.687002068965513153e-17
4.489355360738255513e+03 9.701430689655167869e-17
4.491850058724832707e+03 9.691051724137927283e-17
4.494344748322148007e+03 9.679357586206892360e-17
4.496839446308725201e+03 9.660335517241375428e-17
4.499334144295302394e+03 9.625573448275857378e-17
4.501828833892617695e+03 9.587482758620686655e-17
4.504323531879194888e+03 9.562553448275858772e-17
4.506818229865772082e+03 9.542967931034480058e-17
4.509312927852349276e+03 9.499654137931031082e-17
4.511807617449664576e+03 9.448425172413790285e-17
4.514302315436241770e+03 9.416394482758618126e-17
4.516797013422818964e+03 9.375952068965513256e-17
4.519291703020134264e+03 9.323612413793099825e-17
4.521786401006711458e+03 9.300997586206894629e-17
4.524281098993288651e+03 9.276977586206892810e-17
4.526775796979865845e+03 9.223896206896548723e-17
4.529270486577181146e+03 9.164549655172409104e-17
4.531765184563758339e+03 9.126046896551721077e-17
4.534259882550335533e+03 9.099285862068961567e-17
4.536754572147651743e+03 9.048939655172410072e-17
4.539249270134228937e+03 8.991836551724134218e-17
4.541743968120806130e+03 8.939476206896547890e-17
4.544238666107383324e+03 8.877042758620686297e-17
4.546733355704697715e+03 8.817025517241376177e-17
4.549228053691274908e+03 8.770831724137928030e-17
4.551722751677852102e+03 8.737596551724134252e-17
4.554217441275168312e+03 8.690702068965514842e-17
4.556712139261745506e+03 8.626118620689650837e-17
4.559206837248322699e+03 8.555795862068961387e-17
4.561701535234899893e+03 8.497782413793097803e-17
4.564196224832214284e+03 8.471272068965514153e-17
4.566690922818792387e+03 8.434835517241374053e-17
4.569185620805369581e+03 8.390847931034480675e-17
4.571680310402684881e+03 8.352370344827581346e-17
4.574175008389262075e+03 8.295576896551721212e-17
4.576669706375839269e+03 8.229119655172410685e-17
4.579164404362416462e+03 8.176520689655168793e-17
4.581659093959731763e+03 8.133406896551722020e-17
4.584153791946308957e+03 8.097701724137927976e-17
4.586648489932886150e+03 8.060988275862066582e-17
4.589143179530201451e+03 8.004402413793099585e-17
4.591637877516778644e+03 7.970826206896548657e-17
4.594132575503355838e+03 7.945774827586203025e-17
4.596627273489933032e+03 7.894592758620686721e-17
4.599121963087248332e+03 7.861003793103446395e-17
4.601616661073825526e+03 7.848984827586202788e-17
4.604111359060402719e+03 7.817195172413790992e-17
4.606606048657718020e+03 7.760701034482754582e-17
4.609100746644296123e+03 7.731719655172411468e-17
4.611595444630873317e+03 7.711635862068959864e-17
4.614090142617450510e+03 7.686527931034479172e-17
4.616584832214764901e+03 7.663633448275857786e-17
4.619079530201342095e+03 7.633621379310341192e-17
4.621574228187919289e+03 7.606384482758617386e-17
4.624068917785235499e+03 7.576132068965514462e-17
4.626563615771812692e+03 7.554751379310341550e-17
4.629058313758389886e+03 7.537437241379306498e-17
4.631553011744967080e+03 7.505810689655169379e-17
4.634047701342281471e+03 7.475337586206892589e-17
4.636542399328858664e+03 7.441197931034479877e-17
4.639037097315436768e+03 7.409421379310341415e-17
4.641531795302013961e+03 7.376903793103445096e-17
4.644026484899329262e+03 7.347945172413790812e-17
4.646521182885906455e+03 7.331847241379306346e-17
4.649015880872483649e+03 7.312722068965513797e-17
4.651510570469798949e+03 7.296661379310340791e-17
4.654005268456376143e+03 7.286645862068962251e-17
4.656499966442953337e+03 7.273663793103446252e-17
4.658994664429530530e+03 7.256592758620686264e-17
4.661489354026845831e+03 7.264177586206894399e-17
4.663984052013423025e+03 7.248758620689652798e-17
4.666478750000000218e+03 7.200351379310342881e-17
4.668973439597315519e+03 7.173711724137929552e-17
4.671468137583892712e+03 7.152853448275860261e-17
4.673962835570469906e+03 7.117461724137928638e-17
4.676457533557047100e+03 7.077998620689652021e-17
4.678952223154362400e+03 7.071935862068961026e-17
4.681446921140940503e+03 7.059317241379307073e-17
4.683941619127517697e+03 7.040718965517240111e-17
4.686436308724832088e+03 7.022026896551720465e-17
4.688931006711409282e+03 7.001909310344823865e-17
4.691425704697986475e+03 6.993382413793100169e-17
4.693920402684563669e+03 6.973582413793100320e-17
4.696415092281879879e+03 6.937136206896548420e-17
4.698909790268457073e+03 6.901920344827583336e-17
4.701404488255034266e+03 6.882044827586205065e-17
4.703899177852348657e+03 6.877550344827582903e-17
4.706393875838925851e+03 6.870476551724135823e-17
4.708888573825503045e+03 6.858436896551721785e-17
4.711383271812081148e+03 6.852085517241375599e-17
4.713877961409396448e+03 6.843018965517238151e-17
4.716372659395973642e+03 6.829842068965513482e-17
4.718867357382550836e+03 6.816032068965513707e-17
4.721362046979866136e+03 6.804659310344823470e-17
4.723856744966443330e+03 6.786317586206895002e-17
4.726351442953020523e+03 6.752848620689652792e-17
4.728846140939597717e+03 6.735247241379309382e-17
4.731340830536913018e+03 6.720645517241376860e-17
4.733835528523490211e+03 6.667152068965514234e-17
4.736330226510067405e+03 6.626862068965513041e-17
4.738824916107382705e+03 6.611264827586205032e-17
4.741319614093959899e+03 6.595203103448271594e-17
4.743814312080537093e+03 6.567875172413790001e-17
4.746309010067114286e+03 6.539364482758617651e-17
4.748803699664429587e+03 6.528213793103445646e-17
4.751298397651006781e+03 6.493633793103445635e-17
4.753793095637583974e+03 6.459374827586203909e-17
4.756287785234899275e+03 6.441916206896549911e-17
4.758782483221476468e+03 6.408362413793101413e-17
4.761277181208053662e+03 6.377658275862067390e-17
4.763771879194630856e+03 6.353099310344824618e-17
4.766266568791947066e+03 6.323139999999996385e-17
4.768761266778524259e+03 6.315866551724135968e-17
4.771255964765101453e+03 6.311802413793101674e-17
4.773750654362415844e+03 6.279684482758618429e-17
4.776245352348993038e+03 6.237095172413789978e-17
4.778740050335570231e+03 6.214554827586205238e-17
4.781234748322147425e+03 6.197913448275859086e-17
4.783729437919463635e+03 6.169987931034480615e-17
4.786224135906040829e+03 6.142262758620687048e-17
4.788718833892618022e+03 6.101569310344824848e-17
4.791213523489933323e+03 6.044158965517239306e-17
4.793708221476510516e+03 5.989934827586203424e-17
4.796202919463087710e+03 5.953256896551721491e-17
4.798697617449664904e+03 5.932534827586204946e-17
4.801192307046980204e+03 5.899053448275859738e-17
4.803687005033557398e+03 5.865348965517238329e-17
4.806181703020134591e+03 5.852964137931031576e-17
4.808676392617449892e+03 5.848686206896548946e-17
4.811171090604027086e+03 5.835699655172410982e-17
4.813665788590604279e+03 5.812107931034479866e-17
4.816160486577181473e+03 5.789483103448274005e-17
4.818655176174496773e+03 5.770439999999996545e-17
4.821149874161073967e+03 5.747588275862066551e-17
4.823644572147651161e+03 5.736686896551722342e-17
4.826139270134228354e+03 5.718026896551721857e-17
4.828633959731543655e+03 5.680636896551721165e-17
4.831128657718120849e+03 5.668334482758618365e-17
4.833623355704698042e+03 5.656691724137928668e-17
4.836118045302014252e+03 5.631967586206894053e-17
4.838612743288591446e+03 5.624067586206893965e-17
4.841107441275168640e+03 5.603830344827583182e-17
4.843602139261744924e+03 5.566387931034480530e-17
4.846096828859060224e+03 5.559258965517237826e-17
4.848591526845637418e+03 5.567232758620686804e-17
4.851086224832214612e+03 5.546335517241376519e-17
4.853580914429530822e+03 5.523569655172411396e-17
4.856075612416108015e+03 5.520806896551721608e-17
4.858570310402685209e+03 5.518422758620687447e-17
4.861065008389261493e+03 5.522011034482756212e-17
4.863559697986577703e+03 5.542075862068963221e-17
4.866054395973154897e+03 5.558511034482756904e-17
4.868549093959732090e+03 5.559923793103445693e-17
4.871043783557047391e+03 5.558031724137928609e-17
4.873538481543624584e+03 5.561793103448272715e-17
4.876033179530201778e+03 5.565378620689652747e-17
4.878527877516778062e+03 5.569710344827584168e-17
4.881022567114094272e+03 5.573133793103445025e-17
4.883517265100671466e+03 5.575079655172410901e-17
4.886011963087248660e+03 5.589194137931031630e-17
4.888506652684563960e+03 5.599184827586204174e-17
4.891001350671141154e+03 5.599731034482755826e-17
4.893496048657718347e+03 5.592245172413790209e-17
4.895990746644295541e+03 5.576577241379308444e-17
4.898485436241610842e+03 5.573276551724135669e-17
4.900980134228188035e+03 5.594292068965515769e-17
4.903474832214765229e+03 5.609939655172412270e-17
4.905969521812081439e+03 5.624200344827583945e-17
4.908464219798658632e+03 5.645226206896549877e-17
4.910958917785235826e+03 5.646262413793100823e-17
4.913453615771812110e+03 5.663331034482756011e-17
4.915948305369127411e+03 5.710557586206893571e-17
4.918443003355704604e+03 5.730059310344825197e-17
4.920937701342281798e+03 5.746320344827583107e-17
4.923432390939598008e+03 5.751411724137929347e-17
4.925927088926175202e+03 5.751713793103446735e-17
4.928421786912752395e+03 5.738891034482756247e-17
4.930916484899328680e+03 5.737179655172411602e-17
4.933411174496643980e+03 5.743340689655169851e-17
4.935905872483222083e+03 5.752974827586204648e-17
4.938400570469799277e+03 5.769358620689653105e-17
4.940895260067114577e+03 5.784481379310342418e-17
4.943389958053691771e+03 5.794352068965515612e-17
4.945884656040268965e+03 5.793923448275859743e-17
4.948379354026845249e+03 5.804451034482756074e-17
4.950874043624161459e+03 5.816155517241376829e-17
4.953368741610738653e+03 5.813001724137927800e-17
4.955863439597315846e+03 5.815931724137929062e-17
4.958358129194631147e+03 5.814525517241376939e-17
4.960852827181208340e+03 5.826800344827583776e-17
4.963347525167785534e+03 5.851210689655169570e-17
4.965842223154362728e+03 5.891648275862066075e-17
4.968336912751678028e+03 5.951963448275859251e-17
4.970831610738255222e+03 6.009457931034479513e-17
4.973326308724832415e+03 6.030164482758616693e-17
4.975820998322147716e+03 6.058846896551721250e-17
4.978315696308725819e+03 6.092296896551721330e-17
4.980810394295302103e+03 6.115562758620687029e-17
4.983305092281879297e+03 6.155127241379307264e-17
4.985799781879194597e+03 6.197828275862066398e-17
4.988294479865771791e+03 6.224027586206894892e-17
4.990789177852348985e+03 6.257042068965514804e-17
4.993283867449665195e+03 6.283441034482755403e-17
4.995778565436242388e+03 6.333151724137928225e-17
4.998273263422818673e+03 6.388393103448272924e-17
5.000767961409395866e+03 6.433785517241376523e-17
5.003262651006711167e+03 6.450316896551721525e-17
5.005757348993288360e+03 6.470997241379308342e-17
5.008252046979866464e+03 6.509366206896549656e-17
5.010746736577181764e+03 6.560403793103444548e-17
5.013241434563758958e+03 6.617903448275859576e-17
5.015736132550335242e+03 6.673956551724135886e-17
5.018230830536912435e+03 6.731891034482757049e-17
5.020725520134228645e+03 6.774838965517239181e-17
5.023220218120805839e+03 6.809951379310341014e-17
5.025714916107383033e+03 6.856245517241376046e-17
5.028209614093960226e+03 6.907334827586203796e-17
5.030704303691275527e+03 6.960601379310342288e-17
5.033199001677851811e+03 7.007786551724134055e-17
5.035693699664429005e+03 7.066864827586203748e-17
5.038188389261745215e+03 7.132136896551721184e-17
5.040683087248322408e+03 7.172964482758617731e-17
5.043177785234899602e+03 7.195359310344824326e-17
5.045672483221476796e+03 7.238916551724134766e-17
5.048167172818792096e+03 7.282749310344824598e-17
5.050661870805369290e+03 7.318898965517237809e-17
5.053156568791946484e+03 7.349713793103444549e-17
5.055651258389261784e+03 7.386633103448273245e-17
5.058145956375838978e+03 7.409076551724135099e-17
5.060640654362416171e+03 7.446596206896548173e-17
5.063135352348993365e+03 7.502338275862064397e-17
5.065630041946309575e+03 7.546533793103443476e-17
5.068124739932885859e+03 7.586427241379306728e-17
5.070619437919463053e+03 7.615463103448271433e-17
5.073114127516778353e+03 7.650924137931031213e-17
5.075608825503355547e+03 7.713251379310339589e-17
5.078103523489932741e+03 7.783749655172411645e-17
5.080598221476509934e+03 7.837036551724134169e-17
5.083092911073826144e+03 7.875000689655170108e-17
5.085587609060402428e+03 7.913412413793099117e-17
5.088082307046979622e+03 7.947759655172411129e-17
5.090576996644295832e+03 7.983145172413790020e-17
5.093071694630873026e+03 8.025592758620687026e-17
5.095566392617450219e+03 8.079735172413789289e-17
5.098061090604027413e+03 8.136407586206893340e-17
5.100555780201342714e+03 8.174243793103446432e-17
5.103050478187918998e+03 8.203003103448272545e-17
5.105545176174496191e+03 8.240460344827582995e-17
5.108039865771812401e+03 8.267643448275858010e-17
5.110534563758389595e+03 8.277701724137927943e-17
5.113029261744966789e+03 8.293064482758617186e-17
5.115523959731543982e+03 8.325843793103445533e-17
5.118018649328859283e+03 8.361363793103445171e-17
5.120513347315436476e+03 8.383916551724135375e-17
5.123008045302013670e+03 8.413469310344825003e-17
5.125502734899328971e+03 8.448928965517237951e-17
5.127997432885906164e+03 8.456997241379306249e-17
5.130492130872483358e+03 8.469992758620686911e-17
5.132986828859060552e+03 8.477274137931030826e-17
5.135481518456376762e+03 8.478233793103446615e-17
5.137976216442953046e+03 8.502456551724134438e-17
5.140470914429530239e+03 8.518465862068963451e-17
5.142965604026845540e+03 8.533088620689652804e-17
5.145460302013422734e+03 8.550389655172409593e-17
5.147954999999999927e+03 8.559434827586202578e-17
5.150449697986577121e+03 8.554863448275857626e-17
5.152944387583893331e+03 8.574226551724134173e-17
5.155439085570469615e+03 8.602358275862067577e-17
5.157933783557046809e+03 8.616964827586203534e-17
5.160428473154363019e+03 8.630268620689653084e-17
5.162923171140940212e+03 8.641375862068962129e-17
5.165417869127517406e+03 8.664303793103444578e-17
5.167912567114094600e+03 8.680629655172411143e-17
5.170407256711408991e+03 8.687025862068962190e-17
5.172901954697986184e+03 8.707519310344825068e-17
5.175396652684563378e+03 8.729613793103445041e-17
5.177891342281879588e+03 8.747931034482755144e-17
5.180386040268456782e+03 8.758563448275859092e-17
5.182880738255033975e+03 8.769167586206894278e-17
5.185375436241611169e+03 8.784691379310342264e-17
5.187870125838926469e+03 8.798497241379306473e-17
5.190364823825503663e+03 8.813478275862064340e-17
5.192859521812080857e+03 8.838477586206894412e-17
5.195354211409396157e+03 8.872677931034478981e-17
5.197848909395973351e+03 8.909879999999996535e-17
5.200343607382550545e+03 8.956422758620686563e-17
5.202838305369127738e+03 8.994043448275859321e-17
5.205332994966443039e+03 9.007978620689651978e-17
5.207827692953020232e+03 9.007498620689652116e-17
5.210322390939597426e+03 9.002588275862065948e-17
5.212817088926174620e+03 9.015146896551720842e-17
5.215311778523489920e+03 9.031228965517237079e-17
5.217806476510067114e+03 9.055644482758616406e-17
5.220301174496644308e+03 9.082241034482753175e-17
5.222795864093959608e+03 9.112506551724133129e-17
5.225290562080536802e+03 9.122603448275857657e-17
5.227785260067113995e+03 9.118575517241374391e-17
5.230279958053691189e+03 9.121425517241375266e-17
5.232774647651007399e+03 9.126036551724134012e-17
5.235269345637584593e+03 9.131613103448273646e-17
5.237764043624161786e+03 9.128164827586203095e-17
5.240258733221476177e+03 9.106385517241377540e-17
5.242753431208053371e+03 9.074950689655169027e-17
5.245248129194630565e+03 9.047519999999998215e-17
5.247742827181207758e+03 9.019024827586203997e-17
5.250237516778523968e+03 8.988010344827583920e-17
5.252732214765101162e+03 8.967236206896548118e-17
5.255226912751678356e+03 8.935510344827583314e-17
5.257721602348992747e+03 8.925654827586201851e-17
5.260216300335569940e+03 8.926813103448271778e-17
5.262710998322148043e+03 8.919888620689650777e-17
5.265205696308725237e+03 8.913359655172410983e-17
5.267700385906040538e+03 8.896987586206893956e-17
5.270195083892617731e+03 8.860909655172410002e-17
5.272689781879194925e+03 8.822518275862065025e-17
5.275184471476510225e+03 8.795164137931030603e-17
5.277679169463087419e+03 8.782805172413789046e-17
5.280173867449664613e+03 8.780994827586201883e-17
5.282668565436241806e+03 8.775926206896549403e-17
5.285163255033557107e+03 8.757776551724133477e-17
5.287657953020134300e+03 8.744206551724134866e-17
5.290152651006711494e+03 8.736976551724133711e-17
5.292647340604026795e+03 8.731606206896549011e-17
5.295142038590603988e+03 8.730953448275857742e-17
5.297636736577181182e+03 8.724247931034481074e-17
5.300131434563758376e+03 8.709493793103443642e-17
5.302626124161073676e+03 8.694052758620687242e-17
5.305120822147651779e+03 8.687220689655168395e-17
5.307615520134228973e+03 8.683057586206892815e-17
5.310110209731543364e+03 8.665159310344824317e-17
5.312604907718120558e+03 8.663015517241377102e-17
5.315099605704697751e+03 8.691769655172409683e-17
5.317594303691274945e+03 8.721301379310341247e-17
5.320088993288591155e+03 8.764445862068961583e-17
5.322583691275168349e+03 8.819464137931030081e-17
5.325078389261745542e+03 8.861439310344823090e-17
5.327573078859059933e+03 8.906572068965514295e-17
5.330067776845637127e+03 8.909991379310340819e-17
5.332562474832214320e+03 8.906907586206892745e-17
5.335057172818792424e+03 8.913163448275859179e-17
5.337551862416107724e+03 8.904165172413789454e-17
5.340046560402684918e+03 8.885226551724135676e-17
5.342541258389262111e+03 8.894726551724136126e-17
5.345035947986577412e+03 8.916074482758618311e-17
5.347530645973154606e+03 8.928075517241376522e-17
5.350025343959731799e+03 8.949028620689650300e-17
5.352520041946308993e+03 8.984223793103444952e-17
5.355014731543624293e+03 9.012042413793099872e-17
5.357509429530201487e+03 9.026034827586202853e-17
5.360004127516778681e+03 9.038691724137927466e-17
5.362498817114093981e+03 9.047875862068961930e-17
5.364993515100671175e+03 9.045251379310340822e-17
5.367488213087248369e+03 9.026886551724133426e-17
5.369982911073825562e+03 9.004915517241376800e-17
5.372477600671140863e+03 8.995567241379307228e-17
5.374972298657718056e+03 8.987556551724134422e-17
5.377466996644296160e+03 8.981110689655170149e-17
5.379961686241610550e+03 8.978170344827581822e-17
5.382456384228187744e+03 8.984944482758617545e-17
5.384951082214764938e+03 8.979737931034479088e-17
5.387445780201342131e+03 8.953650344827581278e-17
5.389940469798658341e+03 8.930353103448272916e-17
5.392435167785235535e+03 8.906951379310340872e-17
5.394929865771812729e+03 8.879214482758618339e-17
5.397424555369127120e+03 8.847972758620686497e-17
5.399919253355704313e+03 8.805799310344823285e-17
5.402413951342281507e+03 8.786775172413790420e-17
5.404908649328858701e+03 8.755315862068962310e-17
5.407403338926174911e+03 8.717356896551719902e-17
5.409898036912752104e+03 8.710822413793098943e-17
5.412392734899329298e+03 8.708577931034479677e-17
5.414887432885906492e+03 8.687355172413789141e-17
5.417382122483221792e+03 8.657321379310341685e-17
5.419876820469798986e+03 8.629525517241374363e-17
5.422371518456376180e+03 8.584529655172409937e-17
5.424866208053691480e+03 8.511904827586204496e-17
5.427360906040268674e+03 8.442959310344824374e-17
5.429855604026845867e+03 8.403212413793100932e-17
5.432350302013423061e+03 8.367439655172410732e-17
5.434844991610738361e+03 8.320214137931031139e-17
5.437339689597315555e+03 8.288911034482755872e-17
5.439834387583892749e+03 8.258719310344823573e-17
5.442329077181208049e+03 8.220161724137927554e-17
5.444823775167785243e+03 8.175609310344824329e-17
5.447318473154362437e+03 8.145284482758618116e-17
5.449813171140939630e+03 8.115558965517237082e-17
5.452307860738254931e+03 8.088130689655169836e-17
5.454802558724832124e+03 8.058845862068961269e-17
5.457297256711409318e+03 8.043295517241375288e-17
5.459791946308725528e+03 8.038210344827583012e-17
5.462286644295302722e+03 8.014140689655169200e-17
5.464781342281879915e+03 7.979339310344824988e-17
5.467276040268457109e+03 7.946701379310342919e-17
5.469770729865771500e+03 7.918666551724136099e-17
5.472265427852348694e+03 7.912403793103445366e-17
5.474760125838925887e+03 7.900996551724134867e-17
5.477254815436242097e+03 7.880481379310341125e-17
5.479749513422819291e+03 7.892837931034479117e-17
5.482244211409396485e+03 7.888287241379307061e-17
5.484738909395973678e+03 7.854903448275858771e-17
5.487233598993288979e+03 7.830835862068962126e-17
5.489728296979866172e+03 7.824419655172409750e-17
5.492222994966443366e+03 7.816019999999997334e-17
5.494717684563758667e+03 7.819223448275859590e-17
5.497212382550335860e+03 7.841257931034479272e-17
5.499707080536913054e+03 7.850666896551720703e-17
5.502201778523490248e+03 7.834145862068962766e-17
5.504696468120805548e+03 7.819041724137927951e-17
5.507191166107382742e+03 7.820699999999996604e-17
5.509685864093959935e+03 7.816744482758617860e-17
5.512180553691275236e+03 7.812927586206892963e-17
5.514675251677852430e+03 7.838107931034480641e-17
5.517169949664429623e+03 7.870946206896547614e-17
5.519664647651006817e+03 7.873302413793101261e-17
5.522159337248322117e+03 7.859320344827581647e-17
5.524654035234899311e+03 7.847571724137928830e-17
5.527148733221476505e+03 7.839235862068960941e-17
5.529643422818792715e+03 7.830904827586203882e-17
5.532138120805369908e+03 7.831427931034477839e-17
5.534632818791947102e+03 7.848247931034479264e-17
5.537127516778524296e+03 7.862115172413789363e-17
5.539622206375838687e+03 7.857184137931031531e-17
5.542116904362415880e+03 7.849756896551720606e-17
5.544611602348993074e+03 7.836433103448272192e-17
5.547106291946309284e+03 7.835720689655169498e-17
5.549600989932886478e+03 7.855117586206894739e-17
5.552095687919463671e+03 7.844480344827582426e-17
5.554590385906040865e+03 7.841064827586203834e-17
5.557085075503355256e+03 7.859563793103444344e-17
5.559579773489933359e+03 7.856387586206891651e-17
5.562074471476510553e+03 7.852018620689651235e-17
5.564569161073825853e+03 7.858292068965512967e-17
5.567063859060403047e+03 7.855111379310340774e-17
5.569558557046980241e+03 7.845254827586203810e-17
5.572053255033557434e+03 7.834255172413788650e-17
5.574547944630872735e+03 7.827569999999996013e-17
5.577042642617449928e+03 7.808733448275858654e-17
5.579537340604027122e+03 7.790233448275858945e-17
5.582032030201342423e+03 7.772879310344823700e-17
5.584526728187919616e+03 7.752440689655167580e-17
5.587021426174496810e+03 7.728645172413788794e-17
5.589516124161074003e+03 7.718670344827583247e-17
5.592010813758389304e+03 7.719223793103443132e-17
5.594505511744966498e+03 7.719891034482755798e-17
5.597000209731543691e+03 7.712025517241374738e-17
5.599494907718120885e+03 7.691155862068962882e-17
5.601989597315437095e+03 7.662924827586203024e-17
5.604484295302014289e+03 7.635609999999997229e-17
5.606978993288591482e+03 7.596206206896548103e-17
5.609473682885905873e+03 7.555847931034479186e-17
5.611968380872483067e+03 7.510564482758616304e-17
5.614463078859060261e+03 7.447741034482755902e-17
5.616957776845637454e+03 7.407886551724134877e-17
5.619452466442953664e+03 7.371489310344824636e-17
5.621947164429530858e+03 7.327439310344826168e-17
5.624441862416108052e+03 7.273455862068963017e-17
5.626936552013422443e+03 7.214374827586204591e-17
5.629431249999999636e+03 7.168024482758617201e-17
5.631925947986577739e+03 7.142935862068962574e-17
5.634420645973154933e+03 7.113747241379307792e-17
5.636915335570470234e+03 7.068724137931032570e-17
5.639410033557047427e+03 7.006565517241377569e-17
5.641904731543624621e+03 6.951821379310341631e-17
5.644399421140939921e+03 6.935286896551721496e-17
5.646894119127517115e+03 6.910138275862066578e-17
5.649388817114094309e+03 6.894128620689653631e-17
5.651883515100671502e+03 6.858181034482756090e-17
5.654378204697986803e+03 6.821312758620688685e-17
5.656872902684563996e+03 6.795433793103445677e-17
5.659367600671141190e+03 6.756906551724136820e-17
5.661862290268456491e+03 6.705743793103446581e-17
5.664356988255033684e+03 6.665498620689652714e-17
5.666851686241610878e+03 6.633250689655170688e-17
5.669346384228188072e+03 6.587506896551721641e-17
5.671841073825503372e+03 6.547553448275860563e-17
5.674335771812081475e+03 6.514968620689652021e-17
5.676830469798658669e+03 6.478253448275859861e-17
5.679325159395973060e+03 6.451376896551721734e-17
5.681819857382550254e+03 6.425441034482756034e-17
5.684314555369127447e+03 6.408969655172411322e-17
5.686809253355704641e+03 6.419789655172410776e-17
5.689303942953020851e+03 6.413519999999996978e-17
5.691798640939598044e+03 6.389692068965515096e-17
5.694293338926175238e+03 6.361145517241376885e-17
5.696788028523489629e+03 6.343898275862066423e-17
5.699282726510066823e+03 6.319492413793101361e-17
5.701777424496644016e+03 6.294329310344826278e-17
5.704272122483222120e+03 6.279932758620688258e-17
5.706766812080537420e+03 6.253308620689654293e-17
5.709261510067114614e+03 6.243352068965515611e-17
5.711756208053691807e+03 6.256450344827584259e-17
5.714250897651007108e+03 6.255482413793102269e-17
5.716745595637584302e+03 6.226268620689653858e-17
5.719240293624161495e+03 6.211701034482756430e-17
5.721734991610738689e+03 6.188903448275860395e-17
5.724229681208053989e+03 6.177075172413789892e-17
5.726724379194631183e+03 6.168079999999995301e-17
5.729219077181208377e+03 6.154719999999997091e-17
5.731713766778523677e+03 6.146750689655170079e-17
5.734208464765100871e+03 6.134192413793100352e-17
5.736703162751678065e+03 6.095326206896549045e-17
5.739197860738255258e+03 6.043205172413789849e-17
5.741692550335570559e+03 5.992201724137928818e-17
5.744187248322147752e+03 5.952331724137928429e-17
5.746681946308724946e+03 5.904688275862067664e-17
5.749176635906040246e+03 5.847849999999997738e-17
5.751671333892617440e+03 5.800166896551723178e-17
5.754166031879194634e+03 5.744905517241377150e-17
5.756660729865771827e+03 5.694061034482756463e-17
5.759155419463088037e+03 5.645309999999998197e-17
5.761650117449665231e+03 5.591434137931032629e-17
5.764144815436242425e+03 5.551348965517239538e-17
5.766639505033556816e+03 5.527471724137928981e-17
5.769134203020134009e+03 5.503158620689653089e-17
5.771628901006711203e+03 5.489259310344825061e-17
5.774123598993288397e+03 5.466921034482757224e-17
5.776618288590604607e+03 5.420163103448274494e-17
5.779112986577181800e+03 5.391148275862067236e-17
5.781607684563758994e+03 5.357913103448274074e-17
5.784102382550336188e+03 5.322518965517239501e-17
5.786597072147651488e+03 5.289187931034480803e-17
5.789091770134228682e+03 5.257631379310342174e-17
5.791586468120805876e+03 5.244860344827584544e-17
5.794081157718121176e+03 5.244643103448273444e-17
5.796575855704698370e+03 5.235316206896550183e-17
5.799070553691275563e+03 5.216072758620687203e-17
5.801565251677852757e+03 5.187343448275860618e-17
5.804059941275168057e+03 5.151962758620687626e-17
5.806554639261745251e+03 5.118014137931032570e-17
5.809049337248322445e+03 5.113102068965515636e-17
5.811544026845637745e+03 5.132948275862067177e-17
5.814038724832214939e+03 5.172337586206894905e-17
5.816533422818792133e+03 5.204282758620687976e-17
5.819028120805369326e+03 5.244438275862067190e-17
5.821522810402684627e+03 5.280720689655169765e-17
5.824017508389261820e+03 5.296987931034481023e-17
5.826512206375839014e+03 5.330994482758619204e-17
5.829006895973155224e+03 5.379292758620687171e-17
5.831501593959732418e+03 5.417654482758618402e-17
5.833996291946309611e+03 5.444904827586203790e-17
5.836490989932885896e+03 5.472708275862066978e-17
5.838985679530201196e+03 5.493988965517238173e-17
5.841480377516778390e+03 5.506194827586205103e-17
5.843975075503355583e+03 5.510391724137928144e-17
5.846469765100671793e+03 5.518502068965515651e-17
5.848964463087248987e+03 5.538635172413789767e-17
5.851459161073826181e+03 5.548812758620686867e-17
5.853953859060402465e+03 5.556797241379308692e-17
5.856448548657718675e+03 5.568397241379308230e-17
5.858943246644295868e+03 5.585746551724135111e-17
5.861437944630873062e+03 5.601222413793101870e-17
5.863932634228188363e+03 5.595533448275858752e-17
5.866427332214765556e+03 5.587684137931032321e-17
5.868922030201342750e+03 5.604014482758618387e-17
5.871416728187919034e+03 5.626234137931032475e-17
5.873911417785235244e+03 5.635989310344825820e-17
5.876406115771812438e+03 5.654286896551722226e-17
5.878900813758389631e+03 5.676115862068963472e-17
5.881395503355704932e+03 5.693894827586204189e-17
5.883890201342282126e+03 5.704987586206893069e-17
5.886384899328859319e+03 5.695251724137928253e-17
5.888879597315436513e+03 5.689999310344824503e-17
5.891374286912751813e+03 5.688177586206894774e-17
5.893868984899329007e+03 5.682733103448273552e-17
5.896363682885906201e+03 5.685428275862067183e-17
5.898858372483222411e+03 5.672348620689653034e-17
5.901353070469799604e+03 5.646449655172411161e-17
5.903847768456376798e+03 5.626487241379308204e-17
5.906342466442953082e+03 5.617768965517239836e-17
5.908837156040268383e+03 5.590066896551721500e-17
5.911331854026845576e+03 5.570588965517239137e-17
5.913826552013422770e+03 5.574487241379308788e-17
5.916321241610738980e+03 5.564846206896548460e-17
5.918815939597316174e+03 5.537430344827584213e-17
5.921310637583893367e+03 5.517589655172411371e-17
5.923805335570469651e+03 5.510456206896550400e-17
5.926300025167784952e+03 5.499846206896549499e-17
5.928794723154363055e+03 5.483658275862067062e-17
5.931289421140940249e+03 5.470439999999997833e-17
5.933784110738255549e+03 5.445778275862067076e-17
5.936278808724832743e+03 5.434717586206894275e-17
5.938773506711409937e+03 5.437931034482755346e-17
5.941268204697986221e+03 5.416906551724136246e-17
5.943762894295302431e+03 5.388238620689653087e-17
5.946257592281879624e+03 5.386811379310342900e-17
5.948752290268456818e+03 5.368403793103445961e-17
5.951246979865772119e+03 5.346206896551721320e-17
5.953741677852349312e+03 5.330046896551721862e-17
5.956236375838926506e+03 5.307656896551722399e-17
5.958731073825503699e+03 5.295840689655170344e-17
5.961225763422819000e+03 5.281688275862066588e-17
5.963720461409396194e+03 5.252651724137928466e-17
5.966215159395973387e+03 5.229738275862066799e-17
5.968709848993288688e+03 5.203236206896548733e-17
5.971204546979866791e+03 5.187262758620687431e-17
5.973699244966443985e+03 5.184509310344825508e-17
5.976193942953020269e+03 5.181322413793101200e-17
5.978688632550335569e+03 5.164025517241377511e-17
5.981183330536912763e+03 5.154882758620687608e-17
5.983678028523489957e+03 5.136856206896550478e-17
5.986172726510067150e+03 5.086719999999998152e-17
5.988667416107383360e+03 5.047524827586205062e-17
5.991162114093960554e+03 5.035963448275860119e-17
5.993656812080536838e+03 5.011602758620687550e-17
5.996151501677852139e+03 4.979287241379308134e-17
5.998646199664429332e+03 4.946524827586204752e-17
6.001140897651007435e+03 4.907153448275860571e-17
6.003635595637584629e+03 4.865031724137928984e-17
6.006130285234899929e+03 4.818818275862067756e-17
6.008624983221477123e+03 4.761149655172412336e-17
6.011119681208053407e+03 4.694920344827585142e-17
6.013614370805369617e+03 4.635973448275860447e-17
6.016109068791946811e+03 4.592156206896549979e-17
6.018603766778524005e+03 4.544381724137929384e-17
6.021098464765101198e+03 4.504883448275860322e-17
6.023593154362416499e+03 4.470183793103446745e-17
6.026087852348992783e+03 4.435118620689653339e-17
6.028582550335569977e+03 4.411498275862067677e-17
6.031077239932886187e+03 4.381459655172411855e-17
6.033571937919463380e+03 4.341556206896550403e-17
6.036066635906040574e+03 4.321094827586205454e-17
6.038561333892617768e+03 4.309399655172411947e-17
6.041056023489933068e+03 4.289156896551722465e-17
6.043550721476510262e+03 4.260357241379308525e-17
6.046045419463087455e+03 4.222131034482757240e-17
6.048540109060402756e+03 4.174680344827584280e-17
6.051034807046979950e+03 4.138571034482757663e-17
6.053529505033557143e+03 4.124172758620688260e-17
6.056024203020134337e+03 4.100699655172412126e-17
6.058518892617450547e+03 4.106266206896550479e-17
6.061013590604026831e+03 4.117097931034481364e-17
6.063508288590604025e+03 4.125795862068963851e-17
6.066002978187919325e+03 4.128549655172412174e-17
6.068497676174496519e+03 4.120544827586205084e-17
6.070992374161073712e+03 4.122244137931033130e-17
6.073487072147650906e+03 4.132731724137929267e-17
6.075981761744967116e+03 4.139302413793101871e-17
6.078476459731543400e+03 4.153994482758619381e-17
6.080971157718120594e+03 4.168761034482757346e-17
6.083465847315436804e+03 4.184211034482756443e-17
6.085960545302013998e+03 4.197667931034481237e-17
6.088455243288591191e+03 4.207329999999997780e-17
6.090949941275168385e+03 4.209583103448273961e-17
6.093444630872483685e+03 4.206445172413790695e-17
6.095939328859059970e+03 4.217715517241377498e-17
6.098434026845637163e+03 4.229763103448273802e-17
6.100928716442953373e+03 4.233755172413791824e-17
6.103423414429530567e+03 4.217107931034481189e-17
6.105918112416107761e+03 4.148811034482756770e-17
6.108412810402684954e+03 4.042687931034481773e-17
6.110907500000000255e+03 3.941275517241377142e-17
6.113402197986577448e+03 3.887586896551722529e-17
6.115896895973154642e+03 3.867547931034480716e-17
6.118391585570469942e+03 3.856083103448273492e-17
6.120886283557047136e+03 3.852524137931032689e-17
6.123380981543624330e+03 3.830824137931032874e-17
6.125875679530201523e+03 3.768245517241377686e-17
6.128370369127517733e+03 3.699258275862067220e-17
6.130865067114094018e+03 3.629711034482757737e-17
6.133359765100671211e+03 3.590816896551722836e-17
6.135854454697986512e+03 3.554177241379309098e-17
6.138349152684563705e+03 3.527974827586206087e-17
6.140843850671140899e+03 3.498016551724137053e-17
6.143338548657718093e+03 3.444203448275861125e-17
6.145833238255034303e+03 3.420906206896550298e-17
6.148327936241610587e+03 3.419325517241378467e-17
6.150822634228187781e+03 3.419283103448274091e-17
6.153317323825503991e+03 3.415272413793102805e-17
6.155812021812081184e+03 3.411582413793102172e-17
6.158306719798658378e+03 3.413888965517240128e-17
6.160801417785235572e+03 3.421536551724136671e-17
6.163296107382550872e+03 3.450456551724136360e-17
6.165790805369127156e+03 3.493010689655170517e-17
6.168285503355704350e+03 3.542644827586205717e-17
6.170780201342281543e+03 3.587124482758619253e-17
6.173274890939597753e+03 3.611377241379309071e-17
6.175769588926174947e+03 3.646158965517240819e-17
6.178264286912752141e+03 3.729552068965515937e-17
6.180758976510067441e+03 3.845079310344826465e-17
6.183253674496644635e+03 3.970239310344826190e-17
6.185748372483221829e+03 4.062661379310343363e-17
6.188243070469799022e+03 4.141479655172412613e-17
6.190737760067114323e+03 4.226112413793101796e-17
6.193232458053691516e+03 4.296667241379308912e-17
6.195727156040268710e+03 4.382467931034481055e-17
6.198221845637584920e+03 4.489003103448274589e-17
6.200716543624161204e+03 4.595799999999998302e-17
6.203211241610738398e+03 4.709437241379308295e-17
6.205705939597315592e+03 4.800281379310342986e-17
6.208200629194630892e+03 4.869084482758618863e-17
6.210695327181208086e+03 4.940916551724136054e-17
6.213190025167785279e+03 5.030326206896549859e-17
6.215684714765100580e+03 5.125421379310342167e-17
6.218179412751677773e+03 5.181631724137928054e-17
6.220674110738254967e+03 5.226099655172411391e-17
6.223168808724832161e+03 5.280704827586203385e-17
6.225663498322148371e+03 5.345365517241376579e-17
6.228158196308725564e+03 5.423054827586205097e-17
6.230652894295302758e+03 5.505594137931031859e-17
6.233147583892617149e+03 5.563385172413790811e-17
6.235642281879194343e+03 5.603335517241376755e-17
6.238136979865771536e+03 5.638136551724135800e-17
6.240631677852348730e+03 5.657163793103446264e-17
6.243126367449664940e+03 5.669593103448272712e-17
6.245621065436242134e+03 5.696840689655169983e-17
6.248115763422819327e+03 5.726328620689652187e-17
6.250610453020133718e+03 5.752855862068963265e-17
6.253105151006710912e+03 5.792727241379309254e-17
6.255599848993289015e+03 5.817465862068964033e-17
6.258094546979866209e+03 5.849445862068963766e-17
6.260589236577181509e+03 5.883232413793101496e-17
6.263083934563758703e+03 5.889073793103445826e-17
6.265578632550335897e+03 5.885648275862066570e-17
6.268073322147651197e+03 5.890578275862066435e-17
6.270568020134228391e+03 5.906352413793101416e-17
6.273062718120805584e+03 5.938642413793100803e-17
6.275557416107382778e+03 5.946409655172410912e-17
6.278052105704698079e+03 5.937014482758618079e-17
6.280546803691275272e+03 5.941966206896548808e-17
6.283041501677852466e+03 5.949697241379309121e-17
6.285536191275167766e+03 5.944939310344825397e-17
6.288030889261744960e+03 5.931201379310342512e-17
6.290525587248322154e+03 5.945900344827584321e-17
6.293020285234899347e+03 5.958327931034480002e-17
6.295514974832214648e+03 5.951267241379308720e-17
6.298009672818792751e+03 5.944168275862066779e-17
6.300504370805369945e+03 5.936335172413790047e-17
6.302999060402684336e+03 5.936909310344825294e-17
6.305493758389261529e+03 5.969227931034479844e-17
6.307988456375838723e+03 5.996739655172411475e-17
6.310483154362415917e+03 5.981345862068963503e-17
6.312977843959732127e+03 5.951899310344825859e-17
6.315472541946309320e+03 5.938379310344825642e-17
6.317967239932886514e+03 5.929433576379018486e-17
6.320461929530200905e+03 5.937906827366576615e-17
6.322956627516778099e+03 5.961177683997151589e-17
6.325451325503355292e+03 5.967076835925918634e-17
6.327946023489933395e+03 5.966058765911495528e-17
6.330440713087248696e+03 5.952155887746989558e-17
6.332935411073825890e+03 5.923559235915154230e-17
6.335430109060403083e+03 5.905023293174617482e-17
6.337924798657718384e+03 5.909973576766750351e-17
6.340419496644295577e+03 5.912428707381214407e-17
6.342914194630872771e+03 5.904655926397314873e-17
6.345408892617449965e+03 5.895766613125401453e-17
6.347903582214765265e+03 5.891441457220643669e-17
6.350398280201342459e+03 5.892746320752010528e-17
6.352892978187919653e+03 5.893351203719494143e-17
6.355387667785234953e+03 5.889863002674826983e-17
6.357882365771812147e+03 5.887924821066279476e-17
6.360377063758389340e+03 5.906103210617994451e-17
6.362871761744966534e+03 5.909294723054106610e-17
6.365366451342281835e+03 5.908585910098754567e-17
6.367861149328859028e+03 5.923962633820901677e-17
6.370355847315437131e+03 5.936672135599862599e-17
6.372850545302014325e+03 5.927419587849427279e-17
6.375345234899328716e+03 5.898558783673044565e-17
6.377839932885905910e+03 5.855133171346577005e-17
6.380334630872483103e+03 5.821366888801058021e-17
6.382829320469799313e+03 5.826891315346834496e-17
6.385324018456376507e+03 5.839509899259768396e-17
6.387818716442953701e+03 5.838431606057098954e-17
6.390313414429530894e+03 5.839032169704633069e-17
6.392808104026845285e+03 5.839632733352168416e-17
6.395302802013422479e+03 5.840233296999702530e-17
6.397797499999999673e+03 5.840833860647236645e-17
6.400292189597315883e+03 5.841434424294771992e-17
6.402786887583893076e+03 5.842034987942304874e-17
6.405281585570470270e+03 5.842635551589840221e-17
6.407776283557047464e+03 5.843236115237373103e-17
6.410270973154362764e+03 5.843836678884908450e-17
6.412765671140939958e+03 5.844437242532441332e-17
6.415260369127517151e+03 5.845037806179976679e-17
6.417755058724832452e+03 5.834261602210510997e-17
6.420249756711409646e+03 5.827041585701474769e-17
6.422744454697986839e+03 5.824024998032178098e-17
6.425239152684564033e+03 5.812660459892278022e-17
6.427733842281879333e+03 5.802899350592118457e-17
6.430228540268456527e+03 5.792849945993768718e-17
6.432723238255033721e+03 5.787410177131709510e-17
6.435217927852349021e+03 5.788881423316286489e-17
6.437712625838926215e+03 5.794724374202674932e-17
6.440207323825503408e+03 5.809634891859836175e-17
6.442702021812080602e+03 5.838289183184326485e-17
6.445196711409395903e+03 5.877686558520968378e-17
6.447691409395973096e+03 5.917462879938729066e-17
6.450186107382550290e+03 5.938449526747954272e-17
6.452680796979866500e+03 5.943642361017611881e-17
6.455175494966443694e+03 5.962602762058041656e-17
6.457670192953020887e+03 5.983723143662350659e-17
6.460164890939598081e+03 6.004796609278813787e-17
6.462659580536912472e+03 6.012563158907429615e-17
6.465154278523489666e+03 6.011093827030959204e-17
6.467648976510066859e+03 6.000296199856296701e-17
6.470143666107383069e+03 5.969493725659308562e-17
6.472638364093960263e+03 5.940056404439989305e-17
6.475133062080537456e+03 5.941118718956960986e-17
6.477627760067114650e+03 5.980055496796433803e-17
6.480122449664429951e+03 6.014026393130817045e-17
6.482617147651007144e+03 6.029736580373906326e-17
6.485111845637584338e+03 6.040138817146392149e-17
6.487606535234899638e+03 6.046827586206893709e-17
6.490101233221476832e+03 6.061072758620686019e-17
6.492595931208054026e+03 6.068271379310342045e-17
6.495090629194631219e+03 6.067019310344825598e-17
6.497585318791946520e+03 6.068614482758617594e-17
6.500080016778523714e+03 6.065557931034480316e-17
6.502574714765100907e+03 6.070595517241377765e-17
6.505069404362416208e+03 6.075523793103445631e-17
6.507564102348993401e+03 6.069015172413791101e-17
6.510058800335570595e+03 6.059401034482756401e-17
6.512553498322147789e+03 6.050544827586204521e-17
6.515048187919463089e+03 6.027628620689652271e-17
6.517542885906040283e+03 5.993637931034480471e-17
6.520037583892617477e+03 5.938632413793101371e-17
6.522532273489933687e+03 5.889392413793100545e-17
6.525026971476510880e+03 5.875714137931031551e-17
6.527521669463088074e+03 5.857203448275859610e-17
6.530016367449665267e+03 5.849571034482756647e-17
6.532511057046979658e+03 5.829440344827584248e-17
6.535005755033556852e+03 5.796286206896550057e-17
6.537500453020134046e+03 5.764035172413790432e-17
6.539995142617450256e+03 5.755645172413791049e-17
6.542489840604027449e+03 5.796093448275859786e-17
6.544984538590604643e+03 5.857307586206895660e-17
6.547479236577181837e+03 5.892910689655169587e-17
6.549973926174496228e+03 5.879786206896550576e-17
6.552468624161074331e+03 5.850408620689652223e-17
6.554963322147651525e+03 5.830233448275860130e-17
6.557458020134228718e+03 5.823520689655170298e-17
6.559952709731544019e+03 5.822795172413791805e-17
6.562447407718121212e+03 5.834171724137928743e-17
6.564942105704698406e+03 5.846493793103446473e-17
6.567436795302013707e+03 5.852879655172411688e-17
6.569931493288590900e+03 5.853101724137929921e-17
6.572426191275168094e+03 5.842029999999997872e-17
6.574920889261745288e+03 5.832949999999996992e-17
6.577415578859060588e+03 5.838394482758618214e-17
6.579910276845637782e+03 5.841213448275859127e-17
6.582404974832214975e+03 5.835253793103446215e-17
6.584899664429530276e+03 5.800759655172410458e-17
6.587394362416107469e+03 5.768965862068964330e-17
6.589889060402684663e+03 5.737643103448272900e-17
6.592383758389261857e+03 5.726320689655169921e-17
6.594878447986578067e+03 5.746510344827583412e-17
6.597373145973155260e+03 5.761493793103446078e-17
6.599867843959732454e+03 5.767979655172410545e-17
6.602362533557046845e+03 5.761954482758617410e-17
6.604857231543624039e+03 5.760379310344825510e-17
6.607351929530201232e+03 5.773013793103446460e-17
6.609846627516778426e+03 5.793904482758618846e-17
6.612341317114094636e+03 5.781804827586204517e-17
6.614836015100671830e+03 5.721916896551722844e-17
6.617330713087249023e+03 5.642047586206894850e-17
6.619825402684563414e+03 5.573605172413791054e-17
6.622320100671140608e+03 5.514725862068963747e-17
6.624814798657718711e+03 5.475703793103446615e-17
6.627309496644295905e+03 5.452993103448273417e-17
6.629804186241611205e+03 5.426139999999997537e-17
6.632298884228188399e+03 5.419251379310342397e-17
6.634793582214765593e+03 5.415167241379308006e-17
6.637288271812080893e+03 5.385417586206893775e-17
6.639782969798658087e+03 5.367094827586204972e-17
6.642277667785235280e+03 5.366091379310342905e-17
6.644772365771812474e+03 5.368423448275860274e-17
6.647267055369127775e+03 5.361873448275859334e-17
6.649761753355704968e+03 5.335036896551722018e-17
6.652256451342282162e+03 5.309292413793101606e-17
6.654751140939597462e+03 5.293826896551721911e-17
6.657245838926174656e+03 5.279416896551722309e-17
6.659740536912751850e+03 5.248472413793101339e-17
6.662235234899329043e+03 5.241214482758618438e-17
6.664729924496644344e+03 5.220919999999997330e-17
6.667224622483222447e+03 5.196781379310343611e-17
6.669719320469799641e+03 5.161823793103445940e-17
6.672214010067114032e+03 5.131747586206894107e-17
6.674708708053691225e+03 5.103777586206894709e-17
6.677203406040268419e+03 5.082184137931032045e-17
6.679698104026845613e+03 5.076566551724136715e-17
6.682192793624161823e+03 5.074089655172411535e-17
6.684687491610739016e+03 5.101110689655171073e-17
6.687182189597316210e+03 5.140379999999998219e-17
6.689676879194630601e+03 5.168314827586205172e-17
6.692171577181207795e+03 5.177831034482757170e-17
6.694666275167784988e+03 5.183388620689654058e-17
6.697160973154363091e+03 5.186131724137928916e-17
6.699655662751678392e+03 5.177740689655170950e-17
6.702150360738255586e+03 5.161425172413790832e-17
6.704645058724832779e+03 5.115474827586204766e-17
6.707139748322148080e+03 5.044633793103445410e-17
6.709634446308725273e+03 5.002514137931032222e-17
6.712129144295302467e+03 4.985241034482756564e-17
6.714623842281879661e+03 4.978279999999998134e-17
6.717118531879194961e+03 4.963929310344824791e-17
6.719613229865772155e+03 4.939925862068964002e-17
6.722107927852349349e+03 4.907931724137929271e-17
6.724602617449664649e+03 4.910948620689653372e-17
6.727097315436241843e+03 4.935527586206894391e-17
6.729592013422819036e+03 4.954385172413791663e-17
6.732086711409396230e+03 4.978826896551722586e-17
6.734581401006711530e+03 4.985767586206894518e-17
6.737076098993288724e+03 4.991279999999998296e-17
6.739570796979865918e+03 4.980610344827584121e-17
6.742065494966444021e+03 4.978699310344825522e-17
6.744560184563758412e+03 4.961172068965514935e-17
6.747054882550335606e+03 4.933297586206894673e-17
6.749549580536912799e+03 4.903683793103446788e-17
6.752044270134229009e+03 4.883928620689653650e-17
6.754538968120806203e+03 4.861251034482755731e-17
6.757033666107383397e+03 4.812306206896549227e-17
6.759528364093960590e+03 4.783982413793100816e-17
6.762023053691274981e+03 4.758535517241377060e-17
6.764517751677852175e+03 4.755625517241376510e-17
6.767012449664429369e+03 4.764829310344825904e-17
6.769507139261745579e+03 4.768919310344824779e-17
6.772001837248322772e+03 4.769452068965515465e-17
6.774496535234899966e+03 4.774924137931032033e-17
6.776991233221477160e+03 4.793592068965515400e-17
6.779485922818792460e+03 4.818113448275860311e-17
6.781980620805369654e+03 4.839981724137928335e-17
6.784475318791946847e+03 4.846067931034480344e-17
6.786970008389262148e+03 4.816957586206893951e-17
6.789464706375839341e+03 4.813363448275859470e-17
6.791959404362416535e+03 4.810852068965515260e-17
6.794454102348993729e+03 4.810111379310343187e-17
6.796948791946309029e+03 4.777198620689653294e-17
6.799443489932886223e+03 4.722217241379309240e-17
6.801938187919463417e+03 4.685716551724135748e-17
6.804432877516778717e+03 4.656328620689653412e-17
6.806927575503355911e+03 4.624346896551722297e-17
6.809422273489933104e+03 4.602727586206895053e-17
6.811916971476510298e+03 4.596273448275860265e-17
6.814411661073825599e+03 4.565214482758619262e-17
6.816906359060402792e+03 4.557237931034481551e-17
6.819401057046979986e+03 4.572395172413790509e-17
6.821895746644296196e+03 4.585124137931033860e-17
6.824390444630873390e+03 4.578962758620687363e-17
6.826885142617450583e+03 4.564197241379309213e-17
6.829379840604027777e+03 4.561977931034480495e-17
6.831874530201342168e+03 4.565413793103446815e-17
6.834369228187919362e+03 4.575917586206895116e-17
6.836863926174496555e+03 4.544233448275860040e-17
6.839358615771812765e+03 4.503848965517239527e-17
6.841853313758389959e+03 4.477451724137928462e-17
6.844348011744967152e+03 4.445158275862066926e-17
6.846842709731544346e+03 4.418776551724135842e-17
6.849337399328859647e+03 4.391154827586204910e-17
6.851832097315436840e+03 4.369750344827583351e-17
6.854326795302014034e+03 4.346833448275858918e-17
6.856821484899329334e+03 4.316666206896550530e-17
6.859316182885906528e+03 4.333741379310342386e-17
6.861810880872483722e+03 4.317663793103447498e-17
6.864305578859060006e+03 4.313328620689653928e-17
6.866800268456376216e+03 4.328904482758619939e-17
6.869294966442953410e+03 4.344512758620687813e-17
6.871789664429530603e+03 4.359569310344825951e-17
6.874284354026845904e+03 4.379622068965515129e-17
6.876779052013423097e+03 4.392907586206894115e-17
6.879273750000000291e+03 4.398352068965515953e-17
6.881768447986577485e+03 4.408893103448273865e-17
6.884263137583893695e+03 4.409153448275860293e-17
6.886757835570469979e+03 4.418089310344824928e-17
6.889252533557048082e+03 4.400276206896549733e-17
6.891747223154363382e+03 4.386532068965515349e-17
6.894241921140939667e+03 4.377259655172412447e-17
6.896736619127517770e+03 4.369610344827584521e-17
6.899231317114094054e+03 4.379347931034480720e-17
6.901726006711410264e+03 4.393479655172412196e-17
6.904220704697986548e+03 4.387176206896550319e-17
6.906715402684564651e+03 4.363851724137929929e-17
6.909210092281879952e+03 4.339048620689653511e-17
6.911704790268456236e+03 4.316970689655171485e-17
6.914199488255034339e+03 4.299189999999998153e-17
6.916694186241610623e+03 4.317656896551723199e-17
6.919188875838926833e+03 4.330441034482756627e-17
6.921683573825504027e+03 4.327722413793101366e-17
6.924178271812081221e+03 4.325328965517239956e-17
6.926672961409396521e+03 4.343473448275860501e-17
6.929167659395972805e+03 4.375696551724136530e-17
6.931662357382550908e+03 4.361721724137929464e-17
6.934157055369127193e+03 4.373145862068964311e-17
6.936651744966444312e+03 4.391267586206894177e-17
6.939146442953020596e+03 4.403334137931032611e-17
6.941641140939598699e+03 4.417871724137929277e-17
6.944135838926174983e+03 4.417478620689653485e-17
6.946630528523489374e+03 4.405106896551722530e-17
6.949125226510067478e+03 4.404056551724136586e-17
6.951619924496644671e+03 4.418628275862067730e-17
6.954114614093960881e+03 4.437511724137929582e-17
6.956609312080537165e+03 4.436140689655170520e-17
6.959104010067113450e+03 4.425044482758619491e-17
6.961598708053691553e+03 4.449393103448272995e-17
6.964093397651006853e+03 4.451259655172413132e-17
6.966588095637584956e+03 4.432149310344825299e-17
6.969082793624161241e+03 4.426548965517240100e-17
6.971577483221477451e+03 4.433492068965514982e-17
6.974072181208053735e+03 4.431114827586205736e-17
6.976566879194630019e+03 4.412685862068963100e-17
6.979061577181208122e+03 4.417985172413791343e-17
6.981556266778523423e+03 4.470063793103446163e-17
6.984050964765101526e+03 4.521828275862066996e-17
6.986545662751677810e+03 4.571802758620688396e-17
6.989040352348994020e+03 4.578505172413790548e-17
6.991535050335570304e+03 4.591449310344825984e-17
6.994029748322147498e+03 4.620147931034480240e-17
6.996524446308725601e+03 4.605741034482756387e-17
6.999019135906039992e+03 4.572061034482756425e-17
7.001513833892618095e+03 4.563502068965515417e-17
7.004008531879194379e+03 4.564672413793101942e-17
7.006503221476511499e+03 4.564768965517239662e-17
7.008997919463087783e+03 4.565093448275860713e-17
7.011492617449664067e+03 4.564988620689653712e-17
7.013987315436242170e+03 4.543543793103446792e-17
7.016482005033556561e+03 4.535267241379308243e-17
7.018976703020134664e+03 4.567492068965515656e-17
7.021471401006710948e+03 4.574036206896549647e-17
7.023966090604028068e+03 4.504529999999998325e-17
7.026460788590604352e+03 4.426460344827584646e-17
7.028955486577180636e+03 4.416821724137929733e-17
7.031450184563758739e+03 4.428515517241378256e-17
7.033944874161074040e+03 4.399708275862067218e-17
7.036439572147652143e+03 4.365378275862067186e-17
7.038934270134228427e+03 4.347773103448274610e-17
7.041428959731544637e+03 4.311659999999998210e-17
7.043923657718120921e+03 4.274907241379309422e-17
7.046418355704697206e+03 4.277694482758619423e-17
7.048913053691275309e+03 4.303688620689654032e-17
7.051407743288590609e+03 4.363634482758619445e-17
7.053902441275168712e+03 4.388182758620688136e-17
7.056397139261744996e+03 4.355331724137929300e-17
7.058891828859061206e+03 4.313472068965516140e-17
7.061386526845637491e+03 4.305597586206894847e-17
7.063881224832214684e+03 4.285057586206894493e-17
7.066375922818791878e+03 4.261230689655169962e-17
7.068870612416107178e+03 4.280189655172412085e-17
7.071365310402685282e+03 4.299132413793102044e-17
7.073860008389261566e+03 4.277355172413791191e-17
7.076354697986577776e+03 4.246984482758617836e-17
7.078849395973154969e+03 4.227762413793101784e-17
7.081344093959731254e+03 4.212781724137928468e-17
7.083838791946309357e+03 4.171025172413791542e-17
7.086333481543623748e+03 4.138021034482756229e-17
7.088828179530201851e+03 4.111192068965515395e-17
7.091322877516778135e+03 4.052284827586205110e-17
7.093817567114095255e+03 4.022549310344826492e-17
7.096312265100671539e+03 4.071780689655170404e-17
7.098806963087247823e+03 4.151234482758618942e-17
7.101301661073825926e+03 4.158335172413791034e-17
7.103796350671141226e+03 4.150351724137929640e-17
7.106291048657718420e+03 4.174365862068963278e-17
7.108785746644295614e+03 4.197315862068963606e-17
7.111280436241611824e+03 4.212929999999998428e-17
7.113775134228188108e+03 4.245955172413791805e-17
7.116269832214764392e+03 4.268401724137930025e-17
7.118764530201342495e+03 4.254269310344826365e-17
7.121259219798657796e+03 4.215681379310343801e-17
7.123753917785235899e+03 4.135379655172411389e-17
7.126248615771812183e+03 4.066612413793102607e-17
7.128743313758390286e+03 4.065482758620687842e-17
7.131238003355704677e+03 4.063388275862068071e-17
7.133732701342281871e+03 4.038307931034480877e-17
7.136227399328859065e+03 4.032266896551723210e-17
7.138722088926174365e+03 4.027788275862066812e-17
7.141216786912752468e+03 4.034379310344825912e-17
7.143711484899328752e+03 4.064506551724136571e-17
7.146206182885906856e+03 4.082202413793101766e-17
7.148700872483222156e+03 4.097096551724136796e-17
7.151195570469798440e+03 4.110621379310342913e-17
7.153690268456376543e+03 4.103743448275860005e-17
7.156184958053690934e+03 4.095400344827584499e-17
7.158679656040269037e+03 4.091182413793102161e-17
7.161174354026845322e+03 4.067753103448274154e-17
7.163669052013423425e+03 4.060650344827584279e-17
7.166163741610738725e+03 4.075025172413790820e-17
7.168658439597315009e+03 4.063025517241377592e-17
7.171153137583893113e+03 4.001988275862066841e-17
7.173647827181208413e+03 3.982919655172411817e-17
7.176142525167785607e+03 3.985315862068963810e-17
7.178637223154362800e+03 3.957277931034480623e-17
7.181131921140939994e+03 3.945153448275861530e-17
7.183626610738255295e+03 3.961529310344825872e-17
7.186121308724831579e+03 3.961345517241378299e-17
7.188616006711409682e+03 3.951784827586204759e-17
7.191110696308724982e+03 3.934655517241378328e-17
7.193605394295303086e+03 3.942530689655170571e-17
7.196100092281879370e+03 3.958773448275860999e-17
7.198594790268457473e+03 3.967443793103446907e-17
7.201089479865771864e+03 3.949751724137930261e-17
7.203584177852349058e+03 3.928906206896550369e-17
7.206078875838926251e+03 3.938873448275860666e-17
7.208573565436241552e+03 3.938145172413791592e-17
7.211068263422819655e+03 3.943006551724136717e-17
7.213562961409395939e+03 3.924024827586205147e-17
7.216057659395974042e+03 3.871933103448273912e-17
7.218552348993289343e+03 3.817211724137929886e-17
7.221047046979865627e+03 3.787903793103446705e-17
7.223541744966443730e+03 3.795563793103446247e-17
7.226036434563758121e+03 3.829646206896549250e-17
7.228531132550336224e+03 3.865151724137929340e-17
7.231025830536912508e+03 3.902381379310342240e-17
7.233520528523490611e+03 3.956089310344826000e-17
7.236015218120805912e+03 3.969461379310342657e-17
7.238509916107382196e+03 3.932441379310343142e-17
7.241004614093960299e+03 3.910314827586205240e-17
7.243499303691274690e+03 3.896246896551722604e-17
7.245994001677852793e+03 3.850317586206894601e-17
7.248488699664429987e+03 3.830753448275860351e-17
7.250983397651007181e+03 3.845007241379308343e-17
7.253478087248322481e+03 3.826986896551722712e-17
7.255972785234898765e+03 3.782212413793101870e-17
7.258467483221476868e+03 3.723866896551722602e-17
7.260962172818792169e+03 3.679295517241377863e-17
7.263456870805370272e+03 3.671058620689653724e-17
7.265951568791946556e+03 3.660371379310343017e-17
7.268446266778524659e+03 3.654170344827584575e-17
7.270940956375839050e+03 3.651956896551722805e-17
7.273435654362415335e+03 3.677745517241377744e-17
7.275930352348993438e+03 3.706903448275860197e-17
7.278425041946308738e+03 3.698891724137929425e-17
7.280919739932886841e+03 3.678651379310342892e-17
7.283414437919463126e+03 3.639297586206894626e-17
7.285909135906041229e+03 3.601456896551722033e-17
7.288403825503355620e+03 3.588231724137929122e-17
7.290898523489932813e+03 3.618283448275860741e-17
7.293393221476510917e+03 3.641883103448274123e-17
7.295887911073825308e+03 3.606351379310343670e-17
7.298382609060403411e+03 3.537970689655170931e-17
7.300877307046979695e+03 3.500606206896550884e-17
7.303372005033557798e+03 3.461722068965516647e-17
7.305866694630873099e+03 3.430336206896551026e-17
7.308361392617449383e+03 3.442840689655171345e-17
7.310856090604027486e+03 3.448433793103447078e-17
7.313350780201341877e+03 3.445449999999998873e-17
7.315845478187919980e+03 3.451847931034481919e-17
7.318340176174496264e+03 3.454203103448274518e-17
7.320834874161074367e+03 3.451658965517240197e-17
7.323329563758389668e+03 3.451779310344826563e-17
7.325824261744965952e+03 3.502977586206894414e-17
7.328318959731544055e+03 3.581272068965516292e-17
7.330813657718120339e+03 3.639945172413791745e-17
7.333308347315437459e+03 3.656793103448274301e-17
7.335803045302013743e+03 3.647622413793102034e-17
7.338297743288591846e+03 3.627289999999997899e-17
7.340792432885906237e+03 3.593703448275861139e-17
7.343287130872482521e+03 3.550517241379308610e-17
7.345781828859060624e+03 3.520916551724136523e-17
7.348276526845636909e+03 3.505545172413792214e-17
7.350771216442954028e+03 3.463743448275861562e-17
7.353265914429530312e+03 3.435657241379309516e-17
7.355760612416108415e+03 3.468484482758619706e-17
7.358255302013422806e+03 3.516445517241377223e-17
7.360750000000000000e+03 3.520142758620688555e-17
7.363244697986578103e+03 3.467203448275859847e-17
7.365739395973154387e+03 3.449840689655170769e-17
7.368234085570470597e+03 3.458325862068963504e-17
7.370728783557046881e+03 3.456537241379309053e-17
7.373223481543624985e+03 3.451548620689653264e-17
7.375718171140940285e+03 3.442860689655171442e-17
7.378212869127516569e+03 3.407327586206894773e-17
7.380707567114094672e+03 3.370799999999999351e-17
7.383202265100670957e+03 3.413303448275860465e-17
7.385696954697987167e+03 3.433357586206895242e-17
7.388191652684563451e+03 3.414579655172412575e-17
7.390686350671141554e+03 3.407682758620688153e-17
7.393181040268456854e+03 3.371072068965515977e-17
7.395675738255033139e+03 3.338546896551722560e-17
7.398170436241611242e+03 3.286552758620688244e-17
7.400665134228187526e+03 3.207146896551722165e-17
7.403159823825503736e+03 3.201812758620688493e-17
7.405654521812080930e+03 3.205696206896550347e-17
7.408149219798659033e+03 3.203033448275861044e-17
7.410643909395973424e+03 3.224783103448274086e-17
7.413138607382549708e+03 3.237503793103446922e-17
7.415633305369127811e+03 3.252262068965515606e-17
7.418128003355704095e+03 3.237785517241378430e-17
7.420622692953021215e+03 3.230252758620687087e-17
7.423117390939597499e+03 3.265023793103447220e-17
7.425612088926175602e+03 3.314810344827584248e-17
7.428106778523489993e+03 3.307540344827584132e-17
7.430601476510067187e+03 3.273214482758619665e-17
7.433096174496644380e+03 3.271756551724136533e-17
7.435590872483221574e+03 3.300170689655171164e-17
7.438085562080537784e+03 3.292462068965515130e-17
7.440580260067114068e+03 3.282465172413791703e-17
7.443074958053692171e+03 3.302828275862067551e-17
7.445569647651007472e+03 3.320268275862067668e-17
7.448064345637583756e+03 3.350059310344825843e-17
7.450559043624161859e+03 3.377935172413791704e-17
7.453053741610738143e+03 3.393735862068964682e-17
7.455548431208054353e+03 3.366456896551722282e-17
7.458043129194630637e+03 3.325897931034481445e-17
7.460537827181208741e+03 3.367956896551722775e-17
7.463032516778524041e+03 3.479367586206895200e-17
7.465527214765100325e+03 3.568694137931032867e-17
7.468021912751678428e+03 3.608555862068963975e-17
7.470516610738254712e+03 3.647045172413791037e-17
7.473011300335570922e+03 3.702019999999998425e-17
7.475505998322148116e+03 3.724137586206894861e-17
7.478000696308725310e+03 3.762566896551722249e-17
7.480495385906040610e+03 3.803241379310343552e-17
7.482990083892616894e+03 3.797294137931033638e-17
7.485484781879194998e+03 3.781830689655171111e-17
7.487979479865771282e+03 3.773972758620687766e-17
7.490474169463088401e+03 3.763068620689653591e-17
7.492968867449664685e+03 3.758296896551722502e-17
7.495463565436242789e+03 3.769027931034481952e-17
7.497958255033557180e+03 3.708943793103446626e-17
7.500452953020134373e+03 3.653109999999998583e-17
7.502947651006711567e+03 3.604353793103446168e-17
7.505442348993288761e+03 3.563416896551723120e-17
7.507937038590604971e+03 3.564324137931033252e-17
7.510431736577181255e+03 3.594909999999998692e-17
7.512926434563759358e+03 3.600483103448273712e-17
7.515421132550335642e+03 3.569487241379309365e-17
7.517915822147650942e+03 3.541912413793102309e-17
7.520410520134229046e+03 3.538976551724137180e-17
7.522905218120805330e+03 3.553895172413791190e-17
7.525399907718121540e+03 3.557123448275860059e-17
7.527894605704697824e+03 3.550344482758619053e-17
7.530389303691275927e+03 3.597389655172411990e-17
7.532884001677852211e+03 3.616235172413791430e-17
7.535378691275167512e+03 3.539421034482756348e-17
7.537873389261745615e+03 3.440169310344826360e-17
7.540368087248321899e+03 3.369366551724135815e-17
7.542862776845638109e+03 3.280495862068964197e-17
7.545357474832215303e+03 3.189714482758619763e-17
7.547852172818792496e+03 3.119321379310343574e-17
7.550346870805369690e+03 3.065047931034481481e-17
7.552841560402684081e+03 3.027999655172412587e-17
7.555336258389262184e+03 3.016456206896550575e-17
7.557830956375838468e+03 2.997403103448274915e-17
7.560325645973155588e+03 2.985335517241378514e-17
7.562820343959731872e+03 3.017454482758619726e-17
7.565315041946309975e+03 3.010831724137929713e-17
7.567809739932886259e+03 2.969971724137929455e-17
7.570304429530200650e+03 3.012052413793102265e-17
7.572799127516778753e+03 3.087756206896551112e-17
7.575293825503355947e+03 3.165896551724136081e-17
7.577788515100672157e+03 3.207427931034482105e-17
7.580283213087248441e+03 3.216419655172412699e-17
7.582777911073826544e+03 3.209164482758618531e-17
7.585272609060402829e+03 3.228595517241378250e-17
7.587767298657718129e+03 3.250334137931032660e-17
7.590261996644296232e+03 3.232269999999998286e-17
7.592756694630872516e+03 3.200937241379308657e-17
7.595251384228188726e+03 3.162208965517239630e-17
7.597746082214765011e+03 3.091190344827584817e-17
7.600240780201343114e+03 3.023739310344826489e-17
7.602735478187919398e+03 2.949162758620688223e-17
7.605230167785234698e+03 2.860230344827585547e-17
7.607724865771812802e+03 2.812864482758619492e-17
7.610219563758389086e+03 2.842675862068964164e-17
7.612714253355705296e+03 2.892874482758619731e-17
7.615208951342281580e+03 2.947621379310343786e-17
7.617703649328859683e+03 3.024368275862067879e-17
7.620198347315436877e+03 3.080401034482757076e-17
7.622693036912751268e+03 3.150903448275861615e-17
7.625187734899329371e+03 3.221158275862067892e-17
7.627682432885905655e+03 3.291373103448274592e-17
7.630177122483222774e+03 3.394223103448274626e-17
7.632671820469799059e+03 3.465029655172412487e-17
7.635166518456377162e+03 3.472688620689653446e-17
7.637661216442953446e+03 3.496135517241377984e-17
7.640155906040267837e+03 3.543920344827585027e-17
7.642650604026845940e+03 3.548600344827584913e-17
7.645145302013422224e+03 3.517659999999998891e-17
7.647639991610739344e+03 3.485307241379308631e-17
7.650134689597315628e+03 3.444327931034481207e-17
7.652629387583893731e+03 3.391744137931033512e-17
7.655124085570470015e+03 3.343542413793102031e-17
7.657618775167785316e+03 3.281574137931033736e-17
7.660113473154363419e+03 3.232231379310343692e-17
7.662608171140939703e+03 3.181616551724136487e-17
7.665102860738255913e+03 3.105605758620689294e-17
7.667597558724832197e+03 3.050521965517239340e-17
7.670092256711410300e+03 3.046116793103446663e-17
7.672586954697986585e+03 3.038032999999998385e-17
7.675081644295301885e+03 3.027968517241378185e-17
7.677576342281879988e+03 3.025236793103447126e-17
7.680071040268456272e+03 3.023643103448274553e-17
7.682565729865772482e+03 2.968733103448274589e-17
7.685060427852348766e+03 2.913131379310343595e-17
7.687555125838926870e+03 2.879836206896550758e-17
7.690049823825504063e+03 2.824121724137929880e-17
7.692544513422818454e+03 2.751991724137930249e-17
7.695039211409396557e+03 2.650191379310343975e-17
7.697533909395972842e+03 2.573747931034481946e-17
7.700028607382550945e+03 2.517589999999998943e-17
7.702523296979866245e+03 2.459832758620688686e-17
7.705017994966444348e+03 2.442251034482758049e-17
7.707512692953020633e+03 2.444070344827584828e-17
