       3159.4150   2.0700541e-15
       3162.1045   2.0207019e-15
       3164.7939   1.9967381e-15
       3167.4834   1.9690501e-15
       3170.1731   1.9012590e-15
       3172.8623   1.8335481e-15
       3175.5520   1.8300880e-15
       3178.2415   1.8707940e-15
       3180.9309   1.9229780e-15
       3183.6204   1.9257161e-15
       3186.3101   1.9004609e-15
       3188.9995   1.8805781e-15
       3191.6890   1.8820871e-15
       3194.3784   1.8740170e-15
       3197.0679   1.8549890e-15
       3199.7573   1.8410479e-15
       3202.4468   1.8427441e-15
       3205.1365   1.8608861e-15
       3207.8257   1.8389839e-15
       3210.5154   1.8166510e-15
       3213.2048   1.7985790e-15
       3215.8943   1.8068839e-15
       3218.5837   1.8197810e-15
       3221.2734   1.8235741e-15
       3223.9626   1.7755890e-15
       3226.6521   1.6936400e-15
       3229.3418   1.6472220e-15
       3232.0310   1.6748720e-15
       3234.7207   1.7350150e-15
       3237.4102   1.7515940e-15
       3240.0999   1.7388790e-15
       3242.7891   1.7206950e-15
       3245.4788   1.6936690e-15
       3248.1682   1.6616880e-15
       3250.8577   1.6581320e-15
       3253.5471   1.6701160e-15
       3256.2368   1.6889271e-15
       3258.9260   1.6949020e-15
       3261.6155   1.6982020e-15
       3264.3052   1.6816360e-15
       3266.9944   1.6449990e-15
       3269.6841   1.6439530e-15
       3272.3735   1.6926300e-15
       3275.0630   1.7439320e-15
       3277.7524   1.7472930e-15
       3280.4421   1.7117980e-15
       3283.1313   1.6858750e-15
       3285.8210   1.6566060e-15
       3288.5105   1.6485920e-15
       3291.2000   1.6615640e-15
       3293.8894   1.6929530e-15
       3296.5789   1.7465330e-15
       3299.2686   1.7584780e-15
       3301.9578   1.7053050e-15
       3304.6475   1.6248730e-15
       3307.3369   1.5528840e-15
       3310.0264   1.5534470e-15
       3312.7158   1.5845280e-15
       3315.4055   1.6123810e-15
       3318.0947   1.6243310e-15
       3320.7844   1.6285780e-15
       3323.4739   1.6411720e-15
       3326.1633   1.6552090e-15
       3328.8528   1.6507219e-15
       3331.5422   1.6328590e-15
       3334.2317   1.6064369e-15
       3336.9211   1.5892160e-15
       3339.6108   1.5931220e-15
       3342.3000   1.5970750e-15
       3344.9897   1.5955220e-15
       3347.6792   1.6105980e-15
       3350.3689   1.6265510e-15
       3353.0581   1.6158860e-15
       3355.7478   1.5707660e-15
       3358.4373   1.5409660e-15
       3361.1265   1.5391460e-15
       3363.8162   1.5302390e-15
       3366.5056   1.5034790e-15
       3369.1951   1.4719750e-15
       3371.8845   1.4438070e-15
       3374.5742   1.4192130e-15
       3377.2634   1.4033790e-15
       3379.9531   1.4134590e-15
       3382.6426   1.4460200e-15
       3385.3320   1.4793410e-15
       3388.0215   1.5215820e-15
       3390.7112   1.5594921e-15
       3393.4004   1.5962470e-15
       3396.0898   1.6085150e-15
       3398.7795   1.5981930e-15
       3401.4690   1.5910220e-15
       3404.1584   1.5984320e-15
       3406.8479   1.6227280e-15
       3409.5376   1.6540910e-15
       3412.2268   1.6688650e-15
       3414.9165   1.6589880e-15
       3417.6060   1.6249180e-15
       3420.2954   1.6102060e-15
       3422.9849   1.6268240e-15
       3425.6743   1.6529650e-15
       3428.3638   1.6479840e-15
       3431.0532   1.6195530e-15
       3433.7429   1.6107550e-15
       3436.4321   1.6300030e-15
       3439.1218   1.6509180e-15
       3441.8113   1.6315700e-15
       3444.5007   1.5907340e-15
       3447.1902   1.5657090e-15
       3449.8799   1.5547930e-15
       3452.5693   1.5575940e-15
       3455.2588   1.5705659e-15
       3457.9482   1.5919340e-15
       3460.6377   1.5976890e-15
       3463.3271   1.5782430e-15
       3466.0166   1.5637300e-15
       3468.7063   1.5651670e-15
       3471.3955   1.5788050e-15
       3474.0852   1.5772110e-15
       3476.7747   1.5541640e-15
       3479.4641   1.5258330e-15
       3482.1536   1.5188780e-15
       3484.8433   1.5345590e-15
       3487.5325   1.5441220e-15
       3490.2222   1.5334160e-15
       3492.9116   1.5118220e-15
       3495.6008   1.5100900e-15
       3498.2905   1.5307870e-15
       3500.9800   1.5644840e-15
       3503.6697   1.5687810e-15
       3506.3589   1.5450070e-15
       3509.0486   1.5408440e-15
       3511.7380   1.5646550e-15
       3514.4275   1.5884840e-15
       3517.1169   1.5986490e-15
       3519.8066   1.5977350e-15
       3522.4958   1.5864090e-15
       3525.1855   1.5606530e-15
       3527.8750   1.5503091e-15
       3530.5642   1.5653250e-15
       3533.2539   1.5736540e-15
       3535.9434   1.5733280e-15
       3538.6328   1.5938840e-15
       3541.3223   1.6184110e-15
       3544.0120   1.6267590e-15
       3546.7012   1.6154690e-15
       3549.3909   1.6094920e-15
       3552.0803   1.6041931e-15
       3554.7698   1.5874740e-15
       3557.4592   1.5783850e-15
       3560.1487   1.5848620e-15
       3562.8384   1.5970330e-15
       3565.5276   1.6123870e-15
       3568.2173   1.6132230e-15
       3570.9067   1.6026870e-15
       3573.5962   1.5880400e-15
       3576.2856   1.5747820e-15
       3578.9753   1.5551020e-15
       3581.6646   1.5436560e-15
       3584.3542   1.5441790e-15
       3587.0437   1.5519710e-15
       3589.7332   1.5460320e-15
       3592.4226   1.5327750e-15
       3595.1121   1.5135140e-15
       3597.8015   1.4730330e-15
       3600.4910   1.4459830e-15
       3603.1807   1.4483860e-15
       3605.8699   1.4661660e-15
       3608.5596   1.4716630e-15
       3611.2490   1.4633600e-15
       3613.9387   1.4457860e-15
       3616.6279   1.4329730e-15
       3619.3176   1.4225440e-15
       3622.0071   1.4399750e-15
       3624.6965   1.4516130e-15
       3627.3860   1.4578320e-15
       3630.0754   1.4637410e-15
       3632.7649   1.4708610e-15
       3635.4543   1.4777780e-15
       3638.1440   1.4612689e-15
       3640.8333   1.4450460e-15
       3643.5229   1.4404290e-15
       3646.2124   1.4398730e-15
       3648.9019   1.4448980e-15
       3651.5913   1.4592699e-15
       3654.2810   1.4839679e-15
       3656.9702   1.4920649e-15
       3659.6599   1.4730030e-15
       3662.3494   1.4460820e-15
       3665.0388   1.4415610e-15
       3667.7283   1.4565410e-15
       3670.4177   1.4904940e-15
       3673.1074   1.5176290e-15
       3675.7966   1.5191790e-15
       3678.4863   1.5021300e-15
       3681.1758   1.4900950e-15
       3683.8652   1.4952000e-15
       3686.5547   1.4951610e-15
       3689.2444   1.4931340e-15
       3691.9336   1.4897970e-15
       3694.6230   1.4830540e-15
       3697.3127   1.4698050e-15
       3700.0020   1.4734440e-15
       3702.6917   1.4915450e-15
       3705.3811   1.4983341e-15
       3708.0708   1.4967747e-15
       3710.7603   1.4952154e-15
       3713.4495   1.4932627e-15
       3716.1389   1.4913098e-15
       3718.8286   1.4893568e-15
       3721.5181   1.4874038e-15
       3724.2075   1.4854510e-15
       3726.8972   1.4834980e-15
       3729.5864   1.4815452e-15
       3732.2759   1.4795924e-15
       3734.9653   1.4776396e-15
       3737.6550   1.4756865e-15
       3740.3445   1.4737336e-15
       3743.0342   1.4717805e-15
       3745.7236   1.4698277e-15
       3748.4128   1.4678750e-15
       3751.1023   1.4476920e-15
       3753.7920   1.4341030e-15
       3756.4814   1.4263390e-15
       3759.1709   1.4221880e-15
       3761.8606   1.4216890e-15
       3764.5496   1.4182141e-15
       3767.2393   1.4178450e-15
       3769.9287   1.4116770e-15
       3772.6184   1.4066620e-15
       3775.3079   1.3826650e-15
       3777.9976   1.3550350e-15
       3780.6865   1.3444340e-15
       3783.3762   1.3488059e-15
       3786.0657   1.3372330e-15
       3788.7554   1.3287210e-15
       3791.4448   1.3232970e-15
       3794.1343   1.3215790e-15
       3796.8240   1.3213260e-15
       3799.5129   1.3132940e-15
       3802.2026   1.3043550e-15
       3804.8921   1.2893630e-15
       3807.5818   1.2840760e-15
       3810.2712   1.2862150e-15
       3812.9609   1.2707930e-15
       3815.6499   1.2604640e-15
       3818.3396   1.2619070e-15
       3821.0291   1.2584620e-15
       3823.7188   1.2526320e-15
       3826.4082   1.2469900e-15
       3829.0977   1.2447490e-15
       3831.7869   1.2449340e-15
       3834.4763   1.2553170e-15
       3837.1660   1.2658680e-15
       3839.8555   1.2602901e-15
       3842.5452   1.2611610e-15
       3845.2346   1.2731040e-15
       3847.9243   1.2914360e-15
       3850.6133   1.3008980e-15
       3853.3030   1.3066400e-15
       3855.9924   1.3243510e-15
       3858.6819   1.3666230e-15
       3861.3716   1.4337410e-15
       3864.0610   1.4791100e-15
       3866.7502   1.4757990e-15
       3869.4397   1.4345900e-15
       3872.1294   1.3880460e-15
       3874.8188   1.3531530e-15
       3877.5085   1.3449060e-15
       3880.1980   1.3694380e-15
       3882.8872   1.3964150e-15
       3885.5767   1.4022880e-15
       3888.2664   1.3912310e-15
       3890.9558   1.3806260e-15
       3893.6453   1.3794610e-15
       3896.3350   1.3562340e-15
       3899.0242   1.3244960e-15
       3901.7136   1.3037230e-15
       3904.4031   1.3134710e-15
       3907.0928   1.3356760e-15
       3909.7822   1.3578850e-15
       3912.4719   1.3646400e-15
       3915.1614   1.3608410e-15
       3917.8506   1.3735900e-15
       3920.5400   1.3902270e-15
       3923.2297   1.3919220e-15
       3925.9192   1.3717190e-15
       3928.6086   1.3490650e-15
       3931.2983   1.3273320e-15
       3933.9873   1.2892170e-15
       3936.6770   1.2661251e-15
       3939.3665   1.2718280e-15
       3942.0562   1.2945130e-15
       3944.7456   1.3113840e-15
       3947.4353   1.3027930e-15
       3950.1243   1.2826640e-15
       3952.8140   1.2541510e-15
       3955.5034   1.2446450e-15
       3958.1931   1.2550860e-15
       3960.8826   1.2886540e-15
       3963.5720   1.3180060e-15
       3966.2617   1.3097620e-15
       3968.9507   1.2724660e-15
       3971.6404   1.2228950e-15
       3974.3298   1.1924940e-15
       3977.0195   1.1740340e-15
       3979.7090   1.1583720e-15
       3982.3987   1.1548370e-15
       3985.0876   1.1613100e-15
       3987.7773   1.1743079e-15
       3990.4668   1.1678360e-15
       3993.1562   1.1404710e-15
       3995.8459   1.1108800e-15
       3998.5354   1.1093390e-15
       4001.2246   1.1270790e-15
       4003.9141   1.1353450e-15
       4006.6038   1.1320110e-15
       4009.2932   1.1330800e-15
       4011.9829   1.1446040e-15
       4014.6724   1.1428170e-15
       4017.3621   1.1436570e-15
       4020.0510   1.1643610e-15
       4022.7407   1.1974210e-15
       4025.4302   1.2006900e-15
       4028.1196   1.1846140e-15
       4030.8093   1.1754659e-15
       4033.4988   1.1914030e-15
       4036.1880   1.2152330e-15
       4038.8774   1.2243530e-15
       4041.5671   1.2220410e-15
       4044.2566   1.2086250e-15
       4046.9463   1.2014890e-15
       4049.6357   1.2010120e-15
       4052.3250   1.2047910e-15
       4055.0144   1.2138120e-15
       4057.7041   1.2218740e-15
       4060.3936   1.2270730e-15
       4063.0830   1.2234420e-15
       4065.7727   1.2180410e-15
       4068.4622   1.2220890e-15
       4071.1514   1.2315050e-15
       4073.8408   1.2272550e-15
       4076.5305   1.2146380e-15
       4079.2200   1.1958250e-15
       4081.9097   1.1858630e-15
       4084.5991   1.1828590e-15
       4087.2883   1.1779430e-15
       4089.9778   1.1819170e-15
       4092.6675   1.1983370e-15
       4095.3569   1.2183370e-15
       4098.0464   1.2297680e-15
       4100.7358   1.2181390e-15
       4103.4253   1.1944680e-15
       4106.1147   1.1665060e-15
       4108.8042   1.1377600e-15
       4111.4937   1.1220341e-15
       4114.1836   1.1128370e-15
       4116.8730   1.1116790e-15
       4119.5625   1.1096380e-15
       4122.2515   1.1085490e-15
       4124.9414   1.1110490e-15
       4127.6309   1.1095600e-15
       4130.3203   1.1065860e-15
       4133.0098   1.1036650e-15
       4135.6992   1.1099880e-15
       4138.3887   1.1094750e-15
       4141.0781   1.0952030e-15
       4143.7676   1.0874400e-15
       4146.4570   1.0882310e-15
       4149.1470   1.0887860e-15
       4151.8364   1.0764150e-15
       4154.5254   1.0619370e-15
       4157.2148   1.0548220e-15
       4159.9048   1.0451580e-15
       4162.5942   1.0398250e-15
       4165.2837   1.0376470e-15
       4167.9731   1.0345150e-15
       4170.6626   1.0275800e-15
       4173.3521   1.0013700e-15
       4176.0415   9.7901264e-16
       4178.7310   9.7160693e-16
       4181.4204   9.8121737e-16
       4184.1104   9.8628400e-16
       4186.7998   9.7916236e-16
       4189.4888   9.6632621e-16
       4192.1782   9.5348159e-16
       4194.8677   9.4236873e-16
       4197.5576   9.4587142e-16
       4200.2471   9.5322864e-16
       4202.9365   9.6326980e-16
       4205.6255   9.7011541e-16
       4208.3154   9.7378592e-16
       4211.0049   9.7092306e-16
       4213.6943   9.5837278e-16
       4216.3838   9.4810251e-16
       4219.0737   9.4792971e-16
       4221.7632   9.5570643e-16
       4224.4521   9.6528626e-16
       4227.1416   9.6566415e-16
       4229.8311   9.5950685e-16
       4232.5210   9.6194514e-16
       4235.2104   9.6748326e-16
       4237.8999   9.6823743e-16
       4240.5889   9.5933056e-16
       4243.2788   9.4959794e-16
       4245.9683   9.4693307e-16
       4248.6577   9.5064032e-16
       4251.3472   9.4818562e-16
       4254.0371   9.4191864e-16
       4256.7261   9.4366712e-16
       4259.4155   9.5856559e-16
       4262.1050   9.7260039e-16
       4264.7944   9.7726077e-16
       4267.4844   9.7630680e-16
       4270.1738   9.7793204e-16
       4272.8633   9.8208812e-16
       4275.5522   9.8133923e-16
       4278.2422   9.8296734e-16
       4280.9316   9.8471064e-16
       4283.6211   9.8293324e-16
       4286.3105   9.8323023e-16
       4289.0000   9.6783456e-16
       4291.6895   9.5827580e-16
       4294.3789   9.6158939e-16
       4297.0684   9.7854328e-16
       4299.7578   9.8827696e-16
       4302.4478   9.7965332e-16
       4305.1372   9.7493069e-16
       4307.8262   9.7893821e-16
       4310.5156   9.8349917e-16
       4313.2056   9.8444678e-16
       4315.8950   9.8644388e-16
       4318.5845   9.8768669e-16
       4321.2739   9.9117307e-16
       4323.9634   9.9721782e-16
       4326.6528   1.0172560e-15
       4329.3423   1.0580359e-15
       4332.0317   1.1111640e-15
       4334.7212   1.1603920e-15
       4337.4111   1.1733770e-15
       4340.1006   1.1386720e-15
       4342.7896   1.0778090e-15
       4345.4790   1.0710822e-15
       4348.1689   1.0643541e-15
       4350.8584   1.0576271e-15
       4353.5479   1.0509003e-15
       4356.2373   1.0441734e-15
       4358.9268   1.0374466e-15
       4361.6162   1.0307197e-15
       4364.3057   1.0239928e-15
       4366.9951   1.0172659e-15
       4369.6846   1.0105391e-15
       4372.3745   1.0038110e-15
       4375.0635   9.9708536e-16
       4377.7529   9.9035844e-16
       4380.4424   9.8363162e-16
       4383.1323   9.7690353e-16
       4385.8218   9.7654291e-16
       4388.5112   9.7851544e-16
       4391.2007   9.8294997e-16
       4393.8901   9.8514643e-16
       4396.5796   9.7975359e-16
       4399.2690   9.7942473e-16
       4401.9585   9.8485633e-16
       4404.6479   9.8960850e-16
       4407.3379   9.8755910e-16
       4410.0269   9.8340928e-16
       4412.7163   9.7906241e-16
       4415.4058   9.6970778e-16
       4418.0957   9.5986991e-16
       4420.7852   9.5103483e-16
       4423.4746   9.4201785e-16
       4426.1636   9.3563101e-16
       4428.8535   9.3557891e-16
       4431.5430   9.3146022e-16
       4434.2324   9.2247129e-16
       4436.9219   9.1229747e-16
       4439.6113   9.1000307e-16
       4442.3013   9.1698516e-16
       4444.9902   9.2046657e-16
       4447.6797   9.2014915e-16
       4450.3691   9.0843839e-16
       4453.0591   8.9515299e-16
       4455.7485   8.8526643e-16
       4458.4380   8.7427617e-16
       4461.1270   8.6131959e-16
       4463.8164   8.5033638e-16
       4466.5063   8.4634071e-16
       4469.1958   8.4336768e-16
       4471.8853   8.3661121e-16
       4474.5747   8.3243709e-16
       4477.2642   8.3640830e-16
       4479.9536   8.4016012e-16
       4482.6431   8.3898380e-16
       4485.3325   8.3221522e-16
       4488.0225   8.2934780e-16
       4490.7119   8.3218250e-16
       4493.4014   8.3535850e-16
       4496.0903   8.4073992e-16
       4498.7798   8.4192507e-16
       4501.4697   8.4828359e-16
       4504.1592   8.5384558e-16
       4506.8486   8.5573812e-16
       4509.5381   8.5431081e-16
       4512.2275   8.4978432e-16
       4514.9170   8.4874612e-16
       4517.6064   8.5016872e-16
       4520.2959   8.5506308e-16
       4522.9858   8.5835502e-16
       4525.6753   8.5894731e-16
       4528.3643   8.5741291e-16
       4531.0537   8.5709729e-16
       4533.7432   8.5898029e-16
       4536.4331   8.6364358e-16
       4539.1226   8.6422089e-16
       4541.8120   8.5704980e-16
       4544.5015   8.5557231e-16
       4547.1909   8.6656738e-16
       4549.8804   8.8421071e-16
       4552.5698   8.9248982e-16
       4555.2593   8.9561071e-16
       4557.9487   9.0555964e-16
       4560.6387   9.2102371e-16
       4563.3276   9.2838654e-16
       4566.0171   9.2323743e-16
       4568.7065   9.1478828e-16
       4571.3965   9.1190360e-16
       4574.0859   9.1572478e-16
       4576.7754   9.1629091e-16
       4579.4644   9.1620462e-16
       4582.1543   9.1925849e-16
       4584.8438   9.2731018e-16
       4587.5332   9.3259736e-16
       4590.2227   9.2857967e-16
       4592.9121   9.2087728e-16
       4595.6021   9.2105590e-16
       4598.2910   9.2400029e-16
       4600.9805   9.3153010e-16
       4603.6699   9.3529579e-16
       4606.3599   9.3884179e-16
       4609.0493   9.3747478e-16
       4611.7388   9.2820115e-16
       4614.4277   9.2048944e-16
       4617.1177   9.1454158e-16
       4619.8071   9.1497748e-16
       4622.4966   9.1652131e-16
       4625.1860   9.1936268e-16
       4627.8755   9.1992045e-16
       4630.5649   9.1736209e-16
       4633.2544   9.1429710e-16
       4635.9438   9.1627376e-16
       4638.6333   9.1882905e-16
       4641.3232   9.1737279e-16
       4644.0127   9.1412759e-16
       4646.7021   9.0822229e-16
       4649.3911   9.0305825e-16
       4652.0811   8.9397138e-16
       4654.7705   8.8488870e-16
       4657.4600   8.7943090e-16
       4660.1494   8.7575462e-16
       4662.8389   8.7631641e-16
       4665.5283   8.8094788e-16
       4668.2178   8.8615041e-16
       4670.9072   8.7987808e-16
       4673.5967   8.6666421e-16
       4676.2866   8.6030320e-16
       4678.9761   8.6328402e-16
       4681.6650   8.6396222e-16
       4684.3545   8.5367628e-16
       4687.0444   8.4624801e-16
       4689.7339   8.4439232e-16
       4692.4233   8.4539161e-16
       4695.1128   8.4974488e-16
       4697.8022   8.5544308e-16
       4700.4917   8.5641331e-16
       4703.1812   8.4774562e-16
       4705.8706   8.3644969e-16
       4708.5601   8.2746882e-16
       4711.2500   8.1965081e-16
       4713.9395   8.0947799e-16
       4716.6284   8.0233322e-16
       4719.3179   8.0046800e-16
       4722.0078   7.9715578e-16
       4724.6973   7.9271929e-16
       4727.3867   7.8622091e-16
       4730.0762   7.8069592e-16
       4732.7651   7.7905278e-16
       4735.4551   7.7821343e-16
       4738.1445   7.8281308e-16
       4740.8340   7.8757520e-16
       4743.5234   7.8472880e-16
       4746.2134   7.7742600e-16
       4748.9028   7.6892608e-16
       4751.5918   7.6768322e-16
       4754.2812   7.6805152e-16
       4756.9712   7.6443792e-16
       4759.6606   7.6080801e-16
       4762.3501   7.5929187e-16
       4765.0396   7.6189682e-16
       4767.7285   7.6745632e-16
       4770.4185   7.7144071e-16
       4773.1079   7.6869611e-16
       4775.7974   7.5774249e-16
       4778.4868   7.4812607e-16
       4781.1768   7.5041312e-16
       4783.8657   7.5674982e-16
       4786.5552   7.5632779e-16
       4789.2446   7.4892001e-16
       4791.9346   7.4153912e-16
       4794.6240   7.3739602e-16
       4797.3135   7.3308859e-16
       4800.0024   7.2747192e-16
       4802.6919   7.2665458e-16
       4805.3818   7.3099902e-16
       4808.0713   7.3196728e-16
       4810.7607   7.2920500e-16
       4813.4502   7.2177477e-16
       4816.1401   7.1364119e-16
       4818.8291   7.0939290e-16
       4821.5186   7.1269008e-16
       4824.2080   7.2144613e-16
       4826.8975   7.2535370e-16
       4829.5874   7.2345539e-16
       4832.2769   7.2315041e-16
       4834.9658   7.2758828e-16
       4837.6553   7.3191561e-16
       4840.3452   7.3363572e-16
       4843.0347   7.3059011e-16
       4845.7241   7.3044733e-16
       4848.4136   7.3030455e-16
       4851.1030   7.3016178e-16
       4853.7925   7.3001900e-16
       4856.4819   7.2987622e-16
       4859.1714   7.2973344e-16
       4861.8608   7.2959066e-16
       4864.5508   7.2944789e-16
       4867.2402   7.2930511e-16
       4869.9292   7.2916233e-16
       4872.6187   7.2901955e-16
       4875.3086   7.2887677e-16
       4877.9980   7.2873400e-16
       4880.6875   7.2859122e-16
       4883.3770   7.2345698e-16
       4886.0664   7.2008542e-16
       4888.7559   7.1357258e-16
       4891.4453   7.1050712e-16
       4894.1348   7.0995628e-16
       4896.8242   7.0992272e-16
       4899.5142   7.1102540e-16
       4902.2031   7.0859399e-16
       4904.8926   7.0382789e-16
       4907.5820   6.9499731e-16
       4910.2720   6.8681068e-16
       4912.9614   6.8426630e-16
       4915.6509   6.8263571e-16
       4918.3403   6.8501259e-16
       4921.0298   6.8481968e-16
       4923.7192   6.8403321e-16
       4926.4087   6.8217402e-16
       4929.0981   6.8051220e-16
       4931.7876   6.8033072e-16
       4934.4775   6.7469112e-16
       4937.1665   6.6941009e-16
       4939.8560   6.6575689e-16
       4942.5454   6.6392714e-16
       4945.2354   6.6209701e-16
       4947.9248   6.6026726e-16
       4950.6143   6.5843751e-16
       4953.3032   6.5660808e-16
       4955.9932   6.5477801e-16
       4958.6826   6.5294821e-16
       4961.3721   6.5111846e-16
       4964.0615   6.4928871e-16
       4966.7510   6.4745896e-16
       4969.4409   6.4562884e-16
       4972.1299   6.4379941e-16
       4974.8193   6.4196966e-16
       4977.5088   6.4013991e-16
       4980.1987   6.3679318e-16
       4982.8882   6.4240149e-16
       4985.5776   6.4892608e-16
       4988.2666   6.5088362e-16
       4990.9565   6.5084259e-16
       4993.6460   6.5080162e-16
       4996.3354   6.5076059e-16
       4999.0249   6.5071956e-16
       5001.7144   6.5067859e-16
       5004.4038   6.5063756e-16
       5007.0933   6.5059658e-16
       5009.7827   6.5055556e-16
       5012.4722   6.5051453e-16
       5015.1621   6.5047350e-16
       5017.8516   6.5043252e-16
       5020.5410   6.5039150e-16
       5023.2300   6.5035052e-16
       5025.9199   6.5030949e-16
       5028.6094   6.5042241e-16
       5031.2988   6.5332138e-16
       5033.9883   6.5972490e-16
       5036.6777   6.6327233e-16
       5039.3672   6.6304469e-16
       5042.0566   6.6311102e-16
       5044.7461   6.6524538e-16
       5047.4355   6.6716608e-16
       5050.1255   6.6605028e-16
       5052.8149   6.6344719e-16
       5055.5039   6.6661519e-16
       5058.1934   6.7089642e-16
       5060.8833   6.7211281e-16
       5063.5728   6.7234119e-16
       5066.2622   6.7149432e-16
       5068.9517   6.7125482e-16
       5071.6411   6.7041753e-16
       5074.3306   6.7165959e-16
       5077.0200   6.7144868e-16
       5079.7095   6.6665680e-16
       5082.3989   6.6221518e-16
       5085.0889   6.6169070e-16
       5087.7783   6.6347418e-16
       5090.4673   6.6845029e-16
       5093.1567   6.7763980e-16
       5095.8462   6.8534431e-16
       5098.5361   6.8272608e-16
       5101.2256   6.7244209e-16
       5103.9150   6.6715428e-16
       5106.6040   6.6632498e-16
       5109.2939   6.6620152e-16
       5111.9834   6.6377080e-16
       5114.6729   6.6521388e-16
       5117.3623   6.7226527e-16
       5120.0522   6.7443839e-16
       5122.7417   6.7033319e-16
       5125.4307   6.6225822e-16
       5128.1201   6.5680131e-16
       5130.8096   6.5387148e-16
       5133.4995   6.5335309e-16
       5136.1890   6.5608239e-16
       5138.8784   6.6006271e-16
       5141.5674   6.6269301e-16
       5144.2573   6.6366853e-16
       5146.9468   6.6091630e-16
       5149.6362   6.5680211e-16
       5152.3257   6.5607562e-16
       5155.0151   6.6028479e-16
       5157.7046   6.6839470e-16
       5160.3940   6.7417528e-16
       5163.0835   6.7650351e-16
       5165.7729   6.7472379e-16
       5168.4629   6.6632080e-16
       5171.1523   6.5728079e-16
       5173.8418   6.4865778e-16
       5176.5308   6.4205521e-16
       5179.2207   6.3672991e-16
       5181.9102   6.3489519e-16
       5184.5996   6.3758298e-16
       5187.2891   6.4542190e-16
       5189.9785   6.5212093e-16
       5192.6680   6.5426418e-16
       5195.3574   6.5079638e-16
       5198.0469   6.3930002e-16
       5200.7363   6.3007790e-16
       5203.4263   6.2689152e-16
       5206.1157   6.2856748e-16
       5208.8047   6.2445101e-16
       5211.4941   6.1552143e-16
       5214.1841   6.1360231e-16
       5216.8735   6.1822770e-16
       5219.5630   6.1725980e-16
       5222.2524   6.0923671e-16
       5224.9419   6.0606870e-16
       5227.6313   6.0888789e-16
       5230.3208   6.1080869e-16
       5233.0103   6.0533109e-16
       5235.6997   5.9535489e-16
       5238.3896   5.8882559e-16
       5241.0791   5.8899452e-16
       5243.7681   5.9314022e-16
       5246.4575   5.9218339e-16
       5249.1475   5.8963202e-16
       5251.8369   5.9055259e-16
       5254.5264   5.9447361e-16
       5257.2158   5.8579009e-16
       5259.9053   5.7211702e-16
       5262.5947   5.6397719e-16
       5265.2842   5.6350259e-16
       5267.9736   5.6652888e-16
       5270.6631   5.6443332e-16
       5273.3530   5.6144822e-16
       5276.0420   5.5891353e-16
       5278.7314   5.5974362e-16
       5281.4209   5.6374151e-16
       5284.1108   5.6431151e-16
       5286.8003   5.6264211e-16
       5289.4897   5.6160921e-16
       5292.1792   5.6403358e-16
       5294.8687   5.6457631e-16
       5297.5581   5.6180032e-16
       5300.2476   5.5725631e-16
       5302.9370   5.5122263e-16
       5305.6265   5.4451100e-16
       5308.3164   5.3718962e-16
       5311.0054   5.3609848e-16
       5313.6948   5.3577338e-16
       5316.3843   5.3367258e-16
       5319.0742   5.3346379e-16
       5321.7637   5.3607101e-16
       5324.4531   5.3888792e-16
       5327.1421   5.4084271e-16
       5329.8320   5.4357408e-16
       5332.5215   5.4366852e-16
       5335.2109   5.4053111e-16
       5337.9004   5.3845170e-16
       5340.5898   5.3702228e-16
       5343.2798   5.3196999e-16
       5345.9688   5.2497392e-16
       5348.6582   5.2211582e-16
       5351.3477   5.2109308e-16
       5354.0376   5.2328531e-16
       5356.7271   5.2918278e-16
       5359.4165   5.3627811e-16
       5362.1055   5.3851332e-16
       5364.7949   5.3442681e-16
       5367.4849   5.3111168e-16
       5370.1743   5.2921438e-16
       5372.8638   5.2786331e-16
       5375.5532   5.2246130e-16
       5378.2427   5.1807558e-16
       5380.9321   5.1836548e-16
       5383.6216   5.1773301e-16
       5386.3110   5.1731013e-16
       5389.0010   5.1979723e-16
       5391.6904   5.2443849e-16
       5394.3799   5.2741428e-16
       5397.0688   5.2393451e-16
       5399.7583   5.1652201e-16
       5402.4482   5.0831088e-16
       5405.1377   5.0607111e-16
       5407.8271   5.0840061e-16
       5410.5166   5.0561668e-16
       5413.2061   4.9764731e-16
       5415.8955   4.9029438e-16
       5418.5850   4.8994022e-16
       5421.2744   4.8962221e-16
       5423.9644   4.8965302e-16
       5426.6538   4.9038988e-16
       5429.3428   4.9092621e-16
       5432.0322   4.9031370e-16
       5434.7217   4.8996758e-16
       5437.4116   4.9483659e-16
       5440.1011   4.9811572e-16
       5442.7905   4.9336482e-16
       5445.4800   4.8613402e-16
       5448.1694   4.8357662e-16
       5450.8589   4.8694648e-16
       5453.5483   4.8772639e-16
       5456.2378   4.8451952e-16
       5458.9272   4.8139048e-16
       5461.6172   4.7928968e-16
       5464.3062   4.7860241e-16
       5466.9956   4.7967238e-16
       5469.6851   4.7891222e-16
       5472.3750   4.7680310e-16
       5475.0645   4.7469431e-16
       5477.7539   4.7210710e-16
       5480.4429   4.6873909e-16
       5483.1328   4.6525228e-16
       5485.8223   4.6400661e-16
       5488.5117   4.6536710e-16
       5491.2012   4.6774419e-16
       5493.8906   4.7036862e-16
       5496.5806   4.7059329e-16
       5499.2695   4.6341030e-16
       5501.9590   4.5792830e-16
       5504.6484   4.6177468e-16
       5507.3384   4.7034533e-16
       5510.0278   4.7205189e-16
       5512.7173   4.6473151e-16
       5515.4062   4.5818670e-16
       5518.0962   4.5861429e-16
       5520.7856   4.6254230e-16
       5523.4751   4.6761809e-16
       5526.1646   4.6567701e-16
       5528.8540   4.5842328e-16
       5531.5435   4.5400542e-16
       5534.2329   4.5804969e-16
       5536.9224   4.6976008e-16
       5539.6118   4.7856038e-16
       5542.3018   4.8261687e-16
       5544.9912   4.8219399e-16
       5547.6807   4.7600801e-16
       5550.3696   4.6650731e-16
       5553.0596   4.5736058e-16
       5555.7490   4.5523420e-16
       5558.4385   4.5933051e-16
       5561.1279   4.6048030e-16
       5563.8174   4.5796890e-16
       5566.5068   4.5417171e-16
       5569.1963   4.5468940e-16
       5571.8857   4.5810909e-16
       5574.5752   4.5867210e-16
       5577.2651   4.5792639e-16
       5579.9546   4.5761802e-16
       5582.6436   4.5760283e-16
       5585.3330   4.5694188e-16
       5588.0229   4.5552839e-16
       5590.7124   4.5633222e-16
       5593.4019   4.6010872e-16
       5596.0913   4.6292018e-16
       5598.7808   4.6207590e-16
       5601.4702   4.5872192e-16
       5604.1597   4.5721811e-16
       5606.8491   4.5835287e-16
       5609.5386   4.5985932e-16
       5612.2285   4.5877650e-16
       5614.9180   4.5596159e-16
       5617.6069   4.5578292e-16
       5620.2964   4.6117842e-16
       5622.9863   4.6866158e-16
       5625.6758   4.7035200e-16
       5628.3652   4.6641769e-16
       5631.0547   4.6488487e-16
       5633.7437   4.6737542e-16
       5636.4336   4.6837730e-16
       5639.1230   4.6678122e-16
       5641.8125   4.6379750e-16
       5644.5020   4.6443621e-16
       5647.1919   4.6457401e-16
       5649.8813   4.6401031e-16
       5652.5703   4.6156461e-16
       5655.2598   4.6040592e-16
       5657.9497   4.6093272e-16
       5660.6392   4.5784238e-16
       5663.3286   4.4937702e-16
       5666.0181   4.4003481e-16
       5668.7070   4.3910731e-16
       5671.3970   4.4635391e-16
       5674.0864   4.5477548e-16
       5676.7759   4.5891361e-16
       5679.4653   4.5632878e-16
       5682.1553   4.5331488e-16
       5684.8442   4.5125532e-16
       5687.5337   4.4767502e-16
       5690.2231   4.4410112e-16
       5692.9131   4.4577290e-16
       5695.6025   4.4976470e-16
       5698.2920   4.5373289e-16
       5700.9810   4.5515972e-16
       5703.6704   4.5642640e-16
       5706.3604   4.5712039e-16
       5709.0498   4.5613291e-16
       5711.7393   4.5732251e-16
       5714.4287   4.5763830e-16
       5717.1187   4.5566868e-16
       5719.8076   4.5562860e-16
       5722.4971   4.5641661e-16
       5725.1865   4.5419558e-16
       5727.8760   4.5178588e-16
       5730.5659   4.5156512e-16
       5733.2554   4.5181129e-16
       5735.9443   4.5432057e-16
       5738.6338   4.5790162e-16
       5741.3237   4.6494290e-16
       5744.0132   4.6840753e-16
       5746.7026   4.6535482e-16
       5749.3921   4.5914051e-16
       5752.0815   4.5195328e-16
       5754.7710   4.4976602e-16
       5757.4604   4.5266060e-16
       5760.1499   4.5493001e-16
       5762.8394   4.5274589e-16
       5765.5293   4.4739841e-16
       5768.2188   4.4362649e-16
       5770.9077   4.4335110e-16
       5773.5972   4.4520761e-16
       5776.2871   4.5109899e-16
       5778.9766   4.5467532e-16
       5781.6660   4.5384142e-16
       5784.3555   4.5041692e-16
       5787.0449   4.4870760e-16
       5789.7344   4.5039521e-16
       5792.4238   4.5123012e-16
       5795.1133   4.4909809e-16
       5797.8027   4.4540830e-16
       5800.4927   4.4419292e-16
       5803.1816   4.4590588e-16
       5805.8711   4.4578889e-16
       5808.5605   4.4200379e-16
       5811.2505   4.4088491e-16
       5813.9399   4.4068221e-16
       5816.6294   4.4174830e-16
       5819.3188   4.4351061e-16
       5822.0083   4.4583569e-16
       5824.6978   4.4509882e-16
       5827.3872   4.3820320e-16
       5830.0767   4.3266199e-16
       5832.7661   4.3187489e-16
       5835.4561   4.3438430e-16
       5838.1450   4.3626040e-16
       5840.8345   4.3513501e-16
       5843.5239   4.3467121e-16
       5846.2139   4.3611159e-16
       5848.9033   4.3556480e-16
       5851.5928   4.3199911e-16
       5854.2817   4.2591771e-16
       5856.9717   4.1926069e-16
       5859.6611   4.1542281e-16
       5862.3506   4.2213711e-16
       5865.0400   4.3765160e-16
       5867.7295   4.5133642e-16
       5870.4194   4.5357508e-16
       5873.1084   4.4684122e-16
       5875.7979   4.3875550e-16
       5878.4873   4.2672091e-16
       5881.1772   4.1221210e-16
       5883.8667   4.0410830e-16
       5886.5562   4.0460249e-16
       5889.2451   4.0904500e-16
       5891.9351   4.1014680e-16
       5894.6245   4.1398449e-16
       5897.3140   4.1650389e-16
       5900.0034   4.1542511e-16
       5902.6929   4.0930069e-16
       5905.3823   4.0485020e-16
       5908.0718   4.0547200e-16
       5910.7612   4.0328520e-16
       5913.4507   4.0140870e-16
       5916.1406   3.9932201e-16
       5918.8301   4.0150071e-16
       5921.5195   4.1045589e-16
       5924.2085   4.1704771e-16
       5926.8984   4.1939190e-16
       5929.5879   4.1556469e-16
       5932.2773   4.0666200e-16
       5934.9668   3.9798510e-16
       5937.6562   3.9173979e-16
       5940.3457   3.9416541e-16
       5943.0352   3.9977819e-16
       5945.7246   4.0448370e-16
       5948.4141   4.1089960e-16
       5951.1040   4.1386400e-16
       5953.7935   4.1032571e-16
       5956.4824   4.0283929e-16
       5959.1719   3.9695471e-16
       5961.8618   3.9465301e-16
       5964.5513   3.9300611e-16
       5967.2407   3.9250890e-16
       5969.9302   3.9582059e-16
       5972.6196   3.9819789e-16
       5975.3091   3.9996700e-16
       5977.9985   4.0100591e-16
       5980.6880   3.9935179e-16
       5983.3774   3.9693380e-16
       5986.0674   3.9228870e-16
       5988.7568   3.8805660e-16
       5991.4458   3.8450589e-16
       5994.1353   3.8232960e-16
       5996.8247   3.8337709e-16
       5999.5146   3.8892529e-16
       6002.2041   3.9744779e-16
       6004.8936   4.0154711e-16
       6007.5825   3.9994720e-16
       6010.2725   3.9352179e-16
       6012.9619   3.8787229e-16
       6015.6514   3.8409961e-16
       6018.3408   3.8022240e-16
       6021.0308   3.7717760e-16
       6023.7202   3.7585361e-16
       6026.4092   3.8028741e-16
       6029.0986   3.8553229e-16
       6031.7881   3.8699810e-16
       6034.4780   3.8458811e-16
       6037.1675   3.8006731e-16
       6039.8569   3.7554000e-16
       6042.5459   3.7124999e-16
       6045.2358   3.7057530e-16
       6047.9253   3.7348941e-16
       6050.6147   3.7688350e-16
       6053.3042   3.7755109e-16
       6055.9937   3.7341260e-16
       6058.6831   3.6814911e-16
       6061.3726   3.6562431e-16
       6064.0620   3.6509680e-16
       6066.7515   3.6163259e-16
       6069.4414   3.5682311e-16
       6072.1309   3.5847520e-16
       6074.8203   3.6651571e-16
       6077.5093   3.6986580e-16
       6080.1992   3.6137599e-16
       6082.8887   3.4779189e-16
       6085.5781   3.3763429e-16
       6088.2676   3.3303009e-16
       6090.9570   3.3308380e-16
       6093.6465   3.3905919e-16
       6096.3359   3.4440010e-16
       6099.0254   3.4592331e-16
       6101.7148   3.4798181e-16
       6104.4048   3.4953921e-16
       6107.0942   3.4424941e-16
       6109.7832   3.3372799e-16
       6112.4727   3.2821690e-16
       6115.1626   3.2899170e-16
       6117.8521   3.2901089e-16
       6120.5415   3.2843909e-16
       6123.2310   3.3228340e-16
       6125.9204   3.3672839e-16
       6128.6099   3.3960719e-16
       6131.2993   3.3861500e-16
       6133.9888   3.3678509e-16
       6136.6782   3.3206291e-16
       6139.3682   3.2557530e-16
       6142.0576   3.2134291e-16
       6144.7466   3.2136941e-16
       6147.4360   3.2577530e-16
       6150.1260   3.3085689e-16
       6152.8154   3.3618841e-16
       6155.5049   3.3968480e-16
       6158.1943   3.3717160e-16
       6160.8838   3.3072150e-16
       6163.5732   3.2584860e-16
       6166.2627   3.2981520e-16
       6168.9521   3.3647121e-16
       6171.6416   3.4024879e-16
       6174.3315   3.3771651e-16
       6177.0205   3.3351631e-16
       6179.7100   3.3088291e-16
       6182.3994   3.2922080e-16
       6185.0894   3.2941331e-16
       6187.7788   3.2798799e-16
       6190.4683   3.2073059e-16
       6193.1577   3.0765430e-16
       6195.8472   2.9530459e-16
       6198.5366   2.8914161e-16
       6201.2261   2.8925810e-16
       6203.9155   2.9744210e-16
       6206.6050   3.0738341e-16
       6209.2949   3.1691809e-16
       6211.9839   3.1814211e-16
       6214.6733   3.0969700e-16
       6217.3628   2.9870630e-16
       6220.0527   2.9473869e-16
       6222.7422   3.0102979e-16
       6225.4316   3.0638889e-16
       6228.1206   3.1072610e-16
       6230.8105   3.2263019e-16
       6233.5000   3.3592371e-16
       6236.1895   3.3886379e-16
       6238.8789   3.3001129e-16
       6241.5684   3.2283801e-16
       6244.2583   3.2142701e-16
       6246.9473   3.2098070e-16
       6249.6367   3.1707871e-16
       6252.3262   3.1513509e-16
       6255.0161   3.1810100e-16
       6257.7056   3.2320231e-16
       6260.3950   3.2794829e-16
       6263.0840   3.3249839e-16
       6265.7734   3.3974481e-16
       6268.4634   3.4706910e-16
       6271.1528   3.4937740e-16
       6273.8423   3.4437001e-16
       6276.5317   3.3364720e-16
       6279.2212   3.2429670e-16
       6281.9106   3.1930080e-16
       6284.6001   3.1655270e-16
       6287.2896   3.1649730e-16
       6289.9795   3.1844381e-16
       6292.6689   3.2275031e-16
       6295.3584   3.2523680e-16
       6298.0474   3.2426380e-16
       6300.7368   3.2144299e-16
       6303.4268   3.1993970e-16
       6306.1162   3.2184761e-16
       6308.8057   3.1726980e-16
       6311.4951   3.0571979e-16
       6314.1846   2.9303711e-16
       6316.8740   2.8692889e-16
       6319.5635   2.8437569e-16
       6322.2529   2.7821681e-16
       6324.9424   2.7102000e-16
       6327.6323   2.6877970e-16
       6330.3213   2.7689870e-16
       6333.0107   2.8980751e-16
       6335.7002   2.9985371e-16
       6338.3901   3.0542711e-16
       6341.0796   3.0783170e-16
       6343.7690   3.0878621e-16
       6346.4585   3.0471859e-16
       6349.1479   2.9853811e-16
       6351.8374   2.9355110e-16
       6354.5269   2.9163241e-16
       6357.2163   2.9236229e-16
       6359.9058   2.9477519e-16
       6362.5957   2.9729829e-16
       6365.2847   3.0021651e-16
       6367.9741   3.0464591e-16
       6370.6636   3.1128090e-16
       6373.3535   3.1719460e-16
       6376.0430   3.1790160e-16
       6378.7324   3.1593839e-16
       6381.4214   3.1430140e-16
       6384.1113   3.1260579e-16
       6386.8008   3.0986919e-16
       6389.4902   3.0653389e-16
       6392.1797   3.0548111e-16
       6394.8691   3.0359789e-16
       6397.5591   3.0283461e-16
       6400.2480   3.0577911e-16
       6402.9375   3.1124350e-16
       6405.6270   3.1541400e-16
       6408.3169   3.1685991e-16
       6411.0063   3.2030220e-16
       6413.6958   3.2692179e-16
       6416.3848   3.3235569e-16
       6419.0747   3.3257920e-16
       6421.7642   3.3058669e-16
       6424.4536   3.3012029e-16
       6427.1431   3.2802079e-16
       6429.8325   3.2522240e-16
       6432.5220   3.2312661e-16
       6435.2114   3.2117689e-16
       6437.9009   3.1893051e-16
       6440.5903   3.1733891e-16
       6443.2803   3.2192901e-16
       6445.9697   3.2974320e-16
       6448.6592   3.3326331e-16
       6451.3481   3.3241811e-16
       6454.0381   3.2871819e-16
       6456.7275   3.2394039e-16
       6459.4170   3.1828610e-16
       6462.1064   3.1019850e-16
       6464.7959   3.0483890e-16
       6467.4854   3.0462921e-16
       6470.1748   3.1053620e-16
       6472.8643   3.1727520e-16
       6475.5537   3.2289769e-16
       6478.2437   3.2641000e-16
       6480.9331   3.2460380e-16
       6483.6221   3.1995989e-16
       6486.3115   3.1604041e-16
       6489.0015   3.1355720e-16
       6491.6909   3.0879211e-16
       6494.3804   2.9760370e-16
       6497.0698   2.8825241e-16
       6499.7593   2.8532310e-16
       6502.4487   2.8970901e-16
       6505.1382   2.9997881e-16
       6507.8276   3.1406589e-16
       6510.5171   3.2436679e-16
       6513.2070   3.2490500e-16
       6515.8965   3.2249371e-16
       6518.5854   3.2511451e-16
       6521.2749   3.2833440e-16
       6523.9648   3.2167079e-16
       6526.6543   3.0692681e-16
       6529.3438   2.9508619e-16
       6532.0332   2.8924129e-16
       6534.7222   2.8648229e-16
       6537.4121   2.8529340e-16
       6540.1016   2.9179139e-16
       6542.7910   3.0242769e-16
       6545.4805   3.0264927e-16
       6548.1704   3.0287090e-16
       6550.8599   3.0309250e-16
       6553.5488   3.0331405e-16
       6556.2383   3.0353563e-16
       6558.9282   3.0375726e-16
       6561.6177   3.0397884e-16
       6564.3071   3.0420045e-16
       6566.9966   3.0442203e-16
       6569.6855   3.0464358e-16
       6572.3755   3.0486521e-16
       6575.0649   3.0508679e-16
       6577.7544   3.0530839e-16
       6580.4438   3.0552997e-16
       6583.1338   3.0575160e-16
       6585.8228   3.0624820e-16
       6588.5122   3.0222559e-16
       6591.2017   2.9397210e-16
       6593.8911   2.8603170e-16
       6596.5811   2.7921001e-16
       6599.2705   2.7223581e-16
       6601.9600   2.7057819e-16
       6604.6489   2.7789280e-16
       6607.3389   2.8874329e-16
       6610.0283   2.9743181e-16
       6612.7178   3.0161991e-16
       6615.4072   3.0139751e-16
       6618.0972   2.9968010e-16
       6620.7861   2.9800300e-16
       6623.4756   2.9853840e-16
       6626.1650   2.9772020e-16
       6628.8545   2.9035069e-16
       6631.5444   2.8136150e-16
       6634.2339   2.8030679e-16
       6636.9229   2.9086450e-16
       6639.6123   3.0179090e-16
       6642.3022   3.0324301e-16
       6644.9917   3.0451769e-16
       6647.6812   3.0742320e-16
       6650.3706   3.0796209e-16
       6653.0601   3.0211140e-16
       6655.7495   2.9758851e-16
       6658.4390   2.9739441e-16
       6661.1284   2.9660349e-16
       6663.8179   2.9330869e-16
       6666.5078   2.8585610e-16
       6669.1973   2.7949790e-16
       6671.8862   2.7687559e-16
       6674.5757   2.8017899e-16
       6677.2656   2.8650529e-16
       6679.9551   2.9403629e-16
       6682.6445   2.9956519e-16
       6685.3340   2.9893971e-16
       6688.0234   2.9614839e-16
       6690.7129   2.9554250e-16
       6693.4023   2.9670971e-16
       6696.0918   2.9689651e-16
       6698.7812   2.9501501e-16
       6701.4712   2.9252039e-16
       6704.1602   2.9203769e-16
       6706.8496   2.9356579e-16
       6709.5391   2.9442640e-16
       6712.2290   2.9230570e-16
       6714.9185   2.9133211e-16
       6717.6079   3.0112400e-16
       6720.2974   3.1535510e-16
       6722.9868   3.2344660e-16
       6725.6763   3.1574360e-16
       6728.3657   2.9865760e-16
       6731.0552   2.8406899e-16
       6733.7446   2.7742269e-16
       6736.4346   2.7859369e-16
       6739.1235   2.7868371e-16
       6741.8130   2.7396579e-16
       6744.5024   2.6561759e-16
       6747.1924   2.5889070e-16
       6749.8818   2.5715820e-16
       6752.5713   2.5723829e-16
       6755.2603   2.6138751e-16
       6757.9502   2.6668541e-16
       6760.6396   2.7032919e-16
       6763.3291   2.6983870e-16
       6766.0186   2.6715999e-16
       6768.7080   2.6667419e-16
       6771.3979   2.6612650e-16
       6774.0869   2.6288091e-16
       6776.7764   2.5688429e-16
       6779.4658   2.5115631e-16
       6782.1558   2.4857050e-16
       6784.8452   2.4779430e-16
       6787.5347   2.4806781e-16
       6790.2236   2.5161000e-16
       6792.9136   2.5736429e-16
       6795.6030   2.6263199e-16
       6798.2925   2.6354890e-16
       6800.9819   2.6206119e-16
       6803.6714   2.6110979e-16
       6806.3608   2.6122930e-16
       6809.0503   2.6117599e-16
       6811.7397   2.5739020e-16
       6814.4292   2.5117179e-16
       6817.1191   2.4565660e-16
       6819.8086   2.4233139e-16
       6822.4980   2.4060630e-16
       6825.1870   2.4052710e-16
       6827.8770   2.4420349e-16
       6830.5664   2.4913899e-16
       6833.2559   2.5282131e-16
       6835.9453   2.5490160e-16
       6838.6348   2.5584919e-16
       6841.3242   2.5196700e-16
       6844.0137   2.3894371e-16
       6846.7031   2.1761389e-16
       6849.3926   1.8885030e-16
       6852.0825   1.5450169e-16
       6854.7720   1.2131940e-16
       6857.4609   1.0160490e-16
       6860.1504   1.0051450e-16
       6862.8403   1.1430841e-16
       6865.5298   1.3754170e-16
       6868.2192   1.6194860e-16
       6870.9087   1.7658130e-16
       6873.5981   1.7353140e-16
       6876.2876   1.6188150e-16
       6878.9771   1.5642191e-16
       6881.6665   1.5980170e-16
       6884.3560   1.6518610e-16
       6887.0459   1.6572160e-16
       6889.7354   1.6355930e-16
       6892.4243   1.6310580e-16
       6895.1138   1.6807759e-16
       6897.8032   1.7666340e-16
       6900.4932   1.8572680e-16
       6903.1826   1.9394770e-16
       6905.8721   2.0332180e-16
       6908.5610   2.1390300e-16
       6911.2510   2.2266191e-16
       6913.9404   2.2768629e-16
       6916.6299   2.2723160e-16
       6919.3193   2.2297131e-16
       6922.0093   2.2016500e-16
       6924.6987   2.2050281e-16
       6927.3877   2.2008071e-16
       6930.0771   2.1455800e-16
       6932.7666   2.0614300e-16
       6935.4565   2.0424599e-16
       6938.1460   2.0820650e-16
       6940.8354   2.1227951e-16
       6943.5244   2.1426320e-16
       6946.2144   2.1902700e-16
       6948.9038   2.2833541e-16
       6951.5933   2.3525800e-16
       6954.2827   2.3548389e-16
       6956.9722   2.3316660e-16
       6959.6616   2.3324381e-16
       6962.3511   2.2942290e-16
       6965.0405   2.1977530e-16
       6967.7300   2.1048900e-16
       6970.4199   2.0551440e-16
       6973.1094   2.0621300e-16
       6975.7988   2.1157309e-16
       6978.4878   2.2193839e-16
       6981.1777   2.2973230e-16
       6983.8672   2.2837199e-16
       6986.5566   2.2552099e-16
       6989.2461   2.2688079e-16
       6991.9355   2.2919801e-16
       6994.6250   2.2765919e-16
       6997.3145   2.2318799e-16
       7000.0039   2.2505740e-16
       7002.6934   2.2802000e-16
       7005.3833   2.2883241e-16
       7008.0728   2.2612849e-16
       7010.7617   2.2700750e-16
       7013.4512   2.3256160e-16
       7016.1411   2.3635819e-16
       7018.8306   2.3601901e-16
       7021.5200   2.3561511e-16
       7024.2095   2.3905649e-16
       7026.8989   2.4296680e-16
       7029.5884   2.4359471e-16
       7032.2778   2.3899490e-16
       7034.9673   2.3244630e-16
       7037.6567   2.2908610e-16
       7040.3467   2.2871639e-16
       7043.0361   2.3199370e-16
       7045.7251   2.3352751e-16
       7048.4146   2.2896021e-16
       7051.1045   2.2010700e-16
       7053.7939   2.1239580e-16
       7056.4834   2.1441690e-16
       7059.1729   2.2445521e-16
       7061.8623   2.3498150e-16
       7064.5518   2.4176311e-16
       7067.2412   2.4302500e-16
       7069.9307   2.4015369e-16
       7072.6201   2.3659891e-16
       7075.3101   2.3321440e-16
       7077.9990   2.3349649e-16
       7080.6885   2.3768120e-16
       7083.3779   2.3847260e-16
       7086.0679   2.3276529e-16
       7088.7573   2.2013750e-16
       7091.4468   2.0902650e-16
       7094.1362   2.0453481e-16
       7096.8257   2.0691140e-16
       7099.5151   2.1483770e-16
       7102.2046   2.2438430e-16
       7104.8940   2.3468750e-16
       7107.5835   2.4561499e-16
       7110.2734   2.5712440e-16
       7112.9624   2.6749840e-16
       7115.6519   2.7743651e-16
       7118.3413   2.8432080e-16
       7121.0312   2.8934270e-16
       7123.7207   2.7876259e-16
       7126.4102   2.5516370e-16
       7129.0991   2.2723181e-16
       7131.7891   2.0986221e-16
       7134.4785   2.0799419e-16
       7137.1680   2.1484111e-16
       7139.8574   2.2880581e-16
       7142.5469   2.4130280e-16
       7145.2368   2.4718351e-16
       7147.9258   2.4584271e-16
       7150.6152   2.4230370e-16
       7153.3047   2.3796401e-16
       7155.9946   2.3187580e-16
       7158.6841   2.2789969e-16
       7161.3735   2.2459489e-16
       7164.0625   2.1950270e-16
       7166.7520   2.1234980e-16
       7169.4419   2.0517560e-16
       7172.1313   2.0354650e-16
       7174.8208   2.0448731e-16
       7177.5103   2.0397880e-16
       7180.1997   2.0461550e-16
       7182.8892   2.1054830e-16
       7185.5786   2.2339721e-16
       7188.2681   2.3451420e-16
       7190.9580   2.3801020e-16
       7193.6475   2.3407311e-16
       7196.3369   2.2957719e-16
       7199.0259   2.2619549e-16
       7201.7153   2.2317561e-16
       7204.4053   2.1943430e-16
       7207.0947   2.1251270e-16
       7209.7842   2.0596091e-16
       7212.4736   2.0209180e-16
       7215.1631   1.9957720e-16
       7217.8525   1.9594180e-16
       7220.5420   1.9087089e-16
       7223.2314   1.8890500e-16
       7225.9209   1.9186100e-16
       7228.6108   1.9368810e-16
       7231.2998   2.0050930e-16
       7233.9893   2.1432190e-16
       7236.6787   2.3073921e-16
       7239.3687   2.3624159e-16
       7242.0581   2.2997519e-16
       7244.7476   2.2038050e-16
       7247.4370   2.1613149e-16
       7250.1265   2.1645600e-16
       7252.8159   2.1542870e-16
       7255.5054   2.1336730e-16
       7258.1948   2.1168290e-16
       7260.8843   2.1207990e-16
       7263.5742   2.1019440e-16
       7266.2632   2.0343230e-16
       7268.9526   1.9279220e-16
       7271.6421   1.8472380e-16
       7274.3320   1.8270881e-16
       7277.0215   1.8740800e-16
       7279.7109   1.9605630e-16
       7282.3999   2.0610640e-16
       7285.0898   2.1643250e-16
       7287.7793   2.2358070e-16
       7290.4688   2.2548541e-16
       7293.1582   2.2494389e-16
       7295.8477   2.2385061e-16
       7298.5376   2.2034480e-16
       7301.2266   2.1611990e-16
       7303.9160   2.1400450e-16
       7306.6055   2.1555770e-16
       7309.2954   2.1590920e-16
       7311.9849   2.0821999e-16
       7314.6743   1.9537500e-16
       7317.3633   1.8411550e-16
       7320.0532   1.7706600e-16
       7322.7427   1.7582570e-16
       7325.4321   1.7760130e-16
       7328.1216   1.8135150e-16
       7330.8110   1.8528371e-16
       7333.5005   1.8729919e-16
       7336.1899   1.9044811e-16
       7338.8794   1.9478611e-16
       7341.5688   1.9808949e-16
       7344.2588   2.0010300e-16
       7346.9482   1.9634320e-16
       7349.6377   1.9053220e-16
       7352.3267   1.8620880e-16
       7355.0166   1.8663509e-16
       7357.7061   1.8949139e-16
       7360.3955   1.8540790e-16
       7363.0850   1.7800150e-16
       7365.7744   1.7007729e-16
       7368.4639   1.6388839e-16
       7371.1533   1.6198280e-16
       7373.8428   1.6438690e-16
       7376.5322   1.6935120e-16
       7379.2222   1.7316840e-16
       7381.9116   1.7799550e-16
       7384.6006   1.8748289e-16
       7387.2900   1.9954160e-16
       7389.9800   2.0474410e-16
       7392.6694   2.0272820e-16
       7395.3584   1.9935300e-16
       7398.0479   1.9717570e-16
       7400.7378   1.9406551e-16
       7403.4272   1.8645490e-16
       7406.1167   1.8301521e-16
       7408.8062   1.8348540e-16
       7411.4956   1.8313170e-16
       7414.1855   1.8350810e-16
       7416.8750   1.8505630e-16
       7419.5645   1.8492700e-16
       7422.2539   1.7849450e-16
       7424.9434   1.7009281e-16
       7427.6323   1.5975630e-16
       7430.3218   1.4705950e-16
       7433.0112   1.4053510e-16
       7435.7007   1.4714910e-16
       7438.3906   1.5636010e-16
       7441.0801   1.5706509e-16
       7443.7695   1.5417340e-16
       7446.4590   1.5823880e-16
       7449.1489   1.6859669e-16
       7451.8384   1.7571730e-16
       7454.5278   1.7532940e-16
       7457.2173   1.7083810e-16
       7459.9067   1.6822070e-16
       7462.5957   1.7014731e-16
       7465.2852   1.7542651e-16
       7467.9746   1.8023080e-16
       7470.6641   1.8215670e-16
       7473.3540   1.7775440e-16
       7476.0435   1.7079320e-16
       7478.7329   1.6111210e-16
       7481.4224   1.5270051e-16
       7484.1123   1.4674490e-16
       7486.8018   1.4839890e-16
       7489.4912   1.5617130e-16
       7492.1807   1.6408710e-16
       7494.8696   1.7278350e-16
       7497.5591   1.8028220e-16
       7500.2485   1.8489610e-16
       7502.9380   1.8432510e-16
       7505.6274   1.8062080e-16
       7508.3174   1.8056819e-16
       7511.0068   1.8136860e-16
       7513.6963   1.8067100e-16
       7516.3857   1.7710049e-16
       7519.0757   1.7182759e-16
       7521.7651   1.6898819e-16
       7524.4546   1.6558410e-16
       7527.1440   1.5998610e-16
       7529.8330   1.5422460e-16
       7532.5225   1.4891069e-16
       7535.2119   1.4905980e-16
       7537.9014   1.5521020e-16
       7540.5908   1.6590971e-16
       7543.2808   1.8060990e-16
       7545.9702   1.9086931e-16
       7548.6597   1.9061629e-16
       7551.3491   1.8419400e-16
       7554.0391   1.8006870e-16
       7556.7285   1.7958450e-16
       7559.4180   1.8065351e-16
       7562.1074   1.7820750e-16
       7564.7964   1.7337670e-16
       7567.4858   1.6382871e-16
       7570.1753   1.5539449e-16
       7572.8647   1.5410330e-16
       7575.5542   1.5520899e-16
       7578.2441   1.5669881e-16
       7580.9336   1.6162400e-16
       7583.6230   1.7573980e-16
       7586.3125   1.9340000e-16
       7589.0020   2.0072640e-16
       7591.6919   1.9471499e-16
       7594.3813   1.8256870e-16
       7597.0698   1.7592921e-16
       7599.7598   1.7562240e-16
       7602.4492   1.7600020e-16
       7605.1387   1.7388660e-16
       7607.8281   1.6698500e-16
       7610.5176   1.5774910e-16
       7613.2075   1.5337490e-16
       7615.8970   1.5643730e-16
       7618.5864   1.6179780e-16
       7621.2759   1.6229659e-16
       7623.9653   1.6229210e-16
       7626.6553   1.7028430e-16
       7629.3447   1.8379710e-16
       7632.0332   1.9363020e-16
       7634.7231   1.9384300e-16
       7637.4126   1.8790200e-16
       7640.1021   1.8089230e-16
       7642.7915   1.7417940e-16
       7645.4810   1.7230860e-16
       7648.1709   1.7545170e-16
       7650.8604   1.7715300e-16
       7653.5498   1.7028619e-16
       7656.2393   1.5854990e-16
       7658.9287   1.5585910e-16
       7661.6187   1.6307009e-16
       7664.3081   1.7198050e-16
       7666.9966   1.8057381e-16
       7669.6865   1.8894490e-16
       7672.3760   1.9307830e-16
       7675.0654   1.8915780e-16
       7677.7549   1.8126671e-16
       7680.4443   1.7472121e-16
       7683.1343   1.7125759e-16
       7685.8237   1.7442980e-16
       7688.5132   1.7852470e-16
       7691.2026   1.7735950e-16
       7693.8921   1.6969990e-16
       7696.5820   1.6351900e-16
       7699.2705   1.6119790e-16
       7701.9600   1.6216840e-16
       7704.6494   1.6709800e-16
       7707.3394   1.7761050e-16
       7710.0288   1.8857221e-16
       7712.7183   1.9321121e-16
       7715.4077   1.9092840e-16
       7718.0977   1.8476870e-16
       7720.7871   1.8146630e-16
       7723.4766   1.8083181e-16
       7726.1660   1.8142640e-16
       7728.8555   1.8494690e-16
       7731.5454   1.8424700e-16
       7734.2339   1.7880439e-16
       7736.9233   1.7015400e-16
       7739.6128   1.6285081e-16
       7742.3027   1.6106550e-16
       7744.9922   1.5963501e-16
       7747.6816   1.6554700e-16
       7750.3711   1.7854840e-16
       7753.0610   1.8801300e-16
       7755.7505   1.9161260e-16
       7758.4399   1.8769370e-16
       7761.1294   1.8496170e-16
       7763.8188   1.8559050e-16
       7766.5078   1.8722290e-16
       7769.1973   1.8940770e-16
       7771.8867   1.8429870e-16
       7774.5762   1.7565870e-16
       7777.2661   1.6878630e-16
       7779.9556   1.5936610e-16
       7782.6450   1.5551590e-16
       7785.3345   1.5619420e-16
       7788.0244   1.6754901e-16
       7790.7139   1.7983510e-16
       7793.4033   1.8824581e-16
       7796.0928   1.9364890e-16
       7798.7822   1.9872000e-16
       7801.4712   1.9938931e-16
       7804.1606   1.9554210e-16
       7806.8501   1.8982240e-16
       7809.5396   1.8624410e-16
       7812.2295   1.8510780e-16
       7814.9189   1.8385660e-16
       7817.6084   1.8825440e-16
       7820.2979   1.9335060e-16
       7822.9878   1.9301151e-16
       7825.6772   1.8863360e-16
       7828.3667   1.8058720e-16
       7831.0562   1.7300150e-16
       7833.7456   1.6566251e-16
       7836.4346   1.5844430e-16
       7839.1240   1.5546010e-16
       7841.8135   1.5406651e-16
       7844.5029   1.5739710e-16
       7847.1929   1.6474629e-16
       7849.8823   1.7614020e-16
       7852.5718   1.9132879e-16
       7855.2612   1.9987590e-16
       7857.9507   1.9655030e-16
       7860.6406   1.8654630e-16
       7863.3301   1.8272350e-16
       7866.0195   1.8786241e-16
       7868.7085   1.8868479e-16
       7871.3979   1.7758580e-16
       7874.0874   1.6535280e-16
       7876.7769   1.6597130e-16
       7879.4663   1.7517900e-16
       7882.1562   1.7879921e-16
       7884.8457   1.7188440e-16
       7887.5352   1.6545290e-16
       7890.2246   1.6520410e-16
       7892.9141   1.7022890e-16
       7895.6040   1.8033060e-16
       7898.2935   1.9299470e-16
       7900.9829   2.0398191e-16
       7903.6719   2.0618250e-16
       7906.3613   2.0076350e-16
       7909.0508   1.9402951e-16
       7911.7402   1.8756391e-16
       7914.4297   1.8283520e-16
       7917.1196   1.7941900e-16
       7919.8091   1.7767180e-16
       7922.4985   1.7702160e-16
       7925.1880   1.7526640e-16
       7927.8774   1.7361080e-16
       7930.5674   1.7027300e-16
       7933.2568   1.6347560e-16
       7935.9463   1.5470631e-16
       7938.6353   1.4902580e-16
       7941.3247   1.4925830e-16
       7944.0142   1.5155421e-16
       7946.7036   1.5855420e-16
       7949.3931   1.7490671e-16
       7952.0830   1.8866710e-16
       7954.7725   1.9655320e-16
       7957.4619   1.9385880e-16
       7960.1514   1.8352610e-16
       7962.8408   1.7306580e-16
       7965.5308   1.6698940e-16
       7968.2202   1.7200020e-16
       7970.9087   1.8282010e-16
       7973.5981   1.8898801e-16
       7976.2881   1.8704870e-16
       7978.9775   1.7591729e-16
       7981.6670   1.6334831e-16
       7984.3564   1.5856031e-16
       7987.0464   1.5319610e-16
       7989.7358   1.4568320e-16
       7992.4253   1.3851290e-16
       7995.1147   1.4330260e-16
       7997.8042   1.5754710e-16
       8000.4941   1.7025630e-16
       8003.1836   1.7499159e-16
       8005.8721   1.7559469e-16
       8008.5615   1.7500900e-16
       8011.2515   1.7006379e-16
       8013.9409   1.6772400e-16
       8016.6304   1.7056489e-16
       8019.3198   1.6933720e-16
       8022.0098   1.6023201e-16
       8024.6992   1.4933340e-16
       8027.3887   1.4457030e-16
       8030.0781   1.4318121e-16
       8032.7676   1.4105589e-16
       8035.4575   1.4440660e-16
       8038.1470   1.5282150e-16
       8040.8354   1.5850510e-16
       8043.5249   1.6046569e-16
       8046.2148   1.6354120e-16
       8048.9043   1.7159481e-16
       8051.5938   1.7845951e-16
       8054.2832   1.7527560e-16
       8056.9731   1.6484720e-16
       8059.6626   1.5568399e-16
       8062.3521   1.5392179e-16
       8065.0415   1.5901450e-16
       8067.7310   1.5953220e-16
       8070.4209   1.5759299e-16
       8073.1094   1.5781240e-16
       8075.7988   1.5785569e-16
       8078.4883   1.5308340e-16
       8081.1782   1.4231429e-16
       8083.8677   1.3591320e-16
       8086.5571   1.3834830e-16
       8089.2466   1.4408720e-16
       8091.9365   1.5331210e-16
       8094.6260   1.5985080e-16
       8097.3154   1.6102530e-16
       8100.0049   1.6626400e-16
       8102.6943   1.7758530e-16
       8105.3843   1.8955190e-16
       8108.0728   1.8996530e-16
       8110.7622   1.7861731e-16
       8113.4517   1.7090990e-16
       8116.1416   1.7150229e-16
       8118.8311   1.7696390e-16
       8121.5205   1.8057040e-16
