4280.  -1.349239E-18
4281.52777779102  5.168814E-19
4283.05555558205  7.447693E-19
4284.58333337307  5.510467E-19
4286.11111116409  1.217299E-18
4287.63888895512  4.230500E-19
4289.16666674614  2.300892E-18
4290.69444453716  3.332750E-18
4292.22222232819  3.730264E-18
4293.75000011921  1.312070E-18
4295.27777791023  -1.364048E-18
4296.80555570126  -2.776454E-18
4298.33333349228  -6.141345E-18
4299.8611112833  -9.022244E-18
4301.38888907433  -6.217556E-18
4302.91666686535  -4.625093E-18
4304.44444465637  -5.338816E-18
4305.9722224474  -5.235928E-18
4307.50000023842  -4.744684E-18
4309.02777802944  -4.180216E-18
4310.55555582047  -3.662046E-18
4312.08333361149  -9.746186E-19
4313.61111140251  3.468595E-18
4315.13888919354  9.193355E-18
4316.66666698456  1.741293E-17
4318.19444477558  2.844207E-17
4319.72222256661  4.552553E-17
4321.25000035763  5.362632E-17
4322.77777814865  5.110522E-17
4324.30555593968  5.052816E-17
4325.8333337307  5.070422E-17
4327.36111152172  5.102613E-17
4328.88888931275  4.891640E-17
4330.41666710377  4.518774E-17
4331.94444489479  4.259856E-17
4333.47222268582  3.856435E-17
4335.00000047684  2.577851E-17
4336.52777826786  7.132942E-18
4338.05555605889  8.686516E-19
4339.58333384991  3.231410E-18
4341.11111164093  3.341173E-18
4342.63888943195  3.717550E-18
4344.16666722298  6.090286E-18
4345.694445014  9.427325E-18
4347.22222280502  8.180648E-18
4348.75000059605  5.683161E-18
4350.27777838707  6.110737E-18
4351.80555617809  7.585304E-18
4353.33333396912  8.208998E-18
4354.86111176014  6.222759E-18
4356.38888955116  5.945447E-18
4357.91666734219  6.283713E-18
4359.44444513321  8.420162E-18
4360.97222292423  1.054556E-17
4362.50000071526  8.027923E-18
4364.02777850628  8.786758E-18
4365.5555562973  9.181740E-18
4367.08333408833  6.539943E-18
4368.61111187935  3.849254E-18
4370.13888967037  4.100199E-18
4371.6666674614  6.532393E-18
4373.19444525242  3.530265E-18
4374.72222304344  5.500511E-19
4376.25000083447  -3.031395E-18
4377.77777862549  -7.468854E-18
4379.30555641651  -7.224766E-18
4380.83333420754  -6.230684E-18
4382.36111199856  -3.678356E-18
4383.88888978958  -2.271859E-18
4385.4166675806  -4.872888E-19
4386.94444537163  3.149694E-19
4388.47222316265  2.986374E-19
4390.00000095368  2.530739E-18
4391.5277787447  3.906015E-18
4393.05555653572  6.208881E-18
4394.58333432675  6.887862E-18
4396.11111211777  7.964702E-18
4397.63888990879  8.868753E-18
4399.16666769982  7.329423E-18
4400.69444549084  7.435546E-18
4402.22222328186  6.308481E-18
4403.75000107288  4.584726E-18
4405.27777886391  3.256067E-18
4406.80555665493  2.001787E-18
4408.33333444595  2.235103E-18
4409.86111223698  1.991436E-18
4411.388890028  1.292756E-18
4412.91666781902  9.970048E-19
4414.44444561005  8.897937E-19
4415.97222340107  -1.446316E-19
4417.50000119209  1.669527E-19
4419.02777898312  2.306767E-18
4420.55555677414  2.973733E-18
4422.08333456516  2.950533E-18
4423.61111235619  3.831100E-18
4425.13889014721  4.530094E-18
4426.66666793823  4.691895E-18
4428.19444572926  5.363923E-18
4429.72222352028  4.369503E-18
4431.2500013113  3.563407E-18
4432.77777910233  4.634506E-18
4434.30555689335  3.950337E-18
4435.83333468437  3.533606E-18
4437.3611124754  4.305579E-18
4438.88889026642  4.192796E-18
4440.41666805744  3.890531E-18
4441.94444584847  3.597591E-18
4443.47222363949  2.972885E-18
4445.00000143051  2.792240E-18
4446.52777922154  2.912611E-18
4448.05555701256  1.683346E-18
4449.58333480358  5.118513E-19
4451.1111125946  1.991698E-18
4452.63889038563  2.739320E-18
4454.16666817665  2.564425E-18
4455.69444596768  3.457078E-18
4457.2222237587  4.240359E-18
4458.75000154972  4.494262E-18
4460.27777934074  4.242470E-18
4461.80555713177  3.973993E-18
4463.33333492279  4.093257E-18
4464.86111271381  5.063495E-18
4466.38889050484  5.720243E-18
4467.91666829586  4.559243E-18
4469.44444608688  3.902677E-18
4470.97222387791  3.897179E-18
4472.50000166893  3.862527E-18
4474.02777945995  3.957687E-18
4475.55555725098  3.664016E-18
4477.083335042  3.815848E-18
4478.61111283302  4.201795E-18
4480.13889062405  3.880965E-18
4481.66666841507  4.098596E-18
4483.19444620609  5.754721E-18
4484.72222399712  7.321680E-18
4486.25000178814  7.887935E-18
4487.77777957916  7.483867E-18
4489.30555737019  6.337307E-18
4490.83333516121  5.343700E-18
4492.36111295223  4.685032E-18
4493.88889074326  5.098371E-18
4495.41666853428  5.573657E-18
4496.9444463253  5.272539E-18
4498.47222411633  4.769786E-18
4500.00000190735  3.490315E-18
4501.52777969837  2.682160E-18
4503.0555574894  2.456719E-18
4504.58333528042  2.544783E-18
4506.11111307144  2.734279E-18
4507.63889086247  2.993480E-18
4509.16666865349  3.715847E-18
4510.69444644451  3.370230E-18
4512.22222423553  2.865833E-18
4513.75000202656  3.403106E-18
4515.27777981758  4.113591E-18
4516.80555760861  4.426595E-18
4518.33333539963  4.462695E-18
4519.86111319065  4.820304E-18
4521.38889098168  5.825184E-18
4522.9166687727  6.529954E-18
4524.44444656372  6.626940E-18
4525.97222435474  6.243963E-18
4527.50000214577  6.795411E-18
4529.02777993679  7.687276E-18
4530.55555772781  8.227371E-18
4532.08333551884  8.451077E-18
4533.61111330986  8.972890E-18
4535.13889110088  8.708088E-18
4536.66666889191  7.992412E-18
4538.19444668293  7.909475E-18
4539.72222447395  8.719375E-18
4541.25000226498  8.916564E-18
4542.777780056  9.102116E-18
4544.30555784702  9.291521E-18
4545.83333563805  8.559030E-18
4547.36111342907  7.258439E-18
4548.88889122009  6.162593E-18
4550.41666901112  6.164380E-18
4551.94444680214  6.491889E-18
4553.47222459316  6.182084E-18
4555.00000238419  5.920255E-18
4556.52778017521  5.500217E-18
4558.05555796623  5.928631E-18
4559.58333575726  6.600585E-18
4561.11111354828  6.259566E-18
4562.6388913393  6.328933E-18
4564.16666913033  7.702804E-18
4565.69444692135  9.433383E-18
4567.22222471237  9.375923E-18
4568.7500025034  9.330731E-18
4570.27778029442  9.848090E-18
4571.80555808544  9.242166E-18
4573.33333587646  8.473669E-18
4574.86111366749  8.304195E-18
4576.38889145851  7.937059E-18
4577.91666924954  7.485049E-18
4579.44444704056  7.330877E-18
4580.97222483158  7.242329E-18
4582.50000262261  6.969532E-18
4584.02778041363  6.539386E-18
4585.55555820465  5.653234E-18
4587.08333599567  5.985595E-18
4588.6111137867  6.755038E-18
4590.13889157772  7.306446E-18
4591.66666936874  7.894131E-18
4593.19444715977  7.428117E-18
4594.72222495079  7.366650E-18
4596.25000274181  7.914248E-18
4597.77778053284  8.143870E-18
4599.30555832386  7.615585E-18
4600.83333611488  8.238965E-18
4602.36111390591  9.312193E-18
4603.88889169693  8.726999E-18
4605.41666948795  8.438591E-18
4606.94444727898  7.798421E-18
4608.47222507  6.568654E-18
4610.00000286102  7.123032E-18
4611.52778065205  8.477396E-18
4613.05555844307  8.868079E-18
4614.58333623409  8.233030E-18
4616.11111402512  7.781324E-18
4617.63889181614  7.713043E-18
4619.16666960716  7.730029E-18
4620.69444739818  8.315323E-18
4622.22222518921  9.044877E-18
4623.75000298023  1.009757E-17
4625.27778077126  1.143056E-17
4626.80555856228  1.180301E-17
4628.3333363533  1.080338E-17
4629.86111414433  1.011295E-17
4631.38889193535  1.025883E-17
4632.91666972637  9.908289E-18
4634.4444475174  8.788193E-18
4635.97222530842  7.587834E-18
4637.50000309944  6.669846E-18
4639.02778089046  5.827901E-18
4640.55555868149  5.427289E-18
4642.08333647251  4.533274E-18
4643.61111426353  3.047690E-18
4645.13889205456  2.308955E-18
4646.66666984558  2.895710E-18
4648.1944476366  4.224925E-18
4649.72222542763  5.698084E-18
4651.25000321865  7.159410E-18
4652.77778100967  9.091363E-18
4654.3055588007  9.871819E-18
4655.83333659172  9.800605E-18
4657.36111438274  9.756902E-18
4658.88889217377  9.671638E-18
4660.41666996479  1.050162E-17
4661.94444775581  1.101929E-17
4663.47222554684  1.099439E-17
4665.00000333786  1.074260E-17
4666.52778112888  1.008561E-17
4668.05555891991  9.509818E-18
4669.58333671093  9.837257E-18
4671.11111450195  1.077245E-17
4672.63889229298  1.108168E-17
4674.166670084  1.107006E-17
4675.69444787502  1.156960E-17
4677.22222566605  1.268027E-17
4678.75000345707  1.468914E-17
4680.27778124809  1.620895E-17
4681.80555903911  1.676072E-17
4683.33333683014  1.763774E-17
4684.86111462116  1.704336E-17
4686.38889241219  1.403012E-17
4687.91667020321  1.177358E-17
4689.44444799423  1.126416E-17
4690.97222578526  1.044104E-17
4692.50000357628  9.556310E-18
4694.0277813673  8.657997E-18
4695.55555915833  7.437119E-18
4697.08333694935  5.166155E-18
4698.61111474037  3.606812E-18
4700.13889253139  2.661923E-18
4701.66667032242  2.216916E-18
4703.19444811344  2.926595E-18
4704.72222590446  3.204093E-18
4706.25000369549  2.757540E-18
4707.77778148651  2.166860E-18
4709.30555927753  2.270360E-19
4710.83333706856  -1.917218E-19
4712.36111485958  1.005137E-18
4713.8888926506  3.386557E-18
4715.41667044163  4.495296E-18
4716.94444823265  3.995556E-18
4718.47222602367  5.086956E-18
4720.0000038147  5.577740E-18
4721.52778160572  6.052660E-18
4723.05555939674  7.787776E-18
4724.58333718777  9.309962E-18
4726.11111497879  1.115024E-17
4727.63889276981  1.206183E-17
4729.16667056084  1.192540E-17
4730.69444835186  1.087993E-17
4732.22222614288  1.088599E-17
4733.75000393391  1.226760E-17
4735.27778172493  1.301055E-17
4736.80555951595  1.518440E-17
4738.33333730698  1.569396E-17
4739.861115098  1.476771E-17
4741.38889288902  1.595094E-17
4742.91667068005  1.809203E-17
4744.44444847107  1.846169E-17
4745.97222626209  1.680477E-17
4747.50000405312  1.516181E-17
4749.02778184414  1.399497E-17
4750.55555963516  1.393605E-17
4752.08333742619  1.411801E-17
4753.61111521721  1.225018E-17
4755.13889300823  1.105245E-17
4756.66667079926  9.485025E-18
4758.19444859028  5.894424E-18
4759.7222263813  3.977795E-18
4761.25000417232  3.254856E-18
4762.77778196335  3.985077E-18
4764.30555975437  4.598980E-18
4765.8333375454  4.424132E-18
4767.36111533642  3.183026E-18
4768.88889312744  7.852841E-19
4770.41667091847  -6.618443E-19
4771.94444870949  -2.022111E-18
4773.47222650051  -2.042414E-18
4775.00000429153  -3.908691E-19
4776.52778208256  2.029692E-18
4778.05555987358  -1.413382E-17
4779.5833376646  5.822532E-17
4781.11111545563  3.093529E-16
4782.63889324665  4.482957E-16
4784.16667103767  4.235403E-16
4785.6944488287  4.274645E-16
4787.22222661972  4.269704E-16
4788.75000441074  4.281104E-16
4790.27778220177  4.298928E-16
4791.80555999279  4.319681E-16
4793.33333778381  4.302693E-16
4794.86111557484  4.448451E-16
4796.38889336586  3.715171E-16
4797.91667115688  1.211877E-16
4799.44444894791  -1.849196E-17
4800.97222673893  5.001975E-18
4802.50000452995  1.716868E-18
4804.02778232098  2.741488E-18
4805.555560112  2.133195E-18
4807.08333790302  1.083666E-18
4808.61111569405  -8.869761E-19
4810.13889348507  -2.265399E-18
4811.66667127609  -1.389160E-18
4813.19444906712  -5.780459E-19
4814.72222685814  -6.471365E-19
4816.25000464916  1.245934E-18
4817.77778244019  3.840393E-18
4819.30556023121  3.868984E-18
4820.83333802223  3.469400E-18
4822.36111581326  4.753300E-18
4823.88889360428  5.012253E-18
4825.4166713953  5.727042E-18
4826.94444918632  6.917130E-18
4828.47222697735  6.668319E-18
4830.00000476837  7.042703E-18
4831.5277825594  7.229786E-18
4833.05556035042  6.025126E-18
4834.58333814144  4.992973E-18
4836.11111593246  5.625884E-18
4837.63889372349  6.791427E-18
4839.16667151451  6.827126E-18
4840.69444930553  6.849683E-18
4842.22222709656  5.609311E-18
4843.75000488758  5.017826E-18
4845.2777826786  6.321338E-18
4846.80556046963  4.985279E-18
4848.33333826065  3.174977E-18
4849.86111605167  2.376163E-18
4851.3888938427  1.307649E-18
4852.91667163372  1.139703E-18
4854.44444942474  2.008393E-18
4855.97222721577  2.243594E-18
4857.50000500679  1.561879E-18
4859.02778279781  1.774032E-18
4860.55556058884  2.229755E-18
4862.08333837986  1.862068E-18
4863.61111617088  3.072585E-18
4865.13889396191  5.693609E-18
4866.66667175293  7.923078E-18
4868.19444954395  9.364797E-18
4869.72222733498  8.772483E-18
4871.250005126  7.338908E-18
4872.77778291702  6.714043E-18
4874.30556070805  7.185526E-18
4875.83333849907  9.645968E-18
4877.36111629009  1.086879E-17
4878.88889408112  1.093368E-17
4880.41667187214  9.564148E-18
4881.94444966316  7.209556E-18
4883.47222745418  6.019854E-18
4885.00000524521  5.671180E-18
4886.52778303623  6.728283E-18
4888.05556082725  8.444938E-18
4889.58333861828  1.086293E-17
4891.1111164093  1.234552E-17
4892.63889420033  9.623358E-18
4894.16667199135  8.398752E-18
4895.69444978237  9.698296E-18
4897.2222275734  1.263839E-17
4898.75000536442  1.519788E-17
4900.27778315544  1.598526E-17
4901.80556094647  1.609255E-17
4903.33333873749  1.556969E-17
4904.86111652851  1.429487E-17
4906.38889431953  1.292363E-17
4907.91667211056  1.256443E-17
4909.44444990158  1.319603E-17
4910.9722276926  1.272087E-17
4912.50000548363  1.112530E-17
4914.02778327465  9.677852E-18
4915.55556106567  8.562810E-18
4917.0833388567  7.512117E-18
4918.61111664772  6.762606E-18
4920.13889443874  7.006841E-18
4921.66667222977  8.014369E-18
4923.19445002079  8.340829E-18
4924.72222781181  7.931472E-18
4926.25000560284  7.891987E-18
4927.77778339386  8.081300E-18
4929.30556118488  8.406329E-18
4930.83333897591  8.778143E-18
4932.36111676693  9.327126E-18
4933.88889455795  1.050341E-17
4935.41667234898  1.140469E-17
4936.94445014  1.178817E-17
4938.47222793102  1.252290E-17
4940.00000572205  1.239625E-17
4941.52778351307  1.225315E-17
4943.05556130409  1.445250E-17
4944.58333909512  1.711219E-17
4946.11111688614  1.770847E-17
4947.63889467716  1.683757E-17
4949.16667246818  1.607084E-17
4950.69445025921  1.504974E-17
4952.22222805023  1.444295E-17
4953.75000584126  1.401727E-17
4955.27778363228  1.254183E-17
4956.8055614233  1.170166E-17
4958.33333921433  1.173486E-17
4959.86111700535  1.035148E-17
4961.38889479637  7.763476E-18
4962.91667258739  6.333025E-18
4964.44445037842  5.718485E-18
4965.97222816944  5.530010E-18
4967.50000596046  6.951641E-18
4969.02778375149  8.438392E-18
4970.55556154251  9.099772E-18
4972.08333933353  9.461966E-18
4973.61111712456  9.227143E-18
4975.13889491558  9.331878E-18
4976.6666727066  1.007658E-17
4978.19445049763  1.101046E-17
4979.72222828865  1.149408E-17
4981.25000607967  1.235424E-17
4982.7777838707  1.223861E-17
4984.30556166172  1.089254E-17
4985.83333945274  1.034680E-17
4987.36111724377  1.089564E-17
4988.88889503479  1.154241E-17
4990.41667282581  1.193306E-17
4991.94445061684  1.123820E-17
4993.47222840786  9.380121E-18
4995.00000619888  8.130509E-18
4996.52778398991  7.966498E-18
4998.05556178093  8.342865E-18
4999.58333957195  8.712750E-18
5001.11111736298  7.908357E-18
5002.638895154  6.858380E-18
5004.16667294502  6.032958E-18
5005.69445073605  5.455714E-18
5007.22222852707  5.463645E-18
5008.75000631809  6.518850E-18
5010.27778410912  7.224542E-18
5011.80556190014  7.023414E-18
5013.33333969116  7.166714E-18
5014.86111748219  6.539321E-18
5016.38889527321  5.593021E-18
5017.91667306423  6.308382E-18
5019.44445085526  7.247213E-18
5020.97222864628  6.773469E-18
5022.5000064373  5.937693E-18
5024.02778422833  5.883959E-18
5025.55556201935  5.404384E-18
5027.08333981037  5.153670E-18
5028.6111176014  5.536791E-18
5030.13889539242  5.630187E-18
5031.66667318344  5.112397E-18
5033.19445097447  5.274003E-18
5034.72222876549  4.885992E-18
5036.25000655651  4.435189E-18
5037.77778434753  4.295448E-18
5039.30556213856  3.991388E-18
5040.83333992958  4.588082E-18
5042.3611177206  5.124387E-18
5043.88889551163  5.393565E-18
5045.41667330265  5.417962E-18
5046.94445109367  4.980739E-18
5048.4722288847  5.458222E-18
5050.00000667572  6.142251E-18
5051.52778446674  6.322273E-18
5053.05556225777  6.248430E-18
5054.58334004879  6.489070E-18
5056.11111783981  7.281184E-18
5057.63889563084  7.140230E-18
5059.16667342186  6.262188E-18
5060.69445121288  5.874562E-18
5062.22222900391  6.430551E-18
5063.75000679493  6.813837E-18
5065.27778458595  7.259508E-18
5066.80556237698  7.106145E-18
5068.333340168  7.190663E-18
5069.86111795902  7.855090E-18
5071.38889575005  8.040679E-18
5072.91667354107  7.409192E-18
5074.44445133209  6.484532E-18
5075.97222912312  6.169353E-18
5077.50000691414  5.871786E-18
5079.02778470516  5.065458E-18
5080.55556249619  4.442145E-18
5082.08334028721  4.236658E-18
5083.61111807823  3.971324E-18
5085.13889586926  3.546561E-18
5086.66667366028  2.996850E-18
5088.1944514513  2.577688E-18
5089.72222924233  2.915620E-18
5091.25000703335  3.473290E-18
5092.77778482437  3.843693E-18
5094.30556261539  4.512416E-18
5095.83334040642  5.188094E-18
5097.36111819744  5.614640E-18
5098.88889598847  5.344682E-18
5100.41667377949  5.714077E-18
5101.94445157051  6.923325E-18
5103.47222936153  7.907751E-18
5105.00000715256  8.564595E-18
5106.52778494358  8.827710E-18
5108.0555627346  9.432939E-18
5109.58334052563  1.023304E-17
5111.11111831665  1.030178E-17
5112.63889610767  1.018192E-17
5114.1666738987  1.025886E-17
5115.69445168972  9.912966E-18
5117.22222948074  9.225021E-18
5118.75000727177  8.660784E-18
5120.27778506279  7.831058E-18
5121.80556285381  7.138215E-18
5123.33334064484  6.940419E-18
5124.86111843586  6.491904E-18
5126.38889622688  6.237483E-18
5127.91667401791  6.641004E-18
5129.44445180893  7.021860E-18
5130.97222959995  7.167136E-18
5132.50000739098  7.170346E-18
5134.027785182  7.332030E-18
5135.55556297302  7.089919E-18
5137.08334076405  6.763880E-18
5138.61111855507  6.923510E-18
5140.13889634609  7.119116E-18
5141.66667413712  7.585925E-18
5143.19445192814  7.943721E-18
5144.72222971916  8.029915E-18
5146.25000751019  7.424593E-18
5147.77778530121  7.149453E-18
5149.30556309223  7.879791E-18
5150.83334088325  8.427338E-18
5152.36111867428  8.858669E-18
5153.8888964653  9.426788E-18
5155.41667425632  9.898492E-18
5156.94445204735  9.577614E-18
5158.47222983837  8.350839E-18
5160.00000762939  7.482787E-18
5161.52778542042  7.307115E-18
5163.05556321144  8.064164E-18
5164.58334100247  8.226825E-18
5166.11111879349  8.590434E-18
5167.63889658451  8.830960E-18
5169.16667437553  9.194620E-18
5170.69445216656  1.012933E-17
5172.22222995758  1.007871E-17
5173.7500077486  1.072038E-17
5175.27778553963  1.172327E-17
5176.80556333065  1.267412E-17
5178.33334112167  1.273672E-17
5179.8611189127  1.187895E-17
5181.38889670372  1.163964E-17
5182.91667449474  1.019272E-17
5184.44445228577  8.959268E-18
5185.97223007679  8.866382E-18
5187.50000786781  7.981707E-18
5189.02778565884  7.252963E-18
5190.55556344986  6.447074E-18
5192.08334124088  6.590371E-18
5193.61111903191  7.013455E-18
5195.13889682293  7.639903E-18
5196.66667461395  8.417927E-18
5198.19445240498  9.239233E-18
5199.722230196  1.000799E-17
5201.25000798702  9.905875E-18
5202.77778577805  9.768613E-18
5204.30556356907  1.006522E-17
5205.83334136009  1.057629E-17
5207.36111915112  1.095933E-17
5208.88889694214  1.078517E-17
5210.41667473316  1.023322E-17
5211.94445252419  9.475224E-18
5213.47223031521  9.024717E-18
5215.00000810623  8.713765E-18
5216.52778589725  8.486372E-18
5218.05556368828  9.101941E-18
5219.5833414793  9.191798E-18
5221.11111927032  8.440120E-18
5222.63889706135  8.202696E-18
5224.16667485237  8.242273E-18
5225.69445264339  7.613887E-18
5227.22223043442  7.487580E-18
5228.75000822544  7.775062E-18
5230.27778601646  7.765926E-18
5231.80556380749  8.259413E-18
5233.33334159851  9.815922E-18
5234.86111938953  1.077367E-17
5236.38889718056  1.040340E-17
5237.91667497158  1.053086E-17
5239.4444527626  1.095155E-17
5240.97223055363  1.156761E-17
5242.50000834465  1.233746E-17
5244.02778613567  1.247003E-17
5245.5555639267  1.249336E-17
5247.08334171772  1.337392E-17
5248.61111950874  1.316817E-17
5250.13889729977  1.140232E-17
5251.66667509079  1.054968E-17
5253.19445288181  1.057009E-17
5254.72223067284  1.020837E-17
5256.25000846386  1.001792E-17
5257.77778625488  9.673184E-18
5259.30556404591  9.773395E-18
5260.83334183693  9.794580E-18
5262.36111962795  9.380937E-18
5263.88889741898  8.675651E-18
5265.41667521  8.338679E-18
5266.94445300102  9.264049E-18
5268.47223079205  9.701101E-18
5270.00000858307  9.643120E-18
5271.52778637409  9.950033E-18
5273.05556416512  9.200507E-18
5274.58334195614  8.685320E-18
5276.11111974716  9.147952E-18
5277.63889753819  9.736102E-18
5279.16667532921  1.013208E-17
5280.69445312023  1.044086E-17
5282.22223091125  1.067861E-17
5283.75000870228  9.517524E-18
5285.2777864933  7.490469E-18
5286.80556428433  7.463044E-18
5288.33334207535  8.821424E-18
5289.86111986637  1.057487E-17
5291.38889765739  1.164333E-17
5292.91667544842  1.101048E-17
5294.44445323944  1.005327E-17
5295.97223103046  1.015718E-17
5297.50000882149  1.028175E-17
5299.02778661251  1.025240E-17
5300.55556440354  1.094364E-17
5302.08334219456  1.205010E-17
5303.61111998558  1.232900E-17
5305.1388977766  1.159295E-17
5306.66667556763  1.014066E-17
5308.19445335865  9.270666E-18
5309.72223114967  9.265180E-18
5311.2500089407  9.107229E-18
5312.77778673172  8.662064E-18
5314.30556452274  8.489687E-18
5315.83334231377  8.705050E-18
5317.36112010479  8.937340E-18
5318.88889789581  9.553714E-18
5320.41667568684  9.786202E-18
5321.94445347786  9.372622E-18
5323.47223126888  9.900019E-18
5325.00000905991  1.047158E-17
5326.52778685093  1.086477E-17
5328.05556464195  1.148132E-17
5329.58334243298  1.082774E-17
5331.111120224  1.000433E-17
5332.63889801502  9.793397E-18
5334.16667580605  1.010951E-17
5335.69445359707  1.026347E-17
5337.22223138809  9.520809E-18
5338.75000917912  9.302137E-18
5340.27778697014  9.353673E-18
5341.80556476116  9.409315E-18
5343.33334255219  9.110749E-18
5344.86112034321  9.010774E-18
5346.38889813423  1.043491E-17
5347.91667592526  1.100210E-17
5349.44445371628  9.765795E-18
5350.9722315073  8.649359E-18
5352.50000929833  8.503297E-18
5354.02778708935  8.421173E-18
5355.55556488037  7.910413E-18
5357.08334267139  7.939260E-18
5358.61112046242  7.130574E-18
5360.13889825344  6.303761E-18
5361.66667604446  6.120897E-18
5363.19445383549  5.419920E-18
5364.72223162651  5.626095E-18
5366.25000941753  7.025702E-18
5367.77778720856  7.637345E-18
5369.30556499958  7.355381E-18
5370.8333427906  8.076663E-18
5372.36112058163  9.094746E-18
5373.88889837265  8.968784E-18
5375.41667616367  9.061967E-18
5376.9444539547  9.582984E-18
5378.47223174572  9.841157E-18
5380.00000953674  9.396380E-18
5381.52778732777  8.919711E-18
5383.05556511879  8.781524E-18
5384.58334290981  8.582690E-18
5386.11112070084  8.346254E-18
5387.63889849186  7.625541E-18
5389.16667628288  7.268561E-18
5390.69445407391  7.282290E-18
5392.22223186493  7.447004E-18
5393.75000965595  6.903236E-18
5395.27778744698  5.900702E-18
5396.805565238  6.210068E-18
5398.33334302902  6.656320E-18
5399.86112082005  6.778643E-18
5401.38889861107  7.082274E-18
5402.91667640209  7.619125E-18
5404.44445419312  8.025808E-18
5405.97223198414  8.294702E-18
5407.50000977516  8.862245E-18
5409.02778756619  8.949816E-18
5410.55556535721  9.500231E-18
5412.08334314823  1.064089E-17
5413.61112093925  1.079601E-17
5415.13889873028  9.880100E-18
5416.6666765213  9.049880E-18
5418.19445431232  9.217042E-18
5419.72223210335  9.546798E-18
5421.25000989437  1.001413E-17
5422.77778768539  9.582596E-18
5424.30556547642  8.648443E-18
5425.83334326744  8.889344E-18
5427.36112105846  9.838653E-18
5428.88889884949  9.914474E-18
5430.41667664051  9.785132E-18
5431.94445443153  1.057099E-17
5433.47223222256  1.075247E-17
5435.00001001358  1.026967E-17
5436.5277878046  1.067718E-17
5438.05556559563  1.180640E-17
5439.58334338665  1.239903E-17
5441.11112117767  1.269903E-17
5442.6388989687  1.293931E-17
5444.16667675972  1.286340E-17
5445.69445455074  1.261991E-17
5447.22223234177  1.284127E-17
5448.75001013279  1.278798E-17
5450.27778792381  1.312051E-17
5451.80556571484  1.361794E-17
5453.33334350586  1.343611E-17
5454.86112129688  1.255837E-17
5456.38889908791  1.298070E-17
5457.91667687893  1.340067E-17
5459.44445466995  1.292747E-17
5460.97223246098  1.199417E-17
5462.500010252  1.138713E-17
5464.02778804302  1.139918E-17
5465.55556583405  1.182515E-17
5467.08334362507  1.221401E-17
5468.61112141609  1.243145E-17
5470.13889920711  1.206675E-17
5471.66667699814  1.170641E-17
5473.19445478916  1.126454E-17
5474.72223258019  1.061024E-17
5476.25001037121  1.071702E-17
5477.77778816223  1.094124E-17
5479.30556595325  1.095613E-17
5480.83334374428  1.081885E-17
5482.3611215353  1.087255E-17
5483.88889932632  1.090483E-17
5485.41667711735  1.029251E-17
5486.94445490837  9.978829E-18
5488.47223269939  9.238377E-18
5490.00001049042  8.301747E-18
5491.52778828144  7.757560E-18
5493.05556607246  7.736411E-18
5494.58334386349  7.732293E-18
5496.11112165451  7.956508E-18
5497.63889944553  8.242363E-18
5499.16667723656  7.765026E-18
5500.69445502758  6.993650E-18
5502.2222328186  6.959161E-18
5503.75001060963  7.295657E-18
5505.27778840065  8.768315E-18
5506.80556619167  1.015641E-17
5508.3333439827  1.087587E-17
5509.86112177372  1.012738E-17
5511.38889956474  9.613771E-18
5512.91667735577  9.835859E-18
5514.44445514679  9.379798E-18
5515.97223293781  9.425539E-18
5517.50001072884  9.887341E-18
5519.02778851986  9.969830E-18
5520.55556631088  1.009127E-17
5522.0833441019  9.517289E-18
5523.61112189293  8.538895E-18
5525.13889968395  8.611069E-18
5526.66667747498  9.151511E-18
5528.194455266  9.169919E-18
5529.72223305702  9.493855E-18
5531.25001084805  1.039705E-17
5532.77778863907  1.028985E-17
5534.30556643009  1.033154E-17
5535.83334422111  1.084571E-17
5537.36112201214  1.077811E-17
5538.88889980316  1.048646E-17
5540.41667759419  1.076058E-17
5541.94445538521  1.098919E-17
5543.47223317623  1.102458E-17
5545.00001096725  1.133762E-17
5546.52778875828  1.055122E-17
5548.0555665493  9.046600E-18
5549.58334434032  8.845574E-18
5551.11112213135  8.676133E-18
5552.63889992237  8.892517E-18
5554.16667771339  9.223420E-18
5555.69445550442  9.279432E-18
5557.22223329544  9.524271E-18
5558.75001108646  9.512124E-18
5560.27778887749  9.890190E-18
5561.80556666851  1.092090E-17
5563.33334445953  1.191658E-17
5564.86112225056  1.289034E-17
5566.38890004158  1.381106E-17
5567.9166778326  1.364271E-17
5569.44445562363  1.287040E-17
5570.97223341465  1.286855E-17
5572.50001120567  1.276059E-17
5574.0277889967  1.221053E-17
5575.55556678772  1.218201E-17
5577.08334457874  1.212289E-17
5578.61112236977  1.092956E-17
5580.13890016079  1.000772E-17
5581.66667795181  9.886863E-18
5583.19445574284  8.912180E-18
5584.72223353386  8.701539E-18
5586.25001132488  8.648117E-18
5587.77778911591  7.424322E-18
5589.30556690693  7.105053E-18
5590.83334469795  7.761191E-18
5592.36112248898  7.640398E-18
5593.88890028  7.350084E-18
5595.41667807102  7.374413E-18
5596.94445586205  7.254378E-18
5598.47223365307  7.353188E-18
5600.00001144409  7.956900E-18
5601.52778923511  8.319888E-18
5603.05556702614  9.115540E-18
5604.58334481716  1.033415E-17
5606.11112260818  1.106552E-17
5607.63890039921  1.075138E-17
5609.16667819023  1.079478E-17
5610.69445598126  1.141173E-17
5612.22223377228  1.187389E-17
5613.7500115633  1.243244E-17
5615.27778935432  1.207809E-17
5616.80556714535  1.131707E-17
5618.33334493637  1.125020E-17
5619.86112272739  1.063135E-17
5621.38890051842  1.031287E-17
5622.91667830944  1.010697E-17
5624.44445610046  9.850210E-18
5625.97223389149  9.490691E-18
5627.50001168251  9.035125E-18
5629.02778947353  9.125897E-18
5630.55556726456  8.390860E-18
5632.08334505558  7.858797E-18
5633.6111228466  7.940942E-18
5635.13890063763  8.142696E-18
5636.66667842865  8.899428E-18
5638.19445621967  9.065077E-18
5639.7222340107  8.835125E-18
5641.25001180172  8.559193E-18
5642.77778959274  8.407030E-18
5644.30556738377  8.106612E-18
5645.83334517479  7.608294E-18
5647.36112296581  8.168313E-18
5648.88890075684  9.028618E-18
5650.41667854786  9.278990E-18
5651.94445633888  8.968814E-18
5653.47223412991  8.414093E-18
5655.00001192093  8.443125E-18
5656.52778971195  8.837199E-18
5658.05556750297  9.047697E-18
5659.583345294  9.028791E-18
5661.11112308502  9.023076E-18
5662.63890087605  9.333210E-18
5664.16667866707  9.638610E-18
5665.69445645809  9.512869E-18
5667.22223424911  9.707030E-18
5668.75001204014  9.765157E-18
5670.27778983116  9.524984E-18
5671.80556762219  9.128003E-18
5673.33334541321  8.673763E-18
5674.86112320423  9.301829E-18
5676.38890099525  1.015299E-17
5677.91667878628  1.057421E-17
5679.4444565773  1.107153E-17
5680.97223436832  1.096178E-17
5682.50001215935  1.076934E-17
5684.02778995037  1.055831E-17
5685.55556774139  1.058675E-17
5687.08334553242  1.105335E-17
5688.61112332344  1.143663E-17
5690.13890111446  1.168004E-17
5691.66667890549  1.113549E-17
5693.19445669651  1.061893E-17
5694.72223448753  1.089590E-17
5696.25001227856  1.099196E-17
5697.77779006958  1.101827E-17
5699.3055678606  1.131744E-17
5700.83334565163  1.195558E-17
5702.36112344265  1.237913E-17
5703.88890123367  1.208770E-17
5705.4166790247  1.149366E-17
5706.94445681572  1.097321E-17
5708.47223460674  1.067963E-17
5710.00001239777  1.072292E-17
5711.52779018879  1.021258E-17
5713.05556797981  9.024717E-18
5714.58334577084  8.217493E-18
5716.11112356186  7.487752E-18
5717.63890135288  7.242607E-18
5719.16667914391  7.376625E-18
5720.69445693493  7.375009E-18
5722.22223472595  7.743637E-18
5723.75001251698  8.383739E-18
5725.277790308  8.683343E-18
5726.80556809902  8.033725E-18
5728.33334589005  7.612862E-18
5729.86112368107  8.293816E-18
5731.38890147209  9.001466E-18
5732.91667926311  9.423108E-18
5734.44445705414  9.972159E-18
5735.97223484516  1.047861E-17
5737.50001263618  1.105838E-17
5739.02779042721  1.081979E-17
5740.55556821823  9.905125E-18
5742.08334600926  9.663795E-18
5743.61112380028  1.040910E-17
5745.1389015913  1.047365E-17
5746.66667938232  1.012069E-17
5748.19445717335  1.039330E-17
5749.72223496437  1.086079E-17
5751.25001275539  1.002098E-17
5752.77779054642  9.170656E-18
5754.30556833744  8.339187E-18
5755.83334612846  8.252289E-18
5757.36112391949  8.985876E-18
5758.88890171051  9.731477E-18
5760.41667950153  1.003069E-17
5761.94445729256  1.047745E-17
5763.47223508358  1.080051E-17
5765.0000128746  1.054235E-17
5766.52779066563  9.563358E-18
5768.05556845665  8.664413E-18
5769.58334624767  8.034032E-18
5771.1111240387  7.695905E-18
5772.63890182972  7.463646E-18
5774.16667962074  7.218227E-18
5775.69445741177  6.388228E-18
5777.22223520279  5.610492E-18
5778.75001299381  5.213303E-18
5780.27779078484  4.693268E-18
5781.80556857586  4.197539E-18
5783.33334636688  4.479358E-18
5784.86112415791  5.318390E-18
5786.38890194893  5.859543E-18
5787.91667973995  6.591781E-18
5789.44445753097  6.976456E-18
5790.972235322  6.986668E-18
5792.50001311302  7.686271E-18
5794.02779090404  8.495655E-18
5795.55556869507  8.720375E-18
5797.08334648609  9.175130E-18
5798.61112427711  9.478427E-18
5800.13890206814  1.004897E-17
5801.66667985916  1.011622E-17
5803.19445765018  9.646345E-18
5804.72223544121  9.380638E-18
5806.25001323223  9.049612E-18
5807.77779102325  9.231141E-18
5809.30556881428  9.306475E-18
5810.8333466053  9.417996E-18
5812.36112439632  9.705652E-18
5813.88890218735  9.647081E-18
5815.41667997837  9.244657E-18
5816.94445776939  8.464781E-18
5818.47223556042  8.321931E-18
5820.00001335144  8.537641E-18
5821.52779114246  7.841836E-18
5823.05556893349  8.127108E-18
5824.58334672451  8.536955E-18
5826.11112451553  8.145852E-18
5827.63890230656  6.988539E-18
5829.16668009758  6.094962E-18
5830.6944578886  5.629892E-18
5832.22223567963  6.024820E-18
5833.75001347065  6.933495E-18
5835.27779126167  7.171920E-18
5836.8055690527  7.091668E-18
5838.33334684372  7.380724E-18
5839.86112463474  6.838549E-18
5841.38890242576  6.290978E-18
5842.91668021679  6.707544E-18
5844.44445800781  7.357517E-18
5845.97223579883  7.596995E-18
5847.50001358986  7.963343E-18
5849.02779138088  8.319366E-18
5850.55556917191  7.918366E-18
5852.08334696293  7.478130E-18
5853.61112475395  7.318949E-18
5855.13890254498  7.485726E-18
5856.666680336  7.791342E-18
5858.19445812702  7.580169E-18
5859.72223591804  7.204689E-18
5861.25001370907  7.727197E-18
5862.77779150009  8.792218E-18
5864.30556929111  8.931022E-18
5865.83334708214  9.216753E-18
5867.36112487316  1.082411E-17
5868.88890266418  1.211151E-17
5870.41668045521  1.320189E-17
5871.94445824623  1.411571E-17
5873.47223603725  1.468963E-17
5875.00001382828  1.490366E-17
5876.5277916193  1.427537E-17
5878.05556941032  1.352868E-17
5879.58334720135  1.281621E-17
5881.11112499237  1.245537E-17
5882.63890278339  1.189887E-17
5884.16668057442  1.020561E-17
5885.69445836544  8.917608E-18
5887.22223615646  8.048097E-18
5888.75001394749  7.029808E-18
5890.27779173851  6.622210E-18
5891.80556952953  6.844839E-18
5893.33334732056  7.289580E-18
5894.86112511158  7.358952E-18
5896.3889029026  7.568138E-18
5897.91668069363  7.954240E-18
5899.44445848465  7.947873E-18
5900.97223627567  8.171864E-18
5902.5000140667  8.402317E-18
5904.02779185772  9.064797E-18
5905.55556964874  1.013536E-17
5907.08334743976  1.015080E-17
5908.61112523079  1.021737E-17
5910.13890302181  1.046987E-17
5911.66668081283  9.890169E-18
5913.19445860386  9.287071E-18
5914.72223639488  9.839930E-18
5916.25001418591  1.074832E-17
5917.77779197693  1.058391E-17
5919.30556976795  1.055603E-17
5920.83334755898  9.892895E-18
5922.36112535  9.259063E-18
5923.88890314102  9.638768E-18
5925.41668093204  9.249943E-18
5926.94445872307  9.134764E-18
5928.47223651409  9.779763E-18
5930.00001430511  9.860564E-18
5931.52779209614  8.559456E-18
5933.05556988716  7.133168E-18
5934.58334767818  7.048609E-18
5936.11112546921  7.321231E-18
5937.63890326023  8.165452E-18
5939.16668105125  8.204245E-18
5940.69445884228  7.311976E-18
5942.2222366333  8.035059E-18
5943.75001442432  9.273280E-18
5945.27779221535  9.656391E-18
5946.80557000637  9.881434E-18
5948.33334779739  1.049745E-17
5949.86112558842  1.085049E-17
5951.38890337944  1.096247E-17
5952.91668117046  1.036853E-17
5954.44445896149  9.332085E-18
5955.97223675251  9.268321E-18
5957.50001454353  1.021533E-17
5959.02779233456  9.801017E-18
5960.55557012558  8.839258E-18
5962.0833479166  8.633263E-18
5963.61112570762  8.447284E-18
5965.13890349865  8.233652E-18
5966.66668128967  8.506266E-18
5968.19445908069  8.486581E-18
5969.72223687172  9.146167E-18
5971.25001466274  9.603338E-18
5972.77779245377  9.443771E-18
5974.30557024479  9.186220E-18
5975.83334803581  9.105234E-18
5977.36112582683  8.658387E-18
5978.88890361786  8.441489E-18
5980.41668140888  8.856974E-18
5981.9444591999  9.083656E-18
5983.47223699093  8.582118E-18
5985.00001478195  8.388976E-18
5986.52779257297  7.647598E-18
5988.055570364  6.860306E-18
5989.58334815502  6.900873E-18
5991.11112594604  6.491887E-18
5992.63890373707  5.836319E-18
5994.16668152809  5.888805E-18
5995.69445931911  5.810764E-18
5997.22223711014  5.103609E-18
5998.75001490116  4.868898E-18
6000.27779269218  5.073253E-18
6001.80557048321  4.723808E-18
6003.33334827423  4.626987E-18
6004.86112606525  5.171288E-18
6006.38890385627  5.177979E-18
6007.9166816473  5.544675E-18
6009.44445943832  6.022380E-18
6010.97223722935  5.779615E-18
6012.50001502037  5.379942E-18
6014.02779281139  6.256708E-18
6015.55557060242  6.655306E-18
6017.08334839344  6.645779E-18
6018.61112618446  6.949304E-18
6020.13890397549  7.374941E-18
6021.66668176651  7.510491E-18
6023.19445955753  7.874022E-18
6024.72223734856  8.174685E-18
6026.25001513958  8.496808E-18
6027.7777929306  8.368008E-18
6029.30557072162  8.575636E-18
6030.83334851265  8.215040E-18
6032.36112630367  7.751361E-18
6033.88890409469  7.188527E-18
6035.41668188572  7.017937E-18
6036.94445967674  6.975423E-18
6038.47223746777  6.805917E-18
6040.00001525879  6.509581E-18
6041.52779304981  6.145851E-18
6043.05557084083  5.827059E-18
6044.58334863186  6.302295E-18
6046.11112642288  6.913749E-18
6047.6389042139  7.301699E-18
6049.16668200493  7.091660E-18
6050.69445979595  7.314196E-18
6052.22223758697  7.544185E-18
6053.750015378  7.762382E-18
6055.27779316902  7.941950E-18
6056.80557096004  7.405286E-18
6058.33334875107  7.209037E-18
6059.86112654209  6.831269E-18
6061.38890433311  6.646495E-18
6062.91668212414  6.611997E-18
6064.44445991516  6.287330E-18
6065.97223770618  6.846279E-18
6067.50001549721  7.163245E-18
6069.02779328823  7.091250E-18
6070.55557107925  6.975220E-18
6072.08334887028  6.679196E-18
6073.6111266613  7.057261E-18
6075.13890445232  7.119348E-18
6076.66668224335  6.888931E-18
6078.19446003437  6.468961E-18
6079.72223782539  6.529781E-18
6081.25001561642  6.717104E-18
6082.77779340744  6.010435E-18
6084.30557119846  5.880775E-18
6085.83334898948  6.063695E-18
6087.36112678051  6.109949E-18
6088.88890457153  6.142747E-18
6090.41668236255  6.351930E-18
6091.94446015358  6.394428E-18
6093.4722379446  6.919813E-18
6095.00001573563  7.250153E-18
6096.52779352665  6.544196E-18
6098.05557131767  5.862388E-18
6099.58334910869  6.174979E-18
6101.11112689972  6.230055E-18
6102.63890469074  5.705943E-18
6104.16668248176  5.179254E-18
6105.69446027279  5.075321E-18
6107.22223806381  4.573367E-18
6108.75001585483  4.532043E-18
6110.27779364586  4.926048E-18
6111.80557143688  4.393232E-18
6113.3333492279  4.526118E-18
6114.86112701893  4.778033E-18
6116.38890480995  4.514035E-18
6117.91668260097  4.600090E-18
6119.444460392  5.245070E-18
6120.97223818302  6.063172E-18
6122.50001597404  6.712863E-18
6124.02779376507  7.217265E-18
6125.55557155609  6.977209E-18
6127.08334934711  6.165462E-18
6128.61112713814  6.682080E-18
6130.13890492916  6.479540E-18
6131.66668272018  6.298718E-18
6133.19446051121  6.709056E-18
6134.72223830223  6.417581E-18
6136.25001609325  6.277701E-18
6137.77779388428  6.378455E-18
6139.3055716753  6.220670E-18
6140.83334946632  5.672599E-18
6142.36112725735  5.487762E-18
6143.88890504837  6.132712E-18
6145.41668283939  6.939220E-18
6146.94446063042  7.127745E-18
6148.47223842144  6.724779E-18
6150.00001621246  6.042953E-18
6151.52779400348  5.803043E-18
6153.05557179451  6.207485E-18
6154.58334958553  6.059890E-18
6156.11112737656  5.592621E-18
6157.63890516758  6.050505E-18
6159.1666829586  5.832813E-18
6160.69446074963  4.974514E-18
6162.22223854065  4.581891E-18
6163.75001633167  4.558206E-18
6165.27779412269  5.913421E-18
6166.80557191372  7.250516E-18
6168.33334970474  7.644965E-18
6169.86112749576  6.980362E-18
6171.38890528679  7.104704E-18
6172.91668307781  7.468476E-18
6174.44446086883  7.101190E-18
6175.97223865986  7.476186E-18
6177.50001645088  8.407396E-18
6179.0277942419  8.426126E-18
6180.55557203293  8.716512E-18
6182.08334982395  7.714949E-18
6183.61112761497  6.376087E-18
6185.138905406  6.136182E-18
6186.66668319702  6.461192E-18
6188.19446098804  6.339989E-18
6189.72223877907  5.979466E-18
6191.25001657009  6.596339E-18
6192.77779436111  6.961186E-18
6194.30557215214  6.325053E-18
6195.83334994316  5.670105E-18
6197.36112773418  5.447055E-18
6198.88890552521  5.949472E-18
6200.41668331623  6.730106E-18
6201.94446110725  7.096772E-18
6203.47223889828  7.304626E-18
6205.0000166893  6.987608E-18
6206.52779448032  6.971188E-18
6208.05557227135  6.258789E-18
6209.58335006237  5.568865E-18
6211.11112785339  5.795082E-18
6212.63890564442  5.691227E-18
6214.16668343544  5.221640E-18
6215.69446122646  4.945182E-18
6217.22223901749  4.390851E-18
6218.75001680851  4.065802E-18
6220.27779459953  3.973050E-18
6221.80557239056  3.885064E-18
6223.33335018158  3.720103E-18
6224.8611279726  3.822590E-18
6226.38890576363  4.632436E-18
6227.91668355465  5.405688E-18
6229.44446134567  6.199057E-18
6230.97223913669  6.429193E-18
6232.50001692772  6.461654E-18
6234.02779471874  7.038548E-18
6235.55557250976  7.124204E-18
6237.08335030079  6.451472E-18
6238.61112809181  6.738629E-18
6240.13890588284  6.868402E-18
6241.66668367386  7.077213E-18
6243.19446146488  7.188450E-18
6244.7222392559  7.089873E-18
6246.25001704693  7.333713E-18
6247.77779483795  7.946302E-18
6249.30557262897  8.264756E-18
6250.83335042  8.198362E-18
6252.36112821102  8.541220E-18
6253.88890600204  8.940195E-18
6255.41668379307  8.982059E-18
6256.94446158409  9.484110E-18
6258.47223937511  9.336391E-18
6260.00001716614  8.892512E-18
6261.52779495716  7.772879E-18
6263.05557274818  6.840568E-18
6264.58335053921  6.430924E-18
6266.11112833023  6.196497E-18
6267.63890612125  5.946991E-18
6269.16668391228  5.493241E-18
6270.6944617033  5.055512E-18
6272.22223949432  4.023007E-18
6273.75001728534  3.180767E-18
6275.27779507637  3.445023E-18
6276.80557286739  4.065412E-18
6278.33335065842  4.627650E-18
6279.86112844944  4.919012E-18
6281.38890624046  5.507724E-18
6282.91668403149  6.088031E-18
6284.44446182251  6.474383E-18
6285.97223961353  6.800558E-18
6287.50001740456  7.013036E-18
6289.02779519558  7.601172E-18
6290.5555729866  8.063825E-18
6292.08335077762  8.061361E-18
6293.61112856865  7.070033E-18
6295.13890635967  6.855398E-18
6296.66668415069  7.012740E-18
6298.19446194172  6.706016E-18
6299.72223973274  6.213377E-18
6301.25001752376  6.213563E-18
6302.77779531479  6.113402E-18
6304.30557310581  6.321101E-18
6305.83335089684  6.403277E-18
6307.36112868786  6.565697E-18
6308.88890647888  6.861124E-18
6310.4166842699  8.053093E-18
6311.94446206093  8.946514E-18
6313.47223985195  8.155482E-18
6315.00001764297  7.566007E-18
6316.527795434  8.156826E-18
6318.05557322502  8.102401E-18
6319.58335101604  8.435255E-18
6321.11112880707  8.394313E-18
6322.63890659809  7.890039E-18
6324.16668438911  7.680351E-18
6325.69446218014  7.336877E-18
6327.22223997116  6.848681E-18
6328.75001776218  6.599181E-18
6330.27779555321  7.711743E-18
6331.80557334423  8.549251E-18
6333.33335113525  8.241675E-18
6334.86112892628  8.643775E-18
6336.3889067173  8.529705E-18
6337.91668450832  8.358648E-18
6339.44446229935  8.967584E-18
6340.97224009037  9.324171E-18
6342.50001788139  9.618842E-18
6344.02779567242  9.761372E-18
6345.55557346344  8.884947E-18
6347.08335125446  7.733761E-18
6348.61112904549  7.342403E-18
6350.13890683651  7.569772E-18
6351.66668462753  7.649956E-18
6353.19446241855  7.545029E-18
6354.72224020958  7.937954E-18
6356.2500180006  8.437673E-18
6357.77779579162  8.145956E-18
6359.30557358265  7.277831E-18
6360.83335137367  6.731036E-18
6362.3611291647  7.265149E-18
6363.88890695572  8.312205E-18
6365.41668474674  8.298357E-18
6366.94446253776  7.831491E-18
6368.47224032879  7.566652E-18
6370.00001811981  8.031167E-18
6371.52779591083  7.983961E-18
6373.05557370186  7.618797E-18
6374.58335149288  7.714195E-18
6376.1111292839  7.857371E-18
6377.63890707493  7.995843E-18
6379.16668486595  7.882250E-18
6380.69446265697  7.023076E-18
6382.222240448  6.580799E-18
6383.75001823902  5.799687E-18
6385.27779603004  4.755082E-18
6386.80557382107  3.852520E-18
6388.33335161209  3.801746E-18
6389.86112940311  4.000378E-18
6391.38890719414  3.941090E-18
6392.91668498516  3.861499E-18
6394.44446277618  3.680583E-18
6395.97224056721  3.769897E-18
6397.50001835823  4.323176E-18
6399.02779614925  4.462520E-18
6400.55557394028  4.870638E-18
6402.0833517313  5.756926E-18
6403.61112952232  6.606019E-18
6405.13890731335  6.524118E-18
6406.66668510437  5.941249E-18
6408.19446289539  5.679986E-18
6409.72224068642  5.862651E-18
6411.25001847744  5.813571E-18
6412.77779626846  5.358893E-18
6414.30557405949  5.134890E-18
6415.83335185051  5.524591E-18
6417.36112964153  5.796301E-18
6418.88890743256  5.497146E-18
6420.41668522358  4.658843E-18
6421.9444630146  4.449969E-18
6423.47224080562  4.303183E-18
6425.00001859665  4.065498E-18
6426.52779638767  4.265660E-18
6428.0555741787  4.771753E-18
6429.58335196972  4.902248E-18
6431.11112976074  5.093147E-18
6432.63890755176  5.663307E-18
6434.16668534279  6.303427E-18
6435.69446313381  6.723022E-18
6437.22224092483  7.658850E-18
6438.75001871586  8.265608E-18
6440.27779650688  8.139690E-18
6441.8055742979  8.275289E-18
6443.33335208893  8.274237E-18
6444.86112987995  8.028622E-18
6446.38890767097  8.289901E-18
6447.916685462  8.214256E-18
6449.44446325302  7.497724E-18
6450.97224104404  6.802208E-18
6452.50001883507  6.270389E-18
6454.02779662609  5.399900E-18
6455.55557441711  4.860306E-18
6457.08335220814  5.492516E-18
6458.61112999916  5.920877E-18
6460.13890779018  6.027904E-18
6461.66668558121  6.444242E-18
6463.19446337223  7.254965E-18
6464.72224116325  7.753702E-18
6466.25001895428  8.281801E-18
6467.7777967453  8.775026E-18
6469.30557453632  9.232450E-18
6470.83335232735  9.653383E-18
6472.36113011837  9.479725E-18
6473.88890790939  8.881552E-18
6475.41668570042  8.553068E-18
6476.94446349144  9.515765E-18
6478.47224128246  1.038637E-17
6480.00001907348  1.056527E-17
6481.52779686451  1.099703E-17
6483.05557465553  1.109176E-17
6484.58335244655  1.026370E-17
6486.11113023758  9.693139E-18
6487.6389080286  9.919552E-18
6489.16668581962  1.076752E-17
6490.69446361065  1.167248E-17
6492.22224140167  1.244288E-17
6493.7500191927  1.175844E-17
6495.27779698372  1.108631E-17
6496.80557477474  1.104001E-17
6498.33335256576  1.120242E-17
6499.86113035679  1.136214E-17
6501.38890814781  1.173495E-17
6502.91668593883  1.140474E-17
6504.44446372986  1.097420E-17
6505.97224152088  1.006597E-17
6507.5000193119  8.809482E-18
6509.02779710293  9.186319E-18
6510.55557489395  9.971223E-18
6512.08335268497  9.554279E-18
6513.611130476  8.570264E-18
6515.13890826702  7.552356E-18
6516.66668605804  7.350370E-18
6518.19446384907  8.134196E-18
6519.72224164009  9.104195E-18
6521.25001943111  9.383681E-18
6522.77779722214  1.002512E-17
6524.30557501316  1.126711E-17
6525.83335280418  1.109520E-17
6527.36113059521  1.096373E-17
6528.88890838623  1.154216E-17
6530.41668617725  1.300649E-17
6531.94446396828  1.342838E-17
6533.4722417593  1.251104E-17
6535.00001955032  1.181419E-17
6536.52779734135  1.187521E-17
6538.05557513237  1.179443E-17
6539.58335292339  1.137190E-17
6541.11113071441  1.096560E-17
6542.63890850544  1.006803E-17
6544.16668629646  9.060343E-18
6545.69446408749  9.063560E-18
6547.22224187851  8.194906E-18
6548.75001966953  7.767427E-18
6550.27779746056  8.247288E-18
6551.80557525158  8.065711E-18
6553.3333530426  7.646911E-18
6554.86113083362  7.202703E-18
6556.38890862465  7.538468E-18
6557.91668641567  7.994823E-18
6559.44446420669  8.381969E-18
6560.97224199772  8.375004E-18
6562.50001978874  7.711597E-18
6564.02779757976  7.532547E-18
6565.55557537079  7.726198E-18
6567.08335316181  7.881355E-18
6568.61113095283  8.526771E-18
6570.13890874386  9.960679E-18
6571.66668653488  1.160409E-17
6573.1944643259  1.181514E-17
6574.72224211693  1.176897E-17
6576.25001990795  1.227989E-17
6577.77779769897  1.276429E-17
6579.30557549  1.227013E-17
6580.83335328102  1.165459E-17
6582.36113107204  1.234600E-17
6583.88890886307  1.208581E-17
6585.41668665409  1.104208E-17
6586.94446444511  9.872487E-18
6588.47224223614  8.710617E-18
6590.00002002716  7.980308E-18
6591.52779781818  7.515057E-18
6593.0555756092  6.333816E-18
6594.58335340023  5.725338E-18
6596.11113119125  6.924949E-18
6597.63890898227  8.211326E-18
6599.1666867733  7.428791E-18
6600.69446456432  7.109241E-18
6602.22224235535  7.803784E-18
6603.75002014637  7.237495E-18
6605.27779793739  7.277219E-18
6606.80557572842  8.318936E-18
6608.33335351944  9.005745E-18
6609.86113131046  1.094160E-17
6611.38890910148  1.162336E-17
6612.91668689251  1.039956E-17
6614.44446468353  9.443349E-18
6615.97224247455  9.740117E-18
6617.50002026558  1.008324E-17
6619.0277980566  1.002045E-17
6620.55557584762  1.085106E-17
6622.08335363865  1.100142E-17
6623.61113142967  1.108468E-17
6625.13890922069  1.089920E-17
6626.66668701172  9.479563E-18
6628.19446480274  9.144152E-18
6629.72224259376  9.544866E-18
6631.25002038479  9.865011E-18
6632.77779817581  1.032298E-17
6634.30557596683  1.102424E-17
6635.83335375786  1.121238E-17
6637.36113154888  1.047740E-17
6638.8889093399  9.911733E-18
6640.41668713093  9.541884E-18
6641.94446492195  9.887679E-18
6643.47224271297  1.078371E-17
6645.000020504  1.198992E-17
6646.52779829502  1.377803E-17
6648.05557608604  1.426302E-17
6649.58335387707  1.345333E-17
6651.11113166809  1.250117E-17
6652.63890945911  1.199602E-17
6654.16668725014  1.242931E-17
6655.69446504116  1.264111E-17
6657.22224283218  1.199315E-17
6658.75002062321  1.087978E-17
6660.27779841423  1.043131E-17
6661.80557620525  9.727665E-18
6663.33335399628  7.874269E-18
6664.8611317873  7.128169E-18
6666.38890957832  7.623131E-18
6667.91668736934  8.050724E-18
6669.44446516037  8.340590E-18
6670.97224295139  8.610061E-18
6672.50002074242  8.802297E-18
6674.02779853344  9.433202E-18
6675.55557632446  1.047080E-17
6677.08335411548  1.048755E-17
6678.61113190651  1.042110E-17
6680.13890969753  1.118921E-17
6681.66668748856  1.124448E-17
6683.19446527958  1.015543E-17
6684.7222430706  9.222087E-18
6686.25002086162  9.333392E-18
6687.77779865265  8.665351E-18
6689.30557644367  8.444962E-18
6690.83335423469  9.243467E-18
6692.36113202572  9.038132E-18
6693.88890981674  8.452362E-18
6695.41668760776  7.765517E-18
6696.94446539879  7.359323E-18
6698.47224318981  7.250585E-18
6700.00002098083  7.788437E-18
6701.52779877186  8.424024E-18
6703.05557656288  8.124646E-18
6704.5833543539  8.086185E-18
6706.11113214493  7.727161E-18
6707.63890993595  6.097770E-18
6709.16668772697  4.837102E-18
6710.694465518  3.814608E-18
6712.22224330902  3.439183E-18
6713.75002110004  3.038207E-18
6715.27779889107  2.378616E-18
6716.80557668209  2.647754E-18
6718.33335447311  3.337905E-18
6719.86113226414  3.570238E-18
6721.38891005516  4.003230E-18
6722.91668784618  4.750218E-18
6724.44446563721  5.792567E-18
6725.97224342823  7.375410E-18
6727.50002121925  9.141498E-18
6729.02779901028  1.017155E-17
6730.5555768013  1.119308E-17
6732.08335459232  1.188123E-17
6733.61113238335  1.142418E-17
6735.13891017437  1.088438E-17
6736.66668796539  1.092126E-17
6738.19446575642  1.079520E-17
6739.72224354744  1.056371E-17
6741.25002133846  1.056184E-17
6742.77779912948  1.055330E-17
6744.30557692051  1.065471E-17
6745.83335471153  1.045875E-17
6747.36113250255  9.781393E-18
6748.88891029358  9.612574E-18
6750.4166880846  9.310745E-18
6751.94446587562  8.564911E-18
6753.47224366665  8.429007E-18
6755.00002145767  9.317477E-18
6756.52779924869  1.020346E-17
6758.05557703972  9.784640E-18
6759.58335483074  8.523092E-18
6761.11113262177  7.595245E-18
6762.63891041279  7.606217E-18
6764.16668820381  7.558038E-18
6765.69446599483  7.364416E-18
6767.22224378586  7.897358E-18
6768.75002157688  9.212085E-18
6770.2777993679  9.750702E-18
6771.80557715893  9.139148E-18
6773.33335494995  8.385446E-18
6774.86113274097  8.091500E-18
6776.388910532  7.900857E-18
6777.91668832302  7.952387E-18
6779.44446611404  8.028763E-18
6780.97224390507  8.466562E-18
6782.50002169609  8.692744E-18
6784.02779948711  8.474970E-18
6785.55557727813  8.139308E-18
6787.08335506916  7.373785E-18
6788.61113286018  6.785049E-18
6790.13891065121  5.865354E-18
6791.66668844223  5.321892E-18
6793.19446623325  5.846143E-18
6794.72224402428  6.043813E-18
6796.2500218153  6.008279E-18
6797.77779960632  6.016667E-18
6799.30557739735  5.927166E-18
6800.83335518837  6.212088E-18
6802.36113297939  6.052644E-18
6803.88891077041  5.757843E-18
6805.41668856144  5.734938E-18
6806.94446635246  6.396346E-18
6808.47224414348  7.191766E-18
6810.00002193451  7.311620E-18
6811.52779972553  7.165404E-18
6813.05557751656  7.300377E-18
6814.58335530758  7.094694E-18
6816.1111330986  7.232937E-18
6817.63891088963  7.250073E-18
6819.16668868065  6.882645E-18
6820.69446647167  7.265284E-18
6822.22224426269  7.320870E-18
6823.75002205372  7.159549E-18
6825.27779984474  6.789455E-18
6826.80557763576  6.843973E-18
6828.33335542679  6.652103E-18
6829.86113321781  5.876677E-18
6831.38891100883  5.957935E-18
6832.91668879986  5.994833E-18
6834.44446659088  5.677516E-18
6835.9722443819  5.705121E-18
6837.50002217293  5.811360E-18
6839.02779996395  6.262489E-18
6840.55557775497  6.832966E-18
6842.083355546  7.389035E-18
6843.61113333702  7.525520E-18
6845.13891112804  7.577975E-18
6846.66668891907  7.894751E-18
6848.19446671009  7.064508E-18
6849.72224450111  6.782204E-18
6851.25002229214  6.963368E-18
6852.77780008316  6.811381E-18
6854.30557787418  6.300022E-18
6855.83335566521  5.730929E-18
6857.36113345623  5.082863E-18
6858.88891124725  4.531514E-18
6860.41668903827  3.803020E-18
6861.9444668293  4.093556E-18
6863.47224462032  4.450560E-18
6865.00002241134  5.169780E-18
6866.52780020237  5.680737E-18
6868.05557799339  5.586855E-18
6869.58335578442  5.340941E-18
6871.11113357544  5.753911E-18
6872.63891136646  6.024059E-18
6874.16668915749  6.294650E-18
6875.69446694851  6.608749E-18
6877.22224473953  6.960613E-18
6878.75002253055  7.203663E-18
6880.27780032158  7.683250E-18
6881.8055781126  7.653496E-18
6883.33335590362  6.963677E-18
6884.86113369465  6.789116E-18
6886.38891148567  7.023935E-18
6887.91668927669  6.808693E-18
6889.44446706772  7.658835E-18
6890.97224485874  7.762394E-18
6892.50002264976  7.513772E-18
6894.02780044079  7.846251E-18
6895.55557823181  7.804347E-18
6897.08335602283  6.987028E-18
6898.61113381386  6.529206E-18
6900.13891160488  6.775696E-18
6901.6666893959  6.656855E-18
6903.19446718692  6.732530E-18
6904.72224497795  6.655612E-18
6906.25002276897  5.670044E-18
6907.77780056  5.909669E-18
6909.30557835102  6.401938E-18
6910.83335614204  6.446169E-18
6912.36113393307  6.386077E-18
6913.88891172409  6.659703E-18
6915.41668951511  6.461829E-18
6916.94446730614  6.089252E-18
6918.47224509716  6.272721E-18
6920.00002288818  6.593671E-18
6921.5278006792  6.552292E-18
6923.05557847023  6.779322E-18
6924.58335626125  6.660406E-18
6926.11113405227  6.314617E-18
6927.6389118433  6.070961E-18
6929.16668963432  5.588837E-18
6930.69446742534  5.085502E-18
6932.22224521637  5.316417E-18
6933.75002300739  5.407544E-18
6935.27780079841  5.381976E-18
6936.80557858944  5.303385E-18
6938.33335638046  5.562530E-18
6939.86113417148  5.104759E-18
6941.38891196251  4.519454E-18
6942.91668975353  4.441127E-18
6944.44446754455  4.072127E-18
6945.97224533558  3.955736E-18
6947.5000231266  3.673673E-18
6949.02780091762  3.340360E-18
6950.55557870865  3.536050E-18
6952.08335649967  4.182167E-18
6953.61113429069  4.829625E-18
6955.13891208172  4.688820E-18
6956.66668987274  5.420202E-18
6958.19446766376  5.538147E-18
6959.72224545479  4.903994E-18
6961.25002324581  4.588804E-18
6962.77780103683  4.936142E-18
6964.30557882785  5.054426E-18
6965.83335661888  4.914151E-18
6967.3611344099  5.275969E-18
6968.88891220093  5.205472E-18
6970.41668999195  4.570746E-18
6971.94446778297  4.724629E-18
6973.472245574  4.403872E-18
6975.00002336502  4.783100E-18
6976.52780115604  5.673621E-18
6978.05557894707  6.065889E-18
6979.58335673809  5.874090E-18
6981.11113452911  6.251093E-18
6982.63891232013  6.720170E-18
6984.16669011116  6.178027E-18
6985.69446790218  5.475599E-18
6987.2222456932  5.280701E-18
6988.75002348423  5.460520E-18
6990.27780127525  5.925185E-18
6991.80557906628  5.616213E-18
6993.3333568573  4.558767E-18
6994.86113464832  4.135638E-18
6996.38891243934  4.061564E-18
6997.91669023037  4.069366E-18
6999.44446802139  4.036683E-18
7000.97224581241  4.728878E-18
7002.50002360344  6.151542E-18
7004.02780139446  6.238258E-18
7005.55557918548  5.039808E-18
7007.08335697651  3.411990E-18
7008.61113476753  3.328249E-18
7010.13891255855  3.841392E-18
7011.66669034958  4.420133E-18
7013.1944681406  5.825099E-18
7014.72224593162  5.907486E-18
7016.25002372265  6.083561E-18
7017.77780151367  5.511451E-18
7019.30557930469  3.419595E-18
7020.83335709572  3.078617E-18
7022.36113488674  3.506470E-18
7023.88891267776  3.573969E-18
7025.41669046879  3.374232E-18
7026.94446825981  3.761523E-18
7028.47224605083  4.148975E-18
7030.00002384186  3.475245E-18
7031.52780163288  3.535317E-18
7033.0555794239  3.245828E-18
7034.58335721493  2.612781E-18
7036.11113500595  2.210842E-18
7037.63891279697  1.434553E-18
7039.16669058799  2.068391E-18
7040.69446837902  3.160016E-18
7042.22224617004  3.019067E-18
7043.75002396106  2.978614E-18
7045.27780175209  3.033407E-18
7046.80557954311  2.846909E-18
7048.33335733414  2.049383E-18
7049.86113512516  4.081830E-19
7051.38891291618  -2.689710E-19
7052.9166907072  3.303209E-19
7054.44446849823  4.426462E-19
7055.97224628925  -1.968800E-19
7057.50002408028  -8.827811E-20
7059.0278018713  5.304474E-19
7060.55557966232  1.026184E-18
7062.08335745334  6.069288E-19
7063.61113524437  -3.644646E-20
7065.13891303539  3.221332E-19
7066.66669082641  2.319692E-18
7068.19446861744  3.924932E-18
7069.72224640846  4.702748E-18
7071.25002419948  5.646550E-18
7072.77780199051  6.446642E-18
7074.30557978153  6.229164E-18
7075.83335757255  5.238309E-18
7077.36113536358  3.061241E-18
7078.8889131546  1.224880E-18
7080.41669094562  8.666152E-21
7081.94446873665  -4.890100E-20
7083.47224652767  -5.941610E-19
7085.00002431869  -7.823066E-19
7086.52780210972  -4.875739E-19
7088.05557990074  -1.076434E-19
7089.58335769176  5.076860E-20
7091.11113548279  1.070856E-18
7092.63891327381  2.087610E-18
7094.16669106483  3.069594E-18
7095.69446885586  4.547666E-18
7097.22224664688  5.930223E-18
7098.7500244379  5.446617E-18
7100.27780222893  5.637575E-18
7101.80558001995  5.687760E-18
7103.33335781097  4.986901E-18
7104.861135602  3.410626E-18
7106.38891339302  2.372884E-18
7107.91669118404  2.313891E-18
7109.44446897507  3.059327E-18
7110.97224676609  4.411065E-18
7112.50002455711  5.543006E-18
7114.02780234814  5.861566E-18
7115.55558013916  6.607108E-18
7117.08335793018  6.904431E-18
7118.6111357212  6.757533E-18
7120.13891351223  7.148277E-18
7121.66669130325  8.391630E-18
7123.19446909427  9.279926E-18
7124.7222468853  8.745312E-18
7126.25002467632  7.978427E-18
7127.77780246734  6.868424E-18
7129.30558025837  5.661061E-18
7130.83335804939  5.173985E-18
7132.36113584041  4.902412E-18
7133.88891363144  5.185414E-18
7135.41669142246  5.595620E-18
7136.94446921349  5.631164E-18
7138.47224700451  5.808735E-18
7140.00002479553  6.373141E-18
7141.52780258655  6.372498E-18
7143.05558037758  6.708853E-18
7144.5833581686  7.475458E-18
7146.11113595962  7.834637E-18
7147.63891375065  7.616743E-18
7149.16669154167  7.507640E-18
7150.69446933269  6.864869E-18
7152.22224712372  6.431340E-18
7153.75002491474  6.258222E-18
7155.27780270576  6.062305E-18
7156.80558049679  5.119384E-18
7158.33335828781  4.865074E-18
7159.86113607883  4.780835E-18
7161.38891386986  4.838946E-18
7162.91669166088  4.801850E-18
7164.4444694519  5.138144E-18
7165.97224724293  5.265033E-18
7167.50002503395  4.790930E-18
7169.02780282497  4.379900E-18
7170.55558061599  4.375676E-18
7172.08335840702  4.518945E-18
7173.61113619804  4.430652E-18
7175.13891398906  3.925277E-18
7176.66669178009  3.733900E-18
7178.19446957111  3.125625E-18
7179.72224736214  2.823335E-18
7181.25002515316  2.956156E-18
7182.77780294418  3.106789E-18
7184.3055807352  3.733911E-18
7185.83335852623  4.335807E-18
7187.36113631725  4.679836E-18
7188.88891410827  4.914678E-18
7190.4166918993  5.449736E-18
7191.94446969032  6.208457E-18
7193.47224748134  6.350134E-18
7195.00002527237  6.767510E-18
7196.52780306339  7.281318E-18
7198.05558085441  7.362653E-18
7199.58335864544  7.235988E-18
7201.11113643646  7.250916E-18
7202.63891422748  7.547409E-18
7204.16669201851  7.648545E-18
7205.69446980953  7.556302E-18
7207.22224760055  7.574728E-18
7208.75002539158  7.737667E-18
7210.2778031826  7.321744E-18
7211.80558097362  6.590723E-18
7213.33335876465  6.370264E-18
7214.86113655567  6.604909E-18
7216.38891434669  7.174687E-18
7217.91669213772  7.134975E-18
7219.44446992874  6.092583E-18
7220.97224771976  5.025297E-18
7222.50002551079  4.980634E-18
7224.02780330181  4.870710E-18
7225.55558109283  4.017187E-18
7227.08335888385  4.102290E-18
7228.61113667488  5.113043E-18
7230.1389144659  5.462187E-18
7231.66669225692  5.647824E-18
7233.19447004795  4.934201E-18
7234.72224783897  4.493692E-18
7236.25002562999  5.187729E-18
7237.77780342102  5.602777E-18
7239.30558121204  5.083315E-18
7240.83335900306  5.186616E-18
7242.36113679409  5.484556E-18
7243.88891458511  5.271250E-18
7245.41669237614  4.204141E-18
7246.94447016716  3.423405E-18
7248.47224795818  2.595857E-18
7250.0000257492  2.045912E-18
7251.52780354023  1.567746E-18
7253.05558133125  1.314503E-18
7254.58335912227  1.629744E-18
7256.1111369133  2.040162E-18
7257.63891470432  2.279244E-18
7259.16669249534  2.417230E-18
7260.69447028637  2.162397E-18
7262.22224807739  2.565471E-18
7263.75002586841  2.605032E-18
7265.27780365944  1.976886E-18
7266.80558145046  2.843332E-18
7268.33335924148  4.088109E-18
7269.86113703251  3.989885E-18
7271.38891482353  3.210299E-18
7272.91669261455  2.665992E-18
7274.44447040558  2.213278E-18
7275.9722481966  2.817599E-18
7277.50002598762  4.093261E-18
7279.02780377864  4.747368E-18
7280.55558156967  5.653152E-18
7282.08335936069  6.597914E-18
7283.61113715171  6.629999E-18
7285.13891494274  6.342714E-18
7286.66669273376  6.687712E-18
7288.19447052478  7.582288E-18
7289.72224831581  8.211797E-18
7291.25002610683  8.101137E-18
7292.77780389785  7.074293E-18
7294.30558168888  6.130128E-18
7295.8333594799  5.452635E-18
7297.36113727092  4.574963E-18
7298.88891506195  4.553106E-18
7300.41669285297  4.905765E-18
7301.94447064399  5.343748E-18
7303.47224843502  5.430532E-18
7305.00002622604  5.426623E-18
7306.52780401706  5.843833E-18
7308.05558180809  6.317614E-18
7309.58335959911  6.823826E-18
7311.11113739013  6.638798E-18
7312.63891518116  6.859301E-18
7314.16669297218  8.106487E-18
7315.6944707632  8.467030E-18
7317.22224855423  8.114128E-18
7318.75002634525  7.729371E-18
7320.27780413627  7.831935E-18
7321.8055819273  8.285460E-18
7323.33335971832  8.182228E-18
7324.86113750934  7.841656E-18
7326.38891530037  7.241452E-18
7327.91669309139  7.503363E-18
7329.44447088241  7.481069E-18
7330.97224867344  6.824073E-18
7332.50002646446  6.160719E-18
7334.02780425548  5.943892E-18
7335.55558204651  6.135672E-18
7337.08335983753  5.425296E-18
7338.61113762855  4.343570E-18
7340.13891541958  3.807567E-18
7341.6666932106  3.959685E-18
7343.19447100162  4.840725E-18
7344.72224879264  4.663790E-18
7346.25002658367  4.591350E-18
7347.77780437469  5.244060E-18
7349.30558216571  5.622515E-18
7350.83335995674  6.150959E-18
7352.36113774776  6.708657E-18
7353.88891553879  7.073438E-18
7355.41669332981  6.226487E-18
7356.94447112083  4.649124E-18
7358.47224891186  2.992936E-18
7360.00002670288  1.349923E-18
7361.5278044939  3.643133E-19
7363.05558228492  -1.474093E-18
7364.58336007595  -3.830096E-18
7366.11113786697  -4.066582E-18
7367.63891565799  -4.480448E-18
7369.16669344902  -5.736483E-18
7370.69447124004  -4.599989E-18
7372.22224903106  -2.303188E-18
7373.75002682209  3.276332E-19
7375.27780461311  2.175374E-18
7376.80558240413  2.887867E-18
7378.33336019516  4.614289E-18
7379.86113798618  6.663411E-18
7381.3889157772  8.954733E-18
7382.91669356823  1.019890E-17
7384.44447135925  1.001037E-17
7385.97224915027  1.011586E-17
7387.5000269413  9.912399E-18
7389.02780473232  9.732293E-18
7390.55558252334  8.569068E-18
7392.08336031437  8.513097E-18
7393.61113810539  9.686204E-18
7395.13891589641  9.611591E-18
7396.66669368744  9.745584E-18
7398.19447147846  8.348423E-18
7399.72224926948  6.998715E-18
7401.2500270605  7.188752E-18
7402.77780485153  7.362817E-18
7404.30558264255  6.623055E-18
7405.83336043357  5.566744E-18
7407.3611382246  5.103893E-18
7408.88891601562  4.760185E-18
7410.41669380664  3.481753E-18
7411.94447159767  1.009632E-18
7413.47224938869  6.884352E-19
7415.00002717972  3.580747E-18
7416.52780497074  5.129521E-18
7418.05558276176  6.578292E-18
7419.58336055278  8.428952E-18
7421.11113834381  1.023942E-17
7422.63891613483  1.124540E-17
7424.16669392585  1.147241E-17
7425.69447171688  1.066474E-17
7427.2222495079  1.079747E-17
7428.75002729892  1.289121E-17
7430.27780508995  1.280840E-17
7431.80558288097  1.039326E-17
7433.33336067199  7.887833E-18
7434.86113846302  5.603090E-18
7436.38891625404  3.317841E-18
7437.91669404506  1.674325E-18
7439.44447183609  1.527439E-18
7440.97224962711  1.903378E-18
7442.50002741813  3.325764E-18
7444.02780520916  4.216482E-18
7445.55558300018  4.442548E-18
7447.0833607912  4.504966E-18
7448.61113858223  3.741608E-18
7450.13891637325  4.315992E-18
7451.66669416427  5.072085E-18
7453.1944719553  4.808553E-18
7454.72224974632  3.825370E-18
7456.25002753734  3.141876E-18
7457.77780532837  2.568169E-18
7459.30558311939  3.028393E-18
7460.83336091041  6.406427E-18
7462.36113870144  9.329552E-18
7463.88891649246  1.518454E-17
7465.41669428348  2.092127E-17
7466.94447207451  2.287704E-17
7468.47224986553  2.283281E-17
7470.00002765655  2.284889E-17
7471.52780544757  2.290531E-17
7473.0555832386  2.224382E-17
7474.58336102962  2.182769E-17
7476.11113882065  2.016366E-17
7477.63891661167  1.592687E-17
7479.16669440269  1.177452E-17
7480.69447219371  4.909746E-18
7482.22224998474  5.029142E-19
7483.75002777576  -3.746942E-19
7485.27780556678  -5.671686E-19
7486.80558335781  6.882397E-20
7488.33336114883  1.727185E-18
7489.86113893985  3.038835E-18
7491.38891673088  4.740221E-18
7492.9166945219  7.257623E-18
7494.44447231292  8.674843E-18
7495.97225010395  9.870787E-18
7497.50002789497  1.055666E-17
7499.02780568599  9.258327E-18
7500.55558347702  7.816284E-18
7502.08336126804  7.445544E-18
7503.61113905906  7.913368E-18
7505.13891685009  7.541698E-18
7506.66669464111  6.681089E-18
7508.19447243213  5.541923E-18
7509.72225022316  4.687672E-18
7511.25002801418  4.739128E-18
7512.7778058052  4.935889E-18
7514.30558359623  6.258076E-18
7515.83336138725  7.978854E-18
7517.36113917827  9.396294E-18
7518.8889169693  1.055930E-17
7520.41669476032  1.185590E-17
7521.94447255134  1.244652E-17
7523.47225034237  1.307067E-17
7525.00002813339  1.501078E-17
7526.52780592441  1.466599E-17
7528.05558371544  1.318342E-17
7529.58336150646  1.281267E-17
7531.11113929748  1.240559E-17
7532.63891708851  1.198927E-17
7534.16669487953  1.212106E-17
7535.69447267055  1.189762E-17
7537.22225046158  1.007408E-17
7538.7500282526  8.891860E-18
7540.27780604362  8.959751E-18
7541.80558383465  7.634798E-18
7543.33336162567  6.753552E-18
7544.86113941669  7.460244E-18
7546.38891720771  7.615378E-18
7547.91669499874  7.001821E-18
7549.44447278976  7.665870E-18
7550.97225058078  7.969769E-18
7552.50002837181  7.737226E-18
7554.02780616283  8.564536E-18
7555.55558395385  8.900515E-18
7557.08336174488  7.968931E-18
7558.6111395359  7.142383E-18
7560.13891732692  6.215970E-18
7561.66669511795  4.778734E-18
7563.19447290897  3.544043E-18
7564.72225069999  3.661084E-18
7566.25002849102  3.477032E-18
7567.77780628204  3.584836E-18
7569.30558407306  4.341950E-18
7570.83336186409  4.331222E-18
7572.36113965511  4.243277E-18
7573.88891744613  4.619690E-18
7575.41669523716  5.156328E-18
7576.94447302818  6.424519E-18
7578.4722508192  7.862138E-18
7580.00002861023  8.798498E-18
7581.52780640125  9.730502E-18
7583.05558419227  9.194045E-18
7584.5833619833  7.690297E-18
7586.11113977432  6.317993E-18
7587.63891756534  5.463393E-18
7589.16669535637  4.892325E-18
7590.69447314739  4.934795E-18
7592.22225093841  4.668235E-18
7593.75002872943  3.828152E-18
7595.27780652046  3.413636E-18
7596.80558431148  3.809127E-18
7598.33336210251  3.418895E-18
7599.86113989353  3.219225E-18
7601.38891768455  3.515584E-18
7602.91669547558  4.758935E-18
7604.4444732666  5.455032E-18
7605.97225105762  5.592779E-18
7607.50002884865  5.469586E-18
7609.02780663967  5.882150E-18
7610.55558443069  6.670479E-18
7612.08336222171  6.938167E-18
7613.61114001274  7.148754E-18
7615.13891780376  7.769540E-18
7616.66669559478  9.094128E-18
7618.19447338581  1.038164E-17
7619.72225117683  9.721733E-18
7621.25002896785  8.947623E-18
7622.77780675888  9.703998E-18
7624.3055845499  1.047167E-17
7625.83336234093  1.078692E-17
7627.36114013195  1.129458E-17
7628.88891792297  1.173354E-17
7630.41669571399  1.149416E-17
7631.94447350502  9.871479E-18
7633.47225129604  8.123857E-18
7635.00002908706  7.704785E-18
7636.52780687809  8.481587E-18
7638.05558466911  1.000724E-17
7639.58336246013  1.035980E-17
7641.11114025116  1.002656E-17
7642.63891804218  9.473479E-18
7644.1666958332  7.934211E-18
7645.69447362423  6.805853E-18
7647.22225141525  6.632696E-18
7648.75002920627  7.057144E-18
7650.2778069973  7.256807E-18
7651.80558478832  7.177610E-18
7653.33336257934  6.353710E-18
7654.86114037036  4.682072E-18
7656.38891816139  3.599049E-18
7657.91669595241  3.558223E-18
7659.44447374344  4.144437E-18
7660.97225153446  5.223206E-18
7662.50002932548  6.630065E-18
7664.02780711651  7.226299E-18
7665.55558490753  6.743788E-18
7667.08336269855  6.691751E-18
7668.61114048957  5.734058E-18
7670.1389182806  5.320142E-18
7671.66669607162  5.918915E-18
7673.19447386264  6.364105E-18
7674.72225165367  6.567707E-18
7676.25002944469  6.588577E-18
7677.77780723571  6.445238E-18
7679.30558502674  4.999377E-18
7680.83336281776  3.945823E-18
7682.36114060879  4.764810E-18
7683.88891839981  5.581885E-18
7685.41669619083  6.281083E-18
7686.94447398185  7.469939E-18
7688.47225177288  7.911959E-18
7690.0000295639  7.174032E-18
7691.52780735492  6.103695E-18
7693.05558514595  4.986456E-18
7694.58336293697  4.794666E-18
7696.11114072799  5.649960E-18
7697.63891851902  6.561935E-18
7699.16669631004  7.062754E-18
7700.69447410106  6.635350E-18
7702.22225189209  6.789041E-18
7703.75002968311  6.882159E-18
7705.27780747413  6.455368E-18
7706.80558526516  6.532719E-18
7708.33336305618  6.951851E-18
7709.8611408472  7.264734E-18
7711.38891863823  6.881008E-18
7712.91669642925  6.461089E-18
7714.44447422027  5.670939E-18
7715.9722520113  4.902221E-18
7717.50002980232  4.762205E-18
7719.02780759334  5.064594E-18
7720.55558538437  5.451056E-18
7722.08336317539  6.346251E-18
7723.61114096641  7.253007E-18
7725.13891875744  7.736661E-18
7726.66669654846  8.780482E-18
7728.19447433948  9.670960E-18
7729.72225213051  9.998703E-18
7731.25002992153  1.001621E-17
7732.77780771255  9.677216E-18
7734.30558550358  1.033093E-17
7735.8333632946  1.090535E-17
7737.36114108562  1.011427E-17
7738.88891887664  9.799712E-18
7740.41669666767  1.069197E-17
7741.94447445869  1.195753E-17
7743.47225224972  1.239586E-17
7745.00003004074  1.293088E-17
7746.52780783176  1.319729E-17
7748.05558562278  1.378015E-17
7749.58336341381  1.340106E-17
7751.11114120483  1.278750E-17
7752.63891899585  1.217204E-17
7754.16669678688  1.152108E-17
7755.6944745779  1.126162E-17
7757.22225236892  1.119461E-17
7758.75003015995  1.081360E-17
7760.27780795097  1.020864E-17
7761.80558574199  8.731523E-18
7763.33336353302  8.231328E-18
7764.86114132404  7.828802E-18
7766.38891911506  9.135317E-18
7767.91669690609  9.667663E-18
7769.44447469711  1.005724E-17
7770.97225248813  1.126628E-17
7772.50003027916  1.140370E-17
7774.02780807018  1.010800E-17
7775.5555858612  8.990696E-18
7777.08336365223  8.231206E-18
7778.61114144325  8.580816E-18
7780.13891923427  8.650280E-18
7781.6666970253  9.493804E-18
7783.19447481632  9.318491E-18
7784.72225260734  9.584277E-18
7786.25003039837  8.508419E-18
7787.77780818939  7.737744E-18
7789.30558598041  8.118803E-18
7790.83336377144  8.995832E-18
7792.36114156246  1.008187E-17
7793.88891935348  1.177725E-17
7795.41669714451  1.224268E-17
7796.94447493553  1.223313E-17
7798.47225272655  1.096780E-17
7800.00003051758  1.012960E-17
7801.5278083086  8.348990E-18
7803.05558609962  8.685007E-18
7804.58336389065  8.890651E-18
7806.11114168167  7.745953E-18
7807.63891947269  6.781323E-18
7809.16669726371  5.384420E-18
7810.69447505474  3.747963E-18
7812.22225284576  2.904540E-18
7813.75003063678  1.291852E-18
7815.27780842781  -1.113515E-18
7816.80558621883  -1.780284E-18
7818.33336400985  -6.413699E-19
7819.86114180088  -1.061328E-19
7821.3889195919  -8.258451E-19
7822.91669738292  -1.398075E-18
7824.44447517395  1.597892E-18
7825.97225296497  3.672870E-18
7827.50003075599  4.132991E-18
7829.02780854702  8.724853E-18
7830.55558633804  1.352185E-17
7832.08336412906  2.005461E-17
7833.61114192009  2.620187E-17
7835.13891971111  2.815382E-17
7836.66669750213  2.752753E-17
7838.19447529316  2.838655E-17
7839.72225308418  2.974808E-17
7841.2500308752  2.650050E-17
7842.77780866623  2.421563E-17
7844.30558645725  2.367423E-17
7845.83336424827  1.927344E-17
7847.3611420393  1.651420E-17
7848.88891983032  1.370614E-17
7850.41669762134  8.639337E-18
7851.94447541237  6.895660E-18
7853.47225320339  8.640421E-18
7855.00003099441  1.007907E-17
7856.52780878544  1.010019E-17
7858.05558657646  1.025151E-17
7859.58336436748  1.065243E-17
7861.1111421585  1.092683E-17
7862.63891994953  1.134872E-17
7864.16669774055  1.158416E-17
7865.69447553158  1.138549E-17
7867.2222533226  1.106676E-17
7868.75003111362  9.295373E-18
7870.27780890464  5.431285E-18
7871.80558669567  1.798081E-18
7873.33336448669  -7.676390E-19
7874.86114227771  -7.138719E-18
7876.38892006874  -1.311113E-17
7877.91669785976  -1.610764E-17
7879.44447565078  -1.804823E-17
7880.97225344181  -1.823646E-17
7882.50003123283  -1.883739E-17
7884.02780902385  -1.937578E-17
7885.55558681488  -1.843506E-17
7887.0833646059  -1.611882E-17
7888.61114239692  -1.374593E-17
7890.13892018795  -1.103006E-17
7891.66669797897  -4.090641E-18
7893.19447576999  1.068932E-18
7894.72225356102  2.611326E-18
7896.25003135204  4.329462E-18
7897.77780914306  3.106924E-18
7899.30558693409  2.182193E-18
7900.83336472511  1.984553E-18
7902.36114251613  1.634128E-18
7903.88892030716  1.196519E-18
7905.41669809818  6.502858E-19
7906.9444758892  -1.163404E-19
7908.47225368023  7.599351E-19
7910.00003147125  4.413466E-18
7911.52780926227  7.514438E-18
7913.0555870533  8.669097E-18
7914.58336484432  1.106388E-17
7916.11114263534  1.389371E-17
7917.63892042636  1.560802E-17
7919.16669821739  1.704150E-17
7920.69447600841  1.625321E-17
7922.22225379943  1.498861E-17
7923.75003159046  1.387168E-17
7925.27780938148  1.067017E-17
7926.80558717251  6.770802E-18
7928.33336496353  2.612920E-18
7929.86114275455  -3.962430E-18
7931.38892054558  -1.016749E-17
7932.9166983366  -1.314794E-17
7934.44447612762  -1.387135E-17
7935.97225391864  -1.450718E-17
7937.50003170967  -1.405133E-17
7939.02780950069  -1.368072E-17
7940.55558729171  -1.474563E-17
7942.08336508274  -1.526116E-17
7943.61114287376  -1.492949E-17
7945.13892066478  -1.082424E-17
7946.66669845581  -4.501787E-18
7948.19447624683  -1.914387E-18
7949.72225403785  -2.299349E-18
7951.25003182888  -3.137181E-18
7952.7778096199  -3.522427E-18
7954.30558741092  -3.431668E-18
7955.83336520195  -3.029444E-18
7957.36114299297  -1.674483E-18
7958.88892078399  -1.367920E-18
7960.41669857502  -1.417907E-18
7961.94447636604  -3.619015E-18
7963.47225415706  -2.392388E-18
7965.00003194809  -4.664510E-20
7966.52780973911  1.973112E-18
7968.05558753013  3.205657E-18
7969.58336532116  4.225601E-18
7971.11114311218  5.064562E-18
7972.6389209032  6.431740E-18
7974.16669869423  6.907409E-18
7975.69447648525  8.101109E-18
7977.22225427627  7.482584E-18
7978.75003206729  6.878441E-18
7980.27780985832  5.147296E-18
7981.80558764934  7.976303E-18
7983.33336544036  1.164024E-17
7984.86114323139  1.214530E-17
7986.38892102241  1.109345E-17
7987.91669881344  1.089218E-17
7989.44447660446  1.072109E-17
7990.97225439548  1.044099E-17
7992.5000321865  9.795096E-18
7994.02780997753  9.702020E-18
7995.55558776855  9.203408E-18
7997.08336555957  9.787318E-18
7998.6111433506  6.039933E-18
8000.13892114162  3.553906E-19
8001.66669893264  -1.550732E-18
8003.19447672367  -1.580064E-18
8004.72225451469  -2.494867E-18
8006.25003230571  -3.711269E-18
8007.77781009674  -2.374073E-18
8009.30558788776  9.218233E-19
8010.83336567878  3.858422E-18
8012.36114346981  5.903973E-18
8013.88892126083  5.090769E-18
8015.41669905185  6.765377E-18
8016.94447684288  9.188818E-18
8018.4722546339  1.014612E-17
8020.00003242492  9.926276E-18
8021.52781021595  1.197397E-17
8023.05558800697  1.287321E-17
8024.58336579799  1.055268E-17
8026.11114358902  8.215393E-18
8027.63892138004  6.621720E-18
8029.16669917106  6.061326E-18
8030.69447696209  5.729606E-18
8032.22225475311  3.611393E-18
8033.75003254413  1.711045E-18
8035.27781033516  9.590914E-19
8036.80558812618  -2.950792E-19
8038.3333659172  -3.074625E-18
8039.86114370823  -3.782231E-18
8041.38892149925  -2.824163E-18
8042.91669929027  -3.291076E-18
8044.4444770813  -3.874540E-18
8045.97225487232  -4.479129E-18
8047.50003266334  -4.875636E-18
8049.02781045437  -4.121757E-18
8050.55558824539  -3.499113E-18
8052.08336603641  -3.540860E-18
8053.61114382744  -2.260005E-18
8055.13892161846  -2.232456E-19
8056.66669940948  4.306000E-19
8058.19447720051  6.884069E-19
8059.72225499153  1.243523E-18
8061.25003278255  1.418573E-18
8062.77781057358  2.409480E-18
8064.3055883646  3.767675E-18
8065.83336615562  4.166315E-18
8067.36114394665  5.053386E-18
8068.88892173767  7.536093E-18
8070.41669952869  8.252753E-18
8071.94447731971  5.890251E-18
8073.47225511074  4.201427E-18
8075.00003290176  3.600886E-18
8076.52781069278  3.176411E-18
8078.05558848381  4.371884E-18
8079.58336627483  5.916589E-18
8081.11114406585  5.547268E-18
8082.63892185688  5.292466E-18
8084.1666996479  6.261904E-18
8085.69447743892  5.738028E-18
8087.22225522995  5.230478E-18
8088.75003302097  6.530959E-18
8090.27781081199  6.833125E-18
8091.80558860302  7.246262E-18
8093.33336639404  7.612515E-18
8094.86114418506  7.002832E-18
8096.38892197609  5.349621E-18
8097.91669976711  5.050182E-18
8099.44447755813  4.472895E-18
8100.97225534916  2.547964E-18
8102.50003314018  4.684383E-19
8104.0278109312  -1.684782E-19
8105.55558872223  -1.000441E-18
8107.08336651325  -8.236007E-19
8108.61114430427  1.074730E-20
8110.1389220953  3.599394E-19
8111.66669988632  3.653032E-19
8113.19447767734  4.601174E-20
8114.72225546837  -8.728506E-19
8116.25003325939  -1.752665E-18
8117.77781105041  -2.469564E-18
8119.30558884144  -1.137001E-18
8120.83336663246  1.548415E-18
8122.36114442348  3.158920E-18
8123.88892221451  3.803136E-18
8125.41670000553  5.665160E-18
8126.94447779655  6.574166E-18
8128.47225558757  7.837411E-18
8130.0000333786  9.373689E-18
8131.52781116962  8.800028E-18
8133.05558896064  7.300812E-18
8134.58336675167  6.624867E-18
8136.11114454269  5.110323E-18
8137.63892233371  1.199349E-18
8139.16670012474  -1.055461E-18
8140.69447791576  -1.487014E-18
8142.22225570678  -4.696967E-18
8143.75003349781  -6.855602E-18
8145.27781128883  -7.262336E-18
8146.80558907985  -6.110405E-18
8148.33336687088  2.704800E-19
8149.8611446619  8.756329E-18
8151.38892245292  1.457740E-17
8152.91670024395  1.616912E-17
8154.44447803497  1.820121E-17
8155.97225582599  2.118552E-17
8157.50003361702  2.227456E-17
8159.02781140804  2.302185E-17
8160.55558919906  2.360098E-17
8162.08336699009  2.365062E-17
8163.61114478111  2.207547E-17
8165.13892257213  1.840417E-17
8166.66670036316  1.766322E-17
8168.19447815418  1.701322E-17
8169.7222559452  1.720487E-17
8171.25003373623  1.812147E-17
8172.77781152725  1.699197E-17
8174.30558931827  1.610461E-17
8175.8333671093  1.654734E-17
8177.36114490032  1.604224E-17
8178.88892269134  1.321301E-17
8180.41670048237  1.040891E-17
8181.94447827339  7.068073E-18
8183.47225606441  1.830801E-18
8185.00003385543  -1.761666E-18
8186.52781164646  -2.976806E-18
8188.05558943748  -2.941790E-18
8189.5833672285  -3.182422E-18
8191.11114501953  -3.521456E-18
8192.63892281055  -2.842784E-18
8194.16670060157  -3.254015E-19
8195.6944783926  1.690357E-18
8197.22225618362  2.840633E-18
8198.75003397464  4.051347E-18
8200.27781176567  3.790943E-18
8201.80558955669  3.203244E-18
8203.33336734771  2.797639E-18
8204.86114513874  1.077881E-18
8206.38892292976  9.943788E-19
8207.91670072078  6.681241E-19
8209.44447851181  -1.925010E-18
8210.97225630283  -3.787225E-18
8212.50003409385  -3.907103E-18
8214.02781188488  -3.481657E-18
8215.5555896759  -2.607014E-18
8217.08336746692  -1.168052E-18
8218.61114525795  9.860026E-19
8220.13892304897  2.236601E-18
8221.66670083999  -3.611290E-19
8223.19447863102  -6.122360E-18
8224.72225642204  -1.135160E-17
8226.25003421306  -1.527674E-17
8227.77781200409  -1.819435E-17
8229.30558979511  -1.712587E-17
8230.83336758613  -1.447423E-17
8232.36114537716  -1.248723E-17
8233.88892316818  -1.090015E-17
8235.4167009592  -1.344471E-17
8236.94447875023  -1.382474E-17
8238.47225654125  -8.141505E-18
8240.00003433227  1.170730E-18
8241.52781212329  9.219318E-18
8243.05558991432  1.562047E-17
8244.58336770534  2.011053E-17
8246.11114549636  2.020216E-17
8247.63892328739  1.814815E-17
8249.16670107841  1.395225E-17
8250.69447886943  9.594535E-18
8252.22225666046  8.547548E-18
8253.75003445148  7.237666E-18
8255.27781224251  4.357054E-18
8256.80559003353  8.352446E-19
8258.33336782455  -2.576118E-19
8259.86114561557  9.705293E-19
8261.3889234066  7.390880E-19
8262.91670119762  -1.237266E-18
8264.44447898864  -1.171321E-18
8265.97225677967  2.104228E-18
8267.50003457069  3.818616E-18
8269.02781236171  5.460635E-18
8270.55559015274  4.043336E-18
8272.08336794376  3.208465E-18
8273.61114573478  3.844941E-18
8275.13892352581  5.644907E-18
8276.66670131683  5.412611E-18
8278.19447910785  4.870253E-18
8279.72225689888  7.112316E-18
8281.2500346899  8.889997E-18
8282.77781248092  8.997469E-18
8284.30559027195  9.689723E-18
8285.83336806297  8.849885E-18
8287.36114585399  1.187079E-17
8288.88892364502  1.203566E-17
8290.41670143604  6.588765E-18
8291.94447922706  -4.167935E-19
8293.47225701809  -9.653812E-18
8295.00003480911  -1.461098E-17
8296.52781260013  -1.741771E-17
8298.05559039115  -2.159788E-17
8299.58336818218  -2.237264E-17
8301.1111459732  -2.270888E-17
8302.63892376422  -2.312790E-17
8304.16670155525  -2.207482E-17
8305.69447934627  -1.938243E-17
8307.22225713729  -1.138556E-17
8308.75003492832  -5.325188E-18
8310.27781271934  4.948892E-18
8311.80559051036  1.188491E-17
8313.33336830139  1.671059E-17
8314.86114609241  2.047724E-17
8316.38892388343  2.055248E-17
8317.91670167446  2.055527E-17
8319.44447946548  2.262920E-17
8320.9722572565  2.375431E-17
8322.50003504753  2.331366E-17
8324.02781283855  1.999927E-17
8325.55559062957  2.303573E-17
8327.0833684206  3.616387E-17
8328.61114621162  5.682131E-17
8330.13892400264  7.985655E-17
8331.66670179367  1.008490E-16
8333.19447958469  1.093867E-16
8334.72225737571  1.105273E-16
8336.25003516674  1.131790E-16
8337.77781295776  1.133288E-16
8339.30559074878  1.129574E-16
8340.83336853981  1.156310E-16
8342.36114633083  1.138136E-16
8343.88892412185  9.961012E-17
8345.41670191288  7.693085E-17
8346.9444797039  5.074352E-17
8348.47225749492  2.790911E-17
8350.00003528595  2.165233E-17
8351.52781307697  2.018502E-17
8353.05559086799  1.742615E-17
8354.58336865902  2.943174E-17
8356.11114645004  4.715527E-17
8357.63892424106  5.802788E-17
8359.16670203209  5.989803E-17
8360.69447982311  5.619452E-17
8362.22225761413  5.408538E-17
8363.75003540516  5.606802E-17
8365.27781319618  5.984656E-17
8366.8055909872  5.384237E-17
8368.33336877823  4.963005E-17
8369.86114656925  4.962907E-17
8371.38892436027  3.766868E-17
8372.9167021513  2.126973E-17
8374.44447994232  9.614813E-18
8375.97225773334  6.872976E-18
8377.50003552437  1.043682E-17
8379.02781331539  1.402684E-17
8380.55559110641  1.331350E-17
8382.08336889744  1.090408E-17
8383.61114668846  1.468637E-17
8385.13892447948  2.108293E-17
8386.66670227051  2.087214E-17
8388.19448006153  1.638713E-17
8389.72225785255  1.335336E-17
8391.25003564357  1.273457E-17
8392.7778134346  1.043787E-17
8394.30559122562  7.883070E-18
8395.83336901664  6.474473E-18
8397.36114680767  4.693641E-18
8398.88892459869  2.940360E-18
8400.41670238971  9.751980E-19
8401.94448018074  -2.905723E-18
8403.47225797176  -4.902539E-19
8405.00003576278  5.333766E-18
8406.52781355381  8.078555E-18
8408.05559134483  1.030302E-17
8409.58336913585  1.886815E-17
8411.11114692688  3.722701E-17
8412.6389247179  5.470624E-17
8414.16670250892  7.710751E-17
8415.69448029995  9.690257E-17
8417.22225809097  1.068009E-16
8418.75003588199  1.100640E-16
8420.27781367302  1.076910E-16
8421.80559146404  1.052716E-16
8423.33336925506  1.069615E-16
8424.86114704609  1.101613E-16
8426.38892483711  1.045472E-16
8427.91670262813  8.588293E-17
8429.44448041916  6.777131E-17
8430.97225821018  4.842553E-17
8432.5000360012  3.156610E-17
8434.02781379222  2.734530E-17
8435.55559158325  2.976362E-17
8437.08336937427  3.212638E-17
8438.6111471653  3.082445E-17
8440.13892495632  2.822030E-17
8441.66670274734  2.361686E-17
8443.19448053837  2.280418E-17
8444.72225832939  2.655570E-17
8446.25003612041  2.934686E-17
8447.77781391143  3.007970E-17
8449.30559170246  2.857128E-17
8450.83336949348  2.297633E-17
8452.3611472845  2.198272E-17
8453.88892507553  2.443267E-17
8455.41670286655  2.463556E-17
8456.94448065757  2.348542E-17
8458.4722584486  2.093692E-17
8460.00003623962  1.895325E-17
8461.52781403064  1.561461E-17
8463.05559182167  1.533097E-17
8464.58336961269  1.501572E-17
8466.11114740371  1.316817E-17
8467.63892519474  1.303630E-17
8469.16670298576  9.928962E-18
8470.69448077678  2.183887E-18
8472.22225856781  2.808657E-18
8473.75003635883  6.408826E-18
8475.27781414985  7.323367E-18
8476.80559194088  7.495549E-18
8478.3333697319  9.801329E-18
8479.86114752292  6.241073E-18
8481.38892531395  2.228291E-18
8482.91670310497  6.568905E-18
8484.44448089599  8.074011E-18
8485.97225868702  4.846598E-18
8487.50003647804  6.667477E-18
8489.02781426906  5.607572E-18
8490.55559206009  4.933601E-18
8492.08336985111  7.640255E-18
8493.61114764213  7.139262E-18
8495.13892543316  5.066015E-18
8496.66670322418  6.720661E-18
8498.1944810152  6.633638E-18
8499.72225880623  7.288476E-19
8501.25003659725  -1.055839E-18
8502.77781438827  1.133770E-18
8504.3055921793  -1.172866E-18
8505.83336997032  -6.035716E-18
8507.36114776134  -1.151067E-17
8508.88892555236  -1.752459E-17
8510.41670334339  -1.912798E-17
8511.94448113441  -1.790052E-17
8513.47225892543  -1.764750E-17
8515.00003671646  -1.685138E-17
8516.52781450748  -1.492112E-17
8518.0555922985  -1.217610E-17
8519.58337008953  -9.125137E-18
8521.11114788055  -4.797883E-18
8522.63892567158  1.605349E-18
8524.1667034626  3.308988E-18
8525.69448125362  5.587877E-18
8527.22225904464  7.863851E-18
8528.75003683567  3.327035E-18
8530.27781462669  -1.072313E-18
8531.80559241771  -2.045126E-18
8533.33337020874  -4.369870E-19
8534.86114799976  -3.207946E-18
8536.38892579078  -8.338136E-18
8537.91670358181  -1.340352E-17
8539.44448137283  -1.888194E-17
8540.97225916385  -1.616808E-17
8542.50003695488  -1.157063E-17
8544.0278147459  -9.343155E-18
8545.55559253692  1.599432E-18
8547.08337032795  1.249146E-17
8548.61114811897  1.853380E-17
8550.13892590999  2.252825E-17
8551.66670370102  2.039353E-17
8553.19448149204  2.499064E-17
8554.72225928306  3.057789E-17
8556.25003707408  3.449686E-17
8557.77781486511  3.488343E-17
8559.30559265613  3.268663E-17
8560.83337044716  2.646467E-17
8562.36114823818  1.046785E-17
8563.8889260292  -3.036968E-18
8565.41670382022  -9.498676E-18
8566.94448161125  -1.316623E-17
8568.47225940227  -7.395021E-18
8570.00003719329  -7.973762E-18
8571.52781498432  -6.600611E-18
8573.05559277534  -3.141334E-18
8574.58337056636  -7.005119E-18
8576.11114835739  -7.052313E-18
8577.63892614841  -4.270663E-18
8579.16670393943  3.783748E-18
8580.69448173046  1.271699E-17
8582.22225952148  1.589909E-17
8583.7500373125  1.481422E-17
8585.27781510353  1.220351E-17
8586.80559289455  1.214845E-17
8588.33337068557  6.593560E-18
8589.8611484766  2.589873E-19
8591.38892626762  2.476160E-19
8592.91670405864  -3.875170E-18
8594.44448184967  -5.621249E-18
8595.97225964069  -4.337856E-18
8597.50003743171  -8.880924E-18
8599.02781522274  -1.017717E-17
8600.55559301376  -6.849049E-18
8602.08337080478  -2.939933E-18
8603.61114859581  -3.020166E-18
8605.13892638683  -1.565281E-18
8606.66670417785  -2.163042E-19
8608.19448196888  1.623150E-18
8609.7222597599  2.849772E-18
8611.25003755092  4.609935E-18
8612.77781534195  6.069776E-18
8614.30559313297  7.754888E-18
8615.83337092399  6.769071E-18
8617.36114871502  3.533482E-18
8618.88892650604  -1.017345E-18
8620.41670429706  -4.510351E-18
8621.94448208809  -5.642494E-18
8623.47225987911  -4.660828E-18
8625.00003767013  -5.728059E-18
8626.52781546116  -4.460858E-18
8628.05559325218  -4.033273E-18
8629.5833710432  -7.643632E-18
8631.11114883423  -8.729399E-18
8632.63892662525  -9.003599E-18
8634.16670441627  -7.322378E-18
8635.6944822073  -5.413379E-18
8637.22225999832  -4.472837E-18
8638.75003778934  -5.374741E-18
8640.27781558037  -9.909570E-18
8641.80559337139  -1.257537E-17
8643.33337116241  -1.379597E-17
8644.86114895344  -1.581504E-17
8646.38892674446  -1.553069E-17
8647.91670453548  -1.602978E-17
8649.44448232651  -1.626383E-17
8650.97226011753  -1.839751E-17
8652.50003790855  -1.865518E-17
8654.02781569958  -1.492480E-17
8655.5555934906  -1.157819E-17
8657.08337128162  -6.839346E-18
8658.61114907264  -3.277559E-18
8660.13892686367  -3.831245E-18
8661.66670465469  -2.432153E-18
8663.19448244571  1.841702E-18
8664.72226023674  7.639154E-18
8666.25003802776  8.882176E-18
8667.77781581878  1.072124E-17
8669.30559360981  9.001572E-19
8670.83337140083  1.299175E-17
8672.36114919185  3.055158E-16
8673.88892698288  6.511590E-16
8675.4167047739  6.907589E-16
8676.94448256492  6.868033E-16
8678.47226035595  6.882679E-16
8680.00003814697  6.838784E-16
8681.52781593799  6.790971E-16
8683.05559372902  6.802081E-16
8684.58337152004  6.793717E-16
8686.11114931106  6.903484E-16
8687.63892710209  6.763560E-16
8689.16670489311  3.817927E-16
8690.69448268413  3.596019E-17
8692.22226047516  -2.608524E-18
8693.75003826618  3.948205E-18
8695.2778160572  3.276890E-18
8696.80559384823  6.333795E-18
8698.33337163925  8.115795E-18
8699.86114943027  6.560284E-18
8701.38892722129  9.010855E-18
8702.91670501232  1.408234E-17
8704.44448280334  1.634975E-17
8705.97226059437  1.747496E-17
8707.50003838539  1.741076E-17
8709.02781617641  1.773630E-17
8710.55559396743  1.800029E-17
8712.08337175846  1.831767E-17
8713.61114954948  1.746846E-17
8715.1389273405  1.647622E-17
8716.66670513153  1.754741E-17
8718.19448292255  1.749215E-17
8719.72226071357  1.368938E-17
8721.2500385046  1.205820E-17
8722.77781629562  1.424255E-17
8724.30559408664  1.358938E-17
8725.83337187767  1.199582E-17
8727.36114966869  1.181710E-17
8728.88892745971  1.241124E-17
8730.41670525074  1.087280E-17
8731.94448304176  9.214144E-18
8733.47226083278  7.846543E-18
8735.00003862381  4.541974E-18
8736.52781641483  1.445828E-18
8738.05559420585  -7.778231E-19
8739.58337199688  -2.409810E-18
8741.1111497879  -1.398275E-18
8742.63892757892  -1.682723E-18
8744.16670536995  -2.671051E-18
8745.69448316097  -3.802769E-18
8747.22226095199  -2.470018E-18
8748.75003874302  -6.617112E-19
8750.27781653404  8.210379E-20
8751.80559432506  1.080438E-18
8753.33337211609  1.459354E-18
8754.86114990711  2.896345E-18
8756.38892769813  4.313373E-18
8757.91670548916  4.230462E-18
8759.44448328018  4.277389E-18
8760.9722610712  3.926602E-18
8762.50003886223  4.003746E-18
8764.02781665325  4.012091E-18
8765.55559444427  3.918171E-18
8767.08337223529  2.847496E-18
8768.61115002632  1.673939E-18
8770.13892781734  2.138426E-18
8771.66670560836  1.878100E-18
8773.19448339939  1.339312E-20
8774.72226119041  -7.838495E-19
8776.25003898143  -1.414465E-18
8777.77781677246  -9.738025E-19
8779.30559456348  -4.654148E-19
8780.8333723545  7.364635E-19
8782.36115014553  1.621146E-18
8783.88892793655  3.361550E-18
8785.41670572757  5.484436E-18
8786.9444835186  7.136112E-18
8788.47226130962  9.359835E-18
8790.00003910064  1.152231E-17
8791.52781689167  1.176403E-17
8793.05559468269  1.164483E-17
8794.58337247371  1.083035E-17
8796.11115026474  9.943599E-18
8797.63892805576  8.773343E-18
8799.16670584678  9.306454E-18
8800.6944836378  1.012546E-17
8802.22226142883  8.867544E-18
8803.75003921985  6.990828E-18
8805.27781701087  6.057801E-18
8806.8055948019  4.202690E-18
8808.33337259292  4.151168E-18
8809.86115038394  5.060396E-18
8811.38892817497  5.868337E-18
8812.91670596599  7.408107E-18
8814.44448375701  7.720651E-18
8815.97226154804  6.163823E-18
8817.50003933906  3.397965E-18
8819.02781713008  2.548254E-18
8820.55559492111  1.983575E-18
8822.08337271213  2.291849E-19
8823.61115050315  4.858319E-19
8825.13892829418  1.067466E-18
8826.6667060852  5.265661E-19
8828.19448387622  2.721653E-19
8829.72226166725  2.433180E-19
8831.25003945827  -4.679132E-19
8832.77781724929  -1.050851E-18
8834.30559504032  6.236153E-19
8835.83337283134  3.955224E-18
8837.36115062236  6.807745E-18
8838.88892841339  9.326375E-18
8840.41670620441  1.014363E-17
8841.94448399543  9.930967E-18
8843.47226178646  1.173871E-17
8845.00003957748  1.401103E-17
8846.5278173685  1.321072E-17
8848.05559515953  1.206452E-17
8849.58337295055  1.295066E-17
8851.11115074157  1.273071E-17
8852.6389285326  8.799930E-18
8854.16670632362  5.019332E-18
8855.69448411464  4.722075E-18
8857.22226190567  4.468308E-18
8858.75003969669  3.555750E-18
8860.27781748771  2.930583E-18
8861.80559527874  1.766799E-18
8863.33337306976  1.734707E-18
8864.86115086078  2.451532E-18
8866.38892865181  1.920099E-18
8867.91670644283  4.583233E-19
8869.44448423385  9.117956E-20
8870.97226202488  1.008823E-18
8872.5000398159  -2.075798E-20
8874.02781760692  -9.438144E-19
8875.55559539794  9.479040E-21
8877.08337318897  1.198757E-18
8878.61115097999  1.202792E-18
8880.13892877101  1.800490E-18
8881.66670656204  2.174381E-18
8883.19448435306  2.616613E-18
8884.72226214408  3.180959E-18
8886.25003993511  3.721935E-18
8887.77781772613  3.206029E-18
8889.30559551715  2.663132E-18
8890.83337330818  2.912085E-18
8892.3611510992  2.149080E-18
8893.88892889022  -3.717006E-20
8895.41670668125  -1.349167E-18
8896.94448447227  -1.188077E-18
8898.47226226329  -1.080235E-18
8900.00004005432  -1.021681E-18
