3107.7	0.036238
3112.2	0.030638
3116.7	0.023545
3121.1	0.012663
3125.6	0.018326
3130	0.033754
3134.5	0.0072674
3138.9	0.017896
3143.4	0.0073335
3147.8	0.01522
3152.3	0.017787
3156.7	0.010264
3161.2	0.015829
3165.6	0.014151
3170.1	0.0059907
3174.5	0.019358
3179	0.0063393
3183.4	0.021138
3187.9	0.0086611
3192.3	0.003419
3196.8	0.016008
3201.2	0.011608
3205.7	0.018955
3210.2	0.014809
3214.6	0.0025676
3219.1	0.017256
3223.5	0.0068564
3228	0.033418
3232.4	0.022224
3236.9	0.021686
3241.3	0.013502
3245.8	0.030274
3250.2	0.010756
3254.7	0.029484
3259.1	0.0082616
3263.6	0.020217
3268	0.019021
3272.5	0.019324
3276.9	0.020335
3281.4	0.0051542
3285.8	0.000753
3290.3	0.0066826
3294.7	0.015138
3299.2	0.0074293
3303.7	0.018639
3308.1	-0.0020379
3312.6	0.020753
3317	0.0068805
3321.5	0.011763
3325.9	0.011502
3330.4	0.0046699
3334.8	0.016782
3339.3	0.011128
3343.7	0.010838
3348.2	0.02636
3352.6	0.015293
3357.1	0.0095108
3361.5	0.012078
3366	0.017801
3370.4	0.0087175
3374.9	0.014627
3379.3	0.010735
3383.8	0.022352
3388.2	0.013351
3392.7	0.023136
3397.2	0.0034066
3401.6	0.0067424
3406.1	0.010101
3410.5	0.01272
3415	0.0037204
3419.4	0.016596
3423.9	0.0025448
3428.3	-0.0055124
3432.8	0.010795
3437.2	0.0052341
3441.7	0.016263
3446.1	0.014384
3450.6	0.011567
3455	0.001312
3459.5	0.011161
3463.9	0.0079229
3468.4	0.0086749
3472.8	0.0029732
3477.3	0.015123
3481.7	0.012908
3486.2	0.018695
3490.7	0.018786
3495.1	0.0033104
3499.6	0.010768
3504	0.0052133
3508.5	0.0074678
3512.9	0.0085842
3517.4	0.014938
3521.8	0.00041056
3526.3	0.0052331
3530.7	0.012399
3535.2	0.0036745
3539.6	0.0054133
3544.1	0.0050881
3548.5	-0.012376
3553	0.016998
3557.4	0.0090798
3561.9	0.0082367
3566.3	0.012263
3570.8	0.00013179
3575.2	0.0017728
3579.7	0.0095203
3584.1	0.003441
3588.6	-0.0020349
3593.1	0.00018223
3597.5	0.0035141
3602	0.0040202
3606.4	0.010285
3610.9	0.00035961
3615.3	0.012795
3619.8	0.0026142
3624.2	0.0011919
3628.7	0.0093468
3633.1	0.0084671
3637.6	-0.0049104
3642	0.0042259
3646.5	0.0045284
3650.9	0.0025288
3655.4	0.0080396
3659.8	0.0070379
3664.3	0.0035229
3668.7	0.0042374
3673.2	0.0016807
3677.6	0.0012798
3682.1	0.005872
3686.6	0.0012224
3691	0.0070472
3695.5	0.0013565
3699.9	0.006695
3704.4	0.0074797
3708.8	0.016037
3713.3	0.0044676
3717.7	0.0068742
3722.2	0.0052698
3726.6	0.025542
3731.1	0.012357
3735.5	0.0025616
3740	0.014957
3744.4	-0.0017341
3748.9	0.015831
3753.3	0.011206
3757.8	0.018201
3762.2	0.0086146
3766.7	0.0012275
3771.1	-9.2325e-05
3775.6	0.0071185
3780.1	0.0015609
3784.5	0.012809
3789	0.0045952
3793.4	0.0019454
3797.9	0.011447
3802.3	0.0030317
3806.8	0.0022431
3811.2	0.0065447
3815.7	0.016931
3820.1	0.004348
3824.6	0.004245
3829	0.0029842
3833.5	0.010474
3837.9	0.0052624
3842.4	0.0038591
3846.8	0.0070228
3851.3	0.0091667
3855.7	-0.00057877
3860.2	0.0059053
3864.6	0.0068422
3869.1	0.0085424
3873.6	0.012774
3878	0.0066671
3882.5	0.008412
3886.9	0.0053499
3891.4	0.01496
3895.8	0.0050603
3900.3	0.00067967
3904.7	0.0057252
3909.2	-0.0034311
3913.6	0.020889
3918.1	0.011291
3922.5	-0.00090337
3927	0.010465
3931.4	0.013381
3935.9	0.02246
3940.3	0.016385
3944.8	0.016782
3949.2	0.0032048
3953.7	0.0090945
3958.1	0.013999
3962.6	0.017141
3967.1	0.006034
3971.5	0.0074738
3976	0.0064419
3980.4	0.0054666
3984.9	0.019139
3989.3	0.017663
3993.8	0.0132
3998.2	0.016779
4002.7	0.013475
4007.1	0.011798
4011.6	0.013141
4016	0.017598
4020.5	0.016489
4024.9	0.014582
4029.4	0.0191
4033.8	0.01908
4038.3	0.01702
4042.7	0.017342
4047.2	0.011701
4051.6	0.012248
4056.1	0.012098
4060.6	0.015286
4065	0.0093576
4069.5	0.020718
4073.9	0.014158
4078.4	0.0078712
4082.8	0.0010194
4087.3	0.017863
4091.7	0.02073
4096.2	0.015906
4100.6	0.0078467
4105.1	0.010209
4109.5	0.020565
4114	0.0020369
4118.4	0.0030429
4122.9	0.014812
4127.3	0.012687
4131.8	0.0085381
4136.2	0.011118
4140.7	0.0082742
4145.1	0.014309
4149.6	0.020407
4154.1	0.018119
4158.5	0.0069184
4163	0.013347
4167.4	0.012461
4171.9	0.010405
4176.3	0.0093447
4180.8	0.012758
4185.2	0.020384
4189.7	0.01125
4194.1	0.0167
4198.6	0.0053057
4203	0.013388
4207.5	0.007956
4211.9	0.012833
4216.4	0.0093899
4220.8	0.0096892
4225.3	0.0097499
4229.7	0.01622
4234.2	0.0093848
4238.6	0.014345
4243.1	0.013154
4247.6	0.0093329
4252	0.0089668
4256.5	0.011692
4260.9	0.020167
4265.4	0.011374
4269.8	0.018691
4274.3	0.019909
4278.7	0.02218
4283.2	0.0093586
4287.6	0.0019251
4292.1	0.0089764
4296.5	0.016905
4301	0.0035568
4305.4	0.01635
4309.9	0.012907
4314.3	0.016695
4318.8	0.013681
4323.2	0.0098791
4327.7	0.0072425
4332.1	0.014906
4336.6	0.010575
4341.1	0.014749
4345.5	0.011458
4350	0.0092741
4354.4	0.010292
4358.9	0.0046066
4363.3	0.0090277
4367.8	0.012936
4372.2	0.011738
4376.7	0.016928
4381.1	0.01348
4385.6	0.015722
4390	0.016533
4394.5	0.017665
4398.9	0.013431
4403.4	0.011568
4407.8	0.01203
4412.3	0.021242
4416.7	0.022103
4421.2	0.016449
4425.6	0.0087154
4430.1	0.014513
4434.6	0.0080074
4439	0.016202
4443.5	0.017554
4447.9	0.017666
4452.4	0.015101
4456.8	0.0092009
4461.3	0.005831
4465.7	0.0065518
4470.2	0.00093649
4474.6	0.0033815
4479.1	0.0022657
4483.5	0.016331
4488	0.01324
4492.4	0.0020993
4496.9	0.010788
4501.3	0.0095065
4505.8	0.0086908
4510.2	0.012358
4514.7	0.0064021
4519.1	0.013153
4523.6	0.012551
4528	0.0043226
4532.5	0.01174
4537	0.0090583
4541.4	0.012523
4545.9	0.016204
4550.3	0.013934
4554.8	0.01417
4559.2	0.014272
4563.7	0.014776
4568.1	0.011009
4572.6	0.0081899
4577	0.019491
4581.5	0.011947
4585.9	0.011107
4590.4	0.013371
4594.8	0.011838
4599.3	0.0095756
4603.7	0.016243
4608.2	0.012787
4612.6	0.021544
4617.1	0.0075295
4621.5	0.015509
4626	0.012459
4630.5	0.016363
4634.9	0.018805
4639.4	0.011573
4643.8	0.0075048
4648.3	0.017708
4652.7	0.0056913
4657.2	0.014282
4661.6	0.018539
4666.1	0.01429
4670.5	0.0057092
4675	0.013102
4679.4	0.013305
4683.9	0.013309
4688.3	0.014161
4692.8	0.0069123
4697.2	0.0095504
4701.7	0.010878
4706.1	0.0079646
4710.6	0.007585
4715	0.015372
4719.5	0.012258
4724	0.0074429
4728.4	0.0096739
4732.9	0.0056458
4737.3	0.0105
4741.8	0.0076674
4746.2	0.01098
4750.7	-0.0045682
4755.1	-0.004745
4759.6	8.5776e-05
4764	0.0088749
4768.5	0.011061
4772.9	0.021706
4777.4	0.020262
4781.8	0.023124
4786.3	0.01916
4790.7	0.013675
4795.2	0.0089213
4799.6	0.015243
4804.1	0.012059
4808.5	0.013233
4813	0.0065261
4817.5	0.0044187
4821.9	0.011526
4826.4	0.010323
4830.8	0.0036778
4835.3	0.00211
4839.7	0.0090713
4844.2	0.014204
4848.6	0.01312
4853.1	0.0079086
4857.5	-0.0040311
4862	-0.0033594
4866.4	0.003464
4870.9	0.014259
4875.3	0.0096387
4879.8	0.013636
4884.2	0.0195
4888.7	0.010467
4893.1	0.011965
4897.6	0.014162
4902	0.013357
4906.5	0.015061
4911	0.018304
4915.4	0.015304
4919.9	0.014506
4924.3	0.021047
4928.8	0.015085
4933.2	0.0096155
4937.7	0.019376
4942.1	0.018937
4946.6	0.015274
4951	0.017842
4955.5	0.016403
4959.9	0.0072901
4964.4	0.0038621
4968.8	0.016875
4973.3	0.023065
4977.7	0.027183
4982.2	0.022372
4986.6	0.02301
4991.1	0.03246
4995.5	0.030347
5000	0.030291
5004.5	0.03612
5008.9	0.034631
5013.4	0.026255
5017.8	0.018471
5022.3	0.017282
5026.7	0.02074
5031.2	0.02546
5035.6	0.021587
5040.1	0.017258
5044.5	0.019036
5049	0.012527
5053.4	0.012965
5057.9	0.018053
5062.3	0.00798
5066.8	0.001973
5071.2	0.015075
5075.7	0.018793
5080.1	0.011681
5084.6	0.011054
5089	0.0074314
5093.5	0.01005
5098	0.014221
5102.4	0.014219
5106.9	0.016525
5111.3	0.012412
5115.8	0.0067688
5120.2	0.012132
5124.7	0.014477
5129.1	0.017271
5133.6	0.01936
5138	0.020349
5142.5	0.014533
5146.9	0.016898
5151.4	0.024772
5155.8	0.021777
5160.3	0.019429
5164.7	0.016982
5169.2	0.017515
5173.6	0.013503
5178.1	0.0096317
5182.5	0.017117
5187	0.019991
5191.5	0.015894
5195.9	0.020822
5200.4	0.026418
5204.8	0.016917
5209.3	0.015198
5213.7	0.013111
5218.2	0.017756
5222.6	0.021599
5227.1	0.028576
5231.5	0.021075
5236	0.012979
5240.4	0.013227
5244.9	-0.00043154
5249.3	0.0042827
5253.8	0.016763
5258.2	0.012619
5262.7	0.019817
5267.1	0.018423
5271.6	0.016657
5276	0.019043
5280.5	0.016032
5285	0.010333
5289.4	0.014471
5293.9	0.029676
5298.3	0.025532
5302.8	0.020126
5307.2	0.028466
5311.7	0.02889
5316.1	0.01936
5320.6	0.020612
5325	0.018724
5329.5	0.017876
5333.9	0.019634
5338.4	0.019855
5342.8	0.01017
5347.3	0.013863
5351.7	0.021257
5356.2	0.019556
5360.6	0.014279
5365.1	0.01629
5369.5	0.016626
5374	0.009732
5378.5	0.01475
5382.9	0.01996
5387.4	0.016855
5391.8	0.017721
5396.3	0.01522
5400.7	0.010847
5405.2	0.019863
5409.6	0.020652
5414.1	0.014134
5418.5	0.020235
5423	0.021037
5427.4	0.017567
5431.9	0.01887
5436.3	0.010308
5440.8	0.007048
5445.2	0.014266
5449.7	0.011927
5454.1	0.00917
5458.6	0.013348
5463	0.014813
5467.5	0.011997
5472	0.017273
5476.4	0.019907
5480.9	0.014564
5485.3	0.01366
5489.8	0.013002
5494.2	0.012963
5498.7	0.014825
5503.1	0.017823
5507.6	0.019323
5512	0.016563
5516.5	0.0097767
5520.9	0.0085952
5525.4	0.013788
5529.8	0.015384
5534.3	0.016521
5538.7	0.017228
5543.2	0.016947
5547.6	0.01885
5552.1	0.018423
5556.5	0.011539
5561	0.01267
5565.4	0.014905
5569.9	0.015443
5574.4	0.0097161
5578.8	0.010142
5583.3	0.012923
5587.7	0.01083
5592.2	0.0078442
5596.6	0.0092913
5601.1	0.013961
5605.5	0.011212
5610	0.0083748
5614.4	0.0048428
5618.9	0.00412
5623.3	0.0105
5627.8	0.014862
5632.2	0.016156
5636.7	0.01111
5641.1	0.011012
5645.6	0.013469
5650	0.013418
5654.5	0.0085951
5658.9	0.0016744
5663.4	-0.0040501
5667.9	0.00050924
5672.3	0.0080959
5676.8	0.0079845
5681.2	0.0080209
5685.7	0.0082887
5690.1	0.0060719
5694.6	0.0032056
5699	0.0067486
5703.5	0.0074061
5707.9	0.004459
5712.4	-0.00049796
5716.8	0.006356
5721.3	0.0090711
5725.7	0.011488
5730.2	0.009286
5734.6	0.0048934
5739.1	0.0073902
5743.5	0.0077064
5748	0.0071119
5752.4	0.0066443
5756.9	0.0045538
5761.4	0.0056467
5765.8	0.0025844
5770.3	0.0090039
5774.7	0.0090874
5779.2	0.0057172
5783.6	0.00059725
5788.1	0.0042461
5792.5	0.0049678
5797	0.0025047
5801.4	0.0035768
5805.9	0.0040313
5810.3	0.0055306
5814.8	0.0084946
5819.2	0.0083117
5823.7	0.0067316
5828.1	0.0059593
5832.6	0.0049824
5837	0.0020874
5841.5	0.0054377
5845.9	0.0076635
5850.4	0.0010617
5854.9	0.009285
5859.3	0.009399
5863.8	0.0059448
5868.2	0.0036471
5872.7	0.006855
5877.1	0.010904
5881.6	0.010747
5886	0.0098279
5890.5	0.0071979
5894.9	0.0082223
5899.4	0.012185
5903.8	0.012088
5908.3	0.008864
5912.7	0.013462
5917.2	0.0096732
5921.6	0.0077655
5926.1	0.010214
5930.5	0.0061736
5935	0.0083202
5939.4	0.0065208
5943.9	0.0064106
5948.4	0.0079263
5952.8	0.0076058
5957.3	0.0056603
5961.7	0.0052552
5966.2	0.00774
5970.6	0.0048042
5975.1	0.0035962
5979.5	0.0082944
5984	0.01084
5988.4	0.0093511
5992.9	0.010177
5997.3	0.003496
6001.8	0.0015123
6006.2	0.0080999
6010.7	0.0096802
6015.1	0.0082114
6019.6	0.010197
6024	0.012328
6028.5	0.0082813
6032.9	0.011707
6037.4	0.016467
6041.9	0.0085627
6046.3	0.0093772
6050.8	0.0083179
6055.2	0.0068494
6059.7	0.0085221
6064.1	0.007923
6068.6	0.0063849
6073	0.0054489
6077.5	0.013826
6081.9	0.0085888
6086.4	0.0077345
6090.8	0.0090081
6095.3	0.011988
6099.7	0.011993
6104.2	0.011557
6108.6	0.0077394
6113.1	0.0042796
6117.5	0.0046636
6122	0.0080473
6126.4	0.014419
6130.9	0.01762
6135.4	0.015717
6139.8	0.011681
6144.3	0.011101
6148.7	0.012415
6153.2	0.013439
6157.6	0.013965
6162.1	0.01302
6166.5	0.0055725
6171	0.0032608
6175.4	0.0086003
6179.9	0.0069532
6184.3	0.0061974
6188.8	0.008472
6193.2	0.010361
6197.7	0.011999
6202.1	0.010354
6206.6	0.011646
6211	0.0134
6215.5	0.014711
6219.9	0.017426
6224.4	0.016484
6228.9	0.0099367
6233.3	0.011252
6237.8	0.01466
6242.2	0.016361
6246.7	0.014605
6251.1	0.014182
6255.6	0.015347
6260	0.013349
6264.5	0.012193
6268.9	0.012541
6273.4	0.015277
6277.8	0.015431
6282.3	0.017043
6286.7	0.019207
6291.2	0.014339
6295.6	0.012272
6300.1	0.010949
6304.5	0.010516
6309	0.010591
6313.4	0.011368
6317.9	0.0122
6322.4	0.014958
6326.8	0.016156
6331.3	0.012476
6335.7	0.012501
6340.2	0.01483
6344.6	0.012911
6349.1	0.015234
6353.5	0.018112
6358	0.013899
6362.4	0.0095918
6366.9	0.01251
6371.3	0.013235
6375.8	0.0095709
6380.2	0.013008
6384.7	0.015039
6389.1	0.01371
6393.6	0.014734
6398	0.010911
6402.5	0.01137
6406.9	0.016474
6411.4	0.012461
6415.9	0.010462
6420.3	0.011955
6424.8	0.01273
6429.2	0.015965
6433.7	0.015508
6438.1	0.012244
6442.6	0.014414
6447	0.0094058
6451.5	0.0086789
6455.9	0.016835
6460.4	0.017002
6464.8	0.011714
6469.3	0.011503
6473.7	0.017603
6478.2	0.012578
6482.6	0.0069585
6487.1	0.012511
6491.5	0.012294
6496	0.0084193
6500.4	0.010133
6504.9	0.014384
6509.3	0.013932
6513.8	0.0090847
6518.3	0.010412
6522.7	0.012949
6527.2	0.011824
6531.6	0.0052434
6536.1	0.0058643
6540.5	0.015024
6545	0.014116
6549.4	0.010406
6553.9	0.010318
6558.3	0.012199
6562.8	0.016409
6567.2	0.023871
6571.7	0.019148
6576.1	0.0063663
6580.6	0.0093638
6585	0.0099886
6589.5	0.0064847
6593.9	0.0088963
6598.4	0.008435
6602.8	0.0024918
6607.3	0.0031623
6611.8	0.0073253
6616.2	0.0081889
6620.7	0.007619
6625.1	0.0076614
6629.6	0.0092724
6634	0.011271
6638.5	0.014106
6642.9	0.011204
6647.4	0.0056454
6651.8	0.0032361
6656.3	0.0067651
6660.7	0.010024
6665.2	0.0086354
6669.6	0.0058471
6674.1	0.0046821
6678.5	0.0077737
6683	0.010466
6687.4	0.011372
6691.9	0.0066588
6696.3	-0.0011659
6700.8	-0.00054563
6705.3	0.0048511
6709.7	0.0075355
6714.2	0.0047902
6718.6	0.0085839
6723.1	0.010692
6727.5	0.0049564
6732	0.007395
6736.4	0.0078714
6740.9	0.0070389
6745.3	0.005771
6749.8	0.0085264
6754.2	0.0068074
6758.7	0.0046616
6763.1	0.0061775
6767.6	0.0060064
6772	0.0055211
6776.5	0.0075394
6780.9	0.0092866
6785.4	0.011465
6789.8	0.010447
6794.3	0.0042837
6798.8	0.001796
6803.2	0.0021992
6807.7	0.0041002
6812.1	0.0045062
6816.6	0.0047078
6821	0.005344
6825.5	0.005278
6829.9	0.0018943
6834.4	0.0023257
6838.8	0.0049776
6843.3	0.0060951
6847.7	0.009652
6852.2	0.0073419
6856.6	0.0036986
6861.1	0.0055744
6865.5	0.0068232
6870	0.0022413
6874.4	0.0045286
6878.9	0.0075838
6883.3	0.0067596
6887.8	0.006344
6892.3	0.0032948
6896.7	0.0042422
6901.2	0.0035443
6905.6	0.00025767
6910.1	0.004189
6914.5	0.0060728
6919	0.0010838
6923.4	0.0025185
6927.9	0.0042134
6932.3	0.0065283
6936.8	0.008255
6941.2	0.0069451
6945.7	0.00092285
6950.1	-0.0016783
6954.6	0.001828
6959	0.0043132
6963.5	0.0013267
6967.9	0.0024995
6972.4	0.0053279
6976.8	0.0086693
6981.3	0.0096738
6985.8	0.0058168
6990.2	0.0056211
6994.7	0.012158
6999.1	0.0086747
7003.6	-0.003103
7008	0.0038153
7012.5	0.0041353
7016.9	0.0022474
7021.4	0.010096
7025.8	0.0096704
7030.3	0.0050648
7034.7	0.0087523
7039.2	0.0092013
7043.6	0.0089736
7048.1	0.011524
7052.5	0.00708
7057	0.0075227
7061.4	0.0084862
7065.9	0.0022539
7070.3	0.00030314
7074.8	0.0035367
7079.3	0.0055529
7083.7	0.0054316
7088.2	0.005004
7092.6	0.0074908
7097.1	0.01059
7101.5	0.010597
7106	0.0083137
7110.4	0.0089042
7114.9	0.0048389
7119.3	0.0016412
7123.8	0.0057625
7128.2	0.0077277
7132.7	0.0069169
7137.1	0.011049
7141.6	0.013404
7146	0.009866
7150.5	0.014327
7154.9	0.012072
7159.4	0.0073446
7163.8	0.011086
7168.3	0.012379
7172.8	0.0076527
7177.2	0.010305
7181.7	0.012497
7186.1	0.012508
7190.6	0.014744
7195	0.011058
7199.5	0.0058579
7203.9	0.0032536
7208.4	0.010583
7212.8	0.007839
7217.3	0.0069248
7221.7	0.0094768
7226.2	0.0089178
7230.6	0.01522
7235.1	0.017746
7239.5	0.014352
7244	0.011676
7248.4	0.01075
7252.9	0.011937
7257.3	0.014169
7261.8	0.015004
7266.3	0.018548
7270.7	0.016784
7275.2	0.01329
7279.6	0.018173
7284.1	0.020405
7288.5	0.013047
7293	0.0073082
7297.4	0.015745
7301.9	0.023535
7306.3	0.023055
7310.8	0.019845
7315.2	0.018261
7319.7	0.018403
7324.1	0.02289
7328.6	0.021923
7333	0.016841
7337.5	0.023958
7341.9	0.030077
7346.4	0.016479
7350.8	0.018206
7355.3	0.016353
7359.8	0.015133
7364.2	0.014941
7368.7	0.013154
7373.1	0.013772
7377.6	0.0088227
7382	0.006321
7386.5	0.0081562
7390.9	0.0053924
7395.4	0.0079213
7399.8	0.012437
7404.3	0.0098136
7408.7	0.0060319
7413.2	0.015434
7417.6	0.020862
7422.1	0.023827
7426.5	0.022197
7431	0.020363
7435.4	0.011224
7439.9	0.0029044
7444.3	0.0053323
7448.8	0.0076337
7453.3	0.01089
7457.7	0.010539
7462.2	0.012316
7466.6	0.012076
7471.1	0.0093278
7475.5	0.011862
7480	0.01918
7484.4	0.011299
7488.9	0.0073717
7493.3	0.011139
7497.8	0.0064578
7502.2	0.0057178
7506.7	0.0058457
7511.1	0.0057357
7515.6	0.008306
7520	0.019168
7524.5	0.0039951
7528.9	0.013291
7533.4	0.014675
7537.8	0.0048035
7542.3	0.0071841
7546.7	0.0096957
7551.2	0.0078348
7555.7	0.0082865
7560.1	0.0075861
7564.6	0.010552
7569	0.0068643
7573.5	-0.0048195
7577.9	0.0019377
7582.4	0.0066819
7586.8	0.0094716
7591.3	0.010895
7595.7	0.0088375
7600.2	0.0072045
7604.6	0.0079335
7609.1	0.0058668
7613.5	0.0011394
7618	0.0053387
7622.4	0.00024605
7626.9	0.00090295
7631.3	0.0045671
7635.8	0.0062424
7640.2	0.0066369
7644.7	0.0056817
7649.2	0.0068308
7653.6	0.0069154
7658.1	0.0059094
7662.5	0.0023616
7667	0.00081793
7671.4	0.0060269
7675.9	0.010696
7680.3	0.0069014
7684.8	0.01631
7689.2	0.016191
7693.7	0.009554
7698.1	0.0076992
7702.6	0.0010923
7707	0.0035741
7711.5	0.014609
7715.9	0.0083953
7720.4	-0.00083327
7724.8	0.0059256
7729.3	0.011546
7733.7	0.016953
7738.2	0.012417
7742.7	0.01526
7747.1	0.009912
7751.6	0.0056898
7756	0.0095969
7760.5	0.011787
7764.9	0.016115
7769.4	0.010917
7773.8	0.010165
7778.3	0.014277
7782.7	0.0074507
7787.2	0.010975
7791.6	0.015107
7796.1	0.0065287
7800.5	0.0024841
7805	0.0028356
7809.4	0.0051396
7813.9	0.0037338
7818.3	0.010127
7822.8	0.012676
7827.2	0.0070814
7831.7	0.012589
7836.2	0.009349
7840.6	0.013471
7845.1	0.018763
7849.5	0.0098182
7854	0.014067
7858.4	0.027654
7862.9	0.008347
7867.3	-0.0013011
7871.8	0.010878
7876.2	0.0096694
7880.7	0.014566
7885.1	0.013043
7889.6	0.0056996
7894	0.0044055
7898.5	0.010131
7902.9	0.015623
7907.4	0.0092973
7911.8	0.0067866
7916.3	0.0047604
7920.7	0.0022117
7925.2	0.0054554
7929.7	0.013236
7934.1	0.01683
7938.6	0.013382
7943	0.00943
7947.5	0.0093256
7951.9	0.013963
7956.4	0.011966
7960.8	0.0084279
7965.3	0.013248
7969.7	0.019182
7974.2	0.018398
7978.6	-0.00027462
7983.1	-0.0060688
7987.5	0.0021969
7992	0.009675
7996.4	0.0075541
8000.9	0.0038025
8005.3	0.0072383
8009.8	0.0080856
8014.2	0.019519
8018.7	0.0097561
8023.2	0.0047164
8027.6	0.01103
8032.1	0.0098243
8036.5	0.0040554
8041	0.0086821
8045.4	0.0076216
8049.9	0.0096624
8054.3	0.010763
8058.8	0.012135
8063.2	0.0085548
8067.7	0.0069515
8072.1	0.0042354
8076.6	0.0083356
8081	0.0074224
8085.5	0.006934
8089.9	0.010931
8094.4	0.0095844
8098.8	0.0078158
8103.3	0.0073479
8107.7	0.0096152
8112.2	0.0069523
8116.7	0.0064473
8121.1	0.0077558
8125.6	0.0089143
8130	0.0026078
8134.5	0.0076122
8138.9	0.011863
8143.4	0.0073786
8147.8	-0.0035829
8152.3	0.00079849
8156.7	0.0040642
8161.2	0.0047827
8165.6	0.0072455
8170.1	0.0090057
8174.5	0.0063197
8179	0.0080157
8183.4	0.012622
8187.9	0.0057788
8192.3	0.0042478
8196.8	0.01087
8201.2	0.0090174
8205.7	0.0039504
8210.2	0.0076782
8214.6	0.018445
8219.1	0.017613
8223.5	0.012713
8228	0.012249
8232.4	0.00916
8236.9	0.0019579
8241.3	0.0014192
8245.8	0.0064745
8250.2	0.0087978
8254.7	0.011182
8259.1	0.011756
8263.6	0.011943
8268	0.012696
8272.5	0.018027
8276.9	0.013855
8281.4	-0.0016435
8285.8	-0.0075235
8290.3	-0.0073626
8294.7	0.010834
8299.2	0.0024888
8303.7	-0.021177
8308.1	-0.014914
8312.6	-0.0041341
8317	-0.002884
8321.5	0.00098116
8325.9	-0.0012847
8330.4	-0.0039521
8334.8	0.0081388
8339.3	0.058434
8343.7	0.11452
8348.2	0.09444
8352.6	0.030259
8357.1	0.0080406
8361.5	0.023207
8366	0.0090818
8370.4	-0.0028171
8374.9	0.0077896
8379.3	0.0064875
8383.8	-0.012039
8388.2	-0.022659
8392.7	-0.020027
8397.2	0.0016693
8401.6	0.011771
8406.1	-0.011046
8410.5	-0.020922
8415	0.0061335
8419.4	0.037427
8423.9	0.035777
8428.3	0.019037
8432.8	0.020172
8437.2	0.03471
8441.7	0.061724
8446.1	0.042514
8450.6	0.014097
8455	0.0016585
8459.5	-0.013845
8463.9	-0.014513
8468.4	-0.0092536
8472.8	-0.0020799
8477.3	-0.01391
8481.7	-0.011286
8486.2	0.013895
8490.7	0.026105
8495.1	0.0147
8499.6	0.022254
8504	0.034237
8508.5	0.014946
8512.9	0.01964
8517.4	0.037144
8521.8	0.027857
8526.3	0.026346
8530.7	0.028651
8535.2	0.024674
8539.6	0.026982
8544.1	0.031948
8548.5	0.017462
8553	0.012863
8557.4	0.01663
8561.9	0.0077946
8566.3	0.0049678
8570.8	0.0026849
8575.2	0.011973
8579.7	0.017502
8584.1	0.010794
8588.6	0.0050778
8593.1	0.020243
8597.5	0.025421
8602	0.012768
8606.4	-0.010963
8610.9	-0.018269
8615.3	0.0072184
8619.8	0.012049
8624.2	0.012299
8628.7	0.033401
8633.1	0.044794
8637.6	0.034855
8642	0.040771
8646.5	0.035139
8650.9	0.025396
8655.4	0.0694
8659.8	0.029866
8664.3	0.013128
8668.7	0.040838
8673.2	0.033836
8677.6	0.014145
8682.1	-0.0056772
