       3001.2270   6.0836040e-17
       3003.5553   5.0886350e-17
       3005.8836   5.9719560e-17
       3008.2119   8.3095870e-17
       3010.5403   8.3946130e-17
       3012.8686   7.0270670e-17
       3015.1969   7.6835150e-17
       3017.5252   8.4965760e-17
       3019.8535   7.5079390e-17
       3022.1819   6.7586000e-17
       3024.5102   6.8478670e-17
       3026.8385   7.1794050e-17
       3029.1668   6.2250510e-17
       3031.4952   5.9566260e-17
       3033.8235   7.5626540e-17
       3036.1518   7.7331860e-17
       3038.4801   6.3329630e-17
       3040.8085   5.7880710e-17
       3043.1368   7.3006600e-17
       3045.4651   7.0686690e-17
       3047.7934   5.9610670e-17
       3050.1218   5.4594030e-17
       3052.4501   5.5798430e-17
       3054.7784   6.3977720e-17
       3057.1067   6.5676880e-17
       3059.4350   6.8308750e-17
       3061.7634   6.8100750e-17
       3064.0917   6.4562420e-17
       3066.4200   7.0978770e-17
       3068.7483   7.5279800e-17
       3071.0767   6.7832690e-17
       3073.4050   6.5012620e-17
       3075.7333   7.1436630e-17
       3078.0616   6.8901930e-17
       3080.3900   6.5763470e-17
       3082.7183   6.4643310e-17
       3085.0466   6.5676880e-17
       3087.3749   6.5763470e-17
       3089.7032   6.5763470e-17
       3092.0316   6.5012620e-17
       3094.3599   6.5012620e-17
       3096.6882   6.4643310e-17
       3099.0165   6.4643310e-17
       3101.3449   6.7795950e-17
       3103.6732   6.3366690e-17
       3106.0015   5.6974120e-17
       3108.3298   5.5747430e-17
       3110.6582   6.1691420e-17
       3112.9865   6.3443610e-17
       3115.3148   7.3370700e-17
       3117.6431   7.7597710e-17
       3119.9715   6.3145290e-17
       3122.2998   5.9923460e-17
       3124.6281   6.2574240e-17
       3126.9564   6.6099820e-17
       3129.2847   6.9168310e-17
       3131.6131   6.6159740e-17
       3133.9414   6.6025680e-17
       3136.2697   7.1620840e-17
       3138.5980   6.3529380e-17
       3140.9264   5.9888150e-17
       3143.2547   6.6820380e-17
       3145.5830   6.6661030e-17
       3147.9113   6.4011510e-17
       3150.2397   6.1769880e-17
       3152.5680   5.9226670e-17
       3154.8963   6.3274330e-17
       3157.2246   6.6242300e-17
       3159.5530   6.3376940e-17
       3161.8813   6.7268690e-17
       3164.2096   6.7451040e-17
       3166.5379   6.4401980e-17
       3168.8662   6.9607320e-17
       3171.1946   6.9412910e-17
       3173.5229   6.9199160e-17
       3175.8512   7.2819360e-17
       3178.1795   7.0582000e-17
       3180.5079   6.9411150e-17
       3182.8362   6.9405010e-17
       3185.1645   7.0798160e-17
       3187.4928   6.9957730e-17
       3189.8212   6.5403260e-17
       3192.1495   6.8622650e-17
       3194.4778   7.2195250e-17
       3196.8061   6.9263590e-17
       3199.1345   6.6805240e-17
       3201.4628   6.5159880e-17
       3203.7911   6.5446760e-17
       3206.1194   6.8797070e-17
       3208.4477   6.8622650e-17
       3210.7761   6.8450260e-17
       3213.1044   6.8450260e-17
       3215.4327   6.7200800e-17
       3217.7610   6.6805240e-17
       3220.0894   6.7200800e-17
       3222.4177   6.8797070e-17
       3224.7460   6.5695250e-17
       3227.0743   7.0775660e-17
       3229.4027   7.2040620e-17
       3231.7310   7.2385050e-17
       3234.0593   7.3533410e-17
       3236.3876   6.8450260e-17
       3238.7160   6.6236590e-17
       3241.0443   7.0971890e-17
       3243.3726   6.7200800e-17
       3245.7009   6.6313200e-17
       3248.0292   7.2232870e-17
       3250.3576   7.1702270e-17
       3252.6859   6.8105880e-17
       3255.0142   7.1234310e-17
       3257.3425   7.5098100e-17
       3259.6709   7.3073910e-17
       3261.9992   7.2547970e-17
       3264.3275   7.2547970e-17
       3266.6558   7.2815840e-17
       3268.9842   7.3073910e-17
       3271.3125   7.4415520e-17
       3273.6408   7.4680640e-17
       3275.9691   7.5020450e-17
       3278.2974   7.2282050e-17
       3280.6258   7.2096720e-17
       3282.9541   7.2815840e-17
       3285.2824   7.5020450e-17
       3287.6107   7.4680640e-17
       3289.9391   7.5604110e-17
       3292.2674   8.1533540e-17
       3294.5957   8.2297950e-17
       3296.9240   8.5415830e-17
       3299.2524   8.6640900e-17
       3301.5807   8.2550320e-17
       3303.9090   8.0260890e-17
       3306.2373   8.1474680e-17
       3308.5657   8.7146890e-17
       3310.8940   8.6410930e-17
       3313.2223   8.4820590e-17
       3315.5506   8.6871340e-17
       3317.8789   8.6424190e-17
       3320.2073   8.2839160e-17
       3322.5356   8.2286640e-17
       3324.8639   8.2023980e-17
       3327.1922   8.3880010e-17
       3329.5206   8.7161070e-17
       3331.8489   8.8378310e-17
       3334.1772   8.9739240e-17
       3336.5055   9.2299310e-17
       3338.8339   8.9951030e-17
       3341.1622   8.3810990e-17
       3343.4905   8.5409090e-17
       3345.8188   8.7826150e-17
       3348.1472   8.8267380e-17
       3350.4755   8.7516970e-17
       3352.8038   8.9027400e-17
       3355.1321   9.0976960e-17
       3357.4604   9.0699380e-17
       3359.7888   9.0973140e-17
       3362.1171   9.2139620e-17
       3364.4454   8.9457840e-17
       3366.7737   8.6677320e-17
       3369.1021   9.1324930e-17
       3371.4304   9.2158000e-17
       3373.7587   8.9876630e-17
       3376.0870   9.1699850e-17
       3378.4154   9.4399940e-17
       3380.7437   9.4219660e-17
       3383.0720   8.9258120e-17
       3385.4003   8.6915690e-17
       3387.7287   9.1567160e-17
       3390.0570   9.1699850e-17
       3392.3853   9.1567160e-17
       3394.7136   9.1567160e-17
       3397.0419   9.1699850e-17
       3399.3703   9.2158000e-17
       3401.6986   9.1699850e-17
       3404.0269   9.2170160e-17
       3406.3552   9.2170160e-17
       3408.6836   9.4737880e-17
       3411.0119   9.6555400e-17
       3413.3402   9.2939880e-17
       3415.6685   8.8908440e-17
       3417.9969   8.8706880e-17
       3420.3252   8.6290090e-17
       3422.6535   9.0307500e-17
       3424.9818   9.5033750e-17
       3427.3102   9.2705630e-17
       3429.6385   9.1459590e-17
       3431.9668   9.3245900e-17
       3434.2951   9.5060910e-17
       3436.6234   9.2196300e-17
       3438.9518   9.1930790e-17
       3441.2801   9.5868770e-17
       3443.6084   9.5553810e-17
       3445.9367   9.3388910e-17
       3448.2651   9.4578030e-17
       3450.5934   9.4142580e-17
       3452.9217   9.5979140e-17
       3455.2500   9.8385890e-17
       3457.5784   9.4475800e-17
       3459.9067   9.1780280e-17
       3462.2350   9.1292130e-17
       3464.5633   9.1425870e-17
       3466.8916   9.3064760e-17
       3469.2200   9.1955730e-17
       3471.5483   8.8843310e-17
       3473.8766   9.1675590e-17
       3476.2049   9.5259830e-17
       3478.5333   9.4845330e-17
       3480.8616   9.1088390e-17
       3483.1899   9.1387760e-17
       3485.5182   9.4676410e-17
       3487.8466   9.3307420e-17
       3490.1749   9.1093460e-17
       3492.5032   9.1871860e-17
       3494.8315   9.1436990e-17
       3497.1599   9.0453040e-17
       3499.4882   9.1364670e-17
       3501.8165   9.1408940e-17
       3504.1448   9.1340750e-17
       3506.4731   9.4685050e-17
       3508.8015   9.6971060e-17
       3511.1298   9.4933860e-17
       3513.4581   9.5666780e-17
       3515.7864   9.7313660e-17
       3518.1148   9.5894250e-17
       3520.4431   9.5042260e-17
       3522.7714   9.9209320e-17
       3525.0997   9.8224170e-17
       3527.4281   9.0282860e-17
       3529.7564   8.0728630e-17
       3532.0847   8.0072820e-17
       3534.4130   8.3129180e-17
       3536.7414   8.8040170e-17
       3539.0697   9.1600720e-17
       3541.3980   9.4629970e-17
       3543.7263   9.8398960e-17
       3546.0546   9.8084480e-17
       3548.3830   9.6637850e-17
       3550.7113   9.3188690e-17
       3553.0396   9.6846940e-17
       3555.3679   1.0150020e-16
       3557.6963   9.8939490e-17
       3560.0246   9.6103100e-17
       3562.3529   9.7566420e-17
       3564.6812   9.6392690e-17
       3567.0096   9.5638730e-17
       3569.3379   9.7881450e-17
       3571.6662   9.6440120e-17
       3573.9945   9.6820710e-17
       3576.3229   9.7652480e-17
       3578.6512   9.7599030e-17
       3580.9795   9.7957510e-17
       3583.3078   9.7034170e-17
       3585.6361   9.4506730e-17
       3587.9645   9.4501750e-17
       3590.2928   9.7326730e-17
       3592.6211   9.7940240e-17
       3594.9494   9.5717790e-17
       3597.2778   9.4580760e-17
       3599.6061   9.4988390e-17
       3601.9344   9.6301690e-17
       3604.2627   9.9745720e-17
       3606.5911   9.9580640e-17
       3608.9194   9.4835060e-17
       3611.2477   9.2758370e-17
       3613.5760   9.4627580e-17
       3615.9044   9.7517390e-17
       3618.2327   9.6550760e-17
       3620.5610   9.4994660e-17
       3622.8893   9.6985240e-17
       3625.2176   9.8687970e-17
       3627.5460   9.8043010e-17
       3629.8743   9.8249250e-17
       3632.2026   9.6156100e-17
       3634.5309   9.6270500e-17
       3636.8593   9.8517340e-17
       3639.1876   1.0120170e-16
       3641.5159   9.9737810e-17
       3643.8442   9.6785930e-17
       3646.1726   9.5781150e-17
       3648.5009   9.4019750e-17
       3650.8292   9.3911380e-17
       3653.1575   9.4131390e-17
       3655.4859   9.3669370e-17
       3657.8142   9.4858460e-17
       3660.1425   9.3781980e-17
       3662.4708   9.4952250e-17
       3664.7991   9.2970730e-17
       3667.1275   9.0193250e-17
       3669.4558   9.2521490e-17
       3671.7841   9.3533880e-17
       3674.1124   9.2660920e-17
       3676.4408   9.0564520e-17
       3678.7691   8.8823300e-17
       3681.0974   9.0736900e-17
       3683.4257   9.1289640e-17
       3685.7541   8.6518850e-17
       3688.0824   8.0358770e-17
       3690.4107   7.8238900e-17
       3692.7390   7.9922850e-17
       3695.0673   7.7547100e-17
       3697.3957   8.9097420e-17
       3699.7240   8.9097420e-17
       3702.0523   8.9097420e-17
       3704.3806   8.9097420e-17
       3706.7090   8.8823300e-17
       3709.0373   8.7580030e-17
       3711.3656   8.6734100e-17
       3713.6939   8.9803750e-17
       3716.0223   8.7580030e-17
       3718.3506   8.9097420e-17
       3720.6789   8.8823300e-17
       3723.0072   8.8823300e-17
       3725.3356   8.8823300e-17
       3727.6639   8.7912970e-17
       3729.9922   8.7912970e-17
       3732.3205   8.7857020e-17
       3734.6488   8.7580030e-17
       3736.9772   8.3737170e-17
       3739.3055   8.5518640e-17
       3741.6338   8.6201970e-17
       3743.9621   8.6780820e-17
       3746.2905   8.7912970e-17
       3748.6188   8.6649190e-17
       3750.9471   8.5215560e-17
       3753.2754   8.5694990e-17
       3755.6038   8.7857020e-17
       3757.9321   8.8012190e-17
       3760.2604   8.6294560e-17
       3762.5887   8.6228420e-17
       3764.9171   8.6381680e-17
       3767.2454   8.3910180e-17
       3769.5737   8.1955140e-17
       3771.9020   8.6258270e-17
       3774.2303   8.9382690e-17
       3776.5587   8.6985760e-17
       3778.8870   8.6170310e-17
       3781.2153   8.8439910e-17
       3783.5436   8.8476130e-17
       3785.8720   8.9676420e-17
       3788.2003   9.2057180e-17
       3790.5286   9.1417400e-17
       3792.8569   8.8814300e-17
       3795.1853   8.9491680e-17
       3797.5136   9.1529610e-17
       3799.8419   8.8731200e-17
       3802.1702   8.6947870e-17
       3804.4986   9.0518140e-17
       3806.8269   9.3990430e-17
       3809.1552   9.3131670e-17
       3811.4835   9.2736920e-17
       3813.8118   9.6211680e-17
       3816.1402   9.6683580e-17
       3818.4685   9.5371390e-17
       3820.7968   9.6908230e-17
       3823.1251   9.7607950e-17
       3825.4535   9.7974880e-17
       3827.7818   9.7181960e-17
       3830.1101   9.6114120e-17
       3832.4384   9.8975970e-17
       3834.7668   1.0205700e-16
       3837.0951   1.0453960e-16
       3839.4234   1.0571130e-16
       3841.7517   1.0404320e-16
       3844.0801   1.0031620e-16
       3846.4084   9.8878130e-17
       3848.7367   1.0048620e-16
       3851.0650   1.0072400e-16
       3853.3933   1.0316570e-16
       3855.7217   1.0609180e-16
       3858.0500   1.0643080e-16
       3860.3783   1.0639170e-16
       3862.7066   1.0642020e-16
       3865.0350   1.1289140e-16
       3867.3633   1.2053590e-16
       3869.6916   1.2419840e-16
       3872.0199   1.1995070e-16
       3874.3483   1.1206760e-16
       3876.6766   1.1015180e-16
       3879.0049   1.1114130e-16
       3881.3332   1.1382870e-16
       3883.6615   1.1469250e-16
       3885.9899   1.1312670e-16
       3888.3182   1.1586160e-16
       3890.6465   1.1970930e-16
       3892.9748   1.1706520e-16
       3895.3032   1.1249120e-16
       3897.6315   1.1311630e-16
       3899.9598   1.1555640e-16
       3902.2881   1.1417490e-16
       3904.6165   1.1350830e-16
       3906.9448   1.1366040e-16
       3909.2731   1.1452980e-16
       3911.6014   1.1656960e-16
       3913.9298   1.1745720e-16
       3916.2581   1.1782230e-16
       3918.5864   1.1935440e-16
       3920.9147   1.1867860e-16
       3923.2430   1.1737100e-16
       3925.5714   1.1723490e-16
       3927.8997   1.1625550e-16
       3930.2280   1.1546710e-16
       3932.5563   1.1598600e-16
       3934.8847   1.1612740e-16
       3937.2130   1.1671970e-16
       3939.5413   1.1999040e-16
       3941.8696   1.2059220e-16
       3944.1980   1.1967140e-16
       3946.5263   1.2131000e-16
       3948.8546   1.2265380e-16
       3951.1829   1.2081020e-16
       3953.5113   1.1932120e-16
       3955.8396   1.1805230e-16
       3958.1679   1.1649330e-16
       3960.4962   1.1548010e-16
       3962.8245   1.1546570e-16
       3965.1529   1.1757190e-16
       3967.4812   1.2154720e-16
       3969.8095   1.2285170e-16
       3972.1378   1.2000190e-16
       3974.4662   1.1652710e-16
       3976.7945   1.1406110e-16
       3979.1228   1.1192740e-16
       3981.4511   1.1190200e-16
       3983.7795   1.1212910e-16
       3986.1078   1.1169390e-16
       3988.4361   1.1109810e-16
       3990.7644   1.1252870e-16
       3993.0928   1.1054240e-16
       3995.4211   1.0942180e-16
       3997.7494   1.0957400e-16
       4000.0777   1.0751900e-16
       4002.4060   1.0627940e-16
       4004.7344   1.0765950e-16
       4007.0627   1.0661070e-16
       4009.3910   1.0586860e-16
       4011.7193   1.0525770e-16
       4014.0477   1.0495120e-16
       4016.3760   1.0564810e-16
       4018.7043   1.0669210e-16
       4021.0326   1.0678080e-16
       4023.3610   1.0736110e-16
       4025.6893   1.0806950e-16
       4028.0176   1.0575440e-16
       4030.3459   1.0425540e-16
       4032.6743   1.0536020e-16
       4035.0026   1.0511090e-16
       4037.3309   1.0543150e-16
       4039.6592   1.0746360e-16
       4041.9875   1.0706630e-16
       4044.3159   1.0556600e-16
       4046.6442   1.0608760e-16
       4048.9725   1.0508980e-16
       4051.3008   1.0304450e-16
       4053.6292   1.0334770e-16
       4055.9575   1.0342350e-16
       4058.2858   1.0424760e-16
       4060.6141   1.0457520e-16
       4062.9425   1.0474470e-16
       4065.2708   1.0471090e-16
       4067.5991   1.0315050e-16
       4069.9274   1.0649930e-16
       4072.2558   1.0551430e-16
       4074.5841   1.0363480e-16
       4076.9124   1.0553170e-16
       4079.2407   1.0484250e-16
       4081.5690   1.0133290e-16
       4083.8974   1.0384530e-16
       4086.2257   1.0347270e-16
       4088.5540   1.0051220e-16
       4090.8823   1.0048860e-16
       4093.2107   1.0197590e-16
       4095.5390   1.0581920e-16
       4097.8673   1.0629900e-16
       4100.1956   1.0726490e-16
       4102.5240   1.1153460e-16
       4104.8523   1.1124810e-16
       4107.1806   1.0538490e-16
       4109.5089   1.0336100e-16
       4111.8372   1.0312710e-16
       4114.1656   1.0186450e-16
       4116.4939   9.8612040e-17
       4118.8222   9.7805930e-17
       4121.1505   9.9239180e-17
       4123.4789   9.9031640e-17
       4125.8072   9.9297850e-17
       4128.1355   9.9675290e-17
       4130.4638   9.7922920e-17
       4132.7922   9.5579820e-17
       4135.1205   9.4769760e-17
       4137.4488   9.7446290e-17
       4139.7771   9.9872500e-17
       4142.1055   9.8543120e-17
       4144.4338   9.7777410e-17
       4146.7621   9.7903990e-17
       4149.0904   9.7510140e-17
       4151.4187   9.8628380e-17
       4153.7471   9.9172980e-17
       4156.0754   9.7332390e-17
       4158.4037   9.4813080e-17
       4160.7320   9.2544850e-17
       4163.0604   9.2491080e-17
       4165.3887   9.5433870e-17
       4167.7170   9.6814360e-17
       4170.0453   9.7240180e-17
       4172.3737   9.7936810e-17
       4174.7020   9.9186800e-17
       4177.0303   1.0132440e-16
       4179.3586   1.0160570e-16
       4181.6870   1.0053830e-16
       4184.0153   9.8288480e-17
       4186.3436   9.7714240e-17
       4188.6719   9.9204350e-17
       4191.0002   9.8948560e-17
       4193.3286   9.7771000e-17
       4195.6569   9.6473810e-17
       4197.9852   9.5833200e-17
       4200.3135   9.4531440e-17
       4202.6419   9.3879420e-17
       4204.9702   9.5652410e-17
       4207.2985   9.6881890e-17
       4209.6268   9.5607260e-17
       4211.9552   9.5607330e-17
       4214.2835   9.5928580e-17
       4216.6118   9.6566770e-17
       4218.9401   9.5996950e-17
       4221.2685   9.5824940e-17
       4223.5968   9.6346390e-17
       4225.9251   9.5646460e-17
       4228.2534   9.3739030e-17
       4230.5817   9.3117680e-17
       4232.9101   9.3542280e-17
       4235.2384   9.1873120e-17
       4237.5667   9.0545470e-17
       4239.8950   9.2515840e-17
       4242.2234   9.4175560e-17
       4244.5517   9.2759770e-17
       4246.8800   9.1119890e-17
       4249.2083   9.2909860e-17
       4251.5367   9.4670310e-17
       4253.8650   9.3127720e-17
       4256.1933   9.0833110e-17
       4258.5216   8.9293230e-17
       4260.8500   8.9126890e-17
       4263.1783   8.8669040e-17
       4265.5066   8.9368040e-17
       4267.8349   9.2768710e-17
       4270.1632   9.2478010e-17
       4272.4916   8.9396570e-17
       4274.8199   8.9323370e-17
       4277.1482   9.1147120e-17
       4279.4765   9.1510240e-17
       4281.8049   9.0214260e-17
       4284.1332   8.8200220e-17
       4286.4615   8.6315190e-17
       4288.7898   8.6953600e-17
       4291.1182   8.9282210e-17
       4293.4465   8.7828730e-17
       4295.7748   8.7220820e-17
       4298.1031   8.9155260e-17
       4300.4314   9.0740750e-17
       4302.7598   8.9869570e-17
       4305.0881   8.9306820e-17
       4307.4164   8.9198300e-17
       4309.7447   8.7838760e-17
       4312.0731   8.7187440e-17
       4314.4014   8.8965680e-17
       4316.7297   9.0543950e-17
       4319.0580   8.9002010e-17
       4321.3864   8.7601430e-17
       4323.7147   8.6635870e-17
       4326.0430   8.6265770e-17
       4328.3713   8.5831160e-17
       4330.6997   8.6499530e-17
       4333.0280   8.9351020e-17
       4335.3563   8.9032680e-17
       4337.6846   8.9032680e-17
       4340.0129   8.9032680e-17
       4342.3413   8.9032680e-17
       4344.6696   8.9032680e-17
       4346.9979   8.9032680e-17
       4349.3262   8.9351020e-17
       4351.6546   8.9764880e-17
       4353.9829   8.7483190e-17
       4356.3112   8.5793250e-17
       4358.6395   8.8453900e-17
       4360.9679   9.1664800e-17
       4363.2962   9.2519000e-17
       4365.6245   9.0565070e-17
       4367.9528   8.7667410e-17
       4370.2812   8.7578040e-17
       4372.6095   8.8851740e-17
       4374.9378   8.9605020e-17
       4377.2661   8.9797320e-17
       4379.5944   9.0293710e-17
       4381.9228   8.9916820e-17
       4384.2511   8.8844390e-17
       4386.5794   8.7345300e-17
       4388.9077   8.9774700e-17
       4391.2361   9.1375960e-17
       4393.5644   9.2787500e-17
       4395.8927   9.4948100e-17
       4398.2210   9.3951610e-17
       4400.5494   9.3226270e-17
       4402.8777   9.2065460e-17
       4405.2060   9.3977010e-17
       4407.5343   9.4469540e-17
       4409.8627   9.6556960e-17
       4412.1910   9.8654940e-17
       4414.5193   9.7018330e-17
       4416.8476   9.8366660e-17
       4419.1759   9.8163590e-17
       4421.5043   9.7394470e-17
       4423.8326   9.7644480e-17
       4426.1609   1.0057100e-16
       4428.4892   1.0356510e-16
       4430.8176   1.0467880e-16
       4433.1459   1.0291780e-16
       4435.4742   1.0310870e-16
       4437.8025   1.0308860e-16
       4440.1309   1.0504260e-16
       4442.4592   1.0579010e-16
       4444.7875   1.0430300e-16
       4447.1158   1.0464950e-16
       4449.4442   1.0460010e-16
       4451.7725   1.0667950e-16
       4454.1008   1.0952260e-16
       4456.4291   1.0884940e-16
       4458.7574   1.0728620e-16
       4461.0858   1.0764890e-16
       4463.4141   1.0910200e-16
       4465.7424   1.0910450e-16
       4468.0707   1.0883880e-16
       4470.3991   1.1093910e-16
       4472.7274   1.1341800e-16
       4475.0557   1.1229040e-16
       4477.3840   1.0979350e-16
       4479.7124   1.1087170e-16
       4482.0407   1.1310670e-16
       4484.3690   1.1411900e-16
       4486.6973   1.1323010e-16
       4489.0256   1.1242790e-16
       4491.3540   1.1354200e-16
       4493.6823   1.1380290e-16
       4496.0106   1.1228840e-16
       4498.3389   1.1125400e-16
       4500.6673   1.1241200e-16
       4502.9956   1.1313700e-16
       4505.3239   1.1275760e-16
       4507.6522   1.1532390e-16
       4509.9806   1.1644460e-16
       4512.3089   1.1864310e-16
       4514.6372   1.2085880e-16
       4516.9655   1.2052310e-16
       4519.2939   1.2044030e-16
       4521.6222   1.2104780e-16
       4523.9505   1.1894210e-16
       4526.2788   1.2049650e-16
       4528.6071   1.1948690e-16
       4530.9355   1.1733600e-16
       4533.2638   1.1596320e-16
       4535.5921   1.1745050e-16
       4537.9204   1.2142590e-16
       4540.2488   1.1960260e-16
       4542.5771   1.1845110e-16
       4544.9054   1.1917270e-16
       4547.2337   1.1805770e-16
       4549.5621   1.1782320e-16
       4551.8904   1.1854720e-16
       4554.2187   1.2128710e-16
       4556.5470   1.2032960e-16
       4558.8754   1.1822590e-16
       4561.2037   1.1747330e-16
       4563.5320   1.1771790e-16
       4565.8603   1.1797710e-16
       4568.1886   1.1745530e-16
       4570.5170   1.1673980e-16
       4572.8453   1.1584720e-16
       4575.1736   1.1419290e-16
       4577.5019   1.1370020e-16
       4579.8303   1.1353800e-16
       4582.1586   1.1317880e-16
       4584.4869   1.1329770e-16
       4586.8152   1.1143580e-16
       4589.1436   1.1090850e-16
       4591.4719   1.1161970e-16
       4593.8002   1.1001270e-16
       4596.1285   1.1237730e-16
       4598.4569   1.1387220e-16
       4600.7852   1.1123060e-16
       4603.1135   1.0945200e-16
       4605.4418   1.0968230e-16
       4607.7701   1.1035700e-16
       4610.0985   1.0994510e-16
       4612.4268   1.0913260e-16
       4614.7551   1.0797510e-16
       4617.0834   1.0681570e-16
       4619.4118   1.0774010e-16
       4621.7401   1.0807250e-16
       4624.0684   1.0926310e-16
       4626.3967   1.0922070e-16
       4628.7251   1.0728970e-16
       4631.0534   1.0600240e-16
       4633.3817   1.0556650e-16
       4635.7100   1.0525700e-16
       4638.0384   1.0346350e-16
       4640.3667   1.0359230e-16
       4642.6950   1.0472480e-16
       4645.0233   1.0461830e-16
       4647.3516   1.0337920e-16
       4649.6800   1.0225230e-16
       4652.0083   1.0458190e-16
       4654.3366   1.0659110e-16
       4656.6649   1.0437510e-16
       4658.9933   1.0324360e-16
       4661.3216   1.0274590e-16
       4663.6499   1.0257630e-16
       4665.9782   1.0198000e-16
       4668.3066   9.8561740e-17
       4670.6349   9.7349420e-17
       4672.9632   1.0083260e-16
       4675.2915   1.0231390e-16
       4677.6199   1.0198900e-16
       4679.9482   1.0194500e-16
       4682.2765   1.0082330e-16
       4684.6048   1.0061530e-16
       4686.9331   1.0134200e-16
       4689.2615   1.0013310e-16
       4691.5898   1.0012640e-16
       4693.9181   9.9739010e-17
       4696.2464   9.9197950e-17
       4698.5748   9.9197950e-17
       4700.9031   9.9197950e-17
       4703.2314   9.9044420e-17
       4705.5597   9.8688680e-17
       4707.8881   9.9739010e-17
       4710.2164   1.0019190e-16
       4712.5447   1.0012640e-16
       4714.8730   9.8821610e-17
       4717.2013   9.8311320e-17
       4719.5297   9.7110650e-17
       4721.8580   9.6606340e-17
       4724.1863   9.6507550e-17
       4726.5146   9.6301620e-17
       4728.8430   9.6025420e-17
       4731.1713   9.5566720e-17
       4733.4996   9.8103540e-17
       4735.8279   9.8778840e-17
       4738.1563   9.6891540e-17
       4740.4846   9.7552370e-17
       4742.8129   9.8704300e-17
       4745.1412   9.8160680e-17
       4747.4696   9.7741490e-17
       4749.7979   9.8165250e-17
       4752.1262   9.7845730e-17
       4754.4545   9.7531150e-17
       4756.7828   9.9223850e-17
       4759.1112   1.0085030e-16
       4761.4395   1.0023450e-16
       4763.7678   9.8765540e-17
       4766.0961   9.9143100e-17
       4768.4245   9.9893250e-17
       4770.7528   9.9867550e-17
       4773.0811   1.0037620e-16
       4775.4094   1.0055110e-16
       4777.7378   9.9274500e-17
       4780.0661   9.8125840e-17
       4782.3944   9.9006700e-17
       4784.7227   1.0073090e-16
       4787.0511   1.0147760e-16
       4789.3794   9.9533640e-17
       4791.7077   9.7751380e-17
       4794.0360   9.8286880e-17
       4796.3643   9.7310490e-17
       4798.6927   9.6190410e-17
       4801.0210   9.6412140e-17
       4803.3493   9.6951390e-17
       4805.6776   9.6415940e-17
       4808.0060   9.6668190e-17
       4810.3343   9.8584850e-17
       4812.6626   9.8743990e-17
       4814.9909   9.6958470e-17
       4817.3193   9.7705590e-17
       4819.6476   9.7918250e-17
       4821.9759   9.8200040e-17
       4824.3042   9.7052450e-17
       4826.6326   9.5933680e-17
       4828.9609   9.6686970e-17
       4831.2892   9.5507750e-17
       4833.6175   9.4403390e-17
       4835.9458   9.4835770e-17
       4838.2742   9.5747040e-17
       4840.6025   9.6230400e-17
       4842.9308   9.6061310e-17
       4845.2591   9.6602270e-17
       4847.5875   9.5762740e-17
       4849.9158   9.4914620e-17
       4852.2441   9.6068090e-17
       4854.5724   9.6686970e-17
       4856.9008   9.6686970e-17
       4859.2291   9.6602270e-17
       4861.5574   9.6602270e-17
       4863.8857   9.6621820e-17
       4866.2141   9.6621820e-17
       4868.5424   9.6621820e-17
       4870.8707   9.6621820e-17
       4873.1990   9.8839010e-17
       4875.5273   9.7058430e-17
       4877.8557   9.7351730e-17
       4880.1840   9.7031300e-17
       4882.5123   9.5881770e-17
       4884.8406   9.5105410e-17
       4887.1690   9.4012970e-17
       4889.4973   9.5507600e-17
       4891.8256   9.6621820e-17
       4894.1539   9.4369630e-17
       4896.4823   9.2492810e-17
       4898.8106   9.2437740e-17
       4901.1389   9.3585370e-17
       4903.4672   9.4279650e-17
       4905.7955   9.2881690e-17
       4908.1239   9.1898670e-17
       4910.4522   9.3526990e-17
       4912.7805   9.5103970e-17
       4915.1088   9.5064880e-17
       4917.4372   9.3846880e-17
       4919.7655   9.2879310e-17
       4922.0938   9.2837200e-17
       4924.4221   9.3023910e-17
       4926.7505   9.2385810e-17
       4929.0788   9.0887200e-17
       4931.4071   9.0359560e-17
       4933.7354   9.0323210e-17
       4936.0638   9.0974890e-17
       4938.3921   9.0875230e-17
       4940.7204   9.0436170e-17
       4943.0487   8.9760450e-17
       4945.3770   8.8726050e-17
       4947.7054   8.8330090e-17
       4950.0337   9.0504460e-17
       4952.3620   9.0686700e-17
       4954.6903   9.0504460e-17
       4957.0187   9.0436170e-17
       4959.3470   9.0359560e-17
       4961.6753   9.0323210e-17
       4964.0036   9.0067440e-17
       4966.3320   8.9851630e-17
       4968.6603   8.9851630e-17
       4970.9886   8.9851630e-17
       4973.3169   8.9851630e-17
       4975.6453   8.9851630e-17
       4977.9736   8.9851630e-17
       4980.3019   8.9851630e-17
       4982.6302   8.9851630e-17
       4984.9585   8.9851630e-17
       4987.2869   8.9851630e-17
       4989.6152   8.9851630e-17
       4991.9435   8.9851630e-17
       4994.2718   8.9851630e-17
       4996.6002   8.9851630e-17
       4998.9285   8.9851630e-17
       5001.2568   8.9851630e-17
       5003.5851   8.9851630e-17
       5005.9135   8.9851630e-17
       5008.2418   8.9851630e-17
       5010.5701   8.9870380e-17
       5012.8984   8.9870380e-17
       5015.2268   8.9870380e-17
       5017.5551   8.9851630e-17
       5019.8834   9.0545660e-17
       5022.2117   8.8479690e-17
       5024.5400   8.7846870e-17
       5026.8684   8.9217400e-17
       5029.1967   8.9989480e-17
       5031.5250   8.9248220e-17
       5033.8533   8.9075080e-17
       5036.1817   8.9464440e-17
       5038.5100   8.9870380e-17
       5040.8383   8.8011840e-17
       5043.1666   8.7179300e-17
       5045.4950   8.7644190e-17
       5047.8233   8.8666300e-17
       5050.1516   8.7935930e-17
       5052.4799   8.7961560e-17
       5054.8083   8.9850640e-17
       5057.1366   9.1082560e-17
       5059.4649   9.1146930e-17
       5061.7932   9.1087750e-17
       5064.1215   8.8992860e-17
       5066.4499   8.9378040e-17
       5068.7782   9.1300230e-17
       5071.1065   9.0558220e-17
       5073.4348   9.0667460e-17
       5075.7632   9.0688810e-17
       5078.0915   9.2127330e-17
       5080.4198   9.2965070e-17
       5082.7481   9.0745090e-17
       5085.0765   9.0320940e-17
       5087.4048   9.1745760e-17
       5089.7331   9.2084460e-17
       5092.0614   9.2150650e-17
       5094.3898   9.1873340e-17
       5096.7181   9.2179170e-17
       5099.0464   9.3960010e-17
       5101.3747   9.4085250e-17
       5103.7030   9.2189550e-17
       5106.0314   9.0523340e-17
       5108.3597   8.8093080e-17
       5110.6880   8.6230680e-17
       5113.0163   8.7266370e-17
       5115.3447   8.8223390e-17
       5117.6730   8.8792490e-17
       5120.0013   8.9290990e-17
       5122.3296   9.0271980e-17
       5124.6580   9.1856300e-17
       5126.9863   9.1727490e-17
       5129.3146   9.0731500e-17
       5131.6429   9.2728770e-17
       5133.9712   9.5575080e-17
       5136.2996   9.6010770e-17
       5138.6279   9.5347420e-17
       5140.9562   9.5179510e-17
       5143.2845   9.5842590e-17
       5145.6129   9.4015630e-17
       5147.9412   9.2399260e-17
       5150.2695   9.2973760e-17
       5152.5978   9.2971400e-17
       5154.9262   9.3181980e-17
       5157.2545   9.2916460e-17
       5159.5828   9.4170450e-17
       5161.9111   9.5359250e-17
       5164.2395   9.5245290e-17
       5166.5678   9.6412820e-17
       5168.8961   9.8779760e-17
       5171.2244   1.0043900e-16
       5173.5527   1.0047930e-16
       5175.8811   9.8689930e-17
       5178.2094   9.6235530e-17
       5180.5377   9.5758290e-17
       5182.8660   9.6154540e-17
       5185.1944   9.6305890e-17
       5187.5227   9.8399490e-17
       5189.8510   1.0060280e-16
       5192.1793   1.0018280e-16
       5194.5077   9.9201610e-17
       5196.8360   9.9066490e-17
       5199.1643   9.8534280e-17
       5201.4926   9.7230070e-17
       5203.8210   9.7914320e-17
       5206.1493   1.0005630e-16
       5208.4776   1.0062770e-16
       5210.8059   1.0104160e-16
       5213.1342   1.0224190e-16
       5215.4626   1.0175600e-16
       5217.7909   1.0113660e-16
       5220.1192   1.0054220e-16
       5222.4475   1.0015620e-16
       5224.7759   1.0063760e-16
       5227.1042   1.0086130e-16
       5229.4325   1.0059140e-16
       5231.7608   9.9873980e-17
       5234.0892   9.9351640e-17
       5236.4175   1.0170570e-16
       5238.7458   1.0412940e-16
       5241.0741   1.0439300e-16
       5243.4025   1.0429190e-16
       5245.7308   1.0392940e-16
       5248.0591   1.0398770e-16
       5250.3874   1.0360480e-16
       5252.7157   1.0365850e-16
       5255.0441   1.0422250e-16
       5257.3724   1.0406840e-16
       5259.7007   1.0388680e-16
       5262.0290   1.0333520e-16
       5264.3574   1.0263630e-16
       5266.6857   1.0248900e-16
       5269.0140   1.0278470e-16
       5271.3423   1.0387140e-16
       5273.6707   1.0346410e-16
       5275.9990   1.0326320e-16
       5278.3273   1.0282560e-16
       5280.6556   1.0215270e-16
       5282.9840   1.0355250e-16
       5285.3123   1.0274260e-16
       5287.6406   1.0131760e-16
       5289.9689   1.0068840e-16
       5292.2972   1.0149950e-16
       5294.6256   1.0207390e-16
       5296.9539   1.0178460e-16
       5299.2822   1.0169540e-16
       5301.6105   1.0353470e-16
       5303.9389   1.0434650e-16
       5306.2672   1.0250780e-16
       5308.5955   1.0127330e-16
       5310.9238   1.0164850e-16
       5313.2522   1.0241360e-16
       5315.5805   1.0284190e-16
       5317.9088   1.0309070e-16
       5320.2371   1.0385710e-16
       5322.5654   1.0414530e-16
       5324.8938   1.0352490e-16
       5327.2221   1.0290920e-16
       5329.5504   1.0318930e-16
       5331.8787   1.0319100e-16
       5334.2071   1.0209980e-16
       5336.5354   1.0238520e-16
       5338.8637   1.0370090e-16
       5341.1920   1.0371890e-16
       5343.5204   1.0373790e-16
       5345.8487   1.0427250e-16
       5348.1770   1.0513750e-16
       5350.5053   1.0654800e-16
       5352.8337   1.0609240e-16
       5355.1620   1.0430770e-16
       5357.4903   1.0450480e-16
       5359.8186   1.0467740e-16
       5362.1469   1.0409340e-16
       5364.4753   1.0468790e-16
       5366.8036   1.0578880e-16
       5369.1319   1.0693520e-16
       5371.4602   1.0788160e-16
       5373.7886   1.0738890e-16
       5376.1169   1.0652110e-16
       5378.4452   1.0585820e-16
       5380.7735   1.0541090e-16
       5383.1019   1.0514750e-16
       5385.4302   1.0577910e-16
       5387.7585   1.0710180e-16
       5390.0868   1.0796110e-16
       5392.4152   1.0576420e-16
       5394.7435   1.0526720e-16
       5397.0718   1.0645600e-16
       5399.4001   1.0592940e-16
       5401.7284   1.0470160e-16
       5404.0568   1.0446980e-16
       5406.3851   1.0524340e-16
       5408.7134   1.0537690e-16
       5411.0417   1.0566570e-16
       5413.3701   1.0583360e-16
       5415.6984   1.0483960e-16
       5418.0267   1.0480830e-16
       5420.3550   1.0556010e-16
       5422.6834   1.0544430e-16
       5425.0117   1.0405740e-16
       5427.3400   1.0289270e-16
       5429.6683   1.0282210e-16
       5431.9967   1.0379090e-16
       5434.3250   1.0392280e-16
       5436.6533   1.0256360e-16
       5438.9816   1.0256360e-16
       5441.3099   1.0196500e-16
       5443.6383   1.0175540e-16
       5445.9666   1.0139850e-16
       5448.2949   1.0087970e-16
       5450.6232   1.0081290e-16
       5452.9516   1.0078910e-16
       5455.2799   1.0019230e-16
       5457.6082   9.9298050e-17
       5459.9365   9.9178820e-17
       5462.2649   1.0081290e-16
       5464.5932   1.0270060e-16
       5466.9215   1.0175540e-16
       5469.2498   1.0087970e-16
       5471.5782   1.0078910e-16
       5473.9065   1.0055230e-16
       5476.2348   9.9622480e-17
       5478.5631   9.9022780e-17
       5480.8914   9.8319090e-17
       5483.2198   9.8988850e-17
       5485.5481   1.0011370e-16
       5487.8764   1.0013120e-16
       5490.2047   9.9097260e-17
       5492.5331   9.8562570e-17
       5494.8614   9.6954620e-17
       5497.1897   9.6437130e-17
       5499.5180   9.7152820e-17
       5501.8464   9.8545790e-17
       5504.1747   9.8044650e-17
       5506.5030   9.6581730e-17
       5508.8313   9.7750710e-17
       5511.1597   9.7801420e-17
       5513.4880   9.7692940e-17
       5515.8163   9.9509280e-17
       5518.1446   9.8837160e-17
       5520.4729   9.6564930e-17
       5522.8013   9.6088230e-17
       5525.1296   9.6843280e-17
       5527.4579   9.7676500e-17
       5529.7862   9.6924310e-17
       5532.1146   9.7135610e-17
       5534.4429   9.8857610e-17
       5536.7712   9.9691090e-17
       5539.0995   1.0041900e-16
       5541.4279   9.9887410e-17
       5543.7562   9.7943920e-17
       5546.0845   9.7211280e-17
       5548.4128   9.6828140e-17
       5550.7411   9.7506050e-17
       5553.0695   9.8113130e-17
       5555.3978   9.7597600e-17
       5557.7261   9.7790370e-17
       5560.0544   9.7109210e-17
       5562.3828   9.6274940e-17
       5564.7111   9.6802290e-17
       5567.0394   9.7251060e-17
       5569.3677   9.6287260e-17
       5571.6961   9.5830990e-17
       5574.0244   9.5715270e-17
       5576.3527   9.4672830e-17
       5578.6810   9.3943520e-17
       5581.0094   9.3615500e-17
       5583.3377   9.4277470e-17
       5585.6660   9.4337370e-17
       5587.9943   9.3445830e-17
       5590.3226   9.3496760e-17
       5592.6510   9.3713550e-17
       5594.9793   9.2794920e-17
       5597.3076   9.3229030e-17
       5599.6359   9.5138250e-17
       5601.9643   9.5645050e-17
       5604.2926   9.4733460e-17
       5606.6209   9.4199460e-17
       5608.9492   9.3194980e-17
       5611.2776   9.2289720e-17
       5613.6059   9.1455420e-17
       5615.9342   9.1304860e-17
       5618.2625   9.1583750e-17
       5620.5909   9.0369640e-17
       5622.9192   8.9917050e-17
       5625.2475   9.0719270e-17
       5627.5758   8.9991760e-17
       5629.9041   8.9343820e-17
       5632.2325   8.9293540e-17
       5634.5608   8.9195080e-17
       5636.8891   8.9871070e-17
       5639.2174   8.9874530e-17
       5641.5458   8.9344540e-17
       5643.8741   8.9089940e-17
       5646.2024   8.8609980e-17
       5648.5307   8.8781020e-17
       5650.8591   8.9526380e-17
       5653.1874   8.9633650e-17
       5655.5157   8.8083610e-17
       5657.8440   8.6670200e-17
       5660.1724   8.7285570e-17
       5662.5007   8.6733040e-17
       5664.8290   8.4636800e-17
       5667.1573   8.3270510e-17
       5669.4856   8.3792570e-17
       5671.8140   8.4940050e-17
       5674.1423   8.6172160e-17
       5676.4706   8.6743270e-17
       5678.7989   8.6723940e-17
       5681.1273   8.6622920e-17
       5683.4556   8.6647390e-17
       5685.7839   8.5688140e-17
       5688.1122   8.5662100e-17
       5690.4406   8.7146720e-17
       5692.7689   8.6604380e-17
       5695.0972   8.5735960e-17
       5697.4255   8.6060410e-17
       5699.7539   8.5918500e-17
       5702.0822   8.4544620e-17
       5704.4105   8.3336000e-17
       5706.7388   8.3106210e-17
       5709.0671   8.2755170e-17
       5711.3955   8.3786920e-17
       5713.7238   8.3831550e-17
       5716.0521   8.3602910e-17
       5718.3804   8.3402800e-17
       5720.7088   8.3784980e-17
       5723.0371   8.3588360e-17
       5725.3654   8.2301160e-17
       5727.6937   8.2225560e-17
       5730.0221   8.2869960e-17
       5732.3504   8.2620880e-17
       5734.6787   8.0952060e-17
       5737.0070   7.9589310e-17
       5739.3353   7.8988880e-17
       5741.6637   7.8920810e-17
       5743.9920   7.8816120e-17
       5746.3203   7.9383110e-17
       5748.6486   8.0734930e-17
       5750.9770   8.2703170e-17
       5753.3053   8.1947630e-17
       5755.6336   7.9682130e-17
       5757.9619   7.9642090e-17
       5760.2903   7.9782520e-17
       5762.6186   7.9005310e-17
       5764.9469   7.9049650e-17
       5767.2752   7.9626810e-17
       5769.6036   7.9836510e-17
       5771.9319   7.9424230e-17
       5774.2602   7.9164770e-17
       5776.5885   7.9167520e-17
       5778.9168   7.9504250e-17
       5781.2452   7.9968050e-17
       5783.5735   8.1155230e-17
       5785.9018   8.0858960e-17
       5788.2301   7.9247180e-17
       5790.5585   7.8249210e-17
       5792.8868   7.7321430e-17
       5795.2151   7.6900030e-17
       5797.5434   7.8067590e-17
       5799.8718   7.9294080e-17
       5802.2001   7.8613580e-17
       5804.5284   7.8428810e-17
       5806.8567   7.9348330e-17
       5809.1851   7.9491270e-17
       5811.5134   7.8726610e-17
       5813.8417   7.7541240e-17
       5816.1700   7.8574440e-17
       5818.4983   7.9796640e-17
       5820.8267   7.8772300e-17
       5823.1550   7.7763850e-17
       5825.4833   7.8382090e-17
       5827.8116   7.9197970e-17
       5830.1400   7.9404560e-17
       5832.4683   7.8730810e-17
       5834.7966   7.8756630e-17
       5837.1249   7.8921980e-17
       5839.4533   7.8409980e-17
       5841.7816   7.8622640e-17
       5844.1099   7.9620580e-17
       5846.4382   8.0416410e-17
       5848.7666   7.9740420e-17
       5851.0949   7.8789500e-17
       5853.4232   7.9259100e-17
       5855.7515   7.9833830e-17
       5858.0798   7.9409630e-17
       5860.4082   7.8220260e-17
       5862.7365   7.7387890e-17
       5865.0648   7.6620730e-17
       5867.3931   7.7229080e-17
       5869.7215   7.8744760e-17
       5872.0498   7.9570510e-17
       5874.3781   8.0206670e-17
       5876.7064   8.0780630e-17
       5879.0348   8.1985780e-17
       5881.3631   8.0773640e-17
       5883.6914   7.7583860e-17
       5886.0197   7.6422910e-17
       5888.3481   7.6021690e-17
       5890.6764   7.6418060e-17
       5893.0047   7.6837730e-17
       5895.3330   7.6987690e-17
       5897.6613   7.7096320e-17
       5899.9897   7.6714950e-17
       5902.3180   7.6465590e-17
       5904.6463   7.6242600e-17
       5906.9746   7.5987860e-17
       5909.3030   7.6050030e-17
       5911.6313   7.5875330e-17
       5913.9596   7.5243370e-17
       5916.2879   7.5869760e-17
       5918.6163   7.6915800e-17
       5920.9446   7.6422500e-17
       5923.2729   7.6338730e-17
       5925.6012   7.6563110e-17
       5927.9295   7.5946350e-17
       5930.2579   7.5537350e-17
       5932.5862   7.5627540e-17
       5934.9145   7.7135130e-17
       5937.2428   7.7818840e-17
       5939.5712   7.7013620e-17
       5941.8995   7.5811630e-17
       5944.2278   7.4906480e-17
       5946.5561   7.5202800e-17
       5948.8845   7.4350690e-17
       5951.2128   7.4128470e-17
       5953.5411   7.6272580e-17
       5955.8694   7.6896970e-17
       5958.1978   7.5504410e-17
       5960.5261   7.5177310e-17
       5962.8544   7.5966770e-17
       5965.1827   7.5871650e-17
       5967.5110   7.5621160e-17
       5969.8394   7.4966040e-17
       5972.1677   7.3774930e-17
       5974.4960   7.2980850e-17
       5976.8243   7.3454230e-17
       5979.1527   7.3693340e-17
       5981.4810   7.2915370e-17
       5983.8093   7.2751270e-17
       5986.1376   7.2542840e-17
       5988.4660   7.0725030e-17
       5990.7943   6.8617190e-17
       5993.1226   6.9992180e-17
       5995.4509   7.3907840e-17
       5997.7793   7.5392400e-17
       6000.1076   7.4887650e-17
       6002.4359   7.3842560e-17
       6004.7642   7.5672180e-17
       6007.0925   7.8733790e-17
       6009.4209   7.7555050e-17
       6011.7492   7.1614980e-17
       6014.0775   6.6196450e-17
       6016.4058   6.4801220e-17
       6018.7342   6.6824710e-17
       6021.0625   6.7596110e-17
       6023.3908   7.0562180e-17
       6025.7191   7.0562180e-17
       6028.0475   7.0562180e-17
       6030.3758   7.0562180e-17
       6032.7041   7.0562180e-17
       6035.0324   7.0562180e-17
       6037.3608   7.0562180e-17
       6039.6891   7.0562180e-17
       6042.0174   7.0434890e-17
       6044.3457   7.0997240e-17
       6046.6740   7.1520090e-17
       6049.0024   7.1787560e-17
       6051.3307   7.2418860e-17
       6053.6590   7.1946830e-17
       6055.9873   7.1437610e-17
       6058.3157   7.2323360e-17
       6060.6440   7.3222490e-17
       6062.9723   7.2707510e-17
       6065.3006   7.1507470e-17
       6067.6290   7.0594720e-17
       6069.9573   7.0891580e-17
       6072.2856   7.0154300e-17
       6074.6139   6.9567490e-17
       6076.9423   7.0702610e-17
       6079.2706   7.1426520e-17
       6081.5989   7.0109270e-17
       6083.9272   6.8972620e-17
       6086.2555   7.0162220e-17
       6088.5839   7.1656330e-17
       6090.9122   7.1473170e-17
       6093.2405   7.1006930e-17
       6095.5688   7.2069830e-17
       6097.8972   7.2796520e-17
       6100.2255   7.2338930e-17
       6102.5538   7.1770800e-17
       6104.8821   7.2167620e-17
       6107.2105   7.2934700e-17
       6109.5388   7.3053640e-17
       6111.8671   7.3199710e-17
       6114.1954   7.2287040e-17
       6116.5238   7.0083950e-17
       6118.8521   6.9643570e-17
       6121.1804   7.0462580e-17
       6123.5087   7.0355890e-17
       6125.8370   6.9315400e-17
       6128.1654   6.9138070e-17
       6130.4937   6.8997550e-17
       6132.8220   6.8989680e-17
       6135.1503   6.9048090e-17
       6137.4787   7.0002980e-17
       6139.8070   7.0675540e-17
       6142.1353   6.9366450e-17
       6144.4636   6.8391560e-17
       6146.7920   6.8892500e-17
       6149.1203   6.9619110e-17
       6151.4486   7.0329770e-17
       6153.7769   7.0428110e-17
       6156.1052   7.1562110e-17
       6158.4336   7.1656170e-17
       6160.7619   7.0180700e-17
       6163.0902   6.9155360e-17
       6165.4185   6.9236980e-17
       6167.7469   7.0507330e-17
       6170.0752   7.1473560e-17
       6172.4035   7.0944670e-17
       6174.7318   6.8992000e-17
       6177.0602   6.8415310e-17
       6179.3885   6.8831150e-17
       6181.7168   6.9124990e-17
       6184.0451   6.9484080e-17
       6186.3735   6.9592040e-17
       6188.7018   7.0086770e-17
       6191.0301   7.1446790e-17
       6193.3584   7.2169980e-17
       6195.6867   7.1444800e-17
       6198.0151   7.1294690e-17
       6200.3434   7.1507060e-17
       6202.6717   7.1751610e-17
       6205.0000   7.2259570e-17
       6207.3284   7.1982730e-17
       6209.6567   7.2002030e-17
       6211.9850   7.1606160e-17
       6214.3133   7.0739450e-17
       6216.6417   7.1886670e-17
       6218.9700   7.2613800e-17
       6221.2983   7.2683430e-17
       6223.6266   7.2213190e-17
       6225.9550   7.2069570e-17
       6228.2833   7.3993380e-17
       6230.6116   7.4203770e-17
       6232.9399   7.2232040e-17
       6235.2682   7.3081770e-17
       6237.5966   7.3628590e-17
       6239.9249   7.2660710e-17
       6242.2532   7.3359240e-17
       6244.5815   7.4638080e-17
       6246.9099   7.5139330e-17
       6249.2382   7.5084170e-17
       6251.5665   7.5272510e-17
       6253.8948   7.4862880e-17
       6256.2232   7.4052110e-17
       6258.5515   7.4959110e-17
       6260.8798   7.6824560e-17
       6263.2081   7.6421770e-17
       6265.5365   7.5574790e-17
       6267.8648   7.6100880e-17
       6270.1931   7.6880120e-17
       6272.5214   7.6840630e-17
       6274.8497   7.5649420e-17
       6277.1781   7.4531590e-17
       6279.5064   7.3478900e-17
       6281.8347   7.3827040e-17
       6284.1630   7.5267520e-17
       6286.4914   7.5117690e-17
       6288.8197   7.4128640e-17
       6291.1480   7.3121300e-17
       6293.4763   7.2072240e-17
       6295.8047   7.2577160e-17
       6298.1330   7.5220230e-17
       6300.4613   7.6411010e-17
       6302.7896   7.4725630e-17
       6305.1180   7.3827550e-17
       6307.4463   7.3806880e-17
       6309.7746   7.3718170e-17
       6312.1029   7.5403020e-17
       6314.4312   7.7543900e-17
       6316.7596   7.7812100e-17
       6319.0879   7.7134440e-17
       6321.4162   7.7446210e-17
       6323.7445   7.9505170e-17
       6326.0729   8.0357630e-17
       6328.4012   7.9961970e-17
       6330.7295   7.8779290e-17
       6333.0578   7.7733140e-17
       6335.3862   7.7462410e-17
       6337.7145   7.5987380e-17
       6340.0428   7.3895390e-17
       6342.3711   7.5132550e-17
       6344.6994   7.8306030e-17
       6347.0278   7.8615300e-17
       6349.3561   7.8554040e-17
       6351.6844   7.8161070e-17
       6354.0127   7.8366140e-17
       6356.3411   7.7748590e-17
       6358.6694   7.5572210e-17
       6360.9977   7.7331410e-17
       6363.3260   8.0297510e-17
       6365.6544   7.9813020e-17
       6367.9827   7.8938180e-17
       6370.3110   7.6076970e-17
       6372.6393   7.5936690e-17
       6374.9677   7.8233170e-17
       6377.2960   7.8994000e-17
       6379.6243   7.7034290e-17
       6381.9526   7.5609930e-17
       6384.2809   7.7576400e-17
       6386.6093   7.8650920e-17
       6388.9376   7.7682680e-17
       6391.2659   7.7460140e-17
       6393.5942   7.7861040e-17
       6395.9226   7.8094660e-17
       6398.2509   7.8349880e-17
       6400.5792   7.8811420e-17
       6402.9075   7.8546390e-17
       6405.2359   7.7096470e-17
       6407.5642   7.6613200e-17
       6409.8925   7.7609220e-17
       6412.2208   7.8350120e-17
       6414.5492   7.8509190e-17
       6416.8775   7.8263350e-17
       6419.2058   7.8406070e-17
       6421.5341   7.7600180e-17
       6423.8624   7.7506670e-17
       6426.1908   7.7914600e-17
       6428.5191   7.7671540e-17
       6430.8474   7.6732040e-17
       6433.1757   7.6876530e-17
       6435.5041   7.8288070e-17
       6437.8324   7.8713140e-17
       6440.1607   7.6136260e-17
       6442.4890   7.4251300e-17
       6444.8174   7.3822340e-17
       6447.1457   7.4968460e-17
       6449.4740   7.6115930e-17
       6451.8023   7.6682330e-17
       6454.1307   7.7239060e-17
       6456.4590   7.7369780e-17
       6458.7873   7.8329250e-17
       6461.1156   7.8655660e-17
       6463.4439   7.8884480e-17
       6465.7723   7.8396650e-17
       6468.1006   7.7940820e-17
       6470.4289   7.8158560e-17
       6472.7572   7.7432570e-17
       6475.0856   7.7154660e-17
       6477.4139   7.7641870e-17
       6479.7422   7.8555690e-17
       6482.0705   7.8384340e-17
       6484.3989   7.7595380e-17
       6486.7272   7.6799400e-17
       6489.0555   7.7160240e-17
       6491.3838   7.6591150e-17
       6493.7122   7.5111310e-17
       6496.0405   7.3123010e-17
       6498.3688   7.1678750e-17
       6500.6971   7.2003650e-17
       6503.0254   7.3320980e-17
       6505.3538   7.5156860e-17
       6507.6821   7.4676010e-17
       6510.0104   7.3688920e-17
       6512.3387   7.2756500e-17
       6514.6671   7.3180500e-17
       6516.9954   7.5934820e-17
       6519.3237   7.6658240e-17
       6521.6520   7.6434000e-17
       6523.9804   7.6754560e-17
       6526.3087   7.7016550e-17
       6528.6370   7.7069600e-17
       6530.9653   7.7267820e-17
       6533.2937   7.7217560e-17
       6535.6220   7.5761930e-17
       6537.9503   7.6726240e-17
       6540.2786   7.9090100e-17
       6542.6069   7.8399170e-17
       6544.9353   7.7270590e-17
       6547.2636   7.8009390e-17
       6549.5919   7.9516260e-17
       6551.9202   7.9621490e-17
       6554.2486   7.8574080e-17
       6556.5769   8.1283690e-17
       6558.9052   7.9001880e-17
       6561.2335   7.9001880e-17
       6563.5619   7.9001880e-17
       6565.8902   7.9001880e-17
       6568.2185   7.9001880e-17
       6570.5468   7.8740180e-17
       6572.8751   7.8740180e-17
       6575.2035   7.8740180e-17
       6577.5318   7.8245050e-17
       6579.8601   7.5468680e-17
       6582.1884   7.6481230e-17
       6584.5168   7.9001880e-17
       6586.8451   7.8740180e-17
       6589.1734   7.6004740e-17
       6591.5017   7.5327460e-17
       6593.8301   7.6041330e-17
       6596.1584   7.6089120e-17
       6598.4867   7.5792220e-17
       6600.8150   7.4658730e-17
       6603.1434   7.5112370e-17
       6605.4717   7.5837350e-17
       6607.8000   7.4830700e-17
       6610.1283   7.4667890e-17
       6612.4566   7.6291200e-17
       6614.7850   7.7785150e-17
       6617.1133   7.6905220e-17
       6619.4416   7.4341090e-17
       6621.7699   7.2387080e-17
       6624.0983   7.3337460e-17
       6626.4266   7.4414800e-17
       6628.7549   7.4205790e-17
       6631.0832   7.5057270e-17
       6633.4116   7.4840896e-17
       6635.7399   7.4624523e-17
       6638.0682   7.4408149e-17
       6640.3965   7.4191775e-17
       6642.7249   7.3975401e-17
       6645.0532   7.3759028e-17
       6647.3815   7.3542654e-17
       6649.7098   7.3326280e-17
       6652.0381   7.3108982e-17
       6654.3665   7.2892608e-17
       6656.6948   7.2676234e-17
       6659.0231   7.2459861e-17
       6661.3514   7.2243487e-17
       6663.6798   7.2027113e-17
       6666.0081   7.1810739e-17
       6668.3364   7.1594366e-17
       6670.6647   7.1377992e-17
       6672.9931   7.1161618e-17
       6675.3214   7.0945244e-17
       6677.6497   7.0728871e-17
       6679.9780   7.0512497e-17
       6682.3064   7.0296123e-17
       6684.6347   7.0079749e-17
       6686.9630   6.9863376e-17
       6689.2913   6.9647002e-17
       6691.6196   6.9430628e-17
       6693.9480   6.9213330e-17
       6696.2763   6.8996956e-17
       6698.6046   6.8780582e-17
       6700.9329   6.8564209e-17
       6703.2613   6.8347835e-17
       6705.5896   6.8131461e-17
       6707.9179   6.7915087e-17
       6710.2462   6.7698714e-17
       6712.5746   6.7482340e-17
       6714.9029   6.9618950e-17
       6717.2312   7.0935170e-17
       6719.5595   7.1126710e-17
       6721.8879   7.1098050e-17
       6724.2162   7.1936950e-17
       6726.5445   7.1280570e-17
       6728.8728   6.8788370e-17
       6731.2011   6.9020660e-17
       6733.5295   7.1092090e-17
       6735.8578   7.0820310e-17
       6738.1861   6.9700340e-17
       6740.5144   6.9836780e-17
       6742.8428   7.0267520e-17
       6745.1711   6.9548900e-17
       6747.4994   6.8297530e-17
       6749.8277   6.7752530e-17
       6752.1561   6.7236660e-17
       6754.4844   6.6776540e-17
       6756.8127   6.7678360e-17
       6759.1410   6.9036280e-17
       6761.4693   6.8337550e-17
       6763.7977   6.5340560e-17
       6766.1260   6.5963860e-17
       6768.4543   6.8439530e-17
       6770.7826   6.9350440e-17
       6773.1110   6.8680350e-17
       6775.4393   6.7830680e-17
       6777.7676   6.7528810e-17
       6780.0959   6.6952120e-17
       6782.4243   6.4850850e-17
       6784.7526   6.6025440e-17
       6787.0809   6.7485300e-17
       6789.4092   6.5734550e-17
       6791.7376   6.6159200e-17
       6794.0659   6.6883960e-17
       6796.3942   6.6734370e-17
       6798.7225   6.7188650e-17
       6801.0508   6.5967280e-17
       6803.3792   6.5280300e-17
       6805.7075   6.6734370e-17
       6808.0358   6.6734370e-17
       6810.3641   6.6734370e-17
       6812.6925   6.6883960e-17
       6815.0208   6.7070070e-17
       6817.3491   6.6883960e-17
       6819.6774   6.6883960e-17
       6822.0058   6.7703930e-17
       6824.3341   6.7088270e-17
       6826.6624   6.6271350e-17
       6828.9907   6.6020070e-17
       6831.3191   6.7070070e-17
       6833.6474   6.8196850e-17
       6835.9757   6.7751000e-17
       6838.3040   6.7847090e-17
       6840.6323   6.8538350e-17
       6842.9607   6.7625100e-17
       6845.2890   6.5633690e-17
       6847.6173   6.3534220e-17
       6849.9456   6.3974730e-17
       6852.2740   6.5553000e-17
       6854.6023   6.4570290e-17
       6856.9306   6.5898730e-17
       6859.2589   6.7823180e-17
       6861.5873   6.7204550e-17
       6863.9156   6.5859850e-17
       6866.2439   6.4168960e-17
       6868.5722   6.4897860e-17
       6870.9006   6.6639390e-17
       6873.2289   6.5642740e-17
       6875.5572   6.6451060e-17
       6877.8855   6.8453650e-17
       6880.2138   6.7457660e-17
       6882.5422   6.5324030e-17
       6884.8705   6.3111610e-17
       6887.1988   6.1669110e-17
       6889.5271   6.1675120e-17
       6891.8555   6.4755750e-17
       6894.1838   6.5871200e-17
       6896.5121   6.5635360e-17
       6898.8404   6.4696550e-17
       6901.1688   6.5155430e-17
       6903.4971   6.4415270e-17
       6905.8254   6.3198410e-17
       6908.1537   6.1363180e-17
       6910.4821   6.0273020e-17
       6912.8104   6.2807790e-17
       6915.1387   6.4789020e-17
       6917.4670   6.3220920e-17
       6919.7953   6.1399030e-17
       6922.1237   6.0604390e-17
       6924.4520   6.2164840e-17
       6926.7803   6.5414880e-17
       6929.1086   6.4088910e-17
       6931.4370   6.1532510e-17
       6933.7653   6.1079860e-17
       6936.0936   6.1616920e-17
       6938.4219   6.2180910e-17
       6940.7503   6.2783660e-17
       6943.0786   6.4722290e-17
       6945.4069   6.4670450e-17
       6947.7352   6.3597930e-17
       6950.0636   6.3242190e-17
       6952.3919   6.2212120e-17
       6954.7202   6.2211760e-17
       6957.0485   6.2853310e-17
       6959.3768   6.1843790e-17
       6961.7052   6.0587570e-17
       6964.0335   6.0657200e-17
       6966.3618   6.1911910e-17
       6968.6901   6.2529460e-17
       6971.0185   6.1648920e-17
       6973.3468   6.1740430e-17
       6975.6751   6.3220770e-17
       6978.0034   6.3660260e-17
       6980.3318   6.2283970e-17
       6982.6601   6.1826420e-17
       6984.9884   6.1550380e-17
       6987.3167   6.1938110e-17
       6989.6450   6.2577970e-17
       6991.9734   6.1425000e-17
       6994.3017   6.1786790e-17
       6996.6300   6.3799490e-17
       6998.9583   6.5087120e-17
       7001.2867   6.3538090e-17
       7003.6150   6.1496010e-17
       7005.9433   6.2063090e-17
       7008.2716   6.3060450e-17
       7010.6000   6.3047530e-17
       7012.9283   6.3798530e-17
       7015.2566   6.3836720e-17
       7017.5849   6.2840630e-17
       7019.9133   6.2066390e-17
       7022.2416   6.1910300e-17
       7024.5699   6.3941820e-17
       7026.8982   6.4185200e-17
       7029.2265   6.2268460e-17
       7031.5549   6.0838800e-17
       7033.8832   6.1791930e-17
       7036.2115   6.3355170e-17
       7038.5398   6.3622400e-17
       7040.8682   6.3284150e-17
       7043.1965   6.2967500e-17
       7045.5248   6.2682810e-17
       7047.8531   6.2409730e-17
       7050.1815   6.4299560e-17
       7052.5098   6.5569830e-17
       7054.8381   6.2567660e-17
       7057.1664   6.1223920e-17
       7059.4948   6.1776220e-17
       7061.8231   6.0722790e-17
       7064.1514   6.1865100e-17
       7066.4797   6.3248080e-17
       7068.8080   6.1784400e-17
       7071.1364   6.3009180e-17
       7073.4647   6.4442680e-17
       7075.7930   6.5756410e-17
       7078.1213   6.5047860e-17
       7080.4497   6.2302110e-17
       7082.7780   5.9202580e-17
       7085.1063   5.7784380e-17
       7087.4346   5.8989860e-17
       7089.7630   6.3045670e-17
       7092.0913   6.6488800e-17
       7094.4196   6.4994830e-17
       7096.7479   6.1276040e-17
       7099.0763   5.9349040e-17
       7101.4046   5.9332550e-17
       7103.7329   6.0756900e-17
       7106.0612   6.2529100e-17
       7108.3895   6.4031660e-17
       7110.7179   6.4775260e-17
       7113.0462   6.2500680e-17
       7115.3745   5.8346780e-17
       7117.7028   5.5974030e-17
       7120.0312   5.6647580e-17
       7122.3595   5.9862370e-17
       7124.6878   6.2391960e-17
       7127.0161   6.1292520e-17
       7129.3445   5.8106080e-17
       7131.6728   5.4669920e-17
       7134.0011   5.2718590e-17
       7136.3294   5.3869520e-17
       7138.6578   5.6318580e-17
       7140.9861   5.9642830e-17
       7143.3144   6.0452890e-17
       7145.6427   5.7556460e-17
       7147.9710   5.3549380e-17
       7150.2994   5.1871700e-17
       7152.6277   5.2105400e-17
       7154.9560   5.3415420e-17
       7157.2843   5.3755050e-17
       7159.6127   5.6167290e-17
       7161.9410   5.9420800e-17
       7164.2693   6.0541220e-17
       7166.5976   5.7673750e-17
       7168.9260   5.3719100e-17
       7171.2543   5.3401380e-17
       7173.5826   5.6484380e-17
       7175.9109   5.8695670e-17
       7178.2392   6.0305050e-17
       7180.5676   6.2285860e-17
       7182.8959   6.1980550e-17
       7185.2242   5.9882420e-17
       7187.5525   5.8182990e-17
       7189.8809   5.9111710e-17
       7192.2092   6.1674140e-17
       7194.5375   6.2421270e-17
       7196.8658   5.8695670e-17
       7199.1942   5.9017680e-17
       7201.5225   5.9111710e-17
       7203.8508   5.9150730e-17
       7206.1791   5.9882420e-17
       7208.5075   5.9178750e-17
       7210.8358   5.9150730e-17
       7213.1641   6.3408730e-17
       7215.4924   6.3281020e-17
       7217.8207   5.9885040e-17
       7220.1491   5.7561520e-17
       7222.4774   5.6809320e-17
       7224.8057   5.7036210e-17
       7227.1340   5.9150730e-17
       7229.4624   6.3102240e-17
       7231.7907   6.5743330e-17
       7234.1190   6.3716890e-17
       7236.4473   5.9178750e-17
       7238.7757   5.5260900e-17
       7241.1040   5.1977120e-17
       7243.4323   5.0804700e-17
       7245.7606   5.3805070e-17
       7248.0890   6.0192970e-17
       7250.4173   6.3322690e-17
       7252.7456   6.0162070e-17
       7255.0739   5.3250290e-17
       7257.4022   4.9003830e-17
       7259.7306   5.2785970e-17
       7262.0589   6.2268480e-17
       7264.3872   6.6695900e-17
       7266.7155   6.2413870e-17
       7269.0439   5.6152320e-17
       7271.3722   5.1733720e-17
       7273.7005   4.9400700e-17
       7276.0288   4.9924820e-17
       7278.3572   5.2675890e-17
       7280.6855   5.5680190e-17
       7283.0138   5.8696890e-17
       7285.3421   6.1087550e-17
       7287.6705   6.0546860e-17
       7289.9988   5.6826050e-17
       7292.3271   5.2799160e-17
       7294.6554   5.1574970e-17
       7296.9837   5.4477510e-17
       7299.3121   6.0685000e-17
       7301.6404   6.7935080e-17
       7303.9687   7.4800130e-17
       7306.2970   7.3359370e-17
       7308.6254   6.2434960e-17
       7310.9537   5.2736400e-17
       7313.2820   4.9262920e-17
       7315.6103   5.1722520e-17
       7317.9387   5.5630770e-17
       7320.2670   6.0372540e-17
       7322.5953   6.4118950e-17
       7324.9236   6.4728740e-17
       7327.2520   6.1048600e-17
       7329.5803   5.6255030e-17
       7331.9086   5.2231400e-17
       7334.2369   4.9552790e-17
       7336.5652   5.1350390e-17
       7338.8936   5.6540300e-17
       7341.2219   6.1542730e-17
       7343.5502   6.2244430e-17
       7345.8785   5.7754420e-17
       7348.2069   5.2812340e-17
       7350.5352   4.9569650e-17
       7352.8635   4.7499590e-17
       7355.1918   4.6974510e-17
       7357.5202   4.9305340e-17
       7359.8485   5.4856040e-17
       7362.1768   6.0603130e-17
       7364.5051   6.2960940e-17
       7366.8334   5.9036680e-17
       7369.1618   5.2963610e-17
       7371.4901   4.9213560e-17
       7373.8184   4.7909650e-17
       7376.1467   5.0392420e-17
       7378.4751   5.3599920e-17
       7380.8034   5.5180150e-17
       7383.1317   5.8777310e-17
       7385.4600   6.0605060e-17
       7387.7884   5.7124580e-17
       7390.1167   5.1853910e-17
       7392.4450   4.9042790e-17
       7394.7733   5.0187600e-17
       7397.1017   5.4953420e-17
       7399.4300   5.9346740e-17
       7401.7583   6.1807730e-17
       7404.0866   6.0344220e-17
       7406.4149   5.5187450e-17
       7408.7433   4.8878390e-17
       7411.0716   4.5146550e-17
       7413.3999   4.5681740e-17
       7415.7282   4.9582330e-17
       7418.0566   5.3956010e-17
       7420.3849   5.6050820e-17
       7422.7132   5.5967070e-17
       7425.0415   5.3791660e-17
       7427.3699   4.9176730e-17
       7429.6982   4.4720800e-17
       7432.0265   4.2800010e-17
       7434.3548   4.2861450e-17
       7436.6832   4.6138290e-17
       7439.0115   5.2548670e-17
       7441.3398   5.7332380e-17
       7443.6681   5.5846530e-17
       7445.9964   5.0020370e-17
       7448.3248   4.5168820e-17
       7450.6531   4.2592830e-17
       7452.9814   4.1777340e-17
       7455.3097   4.3614840e-17
       7457.6381   4.6863560e-17
       7459.9664   5.1509550e-17
       7462.2947   5.5697560e-17
       7464.6230   5.5640360e-17
       7466.9514   5.1605450e-17
       7469.2797   4.5556900e-17
       7471.6080   4.1957470e-17
       7473.9363   4.2528230e-17
       7476.2647   4.7173580e-17
       7478.5930   5.3920200e-17
       7480.9213   5.9086600e-17
       7483.2496   5.7742530e-17
       7485.5779   4.9396860e-17
       7487.9063   4.2589400e-17
       7490.2346   4.2477690e-17
       7492.5629   4.6501880e-17
       7494.8912   5.1639170e-17
       7497.2196   5.4956230e-17
       7499.5479   5.4972780e-17
