4417.67089843751  2.191729E-17
4419.1262600422  2.630686E-17
4420.58162164689  2.663308E-17
4422.03698325158  2.266179E-17
4423.49234485627  1.898569E-17
4424.94770646096  2.015738E-17
4426.40306806565  2.330814E-17
4427.85842967034  2.546535E-17
4429.31379127503  2.437257E-17
4430.76915287972  2.204708E-17
4432.22451448441  2.035227E-17
4433.67987608911  2.035394E-17
4435.1352376938  2.050068E-17
4436.59059929849  2.011518E-17
4438.04596090318  2.075559E-17
4439.50132250787  2.318684E-17
4440.95668411256  2.548713E-17
4442.41204571725  2.602848E-17
4443.86740732194  2.607644E-17
4445.32276892663  2.513123E-17
4446.77813053132  2.367026E-17
4448.23349213601  2.253312E-17
4449.6888537407  2.327743E-17
4451.14421534539  2.461372E-17
4452.59957695008  2.442820E-17
4454.05493855477  2.285503E-17
4455.51030015946  2.178334E-17
4456.96566176415  2.394128E-17
4458.42102336884  2.780926E-17
4459.87638497354  3.049084E-17
4461.33174657823  3.005177E-17
4462.78710818292  2.777646E-17
4464.24246978761  2.584250E-17
4465.6978313923  2.519931E-17
4467.15319299699  2.578312E-17
4468.60855460168  2.699960E-17
4470.06391620637  2.942030E-17
4471.51927781106  2.810963E-17
4472.97463941575  2.378299E-17
4474.43000102044  2.280049E-17
4475.88536262513  2.658969E-17
4477.34072422982  3.078476E-17
4478.79608583451  3.016709E-17
4480.2514474392  3.182579E-17
4481.70680904389  3.616816E-17
4483.16217064858  3.580787E-17
4484.61753225327  3.057274E-17
4486.07289385796  2.574816E-17
4487.52825546266  2.477634E-17
4488.98361706735  2.669654E-17
4490.43897867204  2.856470E-17
4491.89434027673  2.960107E-17
4493.34970188142  2.936532E-17
4494.80506348611  2.974353E-17
4496.2604250908  3.352027E-17
4497.71578669549  3.608390E-17
4499.17114830018  3.301291E-17
4500.62650990487  2.756521E-17
4502.08187150956  2.556835E-17
4503.53723311425  2.853559E-17
4504.99259471894  3.070606E-17
4506.44795632363  3.032397E-17
4507.90331792832  2.996611E-17
4509.35867953301  3.157587E-17
4510.81404113771  3.292500E-17
4512.2694027424  3.118872E-17
4513.72476434709  2.823372E-17
4515.18012595178  2.605238E-17
4516.63548755647  2.630552E-17
4518.09084916116  2.787901E-17
4519.54621076585  3.053197E-17
4521.00157237054  3.287412E-17
4522.45693397523  3.318887E-17
4523.91229557992  3.303296E-17
4525.36765718461  3.102092E-17
4526.8230187893  3.023680E-17
4528.27838039399  3.136210E-17
4529.73374199868  3.451527E-17
4531.18910360337  3.610477E-17
4532.64446520806  3.398026E-17
4534.09982681275  3.237942E-17
4535.55518841744  3.151502E-17
4537.01055002213  3.201786E-17
4538.46591162682  3.272432E-17
4539.92127323152  3.269210E-17
4541.37663483621  3.103974E-17
4542.8319964409  2.960600E-17
4544.28735804559  3.200750E-17
4545.74271965028  3.474512E-17
4547.19808125497  3.533544E-17
4548.65344285966  3.285441E-17
4550.10880446435  3.059159E-17
4551.56416606904  3.011094E-17
4553.01952767373  3.008829E-17
4554.47488927842  3.126455E-17
4555.93025088311  3.276588E-17
4557.3856124878  3.543487E-17
4558.84097409249  3.798437E-17
4560.29633569718  3.821451E-17
4561.75169730187  3.637641E-17
4563.20705890656  3.423003E-17
4564.66242051125  3.410522E-17
4566.11778211595  3.739329E-17
4567.57314372064  4.005154E-17
4569.02850532533  3.955770E-17
4570.48386693002  3.664836E-17
4571.93922853471  3.459538E-17
4573.3945901394  3.428605E-17
4574.84995174409  3.411412E-17
4576.30531334878  3.298458E-17
4577.76067495347  3.196005E-17
4579.21603655816  3.020152E-17
4580.67139816285  2.929442E-17
4582.12675976754  3.001743E-17
4583.58212137223  3.196709E-17
4585.03748297692  3.343588E-17
4586.49284458161  3.473587E-17
4587.9482061863  3.602232E-17
4589.40356779099  3.522008E-17
4590.85892939569  3.250500E-17
4592.31429100038  3.060075E-17
4593.76965260507  3.048034E-17
4595.22501420976  3.172709E-17
4596.68037581445  3.201763E-17
4598.13573741914  3.151655E-17
4599.59109902383  2.973126E-17
4601.04646062852  2.817198E-17
4602.50182223321  2.843504E-17
4603.9571838379  3.033736E-17
4605.41254544259  3.201976E-17
4606.86790704728  3.211792E-17
4608.32326865197  2.968038E-17
4609.77863025666  2.776310E-17
4611.23399186135  2.899105E-17
4612.68935346604  3.156538E-17
4614.14471507073  3.130606E-17
4615.60007667542  2.798049E-17
4617.05543828011  2.612370E-17
4618.51079988481  2.792993E-17
4619.9661614895  3.149891E-17
4621.42152309419  3.308222E-17
4622.87688469888  3.116280E-17
4624.33224630357  2.925295E-17
4625.78760790826  2.968955E-17
4627.24296951295  3.195785E-17
4628.69833111764  3.335172E-17
4630.15369272233  3.292643E-17
4631.60905432702  3.210544E-17
4633.06441593171  3.125679E-17
4634.5197775364  3.115376E-17
4635.97513914109  3.170995E-17
4637.43050074578  3.223352E-17
4638.88586235047  3.148653E-17
4640.34122395516  2.883506E-17
4641.79658555985  2.834791E-17
4643.25194716454  3.124543E-17
4644.70730876923  3.349187E-17
4646.16267037393  3.089440E-17
4647.61803197862  2.538497E-17
4649.07339358331  2.256856E-17
4650.528755188  2.311232E-17
4651.98411679269  2.390110E-17
4653.43947839738  2.449149E-17
4654.89484000207  2.527456E-17
4656.35020160676  2.624495E-17
4657.80556321145  2.750192E-17
4659.26092481614  2.827487E-17
4660.71628642083  2.837108E-17
4662.17164802552  2.805082E-17
4663.62700963021  2.696430E-17
4665.0823712349  2.656374E-17
4666.53773283959  2.653398E-17
4667.99309444428  2.655625E-17
4669.44845604897  2.554981E-17
4670.90381765367  2.381532E-17
4672.35917925836  2.273005E-17
4673.81454086305  2.450668E-17
4675.26990246774  2.732987E-17
4676.72526407243  2.943501E-17
4678.18062567712  3.033448E-17
4679.63598728181  2.950089E-17
4681.0913488865  2.830667E-17
4682.54671049119  2.685341E-17
4684.00207209588  2.590240E-17
4685.45743370057  2.523538E-17
4686.91279530526  2.527327E-17
4688.36815690995  2.700085E-17
4689.82351851464  2.784533E-17
4691.27888011933  2.598099E-17
4692.73424172402  2.153307E-17
4694.18960332871  1.814946E-17
4695.6449649334  1.751871E-17
4697.1003265381  1.848880E-17
4698.55568814279  1.976972E-17
4700.01104974748  2.045815E-17
4701.46641135217  2.097514E-17
4702.92177295686  2.203232E-17
4704.37713456155  2.373958E-17
4705.83249616624  2.425793E-17
4707.28785777093  2.330913E-17
4708.74321937562  2.336970E-17
4710.19858098031  2.492665E-17
4711.653942585  2.485204E-17
4713.10930418969  2.390612E-17
4714.56466579438  2.383645E-17
4716.02002739907  2.646051E-17
4717.47538900376  2.737221E-17
4718.93075060845  2.675825E-17
4720.38611221314  2.594631E-17
4721.84147381783  2.422566E-17
4723.29683542253  2.286585E-17
4724.75219702722  2.314923E-17
4726.20755863191  2.674595E-17
4727.6629202366  2.863906E-17
4729.11828184129  2.706549E-17
4730.57364344598  2.390709E-17
4732.02900505067  2.531923E-17
4733.48436665536  3.094506E-17
4734.93972826005  3.197967E-17
4736.39508986474  2.986401E-17
4737.85045146943  2.651244E-17
4739.30581307412  2.778208E-17
4740.76117467881  2.783266E-17
4742.2165362835  2.503187E-17
4743.67189788819  2.153341E-17
4745.12725949288  1.909373E-17
4746.58262109757  2.017838E-17
4748.03798270226  2.242158E-17
4749.49334430696  2.559851E-17
4750.94870591165  2.709831E-17
4752.40406751634  2.653374E-17
4753.85942912103  2.516354E-17
4755.31479072572  2.321060E-17
4756.77015233041  2.266544E-17
4758.2255139351  2.303383E-17
4759.68087553979  2.409154E-17
4761.13623714448  2.655283E-17
4762.59159874917  2.839794E-17
4764.04696035386  2.816911E-17
4765.50232195855  2.589667E-17
4766.95768356324  2.445552E-17
4768.41304516793  2.497692E-17
4769.86840677262  2.565240E-17
4771.32376837731  2.665844E-17
4772.779129982  2.929662E-17
4774.2344915867  3.134137E-17
4775.68985319139  2.989655E-17
4777.14521479608  2.591653E-17
4778.60057640077  2.423199E-17
4780.05593800546  2.478456E-17
4781.51129961015  2.573503E-17
4782.96666121484  2.448411E-17
4784.42202281953  2.374024E-17
4785.87738442422  2.510952E-17
4787.33274602891  2.753729E-17
4788.7881076336  2.826069E-17
4790.24346923829  2.749624E-17
4791.69883084298  2.815363E-17
4793.15419244767  2.842950E-17
4794.60955405236  2.788664E-17
4796.06491565705  2.646454E-17
4797.52027726174  2.708504E-17
4798.97563886643  2.801463E-17
4800.43100047112  2.671779E-17
4801.88636207581  2.548519E-17
4803.34172368051  2.535825E-17
4804.7970852852  2.613402E-17
4806.25244688989  2.592575E-17
4807.70780849458  2.543359E-17
4809.16317009927  2.523151E-17
4810.61853170396  2.546897E-17
4812.07389330865  2.440595E-17
4813.52925491334  2.382759E-17
4814.98461651803  2.443777E-17
4816.43997812272  2.623391E-17
4817.89533972741  2.711806E-17
4819.3507013321  2.566725E-17
4820.80606293679  2.442710E-17
4822.26142454148  2.464277E-17
4823.71678614617  2.513045E-17
4825.17214775086  2.498202E-17
4826.62750935555  2.449216E-17
4828.08287096024  2.467073E-17
4829.53823256494  2.464923E-17
4830.99359416962  2.496094E-17
4832.44895577432  2.691098E-17
4833.90431737901  3.004719E-17
4835.3596789837  3.010513E-17
4836.81504058839  2.797042E-17
4838.27040219308  2.605692E-17
4839.72576379777  2.663653E-17
4841.18112540246  2.804548E-17
4842.63648700715  2.836115E-17
4844.09184861184  2.765456E-17
4845.54721021653  2.709590E-17
4847.00257182122  2.652371E-17
4848.45793342591  2.722091E-17
4849.9132950306  2.702465E-17
4851.36865663529  2.637250E-17
4852.82401823998  2.510475E-17
4854.27937984468  2.458674E-17
4855.73474144937  2.552900E-17
4857.19010305406  2.689134E-17
4858.64546465875  2.885289E-17
4860.10082626344  2.959757E-17
4861.55618786813  2.944917E-17
4863.01154947282  2.804180E-17
4864.46691107751  2.630842E-17
4865.9222726822  2.601974E-17
4867.37763428689  2.622515E-17
4868.83299589158  2.681219E-17
4870.28835749627  2.697460E-17
4871.74371910096  2.727141E-17
4873.19908070565  2.778930E-17
4874.65444231034  2.788720E-17
4876.10980391503  2.689589E-17
4877.56516551972  2.537040E-17
4879.02052712441  2.463555E-17
4880.4758887291  2.412717E-17
4881.93125033379  2.257794E-17
4883.38661193849  2.078795E-17
4884.84197354318  2.227604E-17
4886.29733514787  2.541841E-17
4887.75269675256  2.710142E-17
4889.20805835725  2.724232E-17
4890.66341996194  2.749886E-17
4892.11878156663  2.801831E-17
4893.57414317132  2.657809E-17
4895.02950477601  2.497308E-17
4896.4848663807  2.569989E-17
4897.94022798539  2.809979E-17
4899.39558959008  2.988193E-17
4900.85095119477  2.966757E-17
4902.30631279946  2.834521E-17
4903.76167440415  2.684661E-17
4905.21703600884  2.576310E-17
4906.67239761353  2.525858E-17
4908.12775921822  2.492177E-17
4909.58312082292  2.471546E-17
4911.03848242761  2.406286E-17
4912.4938440323  2.441596E-17
4913.94920563699  2.581835E-17
4915.40456724168  2.844849E-17
4916.85992884637  3.031428E-17
4918.31529045106  3.055738E-17
4919.77065205575  2.980852E-17
4921.22601366044  2.778353E-17
4922.68137526513  2.496564E-17
4924.13673686982  2.268912E-17
4925.59209847451  2.338134E-17
4927.0474600792  2.514738E-17
4928.50282168389  2.571442E-17
4929.95818328858  2.490521E-17
4931.41354489327  2.374662E-17
4932.86890649796  2.344273E-17
4934.32426810266  2.336567E-17
4935.77962970735  2.376296E-17
4937.23499131204  2.434875E-17
4938.69035291673  2.379789E-17
4940.14571452142  2.281491E-17
4941.60107612611  2.273981E-17
4943.0564377308  2.240974E-17
4944.51179933549  2.157437E-17
4945.96716094018  2.136617E-17
4947.42252254487  2.321095E-17
4948.87788414956  2.457675E-17
4950.33324575425  2.371036E-17
4951.78860735894  2.281539E-17
4953.24396896363  2.429694E-17
4954.69933056832  2.577434E-17
4956.15469217301  2.670218E-17
4957.6100537777  2.742001E-17
4959.06541538239  2.772992E-17
4960.52077698709  2.718289E-17
4961.97613859178  2.638301E-17
4963.43150019647  2.670847E-17
4964.88686180116  2.710561E-17
4966.34222340585  2.569591E-17
4967.79758501054  2.379587E-17
4969.25294661523  2.322257E-17
4970.70830821992  2.460916E-17
4972.16366982461  2.516307E-17
4973.6190314293  2.355342E-17
4975.07439303399  2.149152E-17
4976.52975463868  2.077186E-17
4977.98511624337  2.036749E-17
4979.44047784806  1.987738E-17
4980.89583945275  2.013829E-17
4982.35120105744  2.289284E-17
4983.80656266213  2.471821E-17
4985.26192426682  2.430032E-17
4986.71728587152  2.290445E-17
4988.17264747621  2.328669E-17
4989.6280090809  2.382400E-17
4991.08337068559  2.273628E-17
4992.53873229028  1.972538E-17
4993.99409389497  1.837547E-17
4995.44945549966  1.936797E-17
4996.90481710435  2.142625E-17
4998.36017870904  2.457786E-17
4999.81554031373  3.020105E-17
5001.27090191842  3.643910E-17
5002.72626352311  4.095170E-17
5004.1816251278  4.242164E-17
5005.63698673249  4.155839E-17
5007.09234833718  3.861545E-17
5008.54770994187  3.391596E-17
5010.00307154656  2.981257E-17
5011.45843315125  2.570655E-17
5012.91379475595  2.160305E-17
5014.36915636064  1.885262E-17
5015.82451796533  1.966181E-17
5017.27987957002  2.279133E-17
5018.73524117471  2.536459E-17
5020.1906027794  2.453600E-17
5021.64596438409  2.131575E-17
5023.10132598878  1.826270E-17
5024.55668759347  1.839121E-17
5026.01204919816  2.117120E-17
5027.46741080285  2.312797E-17
5028.92277240754  2.235126E-17
5030.37813401223  2.105741E-17
5031.83349561692  2.084373E-17
5033.28885722161  2.111998E-17
5034.7442188263  1.961878E-17
5036.19958043099  1.752993E-17
5037.65494203569  1.748335E-17
5039.11030364038  1.889216E-17
5040.56566524507  1.995410E-17
5042.02102684976  1.898986E-17
5043.47638845445  1.697307E-17
5044.93175005914  1.779722E-17
5046.38711166383  1.937947E-17
5047.84247326852  2.028128E-17
5049.29783487321  2.119570E-17
5050.7531964779  2.225055E-17
5052.20855808259  2.217538E-17
5053.66391968728  2.215049E-17
5055.11928129197  2.245727E-17
5056.57464289666  2.208703E-17
5058.03000450135  1.912135E-17
5059.48536610604  1.673253E-17
5060.94072771073  1.884402E-17
5062.39608931542  2.037549E-17
5063.85145092011  2.193816E-17
5065.3068125248  2.289568E-17
5066.7621741295  2.479171E-17
5068.21753573419  2.467044E-17
5069.67289733888  2.242277E-17
5071.12825894357  2.137669E-17
5072.58362054826  2.214980E-17
5074.03898215295  2.462318E-17
5075.49434375764  2.541973E-17
5076.94970536233  2.383074E-17
5078.40506696702  2.072527E-17
5079.86042857171  1.961921E-17
5081.3157901764  2.082722E-17
5082.77115178109  2.253159E-17
5084.22651338578  2.376565E-17
5085.68187499047  2.320918E-17
5087.13723659516  2.235072E-17
5088.59259819986  2.242155E-17
5090.04795980454  2.372639E-17
5091.50332140924  2.470929E-17
5092.95868301393  2.462349E-17
5094.41404461862  2.375305E-17
5095.86940622331  2.348874E-17
5097.324767828  2.372982E-17
5098.78012943269  2.471277E-17
5100.23549103738  2.486617E-17
5101.69085264207  2.369738E-17
5103.14621424676  2.236573E-17
5104.60157585145  2.284030E-17
5106.05693745614  2.267572E-17
5107.51229906083  2.371637E-17
5108.96766066552  2.440417E-17
5110.42302227021  2.452631E-17
5111.8783838749  2.249791E-17
5113.33374547959  2.136373E-17
5114.78910708428  2.113619E-17
5116.24446868897  2.197048E-17
5117.69983029367  2.304920E-17
5119.15519189836  2.354683E-17
5120.61055350305  2.256692E-17
5122.06591510774  2.152887E-17
5123.52127671243  2.207256E-17
5124.97663831712  2.367938E-17
5126.43199992181  2.386289E-17
5127.8873615265  2.294152E-17
5129.34272313119  2.224058E-17
5130.79808473588  2.089280E-17
5132.25344634057  1.994903E-17
5133.70880794526  2.064388E-17
5135.16416954995  2.153946E-17
5136.61953115464  2.187172E-17
5138.07489275933  2.148754E-17
5139.53025436402  2.142053E-17
5140.98561596871  2.131613E-17
5142.4409775734  2.117342E-17
5143.8963391781  2.133282E-17
5145.35170078278  2.202719E-17
5146.80706238748  2.215615E-17
5148.26242399217  2.245103E-17
5149.71778559686  2.263612E-17
5151.17314720155  2.170372E-17
5152.62850880624  2.158987E-17
5154.08387041093  2.231717E-17
5155.53923201562  2.264394E-17
5156.99459362031  2.203908E-17
5158.449955225  2.203038E-17
5159.90531682969  2.397797E-17
5161.36067843438  2.620267E-17
5162.81604003907  2.574611E-17
5164.27140164376  2.412843E-17
5165.72676324845  2.280918E-17
5167.18212485314  2.303404E-17
5168.63748645783  2.474657E-17
5170.09284806253  2.608608E-17
5171.54820966722  2.644567E-17
5173.00357127191  2.648107E-17
5174.4589328766  2.611958E-17
5175.91429448129  2.478204E-17
5177.36965608598  2.274662E-17
5178.82501769067  2.185489E-17
5180.28037929536  2.253063E-17
5181.73574090005  2.416568E-17
5183.19110250474  2.506165E-17
5184.64646410943  2.589820E-17
5186.10182571412  2.667792E-17
5187.55718731881  2.615285E-17
5189.0125489235  2.564710E-17
5190.46791052819  2.430139E-17
5191.92327213288  2.478111E-17
5193.37863373757  2.561572E-17
5194.83399534226  2.639469E-17
5196.28935694695  2.690517E-17
5197.74471855165  2.728966E-17
5199.20008015634  2.575372E-17
5200.65544176103  2.266962E-17
5202.11080336572  2.147593E-17
5203.56616497041  2.399265E-17
5205.0215265751  2.717181E-17
5206.47688817979  2.786664E-17
5207.93224978448  2.642591E-17
5209.38761138917  2.777744E-17
5210.84297299386  2.992008E-17
5212.29833459855  3.103718E-17
5213.75369620324  2.984072E-17
5215.20905780793  2.822842E-17
5216.66441941262  2.777535E-17
5218.11978101731  2.781390E-17
5219.575142622  2.810877E-17
5221.03050422669  2.761700E-17
5222.48586583138  2.646889E-17
5223.94122743607  2.618052E-17
5225.39658904077  2.888310E-17
5226.85195064546  3.057443E-17
5228.30731225015  3.013695E-17
5229.76267385484  2.815949E-17
5231.21803545953  2.770226E-17
5232.67339706422  2.879118E-17
5234.12875866891  2.949687E-17
5235.5841202736  2.973355E-17
5237.03948187829  2.936451E-17
5238.49484348298  2.890325E-17
5239.95020508767  2.963040E-17
5241.40556669236  3.032223E-17
5242.86092829705  2.995500E-17
5244.31628990174  2.911454E-17
5245.77165150643  2.860912E-17
5247.22701311112  2.943762E-17
5248.68237471581  2.835812E-17
5250.13773632051  2.751553E-17
5251.5930979252  2.795915E-17
5253.04845952989  2.954597E-17
5254.50382113458  3.065813E-17
5255.95918273927  3.032278E-17
5257.41454434396  3.037889E-17
5258.86990594865  3.145407E-17
5260.32526755334  3.136539E-17
5261.78062915803  3.021653E-17
5263.23599076272  2.818627E-17
5264.69135236741  2.763284E-17
5266.1467139721  2.777323E-17
5267.60207557679  2.759438E-17
5269.05743718148  2.796562E-17
5270.51279878617  2.888223E-17
5271.96816039086  2.942684E-17
5273.42352199555  2.882003E-17
5274.87888360024  2.798175E-17
5276.33424520494  2.818314E-17
5277.78960680963  2.862932E-17
5279.24496841432  2.793848E-17
5280.70033001901  2.790019E-17
5282.1556916237  2.957406E-17
5283.61105322839  3.036082E-17
5285.06641483308  2.857303E-17
5286.52177643777  2.657772E-17
5287.97713804246  2.727922E-17
5289.43249964715  2.921783E-17
5290.88786125184  2.864496E-17
5292.34322285653  2.639304E-17
5293.79858446122  2.568039E-17
5295.25394606591  2.727317E-17
5296.7093076706  2.972507E-17
5298.16466927529  2.990008E-17
5299.62003087998  2.858227E-17
5301.07539248468  2.760364E-17
5302.53075408936  2.743857E-17
5303.98611569406  2.765950E-17
5305.44147729875  2.764117E-17
5306.89683890344  2.831630E-17
5308.35220050813  2.932613E-17
5309.80756211282  2.924571E-17
5311.26292371751  2.933655E-17
5312.7182853222  2.962509E-17
5314.17364692689  3.035823E-17
5315.62900853158  2.952114E-17
5317.08437013627  2.798171E-17
5318.53973174096  2.706263E-17
5319.99509334565  2.789527E-17
5321.45045495034  2.921036E-17
5322.90581655503  2.946099E-17
5324.36117815972  2.855803E-17
5325.81653976441  2.754273E-17
5327.2719013691  2.734278E-17
5328.72726297379  2.811340E-17
5330.18262457849  2.928075E-17
5331.63798618318  2.984848E-17
5333.09334778787  2.953294E-17
5334.54870939256  2.859729E-17
5336.00407099725  2.789597E-17
5337.45943260194  2.791533E-17
5338.91479420663  2.859468E-17
5340.37015581132  3.009183E-17
5341.82551741601  3.085065E-17
5343.2808790207  2.989488E-17
5344.73624062539  2.872437E-17
5346.19160223008  2.830051E-17
5347.64696383477  2.875613E-17
5349.10232543946  2.869630E-17
5350.55768704415  2.863031E-17
5352.01304864885  2.908148E-17
5353.46841025353  2.943244E-17
5354.92377185823  2.909186E-17
5356.37913346292  2.929983E-17
5357.83449506761  2.954881E-17
5359.2898566723  2.946590E-17
5360.74521827699  2.903205E-17
5362.20057988168  2.882986E-17
5363.65594148637  2.985678E-17
5365.11130309106  3.063477E-17
5366.56666469575  3.065278E-17
5368.02202630044  3.003027E-17
5369.47738790513  2.998022E-17
5370.93274950982  3.171631E-17
5372.38811111451  3.357934E-17
5373.8434727192  3.385793E-17
5375.29883432389  3.248112E-17
5376.75419592858  3.128975E-17
5378.20955753327  3.149446E-17
5379.66491913796  3.275043E-17
5381.12028074266  3.290770E-17
5382.57564234735  3.204879E-17
5384.03100395204  3.236633E-17
5385.48636555673  3.367534E-17
5386.94172716142  3.409052E-17
5388.39708876611  3.282312E-17
5389.8524503708  3.196598E-17
5391.30781197549  3.157393E-17
5392.76317358018  3.082036E-17
5394.21853518487  3.165251E-17
5395.67389678956  3.455288E-17
5397.12925839425  3.710787E-17
5398.58461999894  3.686269E-17
5400.03998160363  3.512075E-17
5401.49534320832  3.375216E-17
5402.95070481301  3.320429E-17
5404.4060664177  3.388720E-17
5405.86142802239  3.561343E-17
5407.31678962709  3.664371E-17
5408.77215123177  3.736659E-17
5410.22751283647  3.843899E-17
5411.68287444116  3.914605E-17
5413.13823604585  3.735015E-17
5414.59359765054  3.377684E-17
5416.04895925523  3.169529E-17
5417.50432085992  3.216683E-17
5418.95968246461  3.491406E-17
5420.4150440693  3.768229E-17
5421.87040567399  3.912775E-17
5423.32576727868  3.922684E-17
5424.78112888337  3.779407E-17
5426.23649048806  3.635117E-17
5427.69185209275  3.539082E-17
5429.14721369744  3.606387E-17
5430.60257530213  3.633292E-17
5432.05793690682  3.552768E-17
5433.51329851151  3.460954E-17
5434.96866011621  3.459612E-17
5436.4240217209  3.528356E-17
5437.87938332559  3.688200E-17
5439.33474493028  3.826098E-17
5440.79010653497  3.849792E-17
5442.24546813966  3.760374E-17
5443.70082974435  3.682323E-17
5445.15619134904  3.577062E-17
5446.61155295373  3.460137E-17
5448.06691455842  3.419794E-17
5449.52227616311  3.434073E-17
5450.9776377678  3.353229E-17
5452.43299937249  3.239369E-17
5453.88836097718  3.197689E-17
5455.34372258187  3.182834E-17
5456.79908418656  3.180267E-17
5458.25444579125  3.226863E-17
5459.70980739594  3.415217E-17
5461.16516900064  3.616338E-17
5462.62053060533  3.714407E-17
5464.07589221002  3.623024E-17
5465.53125381471  3.416388E-17
5466.9866154194  3.229209E-17
5468.44197702409  3.178936E-17
5469.89733862878  3.151492E-17
5471.35270023347  3.225347E-17
5472.80806183816  3.332378E-17
5474.26342344285  3.494442E-17
5475.71878504754  3.484515E-17
5477.17414665223  3.407933E-17
5478.62950825692  3.356637E-17
5480.08486986161  3.477946E-17
5481.5402314663  3.597507E-17
5482.99559307099  3.638710E-17
5484.45095467568  3.647311E-17
5485.90631628037  3.497068E-17
5487.36167788506  3.230112E-17
5488.81703948976  3.009947E-17
5490.27240109445  3.022773E-17
5491.72776269914  3.283093E-17
5493.18312430383  3.502865E-17
5494.63848590852  3.478039E-17
5496.09384751321  3.334989E-17
5497.5492091179  3.191103E-17
5499.00457072259  3.237471E-17
5500.45993232728  3.339711E-17
5501.91529393197  3.278591E-17
5503.37065553666  3.213863E-17
5504.82601714135  3.277735E-17
5506.28137874604  3.466330E-17
5507.73674035073  3.553447E-17
5509.19210195542  3.326232E-17
5510.64746356011  3.084456E-17
5512.1028251648  3.074183E-17
5513.55818676949  3.068965E-17
5515.01354837419  2.967983E-17
5516.46890997888  2.723898E-17
5517.92427158357  2.660512E-17
5519.37963318826  2.730712E-17
5520.83499479295  2.827906E-17
5522.29035639764  2.949165E-17
5523.74571800233  3.106836E-17
5525.20107960702  3.124686E-17
5526.65644121171  3.027726E-17
5528.1118028164  2.966031E-17
5529.56716442109  3.070206E-17
5531.02252602578  3.280413E-17
5532.47788763047  3.313580E-17
5533.93324923516  3.190029E-17
5535.38861083985  3.013099E-17
5536.84397244454  2.967258E-17
5538.29933404923  3.062652E-17
5539.75469565393  3.096550E-17
5541.21005725862  3.102773E-17
5542.66541886331  3.162003E-17
5544.120780468  3.390099E-17
5545.57614207269  3.610989E-17
5547.03150367738  3.736243E-17
5548.48686528207  3.598321E-17
5549.94222688676  3.369082E-17
5551.39758849145  3.282039E-17
5552.85295009614  3.443970E-17
5554.30831170083  3.650080E-17
5555.76367330552  3.721786E-17
5557.21903491021  3.768945E-17
5558.6743965149  3.725069E-17
5560.12975811959  3.691716E-17
5561.58511972428  3.674391E-17
5563.04048132897  3.722459E-17
5564.49584293366  3.715033E-17
5565.95120453835  3.562749E-17
5567.40656614305  3.448517E-17
5568.86192774774  3.361150E-17
5570.31728935243  3.391800E-17
5571.77265095712  3.283135E-17
5573.22801256181  3.079627E-17
5574.6833741665  2.948077E-17
5576.13873577119  3.163920E-17
5577.59409737588  3.556221E-17
5579.04945898057  3.753916E-17
5580.50482058526  3.695937E-17
5581.96018218995  3.577690E-17
5583.41554379464  3.549999E-17
5584.87090539933  3.438582E-17
5586.32626700402  3.273493E-17
5587.78162860871  3.125872E-17
5589.2369902134  3.176953E-17
5590.69235181809  3.371972E-17
5592.14771342278  3.407769E-17
5593.60307502748  3.328422E-17
5595.05843663217  3.175478E-17
5596.51379823686  3.095915E-17
5597.96915984155  3.067950E-17
5599.42452144624  3.043376E-17
5600.87988305093  3.140250E-17
5602.33524465562  3.244454E-17
5603.79060626031  3.181321E-17
5605.245967865  3.140825E-17
5606.70132946969  3.160909E-17
5608.15669107438  3.234823E-17
5609.61205267907  3.123464E-17
5611.06741428376  2.967859E-17
5612.52277588845  2.958654E-17
5613.97813749314  3.094263E-17
5615.43349909783  3.213992E-17
5616.88886070252  3.149098E-17
5618.34422230722  3.022955E-17
5619.79958391191  2.966795E-17
5621.2549455166  3.060240E-17
5622.71030712129  3.146734E-17
5624.16566872598  3.168895E-17
5625.62103033067  3.122771E-17
5627.07639193536  3.098629E-17
5628.53175354005  3.142303E-17
5629.98711514474  3.191846E-17
5631.44247674943  3.166062E-17
5632.89783835412  3.050833E-17
5634.35319995881  2.939833E-17
5635.8085615635  2.919690E-17
5637.26392316819  2.927610E-17
5638.71928477288  2.968217E-17
5640.17464637757  3.069762E-17
5641.63000798226  3.092166E-17
5643.08536958695  3.056958E-17
5644.54073119164  2.985396E-17
5645.99609279634  2.910501E-17
5647.45145440103  2.855451E-17
5648.90681600572  2.827701E-17
5650.36217761041  2.950956E-17
5651.8175392151  3.111808E-17
5653.27290081979  3.225899E-17
5654.72826242448  3.307686E-17
5656.18362402917  3.348042E-17
5657.63898563386  3.272755E-17
5659.09434723855  3.021223E-17
5660.54970884324  2.837736E-17
5662.00507044793  2.867559E-17
5663.46043205262  2.992516E-17
5664.91579365731  3.018082E-17
5666.371155262  2.922055E-17
5667.82651686669  2.879956E-17
5669.28187847138  2.968666E-17
5670.73724007608  3.071717E-17
5672.19260168076  3.022382E-17
5673.64796328546  2.918688E-17
5675.10332489015  2.770463E-17
5676.55868649484  2.816382E-17
5678.01404809953  2.754220E-17
5679.46940970422  2.748568E-17
5680.92477130891  2.836912E-17
5682.3801329136  2.930339E-17
5683.83549451829  2.814761E-17
5685.29085612298  2.558921E-17
5686.74621772767  2.436650E-17
5688.20157933236  2.524864E-17
5689.65694093705  2.738514E-17
5691.11230254174  3.002596E-17
5692.56766414643  3.109611E-17
5694.02302575112  2.910215E-17
5695.47838735581  2.737186E-17
5696.93374896051  2.834675E-17
5698.3891105652  2.998940E-17
5699.84447216989  3.016745E-17
5701.29983377458  3.007540E-17
5702.75519537927  3.082240E-17
5704.21055698396  3.061694E-17
5705.66591858865  2.821861E-17
5707.12128019334  2.594725E-17
5708.57664179803  2.628592E-17
5710.03200340272  2.817298E-17
5711.48736500741  3.005787E-17
5712.9427266121  3.087161E-17
5714.39808821679  3.113546E-17
5715.85344982148  3.045854E-17
5717.30881142617  2.909268E-17
5718.76417303086  2.757047E-17
5720.21953463555  2.687867E-17
5721.67489624024  2.680142E-17
5723.13025784493  2.703280E-17
5724.58561944963  2.744982E-17
5726.04098105432  2.714864E-17
5727.49634265901  2.662682E-17
5728.9517042637  2.563674E-17
5730.40706586839  2.500026E-17
5731.86242747308  2.525253E-17
5733.31778907777  2.643191E-17
5734.77315068246  2.744439E-17
5736.22851228715  2.799167E-17
5737.68387389184  2.816556E-17
5739.13923549653  2.803017E-17
5740.59459710122  2.681295E-17
5742.04995870591  2.584834E-17
5743.5053203106  2.606045E-17
5744.96068191529  2.734813E-17
5746.41604351998  2.742711E-17
5747.87140512467  2.613082E-17
5749.32676672936  2.509365E-17
5750.78212833405  2.486020E-17
5752.23748993875  2.523923E-17
5753.69285154344  2.577495E-17
5755.14821314813  2.617443E-17
5756.60357475282  2.594075E-17
5758.05893635751  2.483105E-17
5759.5142979622  2.440738E-17
5760.96965956689  2.494068E-17
5762.42502117158  2.529033E-17
5763.88038277627  2.535170E-17
5765.33574438096  2.665417E-17
5766.79110598565  2.829583E-17
5768.24646759034  2.840109E-17
5769.70182919503  2.657996E-17
5771.15719079972  2.516144E-17
5772.61255240441  2.550425E-17
5774.0679140091  2.716561E-17
5775.52327561379  2.812665E-17
5776.97863721848  2.888588E-17
5778.43399882318  2.899942E-17
5779.88936042787  2.925213E-17
5781.34472203256  2.813772E-17
5782.80008363725  2.713449E-17
5784.25544524194  2.753146E-17
5785.71080684663  2.826094E-17
5787.16616845132  2.785536E-17
5788.62153005601  2.656956E-17
5790.0768916607  2.596465E-17
5791.53225326539  2.640068E-17
5792.98761487008  2.687037E-17
5794.44297647477  2.688411E-17
5795.89833807946  2.662108E-17
5797.35369968415  2.581885E-17
5798.80906128884  2.584544E-17
5800.26442289353  2.668928E-17
5801.71978449822  2.753072E-17
5803.17514610292  2.716488E-17
5804.6305077076  2.494026E-17
5806.0858693123  2.227182E-17
5807.54123091699  2.043758E-17
5808.99659252168  2.010936E-17
5810.45195412637  2.173021E-17
5811.90731573106  2.501329E-17
5813.36267733575  2.697550E-17
5814.81803894044  2.651643E-17
5816.27340054513  2.743784E-17
5817.72876214982  3.183876E-17
5819.18412375451  3.379374E-17
5820.6394853592  3.038260E-17
5822.09484696389  2.646666E-17
5823.55020856858  2.724411E-17
5825.00557017327  2.969115E-17
5826.46093177796  2.854242E-17
5827.91629338265  2.561164E-17
5829.37165498734  2.331940E-17
5830.82701659204  2.234020E-17
5832.28237819673  2.148437E-17
5833.73773980142  2.100586E-17
5835.19310140611  2.161878E-17
5836.6484630108  2.243253E-17
5838.10382461549  2.324787E-17
5839.55918622018  2.491626E-17
5841.01454782487  2.665074E-17
5842.46990942956  2.684979E-17
5843.92527103425  2.471775E-17
5845.38063263894  2.325821E-17
5846.83599424363  2.494069E-17
5848.29135584832  2.786764E-17
5849.74671745301  3.013958E-17
5851.2020790577  3.004559E-17
5852.65744066239  2.711817E-17
5854.11280226708  2.356644E-17
5855.56816387177  2.229168E-17
5857.02352547647  2.422006E-17
5858.47888708116  2.661031E-17
5859.93424868585  2.688133E-17
5861.38961029054  2.711182E-17
5862.84497189523  2.860196E-17
5864.30033349992  3.073957E-17
5865.75569510461  3.015727E-17
5867.2110567093  2.706088E-17
5868.66641831399  2.498141E-17
5870.12177991868  2.615043E-17
5871.57714152337  2.795108E-17
5873.03250312806  2.761348E-17
5874.48786473275  2.660027E-17
5875.94322633744  2.722235E-17
5877.39858794213  2.814417E-17
5878.85394954682  2.729299E-17
5880.30931115151  2.606752E-17
5881.76467275621  2.580509E-17
5883.2200343609  2.748934E-17
5884.67539596559  2.881457E-17
5886.13075757028  2.778674E-17
5887.58611917497  2.573376E-17
5889.04148077966  2.439581E-17
5890.49684238435  2.492464E-17
5891.95220398904  2.548318E-17
5893.40756559373  2.509921E-17
5894.86292719842  2.411094E-17
5896.31828880311  2.302281E-17
5897.7736504078  2.224622E-17
5899.22901201249  2.229120E-17
5900.68437361718  2.364161E-17
5902.13973522187  2.472586E-17
5903.59509682656  2.514069E-17
5905.05045843125  2.512957E-17
5906.50582003594  2.509321E-17
5907.96118164063  2.536023E-17
5909.41654324533  2.525798E-17
5910.87190485002  2.580017E-17
5912.32726645471  2.745713E-17
5913.7826280594  2.836922E-17
5915.23798966409  2.818382E-17
5916.69335126878  2.671918E-17
5918.14871287347  2.436551E-17
5919.60407447816  2.323285E-17
5921.05943608285  2.319404E-17
5922.51479768754  2.428505E-17
5923.97015929223  2.555266E-17
5925.42552089692  2.615314E-17
5926.88088250161  2.645362E-17
5928.3362441063  2.535291E-17
5929.79160571099  2.467396E-17
5931.24696731568  2.448098E-17
5932.70232892037  2.423690E-17
5934.15769052507  2.366453E-17
5935.61305212976  2.374844E-17
5937.06841373445  2.533876E-17
5938.52377533914  2.879837E-17
5939.97913694383  3.217117E-17
5941.43449854852  3.213469E-17
5942.88986015321  2.964726E-17
5944.3452217579  2.671132E-17
5945.80058336259  2.554218E-17
5947.25594496728  2.576991E-17
5948.71130657197  2.586055E-17
5950.16666817666  2.630142E-17
5951.62202978135  2.581935E-17
5953.07739138604  2.532725E-17
5954.53275299073  2.519269E-17
5955.98811459542  2.480570E-17
5957.44347620011  2.445816E-17
5958.8988378048  2.473915E-17
5960.3541994095  2.482740E-17
5961.80956101419  2.381489E-17
5963.26492261888  2.256188E-17
5964.72028422357  2.308892E-17
5966.17564582826  2.554863E-17
5967.63100743295  2.919093E-17
5969.08636903764  3.071267E-17
5970.54173064233  2.964515E-17
5971.99709224702  2.701189E-17
5973.45245385171  2.413578E-17
5974.9078154564  2.254759E-17
5976.36317706109  2.265862E-17
5977.81853866578  2.459786E-17
5979.27390027047  2.617432E-17
5980.72926187516  2.573690E-17
5982.18462347985  2.431611E-17
5983.63998508454  2.330941E-17
5985.09534668923  2.268460E-17
5986.55070829392  2.205886E-17
5988.00606989862  2.231507E-17
5989.46143150331  2.236680E-17
5990.916793108  2.216529E-17
5992.37215471269  2.153245E-17
5993.82751631738  2.135616E-17
5995.28287792207  2.147131E-17
5996.73823952676  2.292863E-17
5998.19360113145  2.544576E-17
5999.64896273614  2.714143E-17
6001.10432434083  2.794112E-17
6002.55968594552  2.675827E-17
6004.01504755021  2.546356E-17
6005.4704091549  2.439518E-17
6006.92577075959  2.395932E-17
6008.38113236428  2.408619E-17
6009.83649396897  2.241607E-17
6011.29185557366  2.079750E-17
6012.74721717835  2.117185E-17
6014.20257878304  2.377761E-17
6015.65794038774  2.554576E-17
6017.11330199243  2.484558E-17
6018.56866359712  2.354106E-17
6020.02402520181  2.302945E-17
6021.4793868065  2.350214E-17
6022.93474841119  2.322587E-17
6024.39011001588  2.215963E-17
6025.84547162057  2.102269E-17
6027.30083322526  1.969858E-17
6028.75619482995  1.954785E-17
6030.21155643464  1.966262E-17
6031.66691803933  2.032671E-17
6033.12227964402  2.163581E-17
6034.57764124871  2.264659E-17
6036.0330028534  2.434400E-17
6037.48836445809  2.505149E-17
6038.94372606279  2.434474E-17
6040.39908766747  2.385436E-17
6041.85444927217  2.448009E-17
6043.30981087686  2.471469E-17
6044.76517248155  2.241546E-17
6046.22053408624  2.023543E-17
6047.67589569093  2.155694E-17
6049.13125729562  2.388269E-17
6050.58661890031  2.279161E-17
6052.041980505  2.118752E-17
6053.49734210969  2.100043E-17
6054.95270371438  2.385100E-17
6056.40806531907  2.458298E-17
6057.86342692376  2.430034E-17
6059.31878852845  2.447413E-17
6060.77415013314  2.453018E-17
6062.22951173783  2.455307E-17
6063.68487334252  2.451398E-17
6065.14023494721  2.443576E-17
6066.59559655191  2.374101E-17
6068.05095815659  2.156829E-17
6069.50631976129  2.135738E-17
6070.96168136598  2.143403E-17
6072.41704297067  2.099677E-17
6073.87240457536  2.098108E-17
6075.32776618005  2.280051E-17
6076.78312778474  2.561301E-17
6078.23848938943  2.629005E-17
6079.69385099412  2.500322E-17
6081.14921259881  2.338435E-17
6082.6045742035  2.489729E-17
6084.05993580819  2.761970E-17
6085.51529741288  2.989901E-17
6086.97065901757  2.937922E-17
6088.42602062226  2.815830E-17
6089.88138222695  2.920023E-17
6091.33674383164  2.968281E-17
6092.79210543633  2.901766E-17
6094.24746704103  2.583771E-17
6095.70282864572  2.189222E-17
6097.15819025041  1.861011E-17
6098.6135518551  1.527765E-17
6100.06891345979  1.299902E-17
6101.52427506448  1.189071E-17
6102.97963666917  1.130997E-17
6104.43499827386  1.047929E-17
6105.89035987855  9.038589E-18
6107.34572148324  7.710695E-18
6108.80108308793  7.741153E-18
6110.25644469262  8.036219E-18
6111.71180629731  9.497520E-18
6113.167167902  1.186659E-17
6114.62252950669  1.458109E-17
6116.07789111138  1.594280E-17
6117.53325271607  1.556592E-17
6118.98861432076  1.528276E-17
6120.44397592546  1.566199E-17
6121.89933753015  1.571025E-17
6123.35469913484  1.511911E-17
6124.81006073953  1.428279E-17
6126.26542234422  1.382483E-17
6127.72078394891  1.367155E-17
6129.1761455536  1.346393E-17
6130.63150715829  1.323034E-17
6132.08686876298  1.290279E-17
6133.54223036767  1.384652E-17
6134.99759197236  1.660848E-17
6136.45295357705  1.902662E-17
6137.90831518174  1.894688E-17
6139.36367678643  1.756700E-17
6140.81903839112  1.635550E-17
6142.27439999581  1.661560E-17
6143.7297616005  1.727351E-17
6145.1851232052  1.841392E-17
6146.64048480988  1.908603E-17
6148.09584641458  1.879796E-17
6149.55120801927  1.870171E-17
6151.00656962396  1.932330E-17
6152.46193122865  1.989961E-17
6153.91729283334  2.086558E-17
6155.37265443803  2.088760E-17
6156.82801604272  2.074903E-17
6158.28337764741  2.021840E-17
6159.7387392521  2.046776E-17
6161.19410085679  2.124376E-17
6162.64946246148  2.096959E-17
6164.10482406617  2.059531E-17
6165.56018567086  2.030536E-17
6167.01554727555  2.006215E-17
6168.47090888024  1.951873E-17
6169.92627048493  1.912397E-17
6171.38163208962  2.018644E-17
6172.83699369432  2.304718E-17
6174.29235529901  2.510548E-17
6175.7477169037  2.418742E-17
6177.20307850839  2.129347E-17
6178.65844011308  2.005233E-17
6180.11380171777  2.102173E-17
6181.56916332246  2.115139E-17
6183.02452492715  1.994582E-17
6184.47988653184  1.842996E-17
6185.93524813653  1.852808E-17
6187.39060974122  1.993791E-17
6188.84597134591  2.002484E-17
6190.3013329506  1.803752E-17
6191.75669455529  1.711141E-17
6193.21205615998  1.949100E-17
6194.66741776467  2.131323E-17
6196.12277936936  2.084053E-17
6197.57814097405  2.013015E-17
6199.03350257875  2.124293E-17
6200.48886418344  2.169140E-17
6201.94422578813  2.027644E-17
6203.39958739282  1.921647E-17
6204.85494899751  1.949091E-17
6206.3103106022  1.979081E-17
6207.76567220689  1.964869E-17
6209.22103381158  1.928833E-17
6210.67639541627  1.963400E-17
6212.13175702096  2.056473E-17
6213.58711862565  2.007380E-17
6215.04248023034  1.903018E-17
6216.49784183503  1.825421E-17
6217.95320343972  1.762367E-17
6219.40856504441  1.667143E-17
6220.8639266491  1.644602E-17
6222.31928825379  1.737569E-17
6223.77464985849  1.788843E-17
6225.23001146318  1.795657E-17
6226.68537306786  1.950095E-17
6228.14073467256  2.289656E-17
6229.59609627725  2.521707E-17
6231.05145788194  2.607673E-17
6232.50681948663  2.552203E-17
6233.96218109132  2.348659E-17
6235.41754269601  2.115402E-17
6236.8729043007  2.099967E-17
6238.32826590539  2.401146E-17
6239.78362751008  2.582608E-17
6241.23898911477  2.455232E-17
6242.69435071946  2.212555E-17
6244.14971232415  2.038983E-17
6245.60507392884  1.882050E-17
6247.06043553353  1.878942E-17
6248.51579713822  2.159637E-17
6249.97115874291  2.443272E-17
6251.42652034761  2.356873E-17
6252.8818819523  1.931821E-17
6254.33724355699  1.723462E-17
6255.79260516168  1.950475E-17
6257.24796676637  2.282495E-17
6258.70332837106  2.300652E-17
6260.15868997575  2.056976E-17
6261.61405158044  2.040070E-17
6263.06941318513  2.311892E-17
6264.52477478982  2.548082E-17
6265.98013639451  2.467782E-17
6267.4354979992  2.312575E-17
6268.89085960389  2.384567E-17
6270.34622120858  2.537993E-17
6271.80158281327  2.480368E-17
6273.25694441796  2.103539E-17
6274.71230602265  1.615936E-17
6276.16766762734  1.478606E-17
6277.62302923203  1.789105E-17
6279.07839083673  2.244267E-17
6280.53375244142  2.480188E-17
6281.98911404611  2.350089E-17
6283.4444756508  2.027519E-17
6284.89983725549  1.678485E-17
6286.35519886018  1.630545E-17
6287.81056046487  1.884915E-17
6289.26592206956  2.271149E-17
6290.72128367425  2.649433E-17
6292.17664527894  3.002084E-17
6293.63200688363  3.298693E-17
6295.08736848832  3.364264E-17
6296.54273009301  3.208531E-17
6297.9980916977  3.004174E-17
6299.45345330239  2.758990E-17
6300.90881490708  2.529707E-17
6302.36417651178  2.344830E-17
6303.81953811646  2.376061E-17
6305.27489972116  2.697993E-17
6306.73026132584  3.078192E-17
6308.18562293054  3.165860E-17
6309.64098453523  2.944304E-17
6311.09634613992  2.773400E-17
6312.55170774461  2.619688E-17
6314.0070693493  2.499350E-17
6315.46243095399  2.249042E-17
6316.91779255868  2.205880E-17
6318.37315416337  2.459748E-17
6319.82851576806  2.712466E-17
6321.28387737275  2.887017E-17
6322.73923897744  2.849899E-17
6324.19460058213  2.766792E-17
6325.64996218682  2.880520E-17
6327.10532379151  2.932747E-17
6328.5606853962  2.876225E-17
6330.0160470009  2.746094E-17
6331.47140860558  2.907460E-17
6332.92677021028  3.260663E-17
6334.38213181497  3.381774E-17
6335.83749341966  3.077300E-17
6337.29285502435  2.877204E-17
6338.74821662904  3.010912E-17
6340.20357823373  3.235778E-17
6341.65893983842  3.115191E-17
6343.11430144311  2.778237E-17
6344.5696630478  2.687299E-17
6346.02502465249  2.860757E-17
6347.48038625718  3.050477E-17
6348.93574786187  3.281138E-17
6350.39110946656  3.423744E-17
6351.84647107125  3.195334E-17
6353.30183267594  2.816503E-17
6354.75719428063  2.647875E-17
6356.21255588532  2.924257E-17
6357.66791749001  3.476882E-17
6359.12327909471  4.000008E-17
6360.5786406994  4.152643E-17
6362.03400230409  3.921693E-17
6363.48936390878  3.381321E-17
6364.94472551347  3.001239E-17
6366.40008711816  2.724331E-17
6367.85544872285  2.695400E-17
6369.31081032754  2.669802E-17
6370.76617193223  2.585802E-17
6372.22153353692  2.553811E-17
6373.67689514161  2.651657E-17
6375.1322567463  2.945247E-17
6376.58761835099  3.153139E-17
6378.04297995568  3.197582E-17
6379.49834156037  3.041222E-17
6380.95370316507  2.794003E-17
6382.40906476975  2.690408E-17
6383.86442637445  2.873573E-17
6385.31978797914  2.976851E-17
6386.77514958382  2.984977E-17
6388.23051118852  2.742189E-17
6389.68587279321  2.525576E-17
6391.1412343979  2.520974E-17
6392.59659600259  2.705955E-17
6394.05195760728  2.827615E-17
6395.50731921197  2.753779E-17
6396.96268081666  2.593281E-17
6398.41804242135  2.759161E-17
6399.87340402604  3.258883E-17
6401.32876563073  3.697676E-17
6402.78412723542  3.668112E-17
6404.23948884011  3.214267E-17
6405.6948504448  2.982520E-17
6407.15021204949  3.148382E-17
6408.60557365418  3.217116E-17
6410.06093525887  3.078323E-17
6411.51629686356  2.962206E-17
6412.97165846826  2.906096E-17
6414.42702007295  2.777386E-17
6415.88238167764  2.624087E-17
6417.33774328233  2.620998E-17
6418.79310488702  2.650960E-17
6420.24846649171  2.435223E-17
6421.7038280964  2.244103E-17
6423.15918970109  2.190557E-17
6424.61455130578  2.341084E-17
6426.06991291047  2.549814E-17
6427.52527451516  2.716013E-17
6428.98063611985  2.857615E-17
6430.43599772454  3.034078E-17
6431.89135932923  3.244660E-17
6433.34672093392  3.349170E-17
6434.80208253861  3.230787E-17
6436.25744414331  2.974489E-17
6437.712805748  2.867593E-17
6439.16816735269  2.939495E-17
6440.62352895738  3.060053E-17
6442.07889056207  3.155634E-17
6443.53425216676  3.215221E-17
6444.98961377145  3.213641E-17
6446.44497537614  3.189149E-17
6447.90033698083  3.303584E-17
6449.35569858552  3.417478E-17
6450.81106019021  3.410881E-17
6452.2664217949  3.200630E-17
6453.72178339959  2.975982E-17
6455.17714500428  2.974454E-17
6456.63250660897  3.047074E-17
6458.08786821366  3.119480E-17
6459.54322981835  3.097534E-17
6460.99859142304  3.095264E-17
6462.45395302774  3.226205E-17
6463.90931463243  3.227763E-17
6465.36467623712  3.101128E-17
6466.82003784181  2.993575E-17
6468.2753994465  2.997748E-17
6469.73076105119  3.060762E-17
6471.18612265588  2.988860E-17
6472.64148426057  2.849490E-17
6474.09684586526  2.868112E-17
6475.55220746995  2.991202E-17
6477.00756907464  3.048377E-17
6478.46293067933  3.100783E-17
6479.91829228402  3.145300E-17
6481.37365388871  3.162981E-17
6482.8290154934  3.015124E-17
6484.28437709809  2.851772E-17
6485.73973870278  2.856957E-17
6487.19510030748  2.961836E-17
6488.65046191216  3.079309E-17
6490.10582351685  3.218883E-17
6491.56118512155  3.283264E-17
6493.01654672624  3.137693E-17
6494.47190833093  2.806936E-17
6495.92726993562  2.489203E-17
6497.38263154031  2.291832E-17
6498.837993145  2.332901E-17
6500.29335474969  2.544923E-17
6501.74871635438  2.778281E-17
6503.20407795907  2.863647E-17
6504.65943956376  2.827816E-17
6506.11480116845  2.973514E-17
6507.57016277314  3.156679E-17
6509.02552437783  3.202879E-17
6510.48088598252  3.141944E-17
6511.93624758721  3.145385E-17
6513.3916091919  3.173991E-17
6514.8469707966  3.125485E-17
6516.30233240129  3.011810E-17
6517.75769400598  2.919635E-17
6519.21305561067  2.818657E-17
6520.66841721536  2.765768E-17
6522.12377882005  2.780012E-17
6523.57914042474  2.841638E-17
6525.03450202943  2.872892E-17
6526.48986363412  2.894525E-17
6527.94522523881  2.834920E-17
6529.4005868435  2.798035E-17
6530.85594844819  2.764056E-17
6532.31131005288  2.792304E-17
6533.76667165757  2.739820E-17
6535.22203326226  2.697888E-17
6536.67739486695  2.689219E-17
6538.13275647164  2.690014E-17
6539.58811807633  2.690481E-17
6541.04347968102  2.710309E-17
6542.49884128572  2.664869E-17
6543.95420289041  2.563559E-17
6545.4095644951  2.540853E-17
6546.86492609979  2.672338E-17
6548.32028770448  2.828491E-17
6549.77564930917  2.847981E-17
6551.23101091386  2.763448E-17
6552.68637251855  2.732416E-17
6554.14173412324  2.910441E-17
6555.59709572793  3.347840E-17
6557.05245733262  3.800611E-17
6558.50781893731  4.067694E-17
6559.963180542  4.077047E-17
6561.41854214669  3.891773E-17
6562.87390375138  3.654593E-17
6564.32926535607  3.439595E-17
6565.78462696076  3.214325E-17
6567.23998856545  2.938090E-17
6568.69535017014  2.732376E-17
6570.15071177483  2.698647E-17
6571.60607337953  2.734119E-17
6573.06143498422  2.676992E-17
6574.51679658891  2.589394E-17
6575.9721581936  2.486823E-17
6577.42751979829  2.481566E-17
6578.88288140298  2.504336E-17
6580.33824300767  2.542899E-17
6581.79360461236  2.574994E-17
6583.24896621705  2.651689E-17
6584.70432782174  2.736025E-17
6586.15968942643  2.826175E-17
6587.61505103112  2.737963E-17
6589.07041263581  2.642132E-17
6590.5257742405  2.495303E-17
6591.98113584519  2.374715E-17
6593.43649744988  2.318737E-17
6594.89185905457  2.355131E-17
6596.34722065927  2.383095E-17
6597.80258226396  2.316844E-17
6599.25794386865  2.376671E-17
6600.71330547334  2.605719E-17
6602.16866707803  2.789360E-17
6603.62402868272  2.729437E-17
6605.07939028741  2.636041E-17
6606.5347518921  2.555573E-17
6607.99011349679  2.497599E-17
6609.44547510148  2.500349E-17
6610.90083670617  2.601001E-17
6612.35619831086  2.658121E-17
6613.81155991555  2.581588E-17
6615.26692152024  2.407022E-17
6616.72228312493  2.262925E-17
6618.17764472963  2.154765E-17
6619.63300633431  2.195866E-17
6621.088367939  2.316397E-17
6622.5437295437  2.420178E-17
6623.99909114839  2.470960E-17
6625.45445275308  2.463698E-17
6626.90981435777  2.404349E-17
6628.36517596246  2.367000E-17
6629.82053756715  2.386751E-17
6631.27589917184  2.490309E-17
6632.73126077653  2.563029E-17
6634.18662238122  2.643131E-17
6635.64198398591  2.832010E-17
6637.0973455906  2.980196E-17
6638.55270719529  2.963358E-17
6640.00806879998  2.787966E-17
6641.46343040467  2.645709E-17
6642.91879200936  2.567164E-17
6644.37415361406  2.618336E-17
6645.82951521875  2.814187E-17
6647.28487682343  3.046767E-17
6648.74023842812  3.121655E-17
6650.19560003281  2.755577E-17
6651.65096163751  2.193078E-17
6653.1063232422  2.068568E-17
6654.56168484689  2.397564E-17
6656.01704645158  2.836336E-17
6657.47240805627  2.989540E-17
6658.92776966096  3.201175E-17
6660.38313126565  3.615763E-17
6661.83849287034  3.543034E-17
6663.29385447503  2.972338E-17
6664.74921607972  2.508604E-17
6666.20457768441  2.545311E-17
6667.6599392891  2.663903E-17
6669.11530089379  2.546751E-17
6670.57066249848  2.609956E-17
6672.02602410317  2.954582E-17
6673.48138570786  3.128153E-17
6674.93674731256  3.014535E-17
6676.39210891725  2.999846E-17
6677.84747052194  3.103736E-17
6679.30283212663  3.076407E-17
6680.75819373132  2.864311E-17
6682.21355533601  2.689659E-17
6683.6689169407  2.694859E-17
6685.12427854539  2.713948E-17
6686.57964015008  2.734161E-17
6688.03500175477  2.665654E-17
6689.49036335946  2.453616E-17
6690.94572496415  2.229503E-17
6692.40108656884  2.116609E-17
6693.85644817353  2.174483E-17
6695.31180977822  2.129956E-17
6696.76717138291  2.069254E-17
6698.2225329876  2.260675E-17
6699.6778945923  2.672036E-17
6701.13325619699  2.923338E-17
6702.58861780168  2.722276E-17
6704.04397940637  2.425382E-17
6705.49934101106  2.485377E-17
6706.95470261575  2.763630E-17
6708.41006422044  3.072384E-17
6709.86542582513  3.228686E-17
6711.32078742982  3.484939E-17
6712.77614903451  3.544452E-17
6714.2315106392  3.231749E-17
6715.68687224389  2.712416E-17
6717.14223384858  2.313701E-17
6718.59759545327  2.000788E-17
6720.05295705796  1.745657E-17
6721.50831866265  1.608442E-17
6722.96368026734  1.683283E-17
6724.41904187203  1.782723E-17
6725.87440347673  1.816734E-17
6727.32976508142  1.827295E-17
6728.78512668611  1.840676E-17
6730.2404882908  2.111753E-17
6731.69584989549  2.410571E-17
6733.15121150018  2.427879E-17
6734.60657310487  2.128100E-17
6736.06193470956  1.929195E-17
6737.51729631425  2.101134E-17
6738.97265791894  2.342870E-17
6740.42801952363  2.502766E-17
6741.88338112832  2.555252E-17
6743.33874273301  2.605236E-17
6744.7941043377  2.407914E-17
6746.24946594239  2.188028E-17
6747.70482754708  2.105757E-17
6749.16018915177  2.304882E-17
6750.61555075646  2.365747E-17
6752.07091236115  2.225953E-17
6753.52627396584  2.053723E-17
6754.98163557054  1.915496E-17
6756.43699717523  1.895088E-17
6757.89235877992  1.950353E-17
6759.34772038461  2.105809E-17
6760.8030819893  2.206112E-17
6762.25844359399  2.280634E-17
6763.71380519868  2.239727E-17
6765.16916680337  2.145014E-17
6766.62452840806  1.968667E-17
6768.07989001275  1.861422E-17
6769.53525161744  1.770034E-17
6770.99061322213  1.505861E-17
6772.44597482682  1.305663E-17
6773.90133643151  1.239567E-17
6775.3566980362  1.262518E-17
6776.81205964089  1.360601E-17
6778.26742124559  1.548213E-17
6779.72278285027  1.896436E-17
6781.17814445497  2.252414E-17
6782.63350605966  2.274400E-17
6784.08886766435  2.031552E-17
6785.54422926904  1.828431E-17
6786.99959087373  1.956206E-17
6788.45495247842  2.161322E-17
6789.91031408311  2.075029E-17
6791.3656756878  1.850482E-17
6792.82103729249  1.847554E-17
6794.27639889718  2.112932E-17
6795.73176050187  2.323666E-17
6797.18712210656  2.289634E-17
6798.64248371125  2.115504E-17
6800.09784531594  2.010251E-17
6801.55320692063  2.167181E-17
6803.00856852532  2.191663E-17
6804.46393013001  2.014992E-17
6805.91929173471  1.748455E-17
6807.3746533394  1.652776E-17
6808.83001494409  1.653147E-17
6810.28537654878  1.705494E-17
6811.74073815347  1.825848E-17
6813.19609975816  1.995283E-17
6814.65146136285  2.105571E-17
6816.10682296754  2.032447E-17
6817.56218457223  1.860673E-17
6819.01754617692  1.633403E-17
6820.47290778161  1.476076E-17
6821.9282693863  1.458493E-17
6823.38363099099  1.516350E-17
6824.83899259568  1.601053E-17
6826.29435420037  1.792149E-17
6827.74971580506  2.034013E-17
6829.20507740975  2.202306E-17
6830.66043901444  2.260541E-17
6832.11580061913  2.210367E-17
6833.57116222382  2.091077E-17
6835.02652382852  1.993185E-17
6836.48188543321  1.930936E-17
6837.9372470379  1.872675E-17
6839.39260864259  1.745244E-17
6840.84797024728  1.590358E-17
6842.30333185197  1.543656E-17
6843.75869345666  1.565786E-17
6845.21405506135  1.662012E-17
6846.66941666604  1.768727E-17
6848.12477827073  1.684266E-17
6849.58013987542  1.496801E-17
6851.03550148011  1.512316E-17
6852.4908630848  1.692325E-17
6853.94622468949  1.747249E-17
6855.40158629418  1.606095E-17
6856.85694789887  1.543986E-17
6858.31230950357  1.692831E-17
6859.76767110826  1.817147E-17
6861.22303271295  1.762034E-17
6862.67839431764  1.613716E-17
6864.13375592233  1.478945E-17
6865.58911752702  1.420998E-17
6867.04447913171  1.469146E-17
6868.4998407364  1.583453E-17
6869.95520234109  1.677313E-17
6871.41056394578  1.722029E-17
6872.86592555047  1.666404E-17
6874.32128715516  1.500494E-17
6875.77664875985  1.350185E-17
6877.23201036454  1.316417E-17
6878.68737196923  1.376742E-17
6880.14273357392  1.400093E-17
6881.59809517861  1.366478E-17
6883.0534567833  1.332526E-17
6884.50881838799  1.331185E-17
6885.96417999269  1.404199E-17
6887.41954159738  1.514451E-17
6888.87490320207  1.473167E-17
6890.33026480676  1.297992E-17
6891.78562641145  1.138153E-17
6893.24098801614  1.106931E-17
6894.69634962083  1.221922E-17
6896.15171122552  1.358827E-17
6897.60707283021  1.422651E-17
6899.0624344349  1.394698E-17
6900.51779603959  1.298008E-17
6901.97315764428  1.260941E-17
6903.42851924897  1.220807E-17
6904.88388085366  1.213427E-17
6906.33924245835  1.191453E-17
6907.79460406305  1.148841E-17
6909.24996566774  1.054139E-17
6910.70532727242  1.023859E-17
6912.16068887711  1.081686E-17
6913.61605048181  1.183064E-17
6915.0714120865  1.291852E-17
6916.52677369119  1.368134E-17
6917.98213529588  1.417015E-17
6919.43749690057  1.448730E-17
6920.89285850526  1.422049E-17
6922.34822010995  1.333292E-17
6923.80358171464  1.273299E-17
6925.25894331933  1.314244E-17
6926.71430492402  1.299121E-17
6928.16966652871  1.165993E-17
6929.6250281334  1.119720E-17
6931.08038973809  1.273888E-17
6932.53575134278  1.309143E-17
6933.99111294747  1.106971E-17
6935.44647455216  8.751758E-18
6936.90183615685  8.561620E-18
6938.35719776155  1.024562E-17
6939.81255936623  1.170875E-17
6941.26792097093  1.202071E-17
6942.72328257562  1.133433E-17
6944.17864418031  9.770476E-18
6945.634005785  7.880714E-18
6947.08936738969  6.157242E-18
6948.54472899438  6.284719E-18
6950.00009059907  6.830379E-18
