       2948.3815   2.2103450e-16
       2950.6980   2.8888830e-16
       2953.0145   3.0277000e-16
       2955.3310   2.6212160e-16
       2957.6475   3.0069100e-16
       2959.9640   3.1438800e-16
       2962.2805   2.6923420e-16
       2964.5970   2.7414870e-16
       2966.9135   2.7656880e-16
       2969.2300   2.8042610e-16
       2971.5465   3.1689880e-16
       2973.8630   3.1101050e-16
       2976.1795   2.4589000e-16
       2978.4960   2.3017280e-16
       2980.8125   2.5786060e-16
       2983.1290   2.6026070e-16
       2985.4455   2.7211360e-16
       2987.7620   3.0792910e-16
       2990.0785   3.1100770e-16
       2992.3950   2.9307810e-16
       2994.7115   2.7380050e-16
       2997.0280   2.6791730e-16
       2999.3445   2.9425070e-16
       3001.6610   2.7726690e-16
       3003.9775   2.1028660e-16
       3006.2940   1.8015880e-16
       3008.6105   2.0812050e-16
       3010.9270   2.5045290e-16
       3013.2435   2.3063620e-16
       3015.5600   2.0387960e-16
       3017.8766   2.2811860e-16
       3020.1931   2.5777390e-16
       3022.5096   2.5970030e-16
       3024.8261   2.6057020e-16
       3027.1426   2.6060170e-16
       3029.4591   2.3275810e-16
       3031.7756   2.2538350e-16
       3034.0921   2.2607740e-16
       3036.4086   2.1357230e-16
       3038.7251   2.1714550e-16
       3041.0416   2.2796710e-16
       3043.3581   2.5465250e-16
       3045.6746   2.7106720e-16
       3047.9911   2.6560810e-16
       3050.3076   2.5471850e-16
       3052.6241   2.2709180e-16
       3054.9406   2.3020930e-16
       3057.2571   2.4073890e-16
       3059.5736   2.2748430e-16
       3061.8901   2.1829910e-16
       3064.2066   2.3227020e-16
       3066.5231   2.5216950e-16
       3068.8396   2.5940820e-16
       3071.1561   2.5553930e-16
       3073.4726   2.5121930e-16
       3075.7891   2.5143160e-16
       3078.1056   2.5206510e-16
       3080.4221   2.5642320e-16
       3082.7386   2.6305990e-16
       3085.0551   2.6545290e-16
       3087.3717   2.6526390e-16
       3089.6882   2.5919700e-16
       3092.0047   2.4939860e-16
       3094.3212   2.4882570e-16
       3096.6377   2.5684100e-16
       3098.9542   2.5094800e-16
       3101.2707   2.3732290e-16
       3103.5872   2.4903620e-16
       3105.9037   2.7083520e-16
       3108.2202   2.7509960e-16
       3110.5367   2.7058900e-16
       3112.8532   2.7724030e-16
       3115.1697   2.8642090e-16
       3117.4862   2.8082430e-16
       3119.8027   2.6903540e-16
       3122.1192   2.8039350e-16
       3124.4357   3.0596760e-16
       3126.7522   2.8628460e-16
       3129.0687   2.5092950e-16
       3131.3852   2.5404110e-16
       3133.7017   2.6885650e-16
       3136.0182   2.7254640e-16
       3138.3347   2.6202970e-16
       3140.6512   2.5956190e-16
       3142.9677   2.7255450e-16
       3145.2842   2.7164470e-16
       3147.6007   2.5647660e-16
       3149.9172   2.5547370e-16
       3152.2337   2.6147050e-16
       3154.5502   2.7265590e-16
       3156.8668   2.8245290e-16
       3159.1833   2.7845110e-16
       3161.4998   2.5961410e-16
       3163.8163   2.4044060e-16
       3166.1328   2.4471290e-16
       3168.4493   2.4936410e-16
       3170.7658   2.3783630e-16
       3173.0823   2.4139660e-16
       3175.3988   2.6313920e-16
       3177.7153   2.7102710e-16
       3180.0318   2.5300460e-16
       3182.3483   2.2796200e-16
       3184.6648   2.1486250e-16
       3186.9813   2.3003410e-16
       3189.2978   2.5113070e-16
       3191.6143   2.5437620e-16
       3193.9308   2.4775310e-16
       3196.2473   2.4535990e-16
       3198.5638   2.4096060e-16
       3200.8803   2.3767880e-16
       3203.1968   2.3687740e-16
       3205.5133   2.3172360e-16
       3207.8298   2.2676000e-16
       3210.1463   2.2288800e-16
       3212.4628   2.1721240e-16
       3214.7793   2.2090640e-16
       3217.0958   2.4040850e-16
       3219.4123   2.5384920e-16
       3221.7288   2.4668210e-16
       3224.0453   2.4637950e-16
       3226.3619   2.4991610e-16
       3228.6784   2.3818200e-16
       3230.9949   2.2801740e-16
       3233.3114   2.3159760e-16
       3235.6279   2.3519380e-16
       3237.9444   2.2934160e-16
       3240.2609   2.3183880e-16
       3242.5774   2.3364750e-16
       3244.8939   2.2435840e-16
       3247.2104   2.2550720e-16
       3249.5269   2.3403220e-16
       3251.8434   2.3364750e-16
       3254.1599   2.3337410e-16
       3256.4764   2.3212960e-16
       3258.7929   2.3212960e-16
       3261.1094   2.3212960e-16
       3263.4259   2.3212960e-16
       3265.7424   2.3519730e-16
       3268.0589   2.3934260e-16
       3270.3754   2.3337410e-16
       3272.6919   2.3067230e-16
       3275.0084   2.3403220e-16
       3277.3249   2.3829000e-16
       3279.6414   2.3102840e-16
       3281.9579   2.2577480e-16
       3284.2744   2.3212960e-16
       3286.5909   2.3241600e-16
       3288.9074   2.2451680e-16
       3291.2239   2.2199850e-16
       3293.5404   2.2131640e-16
       3295.8570   2.2033970e-16
       3298.1735   2.1661270e-16
       3300.4900   2.1306910e-16
       3302.8065   2.1622570e-16
       3305.1230   2.1445660e-16
       3307.4395   2.1252330e-16
       3309.7560   2.1581030e-16
       3312.0725   2.1594960e-16
       3314.3890   2.1965570e-16
       3316.7055   2.3715750e-16
       3319.0220   2.4925770e-16
       3321.3385   2.5289550e-16
       3323.6550   2.4862780e-16
       3325.9715   2.4358820e-16
       3328.2880   2.4362620e-16
       3330.6045   2.4317850e-16
       3332.9210   2.4795960e-16
       3335.2375   2.5868570e-16
       3337.5540   2.5214130e-16
       3339.8705   2.4575830e-16
       3342.1870   2.5577470e-16
       3344.5035   2.5507090e-16
       3346.8200   2.4725160e-16
       3349.1365   2.4734150e-16
       3351.4530   2.4690410e-16
       3353.7695   2.5091290e-16
       3356.0860   2.5830520e-16
       3358.4025   2.5839490e-16
       3360.7190   2.6511990e-16
       3363.0355   2.7224930e-16
       3365.3521   2.6338990e-16
       3367.6686   2.5059080e-16
       3369.9851   2.4045830e-16
       3372.3016   2.4389680e-16
       3374.6181   2.5225800e-16
       3376.9346   2.5660040e-16
       3379.2511   2.6457640e-16
       3381.5676   2.5795160e-16
       3383.8841   2.5212600e-16
       3386.2006   2.5575280e-16
       3388.5171   2.5442040e-16
       3390.8336   2.5399070e-16
       3393.1501   2.6394590e-16
       3395.4666   2.7584010e-16
       3397.7831   2.7380720e-16
       3400.0996   2.7014180e-16
       3402.4161   2.6846790e-16
       3404.7326   2.5666270e-16
       3407.0491   2.4873310e-16
       3409.3656   2.5800540e-16
       3411.6821   2.6743930e-16
       3413.9986   2.6843970e-16
       3416.3151   2.7324200e-16
       3418.6316   2.7181720e-16
       3420.9481   2.6284790e-16
       3423.2646   2.5643500e-16
       3425.5811   2.7038580e-16
       3427.8976   2.8733580e-16
       3430.2141   2.7117480e-16
       3432.5306   2.5659560e-16
       3434.8472   2.6532830e-16
       3437.1637   2.6755290e-16
       3439.4802   2.7008870e-16
       3441.7967   2.7840210e-16
       3444.1132   2.8284430e-16
       3446.4297   2.8910850e-16
       3448.7462   2.8888900e-16
       3451.0627   2.7667120e-16
       3453.3792   2.6487310e-16
       3455.6957   2.5839400e-16
       3458.0122   2.5280930e-16
       3460.3287   2.5016830e-16
       3462.6452   2.5049290e-16
       3464.9617   2.5894760e-16
       3467.2782   2.7161580e-16
       3469.5947   2.8041110e-16
       3471.9112   2.9040750e-16
       3474.2277   2.9307090e-16
       3476.5442   2.8579900e-16
       3478.8607   2.8030470e-16
       3481.1772   2.7655840e-16
       3483.4937   2.7922450e-16
       3485.8102   2.8375980e-16
       3488.1267   2.7700060e-16
       3490.4432   2.6842940e-16
       3492.7597   2.7793750e-16
       3495.0762   2.8734620e-16
       3497.3927   2.7128950e-16
       3499.7092   2.6346430e-16
       3502.0257   2.8245810e-16
       3504.3423   2.9664300e-16
       3506.6588   2.9815470e-16
       3508.9753   2.9512890e-16
       3511.2918   2.8922180e-16
       3513.6083   2.8743820e-16
       3515.9248   2.8406940e-16
       3518.2413   2.7838100e-16
       3520.5578   2.8445850e-16
       3522.8743   2.9241180e-16
       3525.1908   2.8284760e-16
       3527.5073   2.7170690e-16
       3529.8238   2.7850030e-16
       3532.1403   2.8629010e-16
       3534.4568   2.9263720e-16
       3536.7733   3.0904970e-16
       3539.0898   3.1309660e-16
       3541.4063   3.0260650e-16
       3543.7228   3.0389410e-16
       3546.0393   3.0870590e-16
       3548.3558   3.1014070e-16
       3550.6723   3.0955530e-16
       3552.9888   3.0530730e-16
       3555.3053   2.9892010e-16
       3557.6218   2.9784810e-16
       3559.9383   3.0850310e-16
       3562.2548   3.1255070e-16
       3564.5713   3.0842990e-16
       3566.8878   3.1193700e-16
       3569.2043   3.1446750e-16
       3571.5208   3.1259120e-16
       3573.8374   3.0801290e-16
       3576.1539   3.0786540e-16
       3578.4704   3.0726460e-16
       3580.7869   3.0665490e-16
       3583.1034   3.0665490e-16
       3585.4199   3.0726460e-16
       3587.7364   3.0726460e-16
       3590.0529   3.0786540e-16
       3592.3694   3.0895910e-16
       3594.6859   3.0844130e-16
       3597.0024   3.0801290e-16
       3599.3189   3.0551800e-16
       3601.6354   3.0168760e-16
       3603.9519   3.0334420e-16
       3606.2684   3.0726460e-16
       3608.5849   3.0564930e-16
       3610.9014   3.0639860e-16
       3613.2179   3.1158350e-16
       3615.5344   3.0676070e-16
       3617.8509   2.9808080e-16
       3620.1674   2.9921620e-16
       3622.4839   3.0177560e-16
       3624.8004   3.0051370e-16
       3627.1169   3.0484280e-16
       3629.4334   3.0664350e-16
       3631.7499   2.9999140e-16
       3634.0664   3.0320370e-16
       3636.3829   3.1639980e-16
       3638.6994   3.1771940e-16
       3641.0159   3.0885520e-16
       3643.3325   3.0150920e-16
       3645.6490   3.0142420e-16
       3647.9655   3.0461930e-16
       3650.2820   3.0093420e-16
       3652.5985   3.0371990e-16
       3654.9150   3.0688060e-16
       3657.2315   2.9672070e-16
       3659.5480   2.9499840e-16
       3661.8645   3.0513110e-16
       3664.1810   3.0877200e-16
       3666.4975   2.9442380e-16
       3668.8140   2.8301740e-16
       3671.1305   2.8935870e-16
       3673.4470   2.9451290e-16
       3675.7635   2.9698690e-16
       3678.0800   3.0007330e-16
       3680.3965   2.9756330e-16
       3682.7130   2.9591970e-16
       3685.0295   2.9439450e-16
       3687.3460   2.9371410e-16
       3689.6625   2.9420290e-16
       3691.9790   2.9016260e-16
       3694.2955   2.8926890e-16
       3696.6120   2.8988210e-16
       3698.9285   2.8814320e-16
       3701.2450   2.9001980e-16
       3703.5615   2.9568690e-16
       3705.8780   3.0449250e-16
       3708.1945   3.0245520e-16
       3710.5110   2.9178690e-16
       3712.8276   2.9149800e-16
       3715.1441   2.9987850e-16
       3717.4606   3.0156780e-16
       3719.7771   3.0611460e-16
       3722.0936   3.1378220e-16
       3724.4101   3.2175730e-16
       3726.7266   3.2710540e-16
       3729.0431   3.2536650e-16
       3731.3596   3.1462370e-16
       3733.6761   3.0126580e-16
       3735.9926   2.9637610e-16
       3738.3091   2.9800270e-16
       3740.6256   2.9140000e-16
       3742.9421   2.9231860e-16
       3745.2586   2.9361810e-16
       3747.5751   2.8331760e-16
       3749.8916   2.7668990e-16
       3752.2081   2.8775850e-16
       3754.5246   2.9597490e-16
       3756.8411   2.9971060e-16
       3759.1576   3.0047690e-16
       3761.4741   2.9762240e-16
       3763.7906   2.9488890e-16
       3766.1071   2.9674160e-16
       3768.4236   2.9911790e-16
       3770.7401   2.9811580e-16
       3773.0566   2.9842520e-16
       3775.3731   3.0109520e-16
       3777.6896   3.0204780e-16
       3780.0061   2.9733170e-16
       3782.3227   2.9182320e-16
       3784.6392   2.9535830e-16
       3786.9557   2.9822840e-16
       3789.2722   2.9370300e-16
       3791.5887   2.9087000e-16
       3793.9052   2.8756740e-16
       3796.2217   2.9178850e-16
       3798.5382   3.0126750e-16
       3800.8547   2.9590280e-16
       3803.1712   2.9265890e-16
       3805.4877   2.9818780e-16
       3807.8042   2.9121580e-16
       3810.1207   2.8865350e-16
       3812.4372   2.9298080e-16
       3814.7537   2.9026220e-16
       3817.0702   2.9064230e-16
       3819.3867   2.9194890e-16
       3821.7032   2.9486890e-16
       3824.0197   2.9858990e-16
       3826.3362   3.0412300e-16
       3828.6527   3.0590770e-16
       3830.9692   3.1387380e-16
       3833.2857   3.1620050e-16
       3835.6022   3.1404300e-16
       3837.9187   3.1434770e-16
       3840.2352   3.0707240e-16
       3842.5517   3.1533470e-16
       3844.8682   3.2810600e-16
       3847.1847   3.2584150e-16
       3849.5012   3.1855360e-16
       3851.8178   3.1437650e-16
       3854.1343   3.2253260e-16
       3856.4508   3.3435280e-16
       3858.7673   3.3141850e-16
       3861.0838   3.2670050e-16
       3863.4003   3.2937820e-16
       3865.7168   3.3213230e-16
       3868.0333   3.3483010e-16
       3870.3498   3.4008370e-16
       3872.6663   3.4485710e-16
       3874.9828   3.3818340e-16
       3877.2993   3.2263630e-16
       3879.6158   3.1600080e-16
       3881.9323   3.2111690e-16
       3884.2488   3.2625760e-16
       3886.5653   3.2771360e-16
       3888.8818   3.2934400e-16
       3891.1983   3.3166400e-16
       3893.5148   3.3781710e-16
       3895.8313   3.3221620e-16
       3898.1478   3.2534980e-16
       3900.4643   3.3175440e-16
       3902.7808   3.3066430e-16
       3905.0973   3.2750080e-16
       3907.4138   3.3075450e-16
       3909.7303   3.2700620e-16
       3912.0468   3.2217540e-16
       3914.3633   3.2588650e-16
       3916.6798   3.2703790e-16
       3918.9963   3.2808530e-16
       3921.3129   3.2124080e-16
       3923.6294   3.2112520e-16
       3925.9459   3.2896770e-16
       3928.2624   3.2621570e-16
       3930.5789   3.1841560e-16
       3932.8954   3.1862640e-16
       3935.2119   3.2128630e-16
       3937.5284   3.1767260e-16
       3939.8449   3.1611730e-16
       3942.1614   3.1874240e-16
       3944.4779   3.2162900e-16
       3946.7944   3.1795370e-16
       3949.1109   3.0982060e-16
       3951.4274   3.1042770e-16
       3953.7439   3.1744210e-16
       3956.0604   3.1420920e-16
       3958.3769   3.0510940e-16
       3960.6934   3.0806160e-16
       3963.0099   3.1455940e-16
       3965.3264   3.1501740e-16
       3967.6429   3.1610380e-16
       3969.9594   3.1520180e-16
       3972.2759   3.1448170e-16
       3974.5924   3.1286010e-16
       3976.9089   3.0546190e-16
       3979.2254   2.9872200e-16
       3981.5419   2.9685820e-16
       3983.8584   2.9707040e-16
       3986.1749   2.9666970e-16
       3988.4914   3.0172360e-16
       3990.8080   3.0447580e-16
       3993.1245   3.0054810e-16
       3995.4410   3.0112920e-16
       3997.7575   3.0054810e-16
       4000.0740   3.0037130e-16
       4002.3905   3.0036710e-16
       4004.7070   2.9985050e-16
       4007.0235   2.9872200e-16
       4009.3400   2.9859760e-16
       4011.6565   2.9859760e-16
       4013.9730   2.9391480e-16
       4016.2895   2.9592860e-16
       4018.6060   2.9772660e-16
       4020.9225   3.0242900e-16
       4023.2390   3.0491430e-16
       4025.5555   3.0037130e-16
       4027.8720   3.0036710e-16
       4030.1885   2.9985050e-16
       4032.5050   2.9469110e-16
       4034.8215   2.9438290e-16
       4037.1380   2.9859760e-16
       4039.4545   2.9856870e-16
       4041.7710   2.9854470e-16
       4044.0875   3.0499980e-16
       4046.4040   3.0530860e-16
       4048.7205   3.0152800e-16
       4051.0370   3.0588660e-16
       4053.3535   3.0580630e-16
       4055.6700   3.0150660e-16
       4057.9865   3.0241290e-16
       4060.3031   3.0156830e-16
       4062.6196   2.9880190e-16
       4064.9361   2.9870320e-16
       4067.2526   3.0074040e-16
       4069.5691   3.0089870e-16
       4071.8856   3.0688700e-16
       4074.2021   3.1236660e-16
       4076.5186   3.0473550e-16
       4078.8351   3.0009870e-16
       4081.1516   3.0486490e-16
       4083.4681   3.0075380e-16
       4085.7846   2.9386320e-16
       4088.1011   2.9570940e-16
       4090.4176   2.9748800e-16
       4092.7341   2.9663090e-16
       4095.0506   2.9968160e-16
       4097.3671   3.0161330e-16
       4099.6836   3.0250360e-16
       4102.0001   3.0050090e-16
       4104.3166   2.9600300e-16
       4106.6331   2.9219300e-16
       4108.9496   2.9201870e-16
       4111.2661   2.9769290e-16
       4113.5826   2.9338840e-16
       4115.8991   2.8412490e-16
       4118.2156   2.8469810e-16
       4120.5321   2.8780900e-16
       4122.8486   2.8684080e-16
       4125.1651   2.8633010e-16
       4127.4816   2.8460410e-16
       4129.7982   2.8050500e-16
       4132.1147   2.8235260e-16
       4134.4312   2.8580780e-16
       4136.7477   2.8211930e-16
       4139.0642   2.8000460e-16
       4141.3807   2.8154960e-16
       4143.6972   2.8098980e-16
       4146.0137   2.7967200e-16
       4148.3302   2.7627400e-16
       4150.6467   2.7721290e-16
       4152.9632   2.8302070e-16
       4155.2797   2.7962610e-16
       4157.5962   2.7428930e-16
       4159.9127   2.7102150e-16
       4162.2292   2.7230000e-16
       4164.5457   2.7552000e-16
       4166.8622   2.7517670e-16
       4169.1787   2.7177970e-16
       4171.4952   2.7379200e-16
       4173.8117   2.7590740e-16
       4176.1282   2.7547950e-16
       4178.4447   2.7517960e-16
       4180.7612   2.6468420e-16
       4183.0777   2.6216460e-16
       4185.3942   2.7236340e-16
       4187.7107   2.6752960e-16
       4190.0272   2.5977210e-16
       4192.3437   2.6653730e-16
       4194.6602   2.6742090e-16
       4196.9767   2.5859320e-16
       4199.2933   2.5412800e-16
       4201.6098   2.5777290e-16
       4203.9263   2.6283480e-16
       4206.2428   2.6351790e-16
       4208.5593   2.5957440e-16
       4210.8758   2.5578790e-16
       4213.1923   2.5636930e-16
       4215.5088   2.5907390e-16
       4217.8253   2.5660900e-16
       4220.1418   2.4929610e-16
       4222.4583   2.5017430e-16
       4224.7748   2.5662760e-16
       4227.0913   2.5642600e-16
       4229.4078   2.5534470e-16
       4231.7243   2.5486960e-16
       4234.0408   2.5535080e-16
       4236.3573   2.5613140e-16
       4238.6738   2.5076020e-16
       4240.9903   2.4307650e-16
       4243.3068   2.4385620e-16
       4245.6233   2.4813210e-16
       4247.9398   2.4571850e-16
       4250.2563   2.4406070e-16
       4252.5728   2.4576550e-16
       4254.8893   2.4824570e-16
       4257.2058   2.4803240e-16
       4259.5223   2.4683700e-16
       4261.8388   2.4621870e-16
       4264.1553   2.4683190e-16
       4266.4718   2.4355110e-16
       4268.7884   2.3991520e-16
       4271.1049   2.3700580e-16
       4273.4214   2.3907390e-16
       4275.7379   2.4322130e-16
       4278.0544   2.4325530e-16
       4280.3709   2.3982370e-16
       4282.6874   2.3652900e-16
       4285.0039   2.3800010e-16
       4287.3204   2.3716420e-16
       4289.6369   2.3760060e-16
       4291.9534   2.3702970e-16
       4294.2699   2.3522770e-16
       4296.5864   2.4182310e-16
       4298.9029   2.4239670e-16
       4301.2194   2.3511860e-16
       4303.5359   2.3224850e-16
       4305.8524   2.3451470e-16
       4308.1689   2.4115230e-16
       4310.4854   2.4148890e-16
       4312.8019   2.3663640e-16
       4315.1184   2.3593410e-16
       4317.4349   2.3537000e-16
       4319.7514   2.3365840e-16
       4322.0679   2.3443980e-16
       4324.3844   2.4005680e-16
       4326.7009   2.3698810e-16
       4329.0174   2.3117450e-16
       4331.3339   2.3148980e-16
       4333.6504   2.3698810e-16
       4335.9669   2.3722260e-16
       4338.2835   2.3722260e-16
       4340.6000   2.3722260e-16
       4342.9165   2.3814090e-16
       4345.2330   2.3829450e-16
       4347.5495   2.3837010e-16
       4349.8660   2.3837010e-16
       4352.1825   2.3814090e-16
       4354.4990   2.3518050e-16
       4356.8155   2.3722260e-16
       4359.1320   2.3965950e-16
       4361.4485   2.4270210e-16
       4363.7650   2.4157560e-16
       4366.0815   2.4032970e-16
       4368.3980   2.3992020e-16
       4370.7145   2.4110290e-16
       4373.0310   2.3829450e-16
       4375.3475   2.4183290e-16
       4377.6640   2.4460160e-16
       4379.9805   2.4139370e-16
       4382.2970   2.4288020e-16
       4384.6135   2.4434250e-16
       4386.9300   2.4262760e-16
       4389.2465   2.4118830e-16
       4391.5630   2.4383480e-16
       4393.8795   2.4775110e-16
       4396.1960   2.4600080e-16
       4398.5125   2.4734080e-16
       4400.8290   2.4867380e-16
       4403.1455   2.4188640e-16
       4405.4620   2.4143800e-16
       4407.7786   2.4655230e-16
       4410.0951   2.4902420e-16
       4412.4116   2.4932440e-16
       4414.7281   2.4592540e-16
       4417.0446   2.4867620e-16
       4419.3611   2.5592910e-16
       4421.6776   2.5407250e-16
       4423.9941   2.4871310e-16
       4426.3106   2.4640340e-16
       4428.6271   2.4717350e-16
       4430.9436   2.5125910e-16
       4433.2601   2.5407330e-16
       4435.5766   2.5366360e-16
       4437.8931   2.5553200e-16
       4440.2096   2.5514520e-16
       4442.5261   2.5445260e-16
       4444.8426   2.5587970e-16
       4447.1591   2.5822290e-16
       4449.4756   2.6026290e-16
       4451.7921   2.5991840e-16
       4454.1086   2.5637040e-16
       4456.4251   2.5264760e-16
       4458.7416   2.5650630e-16
       4461.0581   2.6053480e-16
       4463.3746   2.5955310e-16
       4465.6911   2.5796640e-16
       4468.0076   2.5619190e-16
       4470.3241   2.5594640e-16
       4472.6406   2.5835130e-16
       4474.9571   2.6333380e-16
       4477.2737   2.6427140e-16
       4479.5902   2.6014160e-16
       4481.9067   2.6446780e-16
       4484.2232   2.6778910e-16
       4486.5397   2.5875500e-16
       4488.8562   2.5635550e-16
       4491.1727   2.6324400e-16
       4493.4892   2.6639960e-16
       4495.8057   2.6409820e-16
       4498.1222   2.5986430e-16
       4500.4387   2.5924440e-16
       4502.7552   2.6418900e-16
       4505.0717   2.6337940e-16
       4507.3882   2.6409820e-16
       4509.7047   2.6409820e-16
       4512.0212   2.6407370e-16
       4514.3377   2.6338300e-16
       4516.6542   2.6338300e-16
       4518.9707   2.6338300e-16
       4521.2872   2.6338300e-16
       4523.6037   2.6590130e-16
       4525.9202   2.6338300e-16
       4528.2367   2.6479010e-16
       4530.5532   2.6575980e-16
       4532.8697   2.6040680e-16
       4535.1862   2.5808830e-16
       4537.5027   2.5838740e-16
       4539.8192   2.5778580e-16
       4542.1357   2.6021380e-16
       4544.4522   2.5999040e-16
       4546.7688   2.5725040e-16
       4549.0853   2.5744230e-16
       4551.4018   2.5692040e-16
       4553.7183   2.5737670e-16
       4556.0348   2.5558610e-16
       4558.3513   2.5656240e-16
       4560.6678   2.5805250e-16
       4562.9843   2.5626230e-16
       4565.3008   2.5992300e-16
       4567.6173   2.6397080e-16
       4569.9338   2.6271540e-16
       4572.2503   2.5797200e-16
       4574.5668   2.5227610e-16
       4576.8833   2.5251400e-16
       4579.1998   2.5368610e-16
       4581.5163   2.5115020e-16
       4583.8328   2.5417370e-16
       4586.1493   2.5781600e-16
       4588.4658   2.5505060e-16
       4590.7823   2.5262590e-16
       4593.0988   2.5011590e-16
       4595.4153   2.5140270e-16
       4597.7318   2.5681840e-16
       4600.0483   2.5793280e-16
       4602.3648   2.5643500e-16
       4604.6813   2.5810960e-16
       4606.9978   2.6030920e-16
       4609.3143   2.5542370e-16
       4611.6308   2.5304690e-16
       4613.9473   2.5363500e-16
       4616.2639   2.5240850e-16
       4618.5804   2.4953060e-16
       4620.8969   2.5400620e-16
       4623.2134   2.5170070e-16
       4625.5299   2.5265080e-16
       4627.8464   2.5391050e-16
       4630.1629   2.4857750e-16
       4632.4794   2.4830840e-16
       4634.7959   2.5132420e-16
       4637.1124   2.5213180e-16
       4639.4289   2.4965330e-16
       4641.7454   2.4941080e-16
       4644.0619   2.5077880e-16
       4646.3784   2.5057060e-16
       4648.6949   2.5057060e-16
       4651.0114   2.5045660e-16
       4653.3279   2.5005910e-16
       4655.6444   2.5005910e-16
       4657.9609   2.5005910e-16
       4660.2774   2.4883640e-16
       4662.5939   2.5005910e-16
       4664.9104   2.5077880e-16
       4667.2269   2.5005910e-16
       4669.5434   2.5005910e-16
       4671.8599   2.5005910e-16
       4674.1764   2.4961590e-16
       4676.4929   2.4895280e-16
       4678.8094   2.4892190e-16
       4681.1259   2.4887570e-16
       4683.4424   2.4737860e-16
       4685.7590   2.4512020e-16
       4688.0755   2.4406240e-16
       4690.3920   2.4424240e-16
       4692.7085   2.4611380e-16
       4695.0250   2.4887570e-16
       4697.3415   2.4892190e-16
       4699.6580   2.4626190e-16
       4701.9745   2.4690910e-16
       4704.2910   2.4603480e-16
       4706.6075   2.4724090e-16
       4708.9240   2.4798240e-16
       4711.2405   2.4734340e-16
       4713.5570   2.4493520e-16
       4715.8735   2.4308040e-16
       4718.1900   2.4266170e-16
       4720.5065   2.4129440e-16
       4722.8230   2.4000660e-16
       4725.1395   2.4184120e-16
       4727.4560   2.3973670e-16
       4729.7725   2.3513540e-16
       4732.0890   2.3758130e-16
       4734.4055   2.4027980e-16
       4736.7220   2.4146200e-16
       4739.0385   2.4318000e-16
       4741.3550   2.3825140e-16
       4743.6715   2.3289340e-16
       4745.9880   2.3491440e-16
       4748.3045   2.3907810e-16
       4750.6210   2.3898560e-16
       4752.9375   2.3279870e-16
       4755.2541   2.2989800e-16
       4757.5706   2.3295090e-16
       4759.8871   2.3405120e-16
       4762.2036   2.3255830e-16
       4764.5201   2.2804420e-16
       4766.8366   2.2596910e-16
       4769.1531   2.3251350e-16
       4771.4696   2.3416840e-16
       4773.7861   2.3159740e-16
       4776.1026   2.3468110e-16
       4778.4191   2.3657150e-16
       4780.7356   2.3558280e-16
       4783.0521   2.3859540e-16
       4785.3686   2.3780350e-16
       4787.6851   2.3386280e-16
       4790.0016   2.3107870e-16
       4792.3181   2.3122170e-16
       4794.6346   2.3016350e-16
       4796.9511   2.2795960e-16
       4799.2676   2.2901000e-16
       4801.5841   2.3008690e-16
       4803.9006   2.2985270e-16
       4806.2171   2.2848260e-16
       4808.5336   2.2828350e-16
       4810.8501   2.2841500e-16
       4813.1666   2.2498580e-16
       4815.4831   2.2214340e-16
       4817.7996   2.2442160e-16
       4820.1161   2.2477770e-16
       4822.4326   2.2319360e-16
       4824.7492   2.2126910e-16
       4827.0657   2.1882610e-16
       4829.3822   2.1807040e-16
       4831.6987   2.1800400e-16
       4834.0152   2.1628500e-16
       4836.3317   2.1448140e-16
       4838.6482   2.1713150e-16
       4840.9647   2.1996640e-16
       4843.2812   2.1962410e-16
       4845.5977   2.1840640e-16
       4847.9142   2.1804960e-16
       4850.2307   2.1930800e-16
       4852.5472   2.2013870e-16
       4854.8637   2.1962410e-16
       4857.1802   2.1962410e-16
       4859.4967   2.1962410e-16
       4861.8132   2.1962410e-16
       4864.1297   2.1962410e-16
       4866.4462   2.1962410e-16
       4868.7627   2.1962410e-16
       4871.0792   2.1929430e-16
       4873.3957   2.2308900e-16
       4875.7122   2.2561470e-16
       4878.0287   2.2316540e-16
       4880.3452   2.1643660e-16
       4882.6617   2.1481500e-16
       4884.9782   2.1508880e-16
       4887.2947   2.1382910e-16
       4889.6112   2.0732590e-16
       4891.9277   2.0898230e-16
       4894.2443   2.1401510e-16
       4896.5608   2.1768980e-16
       4898.8773   2.1639750e-16
       4901.1938   2.1341680e-16
       4903.5103   2.1263940e-16
       4905.8268   2.1218950e-16
       4908.1433   2.1182760e-16
       4910.4598   2.1165570e-16
       4912.7763   2.1351310e-16
       4915.0928   2.1450140e-16
       4917.4093   2.1007080e-16
       4919.7258   2.0807690e-16
       4922.0423   2.0941870e-16
       4924.3588   2.0705000e-16
       4926.6753   2.0821480e-16
       4928.9918   2.1081300e-16
       4931.3083   2.0989250e-16
       4933.6248   2.0826770e-16
       4935.9413   2.0882820e-16
       4938.2578   2.1009040e-16
       4940.5743   2.0877280e-16
       4942.8908   2.0962850e-16
       4945.2073   2.0941870e-16
       4947.5238   2.0882820e-16
       4949.8403   2.0882820e-16
       4952.1568   2.0882820e-16
       4954.4733   2.0882820e-16
       4956.7898   2.0882820e-16
       4959.1063   2.0962850e-16
       4961.4228   2.0882820e-16
       4963.7394   2.0882820e-16
       4966.0559   2.0877280e-16
       4968.3724   2.1079260e-16
       4970.6889   2.0773750e-16
       4973.0054   2.0591850e-16
       4975.3219   2.0679010e-16
       4977.6384   2.0802620e-16
       4979.9549   2.0746890e-16
       4982.2714   2.0752040e-16
       4984.5879   2.0744480e-16
       4986.9044   2.0412500e-16
       4989.2209   2.0407210e-16
       4991.5374   2.0568870e-16
       4993.8539   2.0677440e-16
       4996.1704   2.0976760e-16
       4998.4869   2.0773750e-16
       5000.8034   2.0752040e-16
       5003.1199   2.0752040e-16
       5005.4364   2.0752040e-16
       5007.7529   2.0746890e-16
       5010.0694   2.0744480e-16
       5012.3859   2.0704800e-16
       5014.7024   2.0677440e-16
       5017.0189   2.0797630e-16
       5019.3354   2.0852180e-16
       5021.6519   2.0400510e-16
       5023.9684   2.0113510e-16
       5026.2849   2.0164830e-16
       5028.6014   2.0101460e-16
       5030.9179   2.0439140e-16
       5033.2345   2.0704800e-16
       5035.5510   2.0591490e-16
       5037.8675   2.0525160e-16
       5040.1840   2.0230550e-16
       5042.5005   2.0112580e-16
       5044.8170   2.0177580e-16
       5047.1335   2.0076880e-16
       5049.4500   1.9918020e-16
       5051.7665   1.9975760e-16
       5054.0830   1.9998370e-16
       5056.3995   2.0067560e-16
       5058.7160   2.0244230e-16
       5061.0325   2.0276520e-16
       5063.3490   2.0145340e-16
       5065.6655   2.0045950e-16
       5067.9820   2.0367470e-16
       5070.2985   2.0567630e-16
       5072.6150   2.0354030e-16
       5074.9315   2.0406080e-16
       5077.2480   2.0632410e-16
       5079.5645   2.0695460e-16
       5081.8810   2.0686890e-16
       5084.1975   2.0730230e-16
       5086.5140   2.0849410e-16
       5088.8305   2.0776400e-16
       5091.1470   2.0756390e-16
       5093.4635   2.0536860e-16
       5095.7800   2.0330150e-16
       5098.0965   2.0627840e-16
       5100.4130   2.1237220e-16
       5102.7296   2.1273780e-16
       5105.0461   2.0880170e-16
       5107.3626   2.0952490e-16
       5109.6791   2.1177930e-16
       5111.9956   2.0980750e-16
       5114.3121   2.0824590e-16
       5116.6286   2.0830880e-16
       5118.9451   2.1040820e-16
       5121.2616   2.1174870e-16
       5123.5781   2.1119620e-16
       5125.8946   2.1184940e-16
       5128.2111   2.1102220e-16
       5130.5276   2.1090470e-16
       5132.8441   2.1096240e-16
       5135.1606   2.1173420e-16
       5137.4771   2.1128710e-16
       5139.7936   2.1069510e-16
       5142.1101   2.1131670e-16
       5144.4266   2.1072730e-16
       5146.7431   2.1004680e-16
       5149.0596   2.1177540e-16
       5151.3761   2.1499510e-16
       5153.6926   2.1266150e-16
       5156.0091   2.0858860e-16
       5158.3256   2.0834980e-16
       5160.6421   2.0781470e-16
       5162.9586   2.0641490e-16
       5165.2751   2.0731420e-16
       5167.5916   2.0991460e-16
       5169.9081   2.1217530e-16
       5172.2247   2.1239830e-16
       5174.5412   2.1026200e-16
       5176.8577   2.0930040e-16
       5179.1742   2.0998510e-16
       5181.4907   2.0968120e-16
       5183.8072   2.0976130e-16
       5186.1237   2.1004330e-16
       5188.4402   2.0931090e-16
       5190.7567   2.1148160e-16
       5193.0732   2.1448830e-16
       5195.3897   2.1372920e-16
       5197.7062   2.0919440e-16
       5200.0227   2.0686770e-16
       5202.3392   2.0714960e-16
       5204.6557   2.0848160e-16
       5206.9722   2.0806830e-16
       5209.2887   2.0775060e-16
       5211.6052   2.0829230e-16
       5213.9217   2.0778320e-16
       5216.2382   2.0864060e-16
       5218.5547   2.1041730e-16
       5220.8712   2.0763640e-16
       5223.1877   2.0520860e-16
       5225.5042   2.0693800e-16
       5227.8207   2.0651760e-16
       5230.1372   2.0458190e-16
       5232.4537   2.0452710e-16
       5234.7702   2.0363740e-16
       5237.0867   2.0305540e-16
       5239.4032   2.0221670e-16
       5241.7198   2.0047890e-16
       5244.0363   2.0224850e-16
       5246.3528   2.0361090e-16
       5248.6693   2.0254440e-16
       5250.9858   2.0061390e-16
       5253.3023   2.0087180e-16
       5255.6188   2.0085440e-16
       5257.9353   1.9883110e-16
       5260.2518   1.9824200e-16
       5262.5683   1.9788400e-16
       5264.8848   1.9601210e-16
       5267.2013   1.9484360e-16
       5269.5178   1.9510810e-16
       5271.8343   1.9797670e-16
       5274.1508   1.9970160e-16
       5276.4673   1.9794630e-16
       5278.7838   1.9915500e-16
       5281.1003   2.0059240e-16
       5283.4168   1.9771170e-16
       5285.7333   1.9474500e-16
       5288.0498   1.9716030e-16
       5290.3663   1.9927470e-16
       5292.6828   1.9715790e-16
       5294.9993   1.9642250e-16
       5297.3158   1.9924550e-16
       5299.6323   1.9970670e-16
       5301.9488   1.9870190e-16
       5304.2653   1.9742400e-16
       5306.5818   1.9482840e-16
       5308.8983   1.9310140e-16
       5311.2149   1.9534330e-16
       5313.5314   1.9951560e-16
       5315.8479   1.9972380e-16
       5318.1644   1.9633100e-16
       5320.4809   1.9436500e-16
       5322.7974   1.9506970e-16
       5325.1139   1.9629880e-16
       5327.4304   1.9614800e-16
       5329.7469   1.9504930e-16
       5332.0634   1.9496540e-16
       5334.3799   1.9629370e-16
       5336.6964   1.9619850e-16
       5339.0129   1.9580620e-16
       5341.3294   1.9467630e-16
       5343.6459   1.9344790e-16
       5345.9624   1.9390230e-16
       5348.2789   1.9278900e-16
       5350.5954   1.9021680e-16
       5352.9119   1.9177560e-16
       5355.2284   1.9402140e-16
       5357.5449   1.9370040e-16
       5359.8614   1.9304600e-16
       5362.1779   1.9213430e-16
       5364.4944   1.9134650e-16
       5366.8109   1.9173930e-16
       5369.1274   1.9192330e-16
       5371.4439   1.9060400e-16
       5373.7604   1.9066860e-16
       5376.0769   1.9240360e-16
       5378.3934   1.9310430e-16
       5380.7100   1.9097370e-16
       5383.0265   1.8832850e-16
       5385.3430   1.8684400e-16
       5387.6595   1.8775810e-16
       5389.9760   1.8818230e-16
       5392.2925   1.8757680e-16
       5394.6090   1.8617530e-16
       5396.9255   1.8485380e-16
       5399.2420   1.8407300e-16
       5401.5585   1.8429920e-16
       5403.8750   1.8371210e-16
       5406.1915   1.8293350e-16
       5408.5080   1.8116330e-16
       5410.8245   1.8228420e-16
       5413.1410   1.8414440e-16
       5415.4575   1.8230160e-16
       5417.7740   1.8060830e-16
       5420.0905   1.8123130e-16
       5422.4070   1.8153600e-16
       5424.7235   1.8025160e-16
       5427.0400   1.7803860e-16
       5429.3565   1.7791410e-16
       5431.6730   1.7933910e-16
       5433.9895   1.8006580e-16
       5436.3060   1.7876970e-16
       5438.6225   1.7789760e-16
       5440.9390   1.7825910e-16
       5443.2555   1.7714170e-16
       5445.5720   1.7621980e-16
       5447.8885   1.7533050e-16
       5450.2051   1.7376610e-16
       5452.5216   1.7381620e-16
       5454.8381   1.7441620e-16
       5457.1546   1.7413210e-16
       5459.4711   1.7381620e-16
       5461.7876   1.7376610e-16
       5464.1041   1.7364310e-16
       5466.4206   1.7331700e-16
       5468.7371   1.7328130e-16
       5471.0536   1.7231250e-16
       5473.3701   1.7331700e-16
       5475.6866   1.7641920e-16
       5478.0031   1.7413210e-16
       5480.3196   1.6959050e-16
       5482.6361   1.6985070e-16
       5484.9526   1.7328130e-16
       5487.2691   1.7182780e-16
       5489.5856   1.6995260e-16
       5491.9021   1.6849490e-16
       5494.2186   1.6569450e-16
       5496.5351   1.6690160e-16
       5498.8516   1.6874130e-16
       5501.1681   1.6707910e-16
       5503.4846   1.6577950e-16
       5505.8011   1.6589640e-16
       5508.1176   1.6761040e-16
       5510.4341   1.6817910e-16
       5512.7506   1.6594950e-16
       5515.0671   1.6520550e-16
       5517.3836   1.6623680e-16
       5519.7002   1.6588180e-16
       5522.0167   1.6487680e-16
       5524.3332   1.6647550e-16
       5526.6497   1.6846900e-16
       5528.9662   1.6721160e-16
       5531.2827   1.6466000e-16
       5533.5992   1.6556250e-16
       5535.9157   1.6750840e-16
       5538.2322   1.6765400e-16
       5540.5487   1.6953100e-16
       5542.8652   1.7077360e-16
       5545.1817   1.6765630e-16
       5547.4982   1.6392680e-16
       5549.8147   1.6514920e-16
       5552.1312   1.6834100e-16
       5554.4477   1.6660990e-16
       5556.7642   1.6113310e-16
       5559.0807   1.6043730e-16
       5561.3972   1.6187200e-16
       5563.7137   1.6075700e-16
       5566.0302   1.5996750e-16
       5568.3467   1.5990990e-16
       5570.6632   1.6149600e-16
       5572.9797   1.6133370e-16
       5575.2962   1.5982700e-16
       5577.6127   1.6060610e-16
       5579.9292   1.6150610e-16
       5582.2457   1.6113930e-16
       5584.5622   1.5930900e-16
       5586.8787   1.5686900e-16
       5589.1953   1.5679090e-16
       5591.5118   1.5677890e-16
       5593.8283   1.5626360e-16
       5596.1448   1.5802750e-16
       5598.4613   1.5825090e-16
       5600.7778   1.5633660e-16
       5603.0943   1.5688930e-16
       5605.4108   1.5828510e-16
       5607.7273   1.5744180e-16
       5610.0438   1.5704040e-16
       5612.3603   1.5692510e-16
       5614.6768   1.5601160e-16
       5616.9933   1.5547180e-16
       5619.3098   1.5488180e-16
       5621.6263   1.5399990e-16
       5623.9428   1.5408280e-16
       5626.2593   1.5246640e-16
       5628.5758   1.5070700e-16
       5630.8923   1.5151570e-16
       5633.2088   1.5198500e-16
       5635.5253   1.5226410e-16
       5637.8418   1.5275560e-16
       5640.1583   1.5206230e-16
       5642.4748   1.5187230e-16
       5644.7913   1.5402860e-16
       5647.1078   1.5406360e-16
       5649.4243   1.5168800e-16
       5651.7408   1.5049320e-16
       5654.0573   1.5082670e-16
       5656.3738   1.5258500e-16
       5658.6904   1.5391010e-16
       5661.0069   1.5411060e-16
       5663.3234   1.5093010e-16
       5665.6399   1.4756410e-16
       5667.9564   1.4773320e-16
       5670.2729   1.4961190e-16
       5672.5894   1.4969710e-16
       5674.9059   1.4750860e-16
       5677.2224   1.4659960e-16
       5679.5389   1.4800210e-16
       5681.8554   1.4803640e-16
       5684.1719   1.4791660e-16
       5686.4884   1.4987910e-16
       5688.8049   1.5095480e-16
       5691.1214   1.4957370e-16
       5693.4379   1.4812580e-16
       5695.7544   1.4753110e-16
       5698.0709   1.4721160e-16
       5700.3874   1.4655640e-16
       5702.7039   1.4632290e-16
       5705.0204   1.4744910e-16
       5707.3369   1.4699310e-16
       5709.6534   1.4532820e-16
       5711.9699   1.4461820e-16
       5714.2864   1.4474180e-16
       5716.6029   1.4466740e-16
       5718.9194   1.4444960e-16
       5721.2359   1.4581490e-16
       5723.5524   1.4797260e-16
       5725.8689   1.4679210e-16
       5728.1855   1.4511530e-16
       5730.5020   1.4385730e-16
       5732.8185   1.4655990e-16
       5735.1350   1.4671900e-16
       5737.4515   1.4598800e-16
       5739.7680   1.4433230e-16
       5742.0845   1.4306500e-16
       5744.4010   1.4351030e-16
       5746.7175   1.4335550e-16
       5749.0340   1.4344930e-16
       5751.3505   1.4610970e-16
       5753.6670   1.4564340e-16
       5755.9835   1.4269080e-16
       5758.3000   1.4256060e-16
       5760.6165   1.4464230e-16
       5762.9330   1.4495050e-16
       5765.2495   1.4334770e-16
       5767.5660   1.4388650e-16
       5769.8825   1.4517880e-16
       5772.1990   1.4451490e-16
       5774.5155   1.4484330e-16
       5776.8320   1.4573820e-16
       5779.1485   1.4522200e-16
       5781.4650   1.4581400e-16
       5783.7815   1.4649750e-16
       5786.0980   1.4539360e-16
       5788.4145   1.4558940e-16
       5790.7310   1.4710940e-16
       5793.0475   1.4835570e-16
       5795.3640   1.4734610e-16
       5797.6806   1.4512610e-16
       5799.9971   1.4607570e-16
       5802.3136   1.4670630e-16
       5804.6301   1.4382530e-16
       5806.9466   1.4106970e-16
       5809.2631   1.4031930e-16
       5811.5796   1.4239130e-16
       5813.8961   1.4321040e-16
       5816.2126   1.4387980e-16
       5818.5291   1.4483700e-16
       5820.8456   1.4464110e-16
       5823.1621   1.4569310e-16
       5825.4786   1.4645570e-16
       5827.7951   1.4534870e-16
       5830.1116   1.4540540e-16
       5832.4281   1.4682730e-16
       5834.7446   1.4630090e-16
       5837.0611   1.4552560e-16
       5839.3776   1.4667990e-16
       5841.6941   1.4524550e-16
       5844.0106   1.4239910e-16
       5846.3271   1.4355280e-16
       5848.6436   1.4509790e-16
       5850.9601   1.4484670e-16
       5853.2766   1.4270260e-16
       5855.5931   1.3963700e-16
       5857.9096   1.3950220e-16
       5860.2261   1.4047330e-16
       5862.5426   1.3805160e-16
       5864.8591   1.3746860e-16
       5867.1757   1.4094940e-16
       5869.4922   1.4383130e-16
       5871.8087   1.4373270e-16
       5874.1252   1.4226860e-16
       5876.4417   1.4210370e-16
       5878.7582   1.4203220e-16
       5881.0747   1.4203700e-16
       5883.3912   1.4264260e-16
       5885.7077   1.4127110e-16
       5888.0242   1.3792750e-16
       5890.3407   1.3949100e-16
       5892.6572   1.4041420e-16
       5894.9737   1.3920370e-16
       5897.2902   1.4010550e-16
       5899.6067   1.4072730e-16
       5901.9232   1.3849040e-16
       5904.2397   1.3733200e-16
       5906.5562   1.3857490e-16
       5908.8727   1.3786200e-16
       5911.1892   1.3657300e-16
       5913.5057   1.3794490e-16
       5915.8222   1.3795240e-16
       5918.1387   1.3968870e-16
       5920.4552   1.4035110e-16
       5922.7717   1.3854560e-16
       5925.0882   1.3678490e-16
       5927.4047   1.3482530e-16
       5929.7212   1.3626470e-16
       5932.0377   1.3735410e-16
       5934.3542   1.3746120e-16
       5936.6708   1.3812090e-16
       5938.9873   1.3838780e-16
       5941.3038   1.3790540e-16
       5943.6203   1.3638620e-16
       5945.9368   1.3548890e-16
       5948.2533   1.3629710e-16
       5950.5698   1.3730980e-16
       5952.8863   1.3650320e-16
       5955.2028   1.3435160e-16
       5957.5193   1.3215510e-16
       5959.8358   1.3171640e-16
       5962.1523   1.3261080e-16
       5964.4688   1.3318010e-16
       5966.7853   1.3404200e-16
       5969.1018   1.3519230e-16
       5971.4183   1.3422500e-16
       5973.7348   1.3252640e-16
       5976.0513   1.3319840e-16
       5978.3678   1.3216600e-16
       5980.6843   1.2923250e-16
       5983.0008   1.2878550e-16
       5985.3173   1.3002110e-16
       5987.6338   1.3177070e-16
       5989.9503   1.3236810e-16
       5992.2668   1.3105320e-16
       5994.5833   1.3098470e-16
       5996.8998   1.3139900e-16
       5999.2163   1.3295820e-16
       6001.5328   1.3324010e-16
       6003.8493   1.3372060e-16
       6006.1659   1.3289140e-16
       6008.4824   1.2727880e-16
       6010.7989   1.2285070e-16
       6013.1154   1.1962780e-16
       6015.4319   1.1698950e-16
       6017.7484   1.1904990e-16
       6020.0649   1.2267770e-16
       6022.3814   1.2527220e-16
       6024.6979   1.2539100e-16
       6027.0144   1.2335130e-16
       6029.3309   1.2277010e-16
       6031.6474   1.2475960e-16
       6033.9639   1.2481740e-16
       6036.2804   1.2160060e-16
       6038.5969   1.2027210e-16
       6040.9134   1.2241080e-16
       6043.2299   1.2294880e-16
       6045.5464   1.2056930e-16
       6047.8629   1.1978650e-16
       6050.1794   1.2054370e-16
       6052.4959   1.2153940e-16
       6054.8124   1.2340390e-16
       6057.1289   1.2215250e-16
       6059.4454   1.1993640e-16
       6061.7619   1.2028330e-16
       6064.0784   1.1946900e-16
       6066.3949   1.2005990e-16
       6068.7114   1.2047030e-16
       6071.0279   1.1810080e-16
       6073.3444   1.1749640e-16
       6075.6610   1.1959160e-16
       6077.9775   1.2092300e-16
       6080.2940   1.2161020e-16
       6082.6105   1.2116530e-16
       6084.9270   1.1895530e-16
       6087.2435   1.1908330e-16
       6089.5600   1.1909800e-16
       6091.8765   1.2013480e-16
       6094.1930   1.2051360e-16
       6096.5095   1.1900240e-16
       6098.8260   1.1912060e-16
       6101.1425   1.2021930e-16
       6103.4590   1.2052340e-16
       6105.7755   1.1987700e-16
       6108.0920   1.1990010e-16
       6110.4085   1.2026640e-16
       6112.7250   1.1907030e-16
       6115.0415   1.1862050e-16
       6117.3580   1.1892260e-16
       6119.6745   1.1981430e-16
       6121.9910   1.2023500e-16
       6124.3075   1.1940270e-16
       6126.6240   1.1834140e-16
       6128.9405   1.1938900e-16
       6131.2570   1.2060840e-16
       6133.5735   1.1901990e-16
       6135.8900   1.1768770e-16
       6138.2065   1.1909870e-16
       6140.5230   1.2075600e-16
       6142.8395   1.2138060e-16
       6145.1561   1.1955280e-16
       6147.4726   1.1670360e-16
       6149.7891   1.1746380e-16
       6152.1056   1.1932770e-16
       6154.4221   1.2032920e-16
       6156.7386   1.2044270e-16
       6159.0551   1.2024100e-16
       6161.3716   1.1980090e-16
       6163.6881   1.2104750e-16
       6166.0046   1.2308770e-16
       6168.3211   1.2244340e-16
       6170.6376   1.2201190e-16
       6172.9541   1.2160880e-16
       6175.2706   1.2204660e-16
       6177.5871   1.2294120e-16
       6179.9036   1.2300610e-16
       6182.2201   1.2393200e-16
       6184.5366   1.2640390e-16
       6186.8531   1.2498180e-16
       6189.1696   1.2135010e-16
       6191.4861   1.1684800e-16
       6193.8026   1.1850830e-16
       6196.1191   1.2242270e-16
       6198.4356   1.2272450e-16
       6200.7521   1.2119880e-16
       6203.0686   1.2386560e-16
       6205.3851   1.2692350e-16
       6207.7016   1.2662480e-16
       6210.0181   1.2572430e-16
       6212.3346   1.2502970e-16
       6214.6512   1.2515910e-16
       6216.9677   1.2727000e-16
       6219.2842   1.2803940e-16
       6221.6007   1.2653480e-16
       6223.9172   1.2610530e-16
       6226.2337   1.2629480e-16
       6228.5502   1.2683120e-16
       6230.8667   1.2826100e-16
       6233.1832   1.2914120e-16
       6235.4997   1.2806510e-16
       6237.8162   1.2725540e-16
       6240.1327   1.2782780e-16
       6242.4492   1.2723680e-16
       6244.7657   1.2809170e-16
       6247.0822   1.2698920e-16
       6249.3987   1.2702760e-16
       6251.7152   1.2759950e-16
       6254.0317   1.2798160e-16
       6256.3482   1.3001170e-16
       6258.6647   1.3054920e-16
       6260.9812   1.3029070e-16
       6263.2977   1.2843760e-16
       6265.6142   1.2702200e-16
       6267.9307   1.2683800e-16
       6270.2472   1.2647170e-16
       6272.5637   1.2555520e-16
       6274.8802   1.2518920e-16
       6277.1967   1.2516140e-16
       6279.5132   1.2543590e-16
       6281.8297   1.2639650e-16
       6284.1463   1.2598000e-16
       6286.4628   1.2566330e-16
       6288.7793   1.2555520e-16
       6291.0958   1.2543590e-16
       6293.4123   1.2518920e-16
       6295.7288   1.2516140e-16
       6298.0453   1.2566330e-16
       6300.3618   1.2655040e-16
       6302.6783   1.2701440e-16
       6304.9948   1.2598000e-16
       6307.3113   1.2475290e-16
       6309.6278   1.2324900e-16
       6311.9443   1.2226630e-16
       6314.2608   1.2288460e-16
       6316.5773   1.2244120e-16
       6318.8938   1.1915790e-16
       6321.2103   1.1751810e-16
       6323.5268   1.1839630e-16
       6325.8433   1.1856090e-16
       6328.1598   1.1872320e-16
       6330.4763   1.2084920e-16
       6332.7928   1.2301400e-16
       6335.1093   1.2364510e-16
       6337.4258   1.2371680e-16
       6339.7423   1.2217670e-16
       6342.0588   1.2054510e-16
       6344.3753   1.2008320e-16
       6346.6918   1.2163290e-16
       6349.0083   1.2135050e-16
       6351.3248   1.2063650e-16
       6353.6414   1.2090560e-16
       6355.9579   1.2004500e-16
       6358.2744   1.1938300e-16
       6360.5909   1.2158470e-16
       6362.9074   1.2327680e-16
       6365.2239   1.2341370e-16
       6367.5404   1.2124400e-16
       6369.8569   1.1848480e-16
       6372.1734   1.1805060e-16
       6374.4899   1.1845340e-16
       6376.8064   1.1841620e-16
       6379.1229   1.1878850e-16
       6381.4394   1.1876200e-16
       6383.7559   1.1841660e-16
       6386.0724   1.1767080e-16
       6388.3889   1.1722470e-16
       6390.7054   1.1934180e-16
       6393.0219   1.1959580e-16
       6395.3384   1.1749920e-16
       6397.6549   1.1902990e-16
       6399.9714   1.2091620e-16
       6402.2879   1.2020340e-16
       6404.6044   1.2022040e-16
       6406.9209   1.2219860e-16
       6409.2374   1.2193030e-16
       6411.5539   1.1857420e-16
       6413.8704   1.1786870e-16
       6416.1869   1.1702530e-16
       6418.5034   1.1686550e-16
       6420.8199   1.1766800e-16
       6423.1365   1.1864040e-16
       6425.4530   1.1861190e-16
       6427.7695   1.1626630e-16
       6430.0860   1.1651300e-16
       6432.4025   1.1987910e-16
       6434.7190   1.2318030e-16
       6437.0355   1.2570080e-16
       6439.3520   1.2292560e-16
       6441.6685   1.2099520e-16
       6443.9850   1.2201740e-16
       6446.3015   1.2666750e-16
       6448.6180   1.2744570e-16
       6450.9345   1.2270980e-16
       6453.2510   1.2190540e-16
       6455.5675   1.2390460e-16
       6457.8840   1.2593710e-16
       6460.2005   1.2664420e-16
       6462.5170   1.2604730e-16
       6464.8335   1.2522630e-16
       6467.1500   1.2452640e-16
       6469.4665   1.2441820e-16
       6471.7830   1.2603490e-16
       6474.0995   1.2881300e-16
       6476.4160   1.3022210e-16
       6478.7325   1.2940130e-16
       6481.0490   1.2791510e-16
       6483.3655   1.2681890e-16
       6485.6820   1.2668270e-16
       6487.9985   1.2808610e-16
       6490.3150   1.2921420e-16
       6492.6316   1.2903200e-16
       6494.9481   1.3109810e-16
       6497.2646   1.3203880e-16
       6499.5811   1.2977890e-16
       6501.8976   1.2805000e-16
       6504.2141   1.2667720e-16
       6506.5306   1.2720510e-16
       6508.8471   1.2816130e-16
       6511.1636   1.2668000e-16
       6513.4801   1.2656240e-16
       6515.7966   1.2837240e-16
       6518.1131   1.2886820e-16
       6520.4296   1.2857640e-16
       6522.7461   1.2794900e-16
       6525.0626   1.2926070e-16
       6527.3791   1.3135700e-16
       6529.6956   1.3092490e-16
       6532.0121   1.3232370e-16
       6534.3286   1.3076650e-16
       6536.6451   1.2741550e-16
       6538.9616   1.2787290e-16
       6541.2781   1.2936560e-16
       6543.5946   1.3163850e-16
       6545.9111   1.3270680e-16
       6548.2276   1.3290610e-16
       6550.5441   1.3086710e-16
       6552.8606   1.2877000e-16
       6555.1771   1.3152070e-16
       6557.4936   1.3270460e-16
       6559.8101   1.3270460e-16
       6562.1267   1.3270460e-16
       6564.4432   1.3270460e-16
       6566.7597   1.3270460e-16
       6569.0762   1.3270460e-16
       6571.3927   1.3270460e-16
       6573.7092   1.3629810e-16
       6576.0257   1.3330520e-16
       6578.3422   1.3270460e-16
       6580.6587   1.3274400e-16
       6582.9752   1.3176890e-16
       6585.2917   1.2954870e-16
       6587.6082   1.2668130e-16
       6589.9247   1.2747550e-16
       6592.2412   1.2876310e-16
       6594.5577   1.2749500e-16
       6596.8742   1.2775980e-16
       6599.1907   1.2634700e-16
       6601.5072   1.2536160e-16
       6603.8237   1.2614530e-16
       6606.1402   1.2756170e-16
       6608.4567   1.2813940e-16
       6610.7732   1.2787670e-16
       6613.0897   1.2723610e-16
       6615.4062   1.2625210e-16
       6617.7227   1.2692140e-16
       6620.0392   1.2762910e-16
       6622.3557   1.2647690e-16
       6624.6722   1.2532110e-16
       6626.9887   1.2386500e-16
       6629.3052   1.2017360e-16
       6631.6218   1.2058960e-16
       6633.9383   1.2038913e-16
       6636.2548   1.2018867e-16
       6638.5713   1.1998820e-16
       6640.8878   1.1978774e-16
       6643.2043   1.1958727e-16
       6645.5208   1.1938681e-16
       6647.8373   1.1918634e-16
       6650.1538   1.1898588e-16
       6652.4703   1.1878456e-16
       6654.7868   1.1858409e-16
       6657.1033   1.1838362e-16
       6659.4198   1.1818316e-16
       6661.7363   1.1798269e-16
       6664.0528   1.1778223e-16
       6666.3693   1.1758176e-16
       6668.6858   1.1738130e-16
       6671.0023   1.1718083e-16
       6673.3188   1.1698037e-16
       6675.6353   1.1677990e-16
       6677.9518   1.1657944e-16
       6680.2683   1.1637897e-16
       6682.5848   1.1617851e-16
       6684.9013   1.1597804e-16
       6687.2178   1.1577758e-16
       6689.5343   1.1557711e-16
       6691.8508   1.1537664e-16
       6694.1673   1.1517532e-16
       6696.4838   1.1497486e-16
       6698.8003   1.1477439e-16
       6701.1169   1.1457393e-16
       6703.4334   1.1437346e-16
       6705.7499   1.1417300e-16
       6708.0664   1.1397253e-16
       6710.3829   1.1377207e-16
       6712.6994   1.1357160e-16
       6715.0159   1.1626790e-16
       6717.3324   1.1258920e-16
       6719.6489   1.1014360e-16
       6721.9654   1.1449170e-16
       6724.2819   1.1739780e-16
       6726.5984   1.1751390e-16
       6728.9149   1.1612010e-16
       6731.2314   1.1447750e-16
       6733.5479   1.1402920e-16
       6735.8644   1.1352040e-16
       6738.1809   1.1283270e-16
       6740.4974   1.1298080e-16
       6742.8139   1.1422840e-16
       6745.1304   1.1471160e-16
       6747.4469   1.1227900e-16
       6749.7634   1.0644610e-16
       6752.0799   1.0569470e-16
       6754.3964   1.0974570e-16
       6756.7129   1.1178080e-16
       6759.0294   1.1524280e-16
       6761.3459   1.1364810e-16
       6763.6624   1.0963710e-16
       6765.9789   1.0953960e-16
       6768.2954   1.1137810e-16
       6770.6120   1.1233470e-16
       6772.9285   1.1280940e-16
       6775.2450   1.1241400e-16
       6777.5615   1.1239950e-16
       6779.8780   1.1228800e-16
       6782.1945   1.1245920e-16
       6784.5110   1.1456140e-16
       6786.8275   1.1242840e-16
       6789.1440   1.1090370e-16
       6791.4605   1.1007880e-16
       6793.7770   1.0672970e-16
       6796.0935   1.0738930e-16
       6798.4100   1.1062550e-16
       6800.7265   1.1171550e-16
       6803.0430   1.1263500e-16
       6805.3595   1.1261410e-16
       6807.6760   1.0801580e-16
       6809.9925   1.0505950e-16
       6812.3090   1.0653070e-16
       6814.6255   1.0706880e-16
       6816.9420   1.0778610e-16
       6819.2585   1.1076910e-16
       6821.5750   1.1126550e-16
       6823.8915   1.0593250e-16
       6826.2080   1.0058310e-16
       6828.5245   1.0080580e-16
       6830.8410   1.0305920e-16
       6833.1575   1.0502390e-16
       6835.4740   1.0681760e-16
       6837.7905   1.0662220e-16
       6840.1071   1.0516560e-16
       6842.4236   1.0402810e-16
       6844.7401   1.0547210e-16
       6847.0566   1.0784750e-16
       6849.3731   1.0819590e-16
       6851.6896   1.0670100e-16
       6854.0061   1.0434790e-16
       6856.3226   1.0519700e-16
       6858.6391   1.0788080e-16
       6860.9556   1.0750940e-16
       6863.2721   1.0622750e-16
       6865.5886   1.0920680e-16
       6867.9051   1.0982530e-16
       6870.2216   1.0560810e-16
       6872.5381   1.0425530e-16
       6874.8546   1.0437290e-16
       6877.1711   1.0494960e-16
       6879.4876   1.0596310e-16
       6881.8041   1.0758230e-16
       6884.1206   1.0646420e-16
       6886.4371   1.0127460e-16
       6888.7536   9.9344470e-17
       6891.0701   1.0221410e-16
       6893.3866   1.0369780e-16
       6895.7031   1.0566040e-16
       6898.0196   1.0847310e-16
       6900.3361   1.0600330e-16
       6902.6526   1.0224470e-16
       6904.9691   1.0127020e-16
       6907.2856   1.0055020e-16
       6909.6022   1.0073500e-16
       6911.9187   1.0285970e-16
       6914.2352   1.0306510e-16
       6916.5517   1.0023710e-16
       6918.8682   9.9755500e-17
       6921.1847   1.0189570e-16
       6923.5012   1.0174080e-16
       6925.8177   1.0092050e-16
       6928.1342   1.0229910e-16
       6930.4507   1.0415150e-16
       6932.7672   1.0180980e-16
       6935.0837   9.6934380e-17
       6937.4002   9.6258990e-17
       6939.7167   9.8537940e-17
       6942.0332   1.0105860e-16
       6944.3497   1.0261580e-16
       6946.6662   9.9118420e-17
       6948.9827   9.5237270e-17
       6951.2992   9.5364710e-17
       6953.6157   9.6239490e-17
       6955.9322   1.0030110e-16
       6958.2487   1.0428630e-16
       6960.5652   1.0479880e-16
       6962.8817   1.0169470e-16
       6965.1982   9.7466000e-17
       6967.5147   9.7513270e-17
       6969.8312   9.9970590e-17
       6972.1477   1.0045830e-16
       6974.4642   9.9919670e-17
       6976.7807   1.0015390e-16
       6979.0973   9.9166080e-17
       6981.4138   9.8680320e-17
       6983.7303   9.8920050e-17
       6986.0468   9.5906640e-17
       6988.3633   9.4690360e-17
       6990.6798   9.9389280e-17
       6992.9963   1.0341220e-16
       6995.3128   1.0435630e-16
       6997.6293   1.0293460e-16
       6999.9458   9.8243410e-17
       7002.2623   9.5026520e-17
       7004.5788   9.7640920e-17
       7006.8953   1.0040790e-16
       7009.2118   9.9767400e-17
       7011.5283   9.9588050e-17
       7013.8448   1.0015460e-16
       7016.1613   9.9283160e-17
       7018.4778   9.7024660e-17
       7020.7943   9.6278810e-17
       7023.1108   9.8502650e-17
       7025.4273   1.0174250e-16
       7027.7438   1.0339970e-16
       7030.0603   1.0062710e-16
       7032.3768   9.6091100e-17
       7034.6933   9.4067670e-17
       7037.0098   9.5028070e-17
       7039.3263   9.7559670e-17
       7041.6428   9.9460960e-17
       7043.9593   9.9166760e-17
       7046.2758   9.7673690e-17
       7048.5924   9.5212310e-17
       7050.9089   9.4061680e-17
       7053.2254   9.3300840e-17
       7055.5419   9.5410670e-17
       7057.8584   9.9059550e-17
       7060.1749   9.9951730e-17
       7062.4914   9.8013190e-17
       7064.8079   9.5215940e-17
       7067.1244   9.3808760e-17
       7069.4409   9.6855130e-17
       7071.7574   1.0006400e-16
       7074.0739   1.0176780e-16
       7076.3904   1.0249860e-16
       7078.7069   1.0000530e-16
       7081.0234   9.9054510e-17
       7083.3399   9.8394400e-17
       7085.6564   9.7792480e-17
       7087.9729   1.0052880e-16
       7090.2894   9.8218430e-17
       7092.6059   9.8218430e-17
       7094.9224   9.8394400e-17
       7097.2389   9.8528060e-17
       7099.5554   9.8993590e-17
       7101.8719   9.8993590e-17
       7104.1884   9.8528060e-17
       7106.5049   9.7120390e-17
       7108.8214   9.6643920e-17
       7111.1379   9.8218430e-17
       7113.4544   9.9275110e-17
       7115.7709   9.8993590e-17
       7118.0875   9.7853000e-17
       7120.4040   9.7930050e-17
       7122.7205   9.9651840e-17
       7125.0370   1.0151390e-16
       7127.3535   1.0170710e-16
       7129.6700   9.9770490e-17
       7131.9865   9.7200900e-17
       7134.3030   9.6508920e-17
       7136.6195   9.5782900e-17
       7138.9360   9.5796200e-17
       7141.2525   9.7406370e-17
       7143.5690   9.5904480e-17
       7145.8855   9.3870820e-17
       7148.2020   9.4617340e-17
       7150.5185   9.5763660e-17
       7152.8350   9.5441300e-17
       7155.1515   9.5514960e-17
       7157.4680   9.6755340e-17
       7159.7845   9.9084170e-17
       7162.1010   1.0031050e-16
       7164.4175   9.7040630e-17
       7166.7340   9.2670220e-17
       7169.0505   9.1524420e-17
       7171.3670   9.3629210e-17
       7173.6835   9.6375090e-17
       7176.0000   9.8599380e-17
       7178.3165   1.0013590e-16
       7180.6330   9.7907720e-17
       7182.9495   9.4381620e-17
       7185.2660   9.4887970e-17
       7187.5826   9.7381200e-17
       7189.8991   9.8849310e-17
       7192.2156   9.9406630e-17
       7194.5321   9.9061930e-17
       7196.8486   9.6375090e-17
       7199.1651   9.6424950e-17
       7201.4816   9.6720550e-17
       7203.7981   9.7381200e-17
       7206.1146   9.6720550e-17
       7208.4311   9.6424950e-17
       7210.7476   9.5433300e-17
       7213.0641   1.0015470e-16
       7215.3806   9.8419270e-17
       7217.6971   9.6720550e-17
       7220.0136   9.5433300e-17
       7222.3301   9.3292110e-17
       7224.6466   9.3507250e-17
       7226.9631   9.6424950e-17
       7229.2796   9.9159610e-17
       7231.5961   9.8096120e-17
       7233.9126   9.2774430e-17
       7236.2291   8.8381380e-17
       7238.5456   8.8647420e-17
       7240.8621   9.1205560e-17
       7243.1786   9.2401130e-17
       7245.4951   9.2195100e-17
       7247.8116   9.1618210e-17
       7250.1281   9.2962890e-17
       7252.4446   9.3170110e-17
       7254.7611   8.9735950e-17
       7257.0777   8.6581130e-17
       7259.3942   8.7513320e-17
       7261.7107   9.2963690e-17
       7264.0272   9.6744380e-17
       7266.3437   9.5452800e-17
       7268.6602   9.1167180e-17
       7270.9767   8.7859340e-17
       7273.2932   8.6379730e-17
       7275.6097   8.3576450e-17
       7277.9262   8.4062230e-17
       7280.2427   8.8538750e-17
       7282.5592   9.2227570e-17
       7284.8757   9.3102120e-17
       7287.1922   9.0797660e-17
       7289.5087   8.7962670e-17
       7291.8252   8.5901090e-17
       7294.1417   8.6343890e-17
       7296.4582   8.9764220e-17
       7298.7747   9.3157150e-17
       7301.0912   9.6755160e-17
       7303.4077   9.8566590e-17
       7305.7242   9.3076940e-17
       7308.0407   8.4908330e-17
       7310.3572   8.2545530e-17
       7312.6737   8.3680260e-17
       7314.9902   8.4753540e-17
       7317.3067   8.7233030e-17
       7319.6232   9.0003560e-17
       7321.9397   8.9985350e-17
       7324.2562   8.7334960e-17
       7326.5728   8.3569710e-17
       7328.8893   8.2755530e-17
       7331.2058   8.3274890e-17
       7333.5223   8.4144090e-17
       7335.8388   8.4868560e-17
       7338.1553   8.5166170e-17
       7340.4718   8.5058780e-17
       7342.7883   8.3702580e-17
       7345.1048   8.1781450e-17
       7347.4213   7.9491640e-17
       7349.7378   7.8964380e-17
       7352.0543   7.8233170e-17
       7354.3708   7.8151000e-17
       7356.6873   8.0655800e-17
       7359.0038   8.3479990e-17
       7361.3203   8.5256040e-17
       7363.6368   8.5622740e-17
       7365.9533   8.4430340e-17
       7368.2698   8.1552990e-17
       7370.5863   8.0036270e-17
       7372.9028   8.3062120e-17
       7375.2193   8.5979470e-17
       7377.5358   8.5539300e-17
       7379.8523   8.4993520e-17
       7382.1688   8.5035480e-17
       7384.4853   8.4100410e-17
       7386.8018   8.2436830e-17
       7389.1183   7.9710570e-17
       7391.4348   7.5276610e-17
       7393.7513   7.2482220e-17
       7396.0679   7.6615530e-17
       7398.3844   8.2276720e-17
       7400.7009   8.3266190e-17
       7403.0174   8.0708130e-17
       7405.3339   7.7596040e-17
       7407.6504   7.5827030e-17
       7409.9669   7.4318180e-17
       7412.2834   7.4208510e-17
       7414.5999   7.6088420e-17
       7416.9164   7.9134690e-17
       7419.2329   8.1318080e-17
       7421.5494   7.9736870e-17
       7423.8659   7.6925480e-17
       7426.1824   7.6062730e-17
       7428.4989   7.5099400e-17
       7430.8154   7.3258890e-17
       7433.1319   7.2623810e-17
       7435.4484   7.4036920e-17
       7437.7649   7.6912120e-17
       7440.0814   7.9586710e-17
       7442.3979   8.0148560e-17
       7444.7144   7.7358100e-17
       7447.0309   7.3031220e-17
       7449.3474   7.1783780e-17
       7451.6639   7.2576970e-17
       7453.9804   7.2256380e-17
       7456.2969   7.4419460e-17
       7458.6134   7.8270010e-17
       7460.9299   7.9221910e-17
       7463.2464   7.7419410e-17
       7465.5630   7.5772970e-17
       7467.8795   7.4187850e-17
       7470.1960   7.2576640e-17
       7472.5125   7.1612820e-17
       7474.8290   7.4467870e-17
       7477.1455   7.8475790e-17
       7479.4620   8.0825520e-17
       7481.7785   8.1821020e-17
       7484.0950   8.0137170e-17
       7486.4115   7.6914240e-17
       7488.7280   7.3742460e-17
       7491.0445   7.0811950e-17
       7493.3610   7.0653350e-17
       7495.6775   7.3200810e-17
       7497.9940   7.4717530e-17
       7500.3105   7.4775740e-17
       7502.6270   7.3484460e-17
       7504.9435   7.0409140e-17
       7507.2600   6.8377300e-17
       7509.5765   7.0310000e-17
       7511.8930   7.4501670e-17
       7514.2095   7.9570260e-17
       7516.5260   8.1602300e-17
       7518.8425   7.9450740e-17
       7521.1590   7.6775950e-17
       7523.4755   7.3577440e-17
       7525.7920   7.0644200e-17
       7528.1085   7.1011000e-17
       7530.4250   7.4195550e-17
       7532.7415   7.7344280e-17
       7535.0581   7.9226430e-17
       7537.3746   7.6886730e-17
       7539.6911   7.3029740e-17
       7542.0076   7.2555430e-17
       7544.3241   7.2429200e-17
       7546.6406   7.2594590e-17
       7548.9571   7.6667430e-17
       7551.2736   7.4852560e-17
       7553.5901   7.4852560e-17
       7555.9066   7.4852560e-17
       7558.2231   7.6667430e-17
       7560.5396   7.6886730e-17
       7562.8561   7.6886730e-17
       7565.1726   7.4812620e-17
       7567.4891   8.2876330e-17
       7569.8056   8.5136490e-17
       7572.1221   8.5426040e-17
       7574.4386   8.2754640e-17
       7576.7551   7.6667430e-17
       7579.0716   7.0848920e-17
       7581.3881   6.8776610e-17
       7583.7046   7.2854120e-17
       7586.0211   7.9334690e-17
       7588.3376   8.6114340e-17
       7590.6541   9.1682610e-17
       7592.9706   9.2520320e-17
       7595.2871   8.5429580e-17
       7597.6036   7.6612220e-17
       7599.9201   7.4108680e-17
       7602.2366   7.4845730e-17
       7604.5532   7.5471320e-17
       7606.8697   8.1222130e-17
       7609.1862   8.8814840e-17
       7611.5027   9.0776340e-17
       7613.8192   9.0657720e-17
       7616.1357   8.9952620e-17
       7618.4522   8.6934290e-17
       7620.7687   8.1736620e-17
       7623.0852   7.7463170e-17
       7625.4017   7.7451440e-17
       7627.7182   8.2426930e-17
       7630.0347   8.5300910e-17
       7632.3512   8.6923140e-17
       7634.6677   8.9583780e-17
       7636.9842   8.9628570e-17
       7639.3007   8.7615370e-17
       7641.6172   8.4496590e-17
       7643.9337   8.1368450e-17
       7646.2502   8.0981390e-17
       7648.5667   8.1527510e-17
       7650.8832   8.2966060e-17
       7653.1997   8.7032970e-17
       7655.5162   9.0706150e-17
       7657.8327   8.9232180e-17
       7660.1492   8.5890550e-17
       7662.4657   8.4306450e-17
       7664.7822   8.1846110e-17
       7667.0987   8.2813500e-17
       7669.4152   8.9363360e-17
       7671.7317   9.4159980e-17
       7674.0483   9.6029780e-17
       7676.3648   9.4265480e-17
       7678.6813   8.8922600e-17
       7680.9978   8.2641210e-17
       7683.3143   7.4190890e-17
       7685.6308   7.1229010e-17
       7687.9473   7.8651010e-17
       7690.2638   8.7117560e-17
       7692.5803   9.3439180e-17
       7694.8968   9.8236290e-17
       7697.2133   9.9851050e-17
       7699.5298   9.5815670e-17
       7701.8463   8.8643490e-17
       7704.1628   8.4415970e-17
       7706.4793   8.2461460e-17
       7708.7958   8.0697600e-17
       7711.1123   8.2725370e-17
       7713.4288   8.6669990e-17
       7715.7453   8.7539670e-17
       7718.0618   8.6907820e-17
       7720.3783   8.8145210e-17
       7722.6948   9.2175500e-17
       7725.0113   9.6619250e-17
       7727.3278   9.1847390e-17
       7729.6443   7.8688250e-17
       7731.9608   7.2744060e-17
       7734.2773   7.3143960e-17
       7736.5938   7.9117960e-17
       7738.9103   8.6229240e-17
       7741.2268   9.0421450e-17
       7743.5434   9.4249980e-17
       7745.8599   9.7714500e-17
       7748.1764   9.4577860e-17
       7750.4929   8.8071070e-17
       7752.8094   8.4805960e-17
       7755.1259   8.3171770e-17
       7757.4424   8.2091380e-17
       7759.7589   8.1027850e-17
       7762.0754   8.1873280e-17
       7764.3919   8.5292250e-17
       7766.7084   8.7615420e-17
       7769.0249   8.3636610e-17
       7771.3414   7.6082820e-17
       7773.6579   7.5054650e-17
       7775.9744   7.6756060e-17
       7778.2909   7.1914160e-17
       7780.6074   7.2670980e-17
       7782.9239   8.3389540e-17
       7785.2404   8.9365790e-17
       7787.5569   9.0149810e-17
       7789.8734   8.8497010e-17
       7792.1899   8.4372040e-17
       7794.5064   7.7963880e-17
       7796.8229   7.7947660e-17
       7799.1394   8.3893600e-17
       7801.4559   8.7357280e-17
       7803.7724   8.9338330e-17
       7806.0889   9.1128740e-17
       7808.4054   9.3533560e-17
       7810.7219   9.3856230e-17
       7813.0385   8.7288690e-17
       7815.3550   8.0420460e-17
       7817.6715   7.9275790e-17
       7819.9880   8.1704520e-17
       7822.3045   8.6315800e-17
       7824.6210   9.2572460e-17
       7826.9375   9.5469820e-17
       7829.2540   9.1217320e-17
       7831.5705   8.3968430e-17
       7833.8870   7.7114810e-17
       7836.2035   7.0987350e-17
       7838.5200   6.4136710e-17
       7840.8365   5.8908800e-17
       7843.1530   6.2361480e-17
       7845.4695   7.0896200e-17
       7847.7860   7.8594220e-17
       7850.1025   8.1923910e-17
       7852.4190   7.7124820e-17
       7854.7355   7.0816490e-17
       7857.0520   6.9380880e-17
       7859.3685   6.9540910e-17
       7861.6850   6.9455380e-17
       7864.0015   6.9791430e-17
       7866.3180   7.1807380e-17
       7868.6345   7.3600140e-17
       7870.9510   7.2810000e-17
       7873.2675   7.1610510e-17
       7875.5840   6.9478180e-17
       7877.9005   6.3088750e-17
       7880.2170   5.7670820e-17
       7882.5336   5.9546130e-17
       7884.8501   6.4736050e-17
       7887.1666   6.9702260e-17
       7889.4831   7.2999560e-17
       7891.7996   7.4627520e-17
       7894.1161   7.5138640e-17
       7896.4326   7.4374750e-17
       7898.7491   7.3631730e-17
       7901.0656   7.0392750e-17
       7903.3821   6.6143870e-17
       7905.6986   6.3893530e-17
       7908.0151   6.3097340e-17
       7910.3316   6.6614700e-17
       7912.6481   7.2906290e-17
       7914.9646   7.7844810e-17
       7917.2811   8.1035000e-17
       7919.5976   8.1840180e-17
       7921.9141   7.7070280e-17
       7924.2306   6.8459920e-17
       7926.5471   6.0796130e-17
       7928.8636   5.8504540e-17
       7931.1801   6.2472110e-17
       7933.4966   6.6546540e-17
       7935.8131   6.8100480e-17
       7938.1296   6.9937800e-17
       7940.4461   7.1793670e-17
       7942.7626   7.0854350e-17
       7945.0791   6.6439820e-17
       7947.3956   6.1137100e-17
       7949.7121   5.8209100e-17
       7952.0287   6.0814250e-17
       7954.3452   6.6523680e-17
       7956.6617   7.0266460e-17
       7958.9782   6.9535660e-17
       7961.2947   6.8955100e-17
       7963.6112   7.0223000e-17
       7965.9277   6.9993200e-17
       7968.2442   6.9203370e-17
       7970.5607   6.6822880e-17
       7972.8772   6.1662750e-17
       7975.1937   5.8112690e-17
       7977.5102   5.9370010e-17
       7979.8267   6.4485190e-17
       7982.1432   6.8744170e-17
       7984.4597   6.6820040e-17
       7986.7762   6.2157340e-17
       7989.0927   6.0329500e-17
       7991.4092   5.7631050e-17
       7993.7257   5.3992870e-17
       7996.0422   5.4697800e-17
       7998.3587   5.9797460e-17
       8000.6752   6.5137560e-17
       8002.9917   6.5688510e-17
       8005.3082   6.3340050e-17
       8007.6247   6.3568570e-17
       8009.9412   6.5797610e-17
       8012.2577   6.5770610e-17
       8014.5742   6.5058710e-17
       8016.8907   6.2103890e-17
       8019.2072   5.6419570e-17
       8021.5238   5.3713960e-17
       8023.8403   5.4197290e-17
       8026.1568   5.4349670e-17
       8028.4733   5.5785950e-17
       8030.7898   5.9710400e-17
       8033.1063   6.1555790e-17
       8035.4228   6.0006340e-17
       8037.7393   5.7453790e-17
       8040.0558   5.3777160e-17
       8042.3723   5.1939830e-17
       8044.6888   5.2912960e-17
       8047.0053   5.4488220e-17
       8049.3218   5.6646800e-17
       8051.6383   6.0135580e-17
       8053.9548   6.3797760e-17
       8056.2713   6.5578150e-17
       8058.5878   6.4019970e-17
       8060.9043   6.0245830e-17
       8063.2208   5.5583100e-17
       8065.5373   5.2188790e-17
       8067.8538   5.2530820e-17
       8070.1703   5.5155410e-17
       8072.4868   6.0287850e-17
       8074.8033   6.5367140e-17
       8077.1198   6.6716030e-17
       8079.4363   6.3682460e-17
       8081.7528   5.6831230e-17
       8084.0693   5.2147450e-17
       8086.3858   4.9817540e-17
       8088.7023   4.6862360e-17
       8091.0189   4.9300070e-17
       8093.3354   5.6087060e-17
       8095.6519   6.0272370e-17
       8097.9684   6.2480080e-17
       8100.2849   6.3409420e-17
       8102.6014   6.2839990e-17
       8104.9179   6.1070940e-17
       8107.2344   5.5990410e-17
       8109.5509   5.2258590e-17
       8111.8674   5.1594130e-17
       8114.1839   5.2675040e-17
       8116.5004   5.4764570e-17
       8118.8169   5.5098980e-17
       8121.1334   5.5328070e-17
       8123.4499   5.6076350e-17
       8125.7664   5.3668770e-17
       8128.0829   5.1165610e-17
       8130.3994   5.2456250e-17
       8132.7159   5.4433960e-17
       8135.0324   5.7397530e-17
       8137.3489   6.1614240e-17
       8139.6654   6.2369920e-17
       8141.9819   6.1416280e-17
       8144.2984   6.3021680e-17
       8146.6149   6.8162120e-17
       8148.9314   7.0139330e-17
       8151.2479   6.2519010e-17
       8153.5644   5.3274580e-17
       8155.8809   4.6283660e-17
       8158.1974   3.9299480e-17
       8160.5140   3.7831840e-17
       8162.8305   4.5374900e-17
       8165.1470   5.3732390e-17
       8167.4635   5.6220070e-17
       8169.7800   5.4795820e-17
       8172.0965   5.1423690e-17
       8174.4130   4.6568750e-17
       8176.7295   4.5551140e-17
       8179.0460   4.7689950e-17
       8181.3625   4.8740580e-17
       8183.6790   4.9110880e-17
       8185.9955   4.6971080e-17
       8188.3120   4.6830330e-17
       8190.6285   5.1963520e-17
       8192.9450   5.5520510e-17
       8195.2615   5.1689110e-17
       8197.5780   5.1689110e-17
       8199.8945   5.1423690e-17
       8202.2110   5.1689110e-17
       8204.5275   5.1689110e-17
       8206.8440   5.1689110e-17
       8209.1605   5.1689110e-17
       8211.4770   5.1963520e-17
       8213.7935   5.1963520e-17
       8216.1100   5.2883220e-17
       8218.4265   5.2883220e-17
       8220.7430   5.3237990e-17
       8223.0595   5.4262500e-17
       8225.3760   5.2883220e-17
       8227.6925   5.0853580e-17
       8230.0091   5.3367340e-17
       8232.3256   5.6570740e-17
       8234.6421   5.8108210e-17
       8236.9586   5.9664160e-17
       8239.2751   5.9974720e-17
       8241.5916   6.0401520e-17
       8243.9081   5.7352300e-17
       8246.2246   5.5000540e-17
       8248.5411   5.3689640e-17
       8250.8576   5.2883220e-17
       8253.1741   5.2149130e-17
       8255.4906   5.2149130e-17
       8257.8071   5.3367340e-17
       8260.1236   5.3689640e-17
       8262.4401   5.3689640e-17
       8264.7566   5.3689640e-17
       8267.0731   5.3689640e-17
       8269.3896   5.3689640e-17
       8271.7061   5.3689640e-17
       8274.0226   5.3689640e-17
       8276.3391   5.3367340e-17
       8278.6556   5.2883220e-17
       8280.9721   5.3367340e-17
       8283.2886   5.3367340e-17
       8285.6051   5.3689640e-17
       8287.9216   5.3689640e-17
       8290.2381   5.3689640e-17
       8292.5546   5.4604890e-17
       8294.8711   5.4604890e-17
       8297.1876   5.4604890e-17
       8299.5042   4.4737840e-17
       8301.8207   4.3717500e-17
       8304.1372   4.3332750e-17
       8306.4537   4.8325450e-17
       8308.7702   5.4604890e-17
       8311.0867   6.0884350e-17
       8313.4032   6.8185480e-17
       8315.7197   6.7039400e-17
       8318.0362   5.8793910e-17
       8320.3527   5.5587730e-17
       8322.6692   5.2692690e-17
       8324.9857   4.2928950e-17
       8327.3022   3.7674700e-17
       8329.6187   4.5378460e-17
       8331.9352   5.6865700e-17
       8334.2517   6.2907500e-17
       8336.5682   6.3550240e-17
       8338.8847   6.1281310e-17
       8341.2012   5.9471480e-17
       8343.5177   5.4007730e-17
       8345.8342   4.9827270e-17
       8348.1507   5.1569440e-17
       8350.4672   5.1502220e-17
       8352.7837   5.4104410e-17
       8355.1002   6.0663670e-17
       8357.4167   6.4787840e-17
       8359.7332   6.2022200e-17
       8362.0497   5.5007990e-17
       8364.3662   4.2812500e-17
       8366.6827   3.1927470e-17
       8368.9993   2.7696160e-17
       8371.3158   3.0560870e-17
       8373.6323   4.2245990e-17
       8375.9488   5.2834960e-17
       8378.2653   5.6830760e-17
       8380.5818   5.7955040e-17
       8382.8983   5.5919390e-17
       8385.2148   5.1927910e-17
       8387.5313   4.7014210e-17
       8389.8478   4.1543150e-17
       8392.1643   3.7772030e-17
       8394.4808   3.8632420e-17
       8396.7973   4.0541670e-17
       8399.1138   4.5241760e-17
       8401.4303   4.8520910e-17
       8403.7468   4.5669810e-17
       8406.0633   4.4103910e-17
       8408.3798   4.3748280e-17
       8410.6963   4.2578800e-17
       8413.0128   4.2547320e-17
       8415.3293   4.3658000e-17
       8417.6458   4.2992810e-17
       8419.9623   4.1983120e-17
       8422.2788   4.3202700e-17
       8424.5953   4.6736910e-17
       8426.9118   4.9880270e-17
       8429.2283   4.6910410e-17
       8431.5448   4.1589630e-17
       8433.8613   3.9622580e-17
       8436.1778   3.8190780e-17
       8438.4944   3.7789550e-17
       8440.8109   3.8533870e-17
       8443.1274   3.7571360e-17
       8445.4439   3.8982570e-17
       8447.7604   4.2828280e-17
       8450.0769   4.3586240e-17
       8452.3934   4.2083930e-17
       8454.7099   3.9996030e-17
       8457.0264   3.7604800e-17
       8459.3429   3.6922300e-17
       8461.6594   3.9099960e-17
       8463.9759   4.3105800e-17
       8466.2924   4.4783380e-17
       8468.6089   4.3814760e-17
       8470.9254   4.2224290e-17
       8473.2419   3.9126400e-17
       8475.5584   3.5422170e-17
       8477.8749   3.1332300e-17
       8480.1914   2.8298030e-17
       8482.5079   2.8870040e-17
       8484.8244   3.2194510e-17
       8487.1409   3.7689350e-17
       8489.4574   4.2115710e-17
       8491.7739   4.3872020e-17
       8494.0904   4.2284360e-17
       8496.4069   3.8370320e-17
       8498.7234   3.3320570e-17
       8501.0399   2.9121310e-17
       8503.3564   2.5672590e-17
       8505.6729   2.4379340e-17
       8507.9895   2.6982910e-17
       8510.3060   3.0335260e-17
       8512.6225   3.2651190e-17
       8514.9390   3.5428130e-17
       8517.2555   3.8583580e-17
       8519.5720   4.1901060e-17
       8521.8885   4.2891300e-17
       8524.2050   4.0855620e-17
       8526.5215   3.7979750e-17
       8528.8380   3.4117080e-17
       8531.1545   3.0727720e-17
       8533.4710   2.9054500e-17
       8535.7875   2.9225140e-17
       8538.1040   2.9664390e-17
       8540.4205   3.0800950e-17
       8542.7370   2.8456040e-17
       8545.0535   2.6028080e-17
       8547.3700   3.0791110e-17
       8549.6865   3.6398270e-17
       8552.0030   3.7368880e-17
       8554.3195   3.6782800e-17
       8556.6360   3.5289380e-17
       8558.9525   3.1825390e-17
       8561.2690   2.6465050e-17
       8563.5855   2.5325700e-17
       8565.9020   2.8531680e-17
       8568.2185   2.9357010e-17
       8570.5350   3.0351930e-17
       8572.8515   3.3875470e-17
       8575.1680   3.5671510e-17
       8577.4846   3.5790040e-17
       8579.8011   3.5825740e-17
       8582.1176   3.4505930e-17
       8584.4341   3.4056240e-17
       8586.7506   3.2606490e-17
       8589.0671   2.9069640e-17
       8591.3836   2.7425670e-17
       8593.7001   2.8354030e-17
       8596.0166   2.8468370e-17
       8598.3331   2.9505510e-17
       8600.6496   3.3141060e-17
       8602.9661   3.7469430e-17
       8605.2826   3.7774200e-17
       8607.5991   3.3022510e-17
       8609.9156   2.9802330e-17
       8612.2321   2.9165720e-17
       8614.5486   2.6876190e-17
       8616.8651   2.4660100e-17
       8619.1816   2.4338150e-17
       8621.4981   2.4537070e-17
       8623.8146   2.5601190e-17
       8626.1311   2.9245010e-17
       8628.4476   3.3449750e-17
       8630.7641   3.5824640e-17
       8633.0806   3.6972840e-17
       8635.3971   3.3630500e-17
       8637.7136   2.8348770e-17
       8640.0301   2.5514410e-17
       8642.3466   2.4233750e-17
       8644.6631   2.4859130e-17
       8646.9797   2.5450750e-17
       8649.2962   2.5250680e-17
       8651.6127   2.8490860e-17
       8653.9292   3.2880400e-17
       8656.2457   3.4665750e-17
       8658.5622   3.5980810e-17
       8660.8787   3.6652270e-17
       8663.1952   3.2489950e-17
       8665.5117   2.3844090e-17
       8667.8282   1.8381450e-17
       8670.1447   1.8719420e-17
       8672.4612   1.9376120e-17
       8674.7777   1.9213900e-17
       8677.0942   2.0895420e-17
       8679.4107   2.4767950e-17
       8681.7272   2.6755090e-17
       8684.0437   2.4933250e-17
       8686.3602   2.4892450e-17
       8688.6767   2.6431000e-17
       8690.9932   2.5809260e-17
       8693.3097   2.4144640e-17
       8695.6262   2.3125460e-17
       8697.9427   2.0663130e-17
       8700.2592   2.1472990e-17
       8702.5757   2.3147290e-17
       8704.8922   2.3215930e-17
       8707.2087   2.5779490e-17
       8709.5252   3.0534900e-17
       8711.8417   3.2944510e-17
       8714.1582   3.1501490e-17
       8716.4748   3.0127080e-17
       8718.7913   3.0335370e-17
       8721.1078   2.9232060e-17
       8723.4243   2.6049260e-17
       8725.7408   2.2219770e-17
       8728.0573   2.0496270e-17
       8730.3738   1.9952290e-17
       8732.6903   1.9299570e-17
       8735.0068   1.9956180e-17
       8737.3233   2.1379830e-17
       8739.6398   2.3850040e-17
       8741.9563   2.6434640e-17
       8744.2728   2.5379280e-17
       8746.5893   1.4552670e-17
