3.198656132983377120e+03 4.316986000000000118e-17
3.203495686789151478e+03 4.509616666666666849e-17
3.208335240594925381e+03 4.542033333333332900e-17
3.213174794400699739e+03 4.575722000000000434e-17
3.218014348206474097e+03 4.636736666666666832e-17
3.222853902012248454e+03 4.866732666666666482e-17
3.227693455818022812e+03 5.041599333333332881e-17
3.232533009623796715e+03 5.418256666666666661e-17
3.237372563429571073e+03 5.534969999999999446e-17
3.242212117235345431e+03 5.474870000000000204e-17
3.247051671041119789e+03 5.617082666666666191e-17
3.251891216097988035e+03 5.559532000000001056e-17
3.256730769903762393e+03 5.607256666666666503e-17
3.261570323709536297e+03 5.597474666666666288e-17
3.266409877515310654e+03 5.739637999999999195e-17
3.271249431321085012e+03 5.754573999999999621e-17
3.276088985126859370e+03 5.879693333333333223e-17
3.280928538932633728e+03 5.933041333333332763e-17
3.285768092738407631e+03 6.003351333333332815e-17
3.290607646544181989e+03 6.076220666666666405e-17
3.295447200349956347e+03 6.131647333333333076e-17
3.300286754155730705e+03 6.078705999999999708e-17
3.305126299212598497e+03 6.062725999999999890e-17
3.309965853018372854e+03 6.128487333333332547e-17
3.314805406824146758e+03 6.046595999999999962e-17
3.319644960629921115e+03 6.160104666666666814e-17
3.324484514435695473e+03 6.209201333333332995e-17
3.329324068241469831e+03 6.373222666666667469e-17
3.334163622047244189e+03 6.534084666666666730e-17
3.339003175853018547e+03 6.481973333333333072e-17
3.343842729658792450e+03 6.511547999999999889e-17
3.348682283464566808e+03 6.425897333333334110e-17
3.353521828521434600e+03 6.501676666666666401e-17
3.358361382327208958e+03 6.610071999999999782e-17
3.363200936132983315e+03 6.655553333333332729e-17
3.368040489938757673e+03 6.673327333333333725e-17
3.372880043744531577e+03 6.681600666666666492e-17
3.377719597550305934e+03 6.666231333333333097e-17
3.382559151356080292e+03 6.620751333333333243e-17
3.387398705161854650e+03 6.749899999999999497e-17
3.392238258967629008e+03 6.605418666666667308e-17
3.397077812773402911e+03 6.628110000000000086e-17
3.401917366579177269e+03 6.579903333333332673e-17
3.406756911636045515e+03 6.520527333333333737e-17
3.411596465441819873e+03 6.559580000000000036e-17
3.416436019247594231e+03 6.574668666666666759e-17
3.421275573053368134e+03 6.527067999999999942e-17
3.426115126859142492e+03 6.509310666666666310e-17
3.430954680664916850e+03 6.491617999999998794e-17
3.435794234470691208e+03 6.472173333333333632e-17
3.440633788276465566e+03 6.519213333333333653e-17
3.445473342082239924e+03 6.555926666666666247e-17
3.450312895888013827e+03 6.572714666666666038e-17
3.455152440944881619e+03 6.589095999999999656e-17
3.459991994750655977e+03 6.519114666666666261e-17
3.464831548556430334e+03 6.591417333333332903e-17
3.469671102362204692e+03 6.550792666666667365e-17
3.474510656167979050e+03 6.572009333333332736e-17
3.479350209973752953e+03 6.666392666666666966e-17
3.484189763779527311e+03 6.756825333333332139e-17
3.489029317585301669e+03 6.858290666666665819e-17
3.493868871391076027e+03 6.923773333333332677e-17
3.498708425196850385e+03 6.919330666666665920e-17
3.503547979002624743e+03 6.888613333333332319e-17
3.508387524059492534e+03 6.990146666666666083e-17
3.513227077865266892e+03 7.034727999999999597e-17
3.518066631671041250e+03 7.039914000000000210e-17
3.522906185476815608e+03 7.001935333333334065e-17
3.527745739282589966e+03 7.000545333333332873e-17
3.532585293088363869e+03 7.047298666666666070e-17
3.537424846894138227e+03 7.015575333333333632e-17
3.542264400699912585e+03 7.032549999999999761e-17
3.547103954505686943e+03 7.077562000000000058e-17
3.551943508311461301e+03 7.053765333333332039e-17
3.556783062117235204e+03 7.015689333333332828e-17
3.561622607174102995e+03 6.964776000000000418e-17
3.566462160979877353e+03 7.000557333333333177e-17
3.571301714785651711e+03 7.014945333333332426e-17
3.576141268591426069e+03 7.015892666666666531e-17
3.580980822397200427e+03 6.962810666666667171e-17
3.585820376202974785e+03 6.948275999999999311e-17
3.590659930008749143e+03 6.952462000000000007e-17
3.595499483814523501e+03 6.953002666666666706e-17
3.600339037620297859e+03 6.914897333333333280e-17
3.605178591426072217e+03 6.915984000000000285e-17
3.610018136482939553e+03 6.944477999999999018e-17
3.614857690288713457e+03 6.927521999999999892e-17
3.619697244094487814e+03 6.831750666666666575e-17
3.624536797900262172e+03 6.755548000000000748e-17
3.629376351706036530e+03 6.690596666666666471e-17
3.634215905511810888e+03 6.646987333333334218e-17
3.639055459317585246e+03 6.560962000000000203e-17
3.643895013123359149e+03 6.531643999999999447e-17
3.648734566929133507e+03 6.518456666666666399e-17
3.653574120734907865e+03 6.485572666666666721e-17
3.658413674540682223e+03 6.380224666666666533e-17
3.663253219597550469e+03 6.302765333333333493e-17
3.668092773403324372e+03 6.283393333333333008e-17
3.672932327209098730e+03 6.340769333333333341e-17
3.677771881014873088e+03 6.326151333333333594e-17
3.682611434820647446e+03 6.321206666666667237e-17
3.687450988626421804e+03 6.572400666666667104e-17
3.692290542432195707e+03 7.028472000000000575e-17
3.697130096237970065e+03 7.525344666666666492e-17
3.701969650043744423e+03 7.767082666666666615e-17
3.706809203849518781e+03 7.815499999999999744e-17
3.711648757655293139e+03 7.830522666666667257e-17
3.716488302712161385e+03 7.848015333333332570e-17
3.721327856517935288e+03 7.861993999999999459e-17
3.726167410323709646e+03 7.860685999999998295e-17
3.731006964129484004e+03 7.871189333333332629e-17
3.735846517935258362e+03 7.957120666666668777e-17
3.740686071741032720e+03 7.983627333333333293e-17
3.745525625546806623e+03 7.948631333333332991e-17
3.750365179352580981e+03 7.979855999999998563e-17
3.755204733158355339e+03 7.966357333333332768e-17
3.760044286964129697e+03 7.755487999999999450e-17
3.764883832020997033e+03 7.334869999999999860e-17
3.769723385826771391e+03 6.968793333333332766e-17
3.774562939632545749e+03 6.782375333333333362e-17
3.779402493438319652e+03 6.728992666666666001e-17
3.784242047244094010e+03 6.812013333333334437e-17
3.789081601049868368e+03 6.904152666666665922e-17
3.793921154855642726e+03 6.896881999999999260e-17
3.798760708661417084e+03 6.975330666666666238e-17
3.803600262467191442e+03 7.050572666666665795e-17
3.808439816272965345e+03 7.059739333333333761e-17
3.813279370078739703e+03 7.126430666666665380e-17
3.818118915135607949e+03 7.220965333333332814e-17
3.822958468941382307e+03 7.324706000000000628e-17
3.827798022747156665e+03 7.473229333333333554e-17
3.832637576552930568e+03 7.645344666666665237e-17
3.837477130358704926e+03 7.907415999999999895e-17
3.842316684164479284e+03 7.983316000000000546e-17
3.847156237970253642e+03 8.060419333333333586e-17
3.851995791776028000e+03 8.198604000000001245e-17
3.856835345581801903e+03 8.338767333333334317e-17
3.861674899387576261e+03 8.443443333333333467e-17
3.866514444444444507e+03 8.623675333333333572e-17
3.871353998250218865e+03 8.788181999999999049e-17
3.876193552055993223e+03 8.896909333333333053e-17
3.881033105861767126e+03 9.030010666666666771e-17
3.885872659667541484e+03 9.176316666666666214e-17
3.890712213473315842e+03 9.274604666666666689e-17
3.895551767279090200e+03 9.357259333333333227e-17
3.900391321084864558e+03 9.361286666666667473e-17
3.905230874890638916e+03 9.357728666666667110e-17
3.910070428696412819e+03 9.386215333333335063e-17
3.914909982502187177e+03 9.504552000000000422e-17
3.919749527559055423e+03 9.622179999999999748e-17
3.924589081364829781e+03 9.701714666666667184e-17
3.929428635170604139e+03 9.795814666666667323e-17
3.934268188976378042e+03 9.985451333333333220e-17
3.939107742782152400e+03 1.016055466666666805e-16
3.943947296587926758e+03 1.023219399999999876e-16
3.948786850393701116e+03 1.036210066666666659e-16
3.953626404199475473e+03 1.046816933333333312e-16
3.958465958005249831e+03 1.048916933333333262e-16
3.963305511811023734e+03 1.055147599999999937e-16
3.968145065616798092e+03 1.060438799999999975e-16
3.972984610673665429e+03 1.060625333333333251e-16
3.977824164479439787e+03 1.057357666666666705e-16
3.982663718285214145e+03 1.050518733333333299e-16
3.987503272090988503e+03 1.047529400000000018e-16
3.992342825896762406e+03 1.045394933333333321e-16
3.997182379702536764e+03 1.044777800000000040e-16
4.002021933508311122e+03 1.035224199999999872e-16
4.006861487314085480e+03 1.016015599999999920e-16
4.011701041119859838e+03 9.962161999999999638e-17
4.016540594925634196e+03 9.843904666666666887e-17
4.021380139982501987e+03 9.755194666666666379e-17
4.026219693788276345e+03 9.665017333333332942e-17
4.031059247594050703e+03 9.644114666666666504e-17
4.035898801399825061e+03 9.579275333333333017e-17
4.040738355205599419e+03 9.481386000000000156e-17
4.045577909011373322e+03 9.532194000000000941e-17
4.050417462817147680e+03 9.525587333333333060e-17
4.055257016622922038e+03 9.477313999999999890e-17
4.060096570428696396e+03 9.464254666666668449e-17
4.064936124234470753e+03 9.499699333333333526e-17
4.069775678040245111e+03 9.552410666666666395e-17
4.074615223097112903e+03 9.565311333333332619e-17
4.079454776902887261e+03 9.553523999999998963e-17
4.084294330708661619e+03 9.575621999999997996e-17
4.089133884514435977e+03 9.521613333333332407e-17
4.093973438320210334e+03 9.438063333333332262e-17
4.098812992125984238e+03 9.419263999999998878e-17
4.103652545931759050e+03 9.340088000000000093e-17
4.108492099737532953e+03 9.329494000000000626e-17
4.113331653543306857e+03 9.346830000000000361e-17
4.118171207349081669e+03 9.325252000000000152e-17
4.123010752405948551e+03 9.319797999999999718e-17
4.127850306211723364e+03 9.327157333333333108e-17
4.132689860017497267e+03 9.282650666666666376e-17
4.137529413823272080e+03 9.175105999999999348e-17
4.142368967629045983e+03 9.030486666666667353e-17
4.147208521434819886e+03 8.975117333333333554e-17
4.152048075240594699e+03 8.975793333333333873e-17
4.156887629046368602e+03 8.917260666666668045e-17
4.161727182852143414e+03 8.910538666666666641e-17
4.166566736657917318e+03 8.924090000000000714e-17
4.171406290463691221e+03 8.858290666666666271e-17
4.176245835520559922e+03 8.838578000000001288e-17
4.181085389326333825e+03 8.770056666666666344e-17
4.185924943132108638e+03 8.651287999999998643e-17
4.190764496937882541e+03 8.567369333333332879e-17
4.195604050743656444e+03 8.554234666666666877e-17
4.200443604549431257e+03 8.508003999999999922e-17
4.205283158355205160e+03 8.450980666666668089e-17
4.210122712160979972e+03 8.434845333333334554e-17
4.214962265966753876e+03 8.387124666666667155e-17
4.219801819772528688e+03 8.293158000000000996e-17
4.224641373578302591e+03 8.253824000000000247e-17
4.229480918635170383e+03 8.268708666666666722e-17
4.234320472440945196e+03 8.249801333333333061e-17
4.239160026246719099e+03 8.207760666666667314e-17
4.243999580052493911e+03 8.233987333333334171e-17
4.248839133858267815e+03 8.229918000000000091e-17
4.253678687664041718e+03 8.254521333333332524e-17
4.258518241469816530e+03 8.271537333333333174e-17
4.263357795275590433e+03 8.247145333333334236e-17
4.268197349081365246e+03 8.222080666666666480e-17
4.273036902887139149e+03 8.205678666666666218e-17
4.277876447944006941e+03 8.213593333333332798e-17
4.282716001749781753e+03 8.218491333333333494e-17
4.287555555555555657e+03 8.265232666666666387e-17
4.292395109361330469e+03 8.319464666666667009e-17
4.297234663167104372e+03 8.346185333333333672e-17
4.302074216972878276e+03 8.445109333333333039e-17
4.306913770778653088e+03 8.641044666666665570e-17
4.311753324584426991e+03 8.812267333333334764e-17
4.316592878390201804e+03 8.838740666666667018e-17
4.321432432195975707e+03 8.855804000000001107e-17
4.326271986001749610e+03 8.860111333333334245e-17
4.331111531058617402e+03 8.936618000000000807e-17
4.335951084864391305e+03 9.016950666666666318e-17
4.340790638670166118e+03 9.009617333333333178e-17
4.345630192475940021e+03 9.002280000000000758e-17
4.350469746281714833e+03 8.976880666666667424e-17
4.355309300087488737e+03 8.939368000000001196e-17
4.360148853893262640e+03 8.931741333333333301e-17
4.364988407699037452e+03 8.943281333333333780e-17
4.369827961504811356e+03 8.884575333333332546e-17
4.374667515310586168e+03 8.732747333333333819e-17
4.379507069116360071e+03 8.566846000000000090e-17
4.384346614173227863e+03 8.457769333333331552e-17
4.389186167979002676e+03 8.432816666666667051e-17
4.394025721784776579e+03 8.504919333333331490e-17
4.398865275590551391e+03 8.527905333333333349e-17
4.403704829396325295e+03 8.505611333333333859e-17
4.408544383202100107e+03 8.507059333333334469e-17
4.413383937007874010e+03 8.571485999999999166e-17
4.418223490813647913e+03 8.689065999999999738e-17
4.423063044619422726e+03 8.821040000000000943e-17
4.427902598425196629e+03 8.925626000000000272e-17
4.432742143482065330e+03 8.986322000000000677e-17
4.437581697287839233e+03 9.081334666666665867e-17
4.442421251093613137e+03 9.269211333333333093e-17
4.447260804899387949e+03 9.405706000000000571e-17
4.452100358705161852e+03 9.488706666666666445e-17
4.456939912510936665e+03 9.583016666666668218e-17
4.461779466316710568e+03 9.702778666666667905e-17
4.466619020122484471e+03 9.780606666666666563e-17
4.471458573928259284e+03 9.898524666666669143e-17
4.476298127734033187e+03 1.005721133333333229e-16
4.481137681539808000e+03 1.018831933333333287e-16
4.485977226596674882e+03 1.032964133333333354e-16
4.490816780402449695e+03 1.046306799999999995e-16
4.495656334208223598e+03 1.054775466666666796e-16
4.500495888013997501e+03 1.070015666666666688e-16
4.505335441819772313e+03 1.088942600000000149e-16
4.510174995625546217e+03 1.100613266666666696e-16
4.515014549431321029e+03 1.108639266666666779e-16
4.519854103237094932e+03 1.119072600000000034e-16
4.524693657042868836e+03 1.132202666666666618e-16
4.529533210848643648e+03 1.140717333333333395e-16
4.534372755905511440e+03 1.146080666666666722e-16
4.539212309711286252e+03 1.152215333333333301e-16
4.544051863517060156e+03 1.155631999999999892e-16
4.548891417322834059e+03 1.157081333333333349e-16
4.553730971128608871e+03 1.157682666666666639e-16
4.558570524934382775e+03 1.156161333333333080e-16
4.563410078740157587e+03 1.154004666666666681e-16
4.568249632545931490e+03 1.152279999999999911e-16
4.573089186351706303e+03 1.145300666666666639e-16
4.577928740157480206e+03 1.138636000000000079e-16
4.582768293963254109e+03 1.136114000000000055e-16
4.587607839020122810e+03 1.129263333333333456e-16
4.592447392825896713e+03 1.126081333333333190e-16
4.597286946631671526e+03 1.121467333333333378e-16
4.602126500437445429e+03 1.111038066666666674e-16
4.606966054243219332e+03 1.099425133333333297e-16
4.611805608048994145e+03 1.087917599999999925e-16
4.616645161854768048e+03 1.077574133333333304e-16
4.621484715660542861e+03 1.069041933333333515e-16
4.626324269466316764e+03 1.058412800000000137e-16
4.631163823272090667e+03 1.047249466666666795e-16
4.636003377077865480e+03 1.037216533333333312e-16
4.640842922134733271e+03 1.029112799999999962e-16
4.645682475940508084e+03 1.022861066666666716e-16
4.650522029746281987e+03 1.017475066666666735e-16
4.655361583552055890e+03 1.010147733333333501e-16
4.660201137357830703e+03 9.978192666666665629e-17
4.665040691163604606e+03 9.816041999999999988e-17
4.669880244969379419e+03 9.662520666666665881e-17
4.674719798775153322e+03 9.585568666666667278e-17
4.679559352580927225e+03 9.536308666666667588e-17
4.684398906386702038e+03 9.471483333333334045e-17
4.689238451443568920e+03 9.430343333333333045e-17
4.694078005249343732e+03 9.398527333333333368e-17
4.698917559055117636e+03 9.395681333333334239e-17
4.703757112860892448e+03 9.371747999999999507e-17
4.708596666666666351e+03 9.301359333333332161e-17
4.713436220472440255e+03 9.235121333333332375e-17
4.718275774278215067e+03 9.187647333333332839e-17
4.723115328083988970e+03 9.087569333333332931e-17
4.727954881889763783e+03 9.010214666666666203e-17
4.732794435695537686e+03 9.030146666666668170e-17
4.737633989501311589e+03 9.051000666666666842e-17
4.742473534558180290e+03 9.072862666666667689e-17
4.747313088363954193e+03 9.068144000000000087e-17
4.752152642169729006e+03 9.082918666666666644e-17
4.756992195975502909e+03 9.090887333333334595e-17
4.761831749781276812e+03 9.092244666666667607e-17
4.766671303587051625e+03 9.107437333333332863e-17
4.771510857392825528e+03 9.095783333333333186e-17
4.776350411198600341e+03 9.087188000000001693e-17
4.781189965004374244e+03 9.089692666666667314e-17
4.786029518810149057e+03 9.073554666666666360e-17
4.790869072615922960e+03 9.053919999999999661e-17
4.795708617672790751e+03 9.098163333333333631e-17
4.800548171478565564e+03 9.098549333333334393e-17
4.805387725284339467e+03 9.062570666666665618e-17
4.810227279090114280e+03 9.063561333333332650e-17
4.815066832895888183e+03 9.112247999999999925e-17
4.819906386701662086e+03 9.350377999999998827e-17
4.824745940507436899e+03 9.719579333333333314e-17
4.829585494313210802e+03 1.016311133333333417e-16
4.834425048118985615e+03 1.050809533333333329e-16
4.839264601924759518e+03 1.051501266666666737e-16
4.844104146981627309e+03 1.042775999999999912e-16
4.848943700787401212e+03 1.036644799999999992e-16
4.853783254593175116e+03 1.028854199999999928e-16
4.858622808398949928e+03 1.027562733333333312e-16
4.863462362204723831e+03 1.026067200000000037e-16
4.868301916010498644e+03 1.019082866666666678e-16
4.873141469816272547e+03 1.013383999999999907e-16
4.877981023622046450e+03 1.008876599999999885e-16
4.882820577427821263e+03 1.002589599999999912e-16
4.887660131233595166e+03 9.955773999999999731e-17
4.892499685039369979e+03 9.715637333333333062e-17
4.897339230096237770e+03 9.278799333333333723e-17
4.902178783902011673e+03 8.787308666666666412e-17
4.907018337707786486e+03 8.411788666666665193e-17
4.911857891513560389e+03 8.350807333333333523e-17
4.916697445319335202e+03 8.553717999999999555e-17
4.921536999125109105e+03 8.986605333333332303e-17
4.926376552930883008e+03 9.583444666666667581e-17
4.931216106736657821e+03 9.993439333333333489e-17
4.936055660542431724e+03 1.004799133333333320e-16
4.940895214348206537e+03 1.001614066666666693e-16
4.945734759405074328e+03 1.001207199999999940e-16
4.950574313210848231e+03 9.999719333333333119e-17
4.955413867016623044e+03 9.981351333333333064e-17
4.960253420822396947e+03 1.013376600000000130e-16
4.965092974628171760e+03 1.084904933333333321e-16
4.969932528433945663e+03 1.223618733333333218e-16
4.974772082239720476e+03 1.390978466666666670e-16
4.979611636045494379e+03 1.508312466666666665e-16
4.984451189851268282e+03 1.530570066666666546e-16
4.989290743657043095e+03 1.511053333333333148e-16
4.994130297462816998e+03 1.468277133333333127e-16
4.998969842519685699e+03 1.407522400000000103e-16
5.003809396325459602e+03 1.361119133333333162e-16
5.008648950131233505e+03 1.352006266666666603e-16
5.013488503937008318e+03 1.354518333333333603e-16
5.018328057742782221e+03 1.354649733333333118e-16
5.023167611548557034e+03 1.354820400000000119e-16
5.028007165354330937e+03 1.357534733333333361e-16
5.032846719160104840e+03 1.333045066666666605e-16
5.037686272965879652e+03 1.254453666666666600e-16
5.042525826771653556e+03 1.116328866666666661e-16
5.047365380577428368e+03 9.479989333333332265e-17
5.052204925634295250e+03 8.270251333333332979e-17
5.057044479440070063e+03 7.990348666666666918e-17
5.061884033245843966e+03 7.962265999999998952e-17
5.066723587051617869e+03 7.956256000000000014e-17
5.071563140857392682e+03 8.010256666666667043e-17
5.076402694663166585e+03 8.060841333333334029e-17
5.081242248468941398e+03 8.112873999999999160e-17
5.086081802274715301e+03 8.143124666666667529e-17
5.090921356080489204e+03 8.166481333333333415e-17
5.095760909886264017e+03 8.213617333333333408e-17
5.100600454943131808e+03 8.240058666666667725e-17
5.105440008748906621e+03 8.356339333333332239e-17
5.110279562554680524e+03 8.454888666666665834e-17
5.115119116360454427e+03 8.473931999999999662e-17
5.119958670166229240e+03 8.518453999999999432e-17
5.124798223972003143e+03 8.602040000000000490e-17
5.129637777777777956e+03 8.673849999999999186e-17
5.134477331583551859e+03 8.678248666666666470e-17
5.139316885389326671e+03 8.743695333333333647e-17
5.144156439195100575e+03 8.820907333333332277e-17
5.148995993000874478e+03 8.850537999999998873e-17
5.153835538057743179e+03 8.863505333333333320e-17
5.158675091863517082e+03 8.902594666666665846e-17
5.163514645669291895e+03 8.940756666666666830e-17
5.168354199475065798e+03 8.960039999999999356e-17
5.173193753280839701e+03 9.009754666666667670e-17
5.178033307086614514e+03 9.005122000000000608e-17
5.182872860892388417e+03 8.987498666666667502e-17
5.187712414698163229e+03 9.057961333333333851e-17
5.192551968503937132e+03 9.105093999999999878e-17
5.197391522309711036e+03 9.151775333333333712e-17
5.202231076115485848e+03 9.168135333333332907e-17
5.207070621172352730e+03 9.244288000000001574e-17
5.211910174978127543e+03 9.219034666666667839e-17
5.216749728783901446e+03 9.188756666666666127e-17
5.221589282589676259e+03 9.234806666666666895e-17
5.226428836395450162e+03 9.227151333333333796e-17
5.231268390201224065e+03 9.200268000000001403e-17
5.236107944006998878e+03 9.204366000000000686e-17
5.240947497812772781e+03 9.192578000000000483e-17
5.245787051618547594e+03 9.175266666666665438e-17
5.250626605424321497e+03 9.205363333333334417e-17
5.255466150481189288e+03 9.258724000000000809e-17
5.260305704286964101e+03 9.244943333333332784e-17
5.265145258092738004e+03 9.220876666666669003e-17
5.269984811898512817e+03 9.174641999999999071e-17
5.274824365704286720e+03 9.184351333333333376e-17
5.279663919510060623e+03 9.230705333333333646e-17
5.284503473315835436e+03 9.274751999999999380e-17
5.289343027121609339e+03 9.282157333333333116e-17
5.294182580927384151e+03 9.239043999999999077e-17
5.299022134733158055e+03 9.241525333333333100e-17
5.303861688538932867e+03 9.270666666666665716e-17
5.308701233595800659e+03 9.286127333333333258e-17
5.313540787401574562e+03 9.329182666666666646e-17
5.318380341207349375e+03 9.348873999999999671e-17
5.323219895013123278e+03 9.354188666666667204e-17
5.328059448818898090e+03 9.359889333333334268e-17
5.332899002624671994e+03 9.373634666666665460e-17
5.337738556430445897e+03 9.371248666666667328e-17
5.342578110236220709e+03 9.357075333333333075e-17
5.347417664041994612e+03 9.308284666666666035e-17
5.352257217847769425e+03 9.265418666666666405e-17
5.357096762904637217e+03 9.276797999999999562e-17
5.361936316710411120e+03 9.283682666666666695e-17
5.366775870516185933e+03 9.244333333333332908e-17
5.371615424321959836e+03 9.206828666666667705e-17
5.376454978127734648e+03 9.201639999999998440e-17
5.381294531933508551e+03 9.186826666666666014e-17
5.386134085739282455e+03 9.188495999999999552e-17
5.390973639545057267e+03 9.165369333333331700e-17
5.395813193350831170e+03 9.142506666666666854e-17
5.400652747156605983e+03 9.106273333333332889e-17
5.405492300962379886e+03 9.117001333333332883e-17
5.410331846019247678e+03 9.130323999999999551e-17
5.415171399825021581e+03 9.144510666666664737e-17
5.420010953630795484e+03 9.132889999999999788e-17
5.424850507436570297e+03 9.094362000000001837e-17
5.429690061242344200e+03 9.018450666666666195e-17
5.434529615048119012e+03 8.972053333333334231e-17
5.439369168853892916e+03 8.978454000000002222e-17
5.444208722659666819e+03 8.985235333333332440e-17
5.449048276465441631e+03 8.920675999999999077e-17
5.453887830271215535e+03 8.898010666666666549e-17
5.458727384076990347e+03 8.814742666666664937e-17
5.463566929133858139e+03 8.770443999999998967e-17
5.468406482939632042e+03 8.790435333333334678e-17
5.473246036745406855e+03 8.742908666666666864e-17
5.478085590551180758e+03 8.652231333333333468e-17
5.482925144356955570e+03 8.665088000000000218e-17
5.487764698162729474e+03 8.672417999999999393e-17
5.492604251968504286e+03 8.719399999999999995e-17
5.497443805774278189e+03 8.745475999999998962e-17
5.502283359580052092e+03 8.756480666666666348e-17
5.507122913385826905e+03 8.743091333333332691e-17
5.511962458442694697e+03 8.737144666666668009e-17
5.516802012248469509e+03 8.759030666666667001e-17
5.521641566054243413e+03 8.847219333333333128e-17
5.526481119860017316e+03 8.898431999999999213e-17
5.531320673665792128e+03 8.888469999999999358e-17
5.536160227471566031e+03 8.885872666666667731e-17
5.540999781277340844e+03 8.823126000000000086e-17
5.545839335083114747e+03 8.796071999999998473e-17
5.550678888888888650e+03 8.818448666666667003e-17
5.555518442694663463e+03 8.739783333333334156e-17
5.560357996500437366e+03 8.658379333333333445e-17
5.565197541557305158e+03 8.569860666666668800e-17
5.570037095363079061e+03 8.493604666666666915e-17
5.574876649168853874e+03 8.456671333333333255e-17
5.579716202974627777e+03 8.476947333333332453e-17
5.584555756780401680e+03 8.457309999999999566e-17
5.589395310586176493e+03 8.374113333333334468e-17
5.594234864391950396e+03 8.263967999999999382e-17
5.599074418197725208e+03 8.150401999999999658e-17
5.603913972003499111e+03 8.128953333333332916e-17
5.608753525809273015e+03 8.093234000000000087e-17
5.613593070866141716e+03 7.994535333333334160e-17
5.618432624671915619e+03 7.999889333333332876e-17
5.623272178477690431e+03 7.969537333333332161e-17
5.628111732283464335e+03 7.937791333333333440e-17
5.632951286089238238e+03 7.938986666666666035e-17
5.637790839895013050e+03 7.916459333333332081e-17
5.642630393700786954e+03 7.903200666666666217e-17
5.647469947506561766e+03 7.882624666666665564e-17
5.652309501312335669e+03 7.780278000000000687e-17
5.657149055118109573e+03 7.755003999999999076e-17
5.661988608923884385e+03 7.750040000000000402e-17
5.666828153980752177e+03 7.697442666666667962e-17
5.671667707786526989e+03 7.649284666666665849e-17
5.676507261592300893e+03 7.635008000000000843e-17
5.681346815398074796e+03 7.562254666666666090e-17
5.686186369203849608e+03 7.531202000000000365e-17
5.691025923009623511e+03 7.410114666666666836e-17
5.695865476815398324e+03 7.270924666666665653e-17
5.700705030621172227e+03 7.210938666666665609e-17
5.705544584426947040e+03 7.118146000000000088e-17
5.710384138232720943e+03 7.047454000000001019e-17
5.715223692038494846e+03 7.000931999999998949e-17
5.720063237095363547e+03 6.936626000000001380e-17
5.724902790901137450e+03 6.918016000000000522e-17
5.729742344706912263e+03 6.878894666666667593e-17
5.734581898512686166e+03 6.797620000000000350e-17
5.739421452318460069e+03 6.731536666666666501e-17
5.744261006124234882e+03 6.703403333333333595e-17
5.749100559930008785e+03 6.632654666666666968e-17
5.753940113735783598e+03 6.592935333333333237e-17
5.758779667541557501e+03 6.584251333333335017e-17
5.763619221347331404e+03 6.623661999999999723e-17
5.768458766404199196e+03 6.650201333333333653e-17
5.773298320209973099e+03 6.637200666666666944e-17
5.778137874015747911e+03 6.654262000000000161e-17
5.782977427821521815e+03 6.673166666666667635e-17
5.787816981627296627e+03 6.682985333333332846e-17
5.792656535433070530e+03 6.716124666666665493e-17
5.797496089238844434e+03 6.723012000000000045e-17
5.802335643044619246e+03 6.700172666666668029e-17
5.807175196850393149e+03 6.696010000000000164e-17
5.812014750656167962e+03 6.699469999999999682e-17
5.816854304461941865e+03 6.721021333333333096e-17
5.821693849518809657e+03 6.772298666666666531e-17
5.826533403324584469e+03 6.820181999999999660e-17
5.831372957130358373e+03 6.816375333333334260e-17
5.836212510936133185e+03 6.788977333333334184e-17
5.841052064741907088e+03 6.808963333333332593e-17
5.845891618547680991e+03 6.848767333333333772e-17
5.850731172353455804e+03 6.848432666666666962e-17
5.855570726159229707e+03 6.836547333333333693e-17
5.860410279965004520e+03 6.833907333333333220e-17
5.865249833770778423e+03 6.807080666666667153e-17
5.870089387576553236e+03 6.774343333333333620e-17
5.874928932633421027e+03 6.736821999999999820e-17
5.879768486439194930e+03 6.759173333333333415e-17
5.884608040244969743e+03 6.781150666666667784e-17
5.889447594050743646e+03 6.754183999999999805e-17
5.894287147856518459e+03 6.709259333333333142e-17
5.899126701662292362e+03 6.697712666666665964e-17
5.903966255468066265e+03 6.691646666666667247e-17
5.908805809273841078e+03 6.679617999999999335e-17
5.913645363079614981e+03 6.651200666666667024e-17
5.918484916885389794e+03 6.546537333333334726e-17
5.923324461942256676e+03 6.470606000000000219e-17
5.928164015748031488e+03 6.447589333333333517e-17
5.933003569553805391e+03 6.422340000000000294e-17
5.937843123359579295e+03 6.428090666666666984e-17
5.942682677165354107e+03 6.425403333333333071e-17
5.947522230971128010e+03 6.387751333333332711e-17
5.952361784776902823e+03 6.323481999999998906e-17
5.957201338582676726e+03 6.285875333333332345e-17
5.962040892388450629e+03 6.267297333333333121e-17
5.966880446194225442e+03 6.241922666666666943e-17
5.971719999999999345e+03 6.186150666666667484e-17
5.976559545056868046e+03 6.149514000000000079e-17
5.981399098862641949e+03 6.098852000000000125e-17
5.986238652668415853e+03 6.028292666666666024e-17
5.991078206474190665e+03 5.953463333333332792e-17
5.995917760279964568e+03 5.927041333333333257e-17
6.000757314085739381e+03 5.850626000000000842e-17
6.005596867891513284e+03 5.764332666666667006e-17
6.010436421697287187e+03 5.656063999999999673e-17
6.015275975503062000e+03 5.579670666666666995e-17
6.020115529308835903e+03 5.591181999999999806e-17
6.024955074365704604e+03 5.607280000000000565e-17
6.029794628171478507e+03 5.618822666666665999e-17
6.034634181977252410e+03 5.568722000000000620e-17
6.039473735783027223e+03 5.535939333333333287e-17
6.044313289588801126e+03 5.553150000000001301e-17
6.049152843394575939e+03 5.553965999999999833e-17
6.053992397200349842e+03 5.575231999999999517e-17
6.058831951006124655e+03 5.636374666666667521e-17
6.063671504811898558e+03 5.757424000000000496e-17
6.068511058617672461e+03 5.806127333333332670e-17
6.073350612423447274e+03 5.872186000000000595e-17
6.078190157480315065e+03 5.940495333333333032e-17
6.083029711286089878e+03 5.999612666666666266e-17
6.087869265091863781e+03 6.087316666666665472e-17
6.092708818897637684e+03 6.166413333333332880e-17
6.097548372703412497e+03 6.222942666666667372e-17
6.102387926509186400e+03 6.236333333333332890e-17
6.107227480314961213e+03 6.281734666666666682e-17
6.112067034120735116e+03 6.312204666666667106e-17
6.116906587926509019e+03 6.300662000000000440e-17
6.121746141732283832e+03 6.327001999999999947e-17
6.126585695538057735e+03 6.345137999999998631e-17
6.131425240594925526e+03 6.336771333333333311e-17
6.136264794400699429e+03 6.279175999999999690e-17
6.141104348206474242e+03 6.274489333333333722e-17
6.145943902012248145e+03 6.268262666666667683e-17
6.150783455818022048e+03 6.261386666666668121e-17
6.155623009623796861e+03 6.292935999999999839e-17
6.160462563429570764e+03 6.245154666666666835e-17
6.165302117235345577e+03 6.184526666666666513e-17
6.170141671041119480e+03 6.135353333333332677e-17
6.174981224846893383e+03 6.105882000000000310e-17
6.179820769903762084e+03 6.055724666666666141e-17
6.184660323709535987e+03 6.016902666666665655e-17
6.189499877515310800e+03 6.021161333333333493e-17
6.194339431321084703e+03 5.980668666666666376e-17
6.199178985126858606e+03 5.971672666666666398e-17
6.204018538932633419e+03 5.978397999999999302e-17
6.208858092738407322e+03 5.974170000000000005e-17
6.213697646544182135e+03 5.992338666666665637e-17
6.218537200349956038e+03 6.021729333333334768e-17
6.223376754155730850e+03 5.938172000000000145e-17
6.228216307961504754e+03 5.819778666666665995e-17
6.233055853018372545e+03 5.829392666666666874e-17
6.237895406824147358e+03 5.856025999999999904e-17
6.242734960629921261e+03 5.835661333333332747e-17
6.247574514435696074e+03 5.796810000000000511e-17
6.252414068241469977e+03 5.793897333333333159e-17
6.257253622047243880e+03 5.807505333333333557e-17
6.262093175853018693e+03 5.814079999999999804e-17
6.266932729658792596e+03 5.823435333333333749e-17
6.271772283464567408e+03 5.797943333333333176e-17
6.276611837270341312e+03 5.749507999999999590e-17
6.281451391076115215e+03 5.736034000000000951e-17
6.286290936132983006e+03 5.663322000000000717e-17
6.291130489938756909e+03 5.588579999999999887e-17
6.295970043744531722e+03 5.580972666666666774e-17
6.300809597550305625e+03 5.545677999999999959e-17
6.305649151356080438e+03 5.544324000000000914e-17
6.310488705161854341e+03 5.513763333333334123e-17
6.315328258967628244e+03 5.542741333333334463e-17
6.320167812773403057e+03 5.666541333333333758e-17
6.325007366579176960e+03 5.794450666666666710e-17
6.329846920384951773e+03 5.926542666666667625e-17
6.334686465441819564e+03 6.020748666666665935e-17
6.339526019247593467e+03 6.064548666666666272e-17
6.344365573053368280e+03 6.101749333333334439e-17
6.349205126859142183e+03 6.159771333333333097e-17
6.354044680664916996e+03 6.233985999999999394e-17
6.358884234470690899e+03 6.288755333333332749e-17
6.363723788276464802e+03 6.287154666666665841e-17
6.368563342082239615e+03 6.336906666666666930e-17
6.373402895888013518e+03 6.478203333333332667e-17
6.378242449693788330e+03 6.553041333333333470e-17
6.383082003499562234e+03 6.575548666666667328e-17
6.387921548556430025e+03 6.544094000000000024e-17
6.392761102362204838e+03 6.484272000000000035e-17
6.397600656167978741e+03 6.452646000000000663e-17
6.402440209973753554e+03 6.419453999999999738e-17
6.407279763779527457e+03 6.389789333333333100e-17
6.412119317585302269e+03 6.370642000000000741e-17
6.416958871391076173e+03 6.358199333333333410e-17
6.421798425196850076e+03 6.398581999999999377e-17
6.426637979002624888e+03 6.472177333333334145e-17
6.431477532808398792e+03 6.561821999999999442e-17
6.436317077865267493e+03 6.707204666666665389e-17
6.441156631671041396e+03 6.836747333333333430e-17
6.445996185476815299e+03 6.881161999999998237e-17
6.450835739282590112e+03 6.878095333333332727e-17
6.455675293088364015e+03 6.918400666666666958e-17
6.460514846894138827e+03 7.005553333333333486e-17
6.465354400699912730e+03 7.001204000000000514e-17
6.470193954505686634e+03 6.953261999999998955e-17
6.475033508311461446e+03 6.867661333333334035e-17
6.479873062117235349e+03 6.818157333333332669e-17
6.484712615923010162e+03 6.869533333333332263e-17
6.489552160979877044e+03 6.951586666666666498e-17
6.494391714785651857e+03 6.921555333333333881e-17
6.499231268591425760e+03 6.806896666666667000e-17
6.504070822397199663e+03 6.738232666666667656e-17
6.508910376202974476e+03 6.735987333333333051e-17
6.513749930008748379e+03 6.726769333333333598e-17
6.518589483814523192e+03 6.895840666666667287e-17
6.523429037620297095e+03 7.349860666666665739e-17
6.528268591426070998e+03 8.140796666666667583e-17
6.533108145231845810e+03 9.154810000000000054e-17
6.537947699037619714e+03 9.826581999999999317e-17
6.542787244094488415e+03 1.006668133333333321e-16
6.547626797900262318e+03 1.018890266666666718e-16
6.552466351706036221e+03 1.024426666666666614e-16
6.557305905511811034e+03 1.020357333333333398e-16
6.562145459317584937e+03 1.009080799999999851e-16
6.566985013123359749e+03 1.008626533333333374e-16
6.571824566929133653e+03 1.016444666666666621e-16
6.576664120734907556e+03 1.024067933333333403e-16
6.581503674540682368e+03 1.015692533333333364e-16
6.586343228346456272e+03 9.981770000000000775e-17
6.591182773403324973e+03 9.693616000000000451e-17
6.596022327209098876e+03 9.200173333333334524e-17
6.600861881014872779e+03 8.442480666666666324e-17
6.605701434820647592e+03 7.516641333333333489e-17
6.610540988626421495e+03 6.903047999999998461e-17
6.615380542432196307e+03 6.612495999999999701e-17
6.620220096237970210e+03 6.355783999999999830e-17
6.625059650043745023e+03 6.142682666666666538e-17
6.629899203849518926e+03 6.063658666666666272e-17
6.634738757655292829e+03 6.113541333333332689e-17
6.639578311461067642e+03 6.090394666666665973e-17
6.644417856517934524e+03 6.007011999999999849e-17
6.649257410323709337e+03 5.769687333333333501e-17
6.654096964129483240e+03 5.672904000000001195e-17
6.658936517935258053e+03 5.795964666666666531e-17
6.663776071741031956e+03 5.883151999999999647e-17
6.668615625546805859e+03 5.863426000000000034e-17
6.673455179352580672e+03 5.740540000000000733e-17
6.678294733158354575e+03 5.581850000000001156e-17
6.683134286964129387e+03 5.575138000000000417e-17
6.687973840769903290e+03 5.691630666666666205e-17
6.692813385826771082e+03 5.914861999999999920e-17
6.697652939632545895e+03 6.146299333333334098e-17
6.702492493438319798e+03 6.209254666666666587e-17
6.707332047244094611e+03 6.073931333333332327e-17
6.712171601049868514e+03 6.004949333333333537e-17
6.717011154855642417e+03 6.008453333333333761e-17
6.721850708661417229e+03 5.939042000000001281e-17
6.726690262467191133e+03 5.761258000000000471e-17
6.731529816272965945e+03 5.535407333333333543e-17
6.736369370078739848e+03 5.442962666666666998e-17
6.741208923884513752e+03 5.427620000000000398e-17
6.746048468941382453e+03 5.481746000000000383e-17
6.750888022747156356e+03 5.536627333333333295e-17
6.755727576552931168e+03 5.495076666666667458e-17
6.760567130358705072e+03 5.356946666666667100e-17
6.765406684164478975e+03 5.184128666666666453e-17
6.770246237970253787e+03 5.028720000000000464e-17
6.775085791776027691e+03 5.088630666666666563e-17
6.779925345581802503e+03 5.322656666666666646e-17
6.784764899387576406e+03 5.499929333333333122e-17
6.789604453193351219e+03 5.532179333333333548e-17
6.794444006999125122e+03 5.610431999999998836e-17
6.799283552055992914e+03 5.682267333333333700e-17
6.804123105861767726e+03 5.763271999999999018e-17
6.808962659667541629e+03 5.805260666666666732e-17
6.813802213473316442e+03 5.825492666666666456e-17
6.818641767279090345e+03 5.736165333333334058e-17
6.823481321084864248e+03 5.606943999999999429e-17
6.828320874890639061e+03 5.411435333333333784e-17
6.833160428696412964e+03 5.263616000000000450e-17
6.837999982502187777e+03 5.294049333333333414e-17
6.842839536307961680e+03 5.436732666666667609e-17
6.847679081364829472e+03 5.455085999999999941e-17
6.852518635170603375e+03 5.259128666666666439e-17
6.857358188976377278e+03 5.012959333333333317e-17
6.862197742782152091e+03 4.921807333333333665e-17
6.867037296587925994e+03 5.025844000000000572e-17
6.871876850393700806e+03 5.242696000000000102e-17
6.876716404199474709e+03 5.342755333333333623e-17
6.881555958005248613e+03 5.197319333333333467e-17
6.886395511811023425e+03 4.848504666666666490e-17
6.891235065616797328e+03 4.622205333333332938e-17
6.896074619422572141e+03 4.513231999999999467e-17
6.900914164479439933e+03 4.599682666666666659e-17
6.905753718285213836e+03 4.841417999999999979e-17
6.910593272090988648e+03 4.922223999999999887e-17
6.915432825896762552e+03 4.739426666666666707e-17
6.920272379702537364e+03 4.568238666666666567e-17
6.925111933508311267e+03 4.685160666666666044e-17
6.929951487314085171e+03 4.939654666666666501e-17
6.934791041119859983e+03 5.123261333333332747e-17
6.939630594925633886e+03 5.125221333333333621e-17
6.944470148731408699e+03 5.022982000000000009e-17
6.949309702537182602e+03 4.921857333333333291e-17
6.954149247594050394e+03 4.973405333333333350e-17
6.958988801399825206e+03 5.172382666666666701e-17
6.963828355205599109e+03 5.370853999999999941e-17
6.968667909011373922e+03 5.576250666666667671e-17
6.973507462817147825e+03 5.692408000000000102e-17
6.978347016622922638e+03 5.581433333333333086e-17
6.983186570428696541e+03 5.408050666666666362e-17
6.988026124234470444e+03 5.467439999999999313e-17
6.992865678040245257e+03 5.548385333333332736e-17
6.997705231846019160e+03 5.483179333333332653e-17
7.002544776902886952e+03 5.383082666666666974e-17
7.007384330708660855e+03 5.266255333333333760e-17
7.012223884514434758e+03 5.241851333333333901e-17
7.017063438320209571e+03 5.297453333333333153e-17
7.021902992125983474e+03 5.395855999999999987e-17
7.026742545931758286e+03 5.452025333333333350e-17
7.031582099737532189e+03 5.547814666666667123e-17
7.036421653543307002e+03 5.609669333333332663e-17
7.041261207349080905e+03 5.507260000000000076e-17
7.046100761154854808e+03 5.451456000000000215e-17
7.050940314960629621e+03 5.513197333333333104e-17
7.055779860017497413e+03 5.583597333333334209e-17
7.060619413823272225e+03 5.621636666666667192e-17
7.065458967629046128e+03 5.612699999999999724e-17
7.070298521434820032e+03 5.588969333333333382e-17
7.075138075240594844e+03 5.634536000000000322e-17
7.079977629046368747e+03 5.679976666666666528e-17
7.084817182852143560e+03 5.707416666666666438e-17
7.089656736657917463e+03 5.746431999999999962e-17
7.094496290463691366e+03 5.812388666666666529e-17
7.099335844269466179e+03 5.920390666666665903e-17
7.104175389326333971e+03 6.008654000000000044e-17
7.109014943132108783e+03 6.047771333333333693e-17
7.113854496937882686e+03 6.107615333333332186e-17
7.118694050743656589e+03 6.094712666666666322e-17
7.123533604549431402e+03 6.118649999999999101e-17
7.128373158355205305e+03 6.259453333333332810e-17
7.133212712160980118e+03 6.260415333333333407e-17
7.138052265966754021e+03 6.287090666666666270e-17
7.142891819772528834e+03 6.386314666666667091e-17
7.147731373578302737e+03 6.304637333333332954e-17
7.152570927384076640e+03 6.270144666666666576e-17
7.157410472440945341e+03 6.321303333333333756e-17
7.162250026246719244e+03 6.394789999999999235e-17
7.167089580052494057e+03 6.298357333333333324e-17
7.171929133858267051e+03 6.235999999999999173e-17
7.176768687664040954e+03 6.263223333333331982e-17
7.181608241469815766e+03 6.304704666666666491e-17
7.186447795275589669e+03 6.342001333333334630e-17
7.191287349081364482e+03 6.406211333333333459e-17
7.196126902887138385e+03 6.481376666666666594e-17
7.200966456692913198e+03 6.421074666666665510e-17
7.205806010498687101e+03 6.431461999999999775e-17
7.210645555555554893e+03 6.386644666666666842e-17
7.215485109361329705e+03 6.463165333333332116e-17
7.220324663167103608e+03 6.783790666666667025e-17
7.225164216972878421e+03 6.917893333333332521e-17
7.230003770778652324e+03 6.888909333333333261e-17
7.234843324584426227e+03 6.805396000000000577e-17
7.239682878390201040e+03 6.754501999999999251e-17
7.244522432195974943e+03 6.730326666666667414e-17
7.249361986001749756e+03 6.753566000000000137e-17
7.254201539807523659e+03 6.808453333333333202e-17
7.259041084864391451e+03 6.842496000000000480e-17
7.263880638670166263e+03 6.630970666666666940e-17
7.268720192475940166e+03 6.346852666666665968e-17
7.273559746281714979e+03 6.258052000000000325e-17
7.278399300087488882e+03 6.145192000000000450e-17
7.283238853893262785e+03 6.125549333333332725e-17
7.288078407699037598e+03 5.990635333333333291e-17
7.292917961504811501e+03 5.750693333333332753e-17
7.297757515310586314e+03 5.589652000000000400e-17
7.302597069116360217e+03 5.500639333333333483e-17
7.307436622922135030e+03 5.370571333333334246e-17
7.312276167979002821e+03 5.358569333333333745e-17
7.317115721784776724e+03 5.328135333333333002e-17
7.321955275590551537e+03 5.266862000000000286e-17
7.326794829396325440e+03 5.247088000000000687e-17
7.331634383202100253e+03 5.119889333333333410e-17
7.336473937007874156e+03 5.002746000000000389e-17
7.341313490813648059e+03 5.041215333333333608e-17
7.346153044619422872e+03 5.084289999999999930e-17
7.350992598425196775e+03 5.175514666666666724e-17
7.355832152230971587e+03 5.179192000000000506e-17
7.360671706036745491e+03 5.102380000000000733e-17
7.365511251093613282e+03 4.914459333333334034e-17
7.370350804899388095e+03 4.788610000000000591e-17
7.375190358705161998e+03 4.758642000000000382e-17
7.380029912510936811e+03 4.843581333333333323e-17
7.384869466316710714e+03 4.954934666666666007e-17
7.389709020122484617e+03 4.890328666666666984e-17
7.394548573928259430e+03 4.672168666666666906e-17
7.399388127734033333e+03 4.487116666666666853e-17
7.404227681539808145e+03 4.408212666666666552e-17
7.409067235345582048e+03 4.534327999999999559e-17
7.413906780402449840e+03 4.583155333333333443e-17
7.418746334208224653e+03 4.527661333333333852e-17
7.423585888013998556e+03 4.434840000000000046e-17
7.428425441819773368e+03 4.437629333333333467e-17
7.433264995625547272e+03 4.458756000000000251e-17
7.438104549431321175e+03 4.450108666666667027e-17
7.442944103237095987e+03 4.520493333333332628e-17
7.447783657042869891e+03 4.490299333333333049e-17
7.452623210848644703e+03 4.409680666666666644e-17
7.457462764654418606e+03 4.281106666666667130e-17
7.462302318460193419e+03 4.324332000000000110e-17
7.467141863517059392e+03 4.420135333333333212e-17
7.471981417322834204e+03 4.433989333333332460e-17
7.476820971128608107e+03 4.469090666666666237e-17
7.481660524934382011e+03 4.512364666666666366e-17
7.486500078740156823e+03 4.582495999999999871e-17
7.491339632545930726e+03 4.643991999999999840e-17
7.496179186351705539e+03 4.671954666666666609e-17
7.501018740157479442e+03 4.598778000000000167e-17
7.505858293963253345e+03 4.498446666666666314e-17
7.510697847769028158e+03 4.566443333333332911e-17
7.515537392825895949e+03 4.659699999999999942e-17
7.520376946631670762e+03 4.747307333333333245e-17
7.525216500437444665e+03 4.755287333333332490e-17
7.530056054243218568e+03 4.716652666666666122e-17
7.534895608048993381e+03 4.608588000000000271e-17
7.539735161854767284e+03 4.509984666666667154e-17
7.544574715660542097e+03 4.455820666666666615e-17
7.549414269466316000e+03 4.503431333333333481e-17
7.554253823272090813e+03 4.564742666666666751e-17
7.559093377077864716e+03 4.499608000000000101e-17
7.563932930883638619e+03 4.416690000000000185e-17
7.568772475940507320e+03 4.403378000000000729e-17
7.573612029746281223e+03 4.502388000000000636e-17
7.578451583552056036e+03 4.581672666666666860e-17
7.583291137357829939e+03 4.615927333333333564e-17
7.588130691163603842e+03 4.526131999999999760e-17
7.592970244969378655e+03 4.465549333333333238e-17
7.597809798775152558e+03 4.524799333333333289e-17
7.602649352580927371e+03 4.653485333333333592e-17
7.607488906386701274e+03 4.665380000000000362e-17
7.612328460192475177e+03 4.708527333333333210e-17
7.617168013998249990e+03 4.768932666666666895e-17
7.622007559055117781e+03 4.887521999999999037e-17
7.626847112860892594e+03 5.045237999999998946e-17
7.631686666666666497e+03 5.137971999999999734e-17
7.636526220472440400e+03 5.128222666666666468e-17
7.641365774278215213e+03 5.030419333333333531e-17
7.646205328083989116e+03 4.837718666666666461e-17
7.651044881889763928e+03 4.764566000000000629e-17
7.655884435695537832e+03 4.768575999999999732e-17
7.660723989501311735e+03 4.805400000000000638e-17
7.665563543307086547e+03 4.895901333333333674e-17
7.670403088363954339e+03 4.895771999999999590e-17
7.675242642169729152e+03 4.796414666666666638e-17
7.680082195975503055e+03 4.995381333333333394e-17
7.684921749781276958e+03 5.180810666666667254e-17
7.689761303587051771e+03 5.252386666666666171e-17
7.694600857392825674e+03 5.130391333333333417e-17
7.699440411198600486e+03 5.058165333333333814e-17
7.704279965004374390e+03 5.028731333333333605e-17
7.709119518810149202e+03 4.973283333333333128e-17
7.713959072615923105e+03 5.150083333333332989e-17
7.718798626421697008e+03 5.423937999999999557e-17
7.723638171478565710e+03 5.682907333333333105e-17
7.728477725284339613e+03 5.661126666666665739e-17
7.733317279090114425e+03 5.367768000000000264e-17
7.738156832895888328e+03 5.026232066666666273e-17
7.742996386701662232e+03 4.764108066666666419e-17
7.747835940507437044e+03 4.897955399999999563e-17
7.752675494313210947e+03 4.940604733333332708e-17
7.757515048118985760e+03 4.827148733333333518e-17
7.762354601924759663e+03 4.577458733333333423e-17
7.767194155730533566e+03 4.294878666666666351e-17
7.772033709536308379e+03 4.065146666666666008e-17
7.776873254593176171e+03 4.132353333333333706e-17
7.781712808398950983e+03 4.405547999999999540e-17
7.786552362204724886e+03 4.473550666666666905e-17
7.791391916010498790e+03 4.389294000000000366e-17
7.796231469816273602e+03 4.133543333333333312e-17
7.801071023622047505e+03 3.988003333333333391e-17
7.805910577427822318e+03 4.092977999999999669e-17
7.810750131233596221e+03 4.361337933333333149e-17
7.815589685039371034e+03 4.698427266666666401e-17
7.820429238845144937e+03 4.734263933333333625e-17
7.825268783902011819e+03 4.594815266666666740e-17
7.830108337707785722e+03 4.535247266666666627e-17
7.834947891513559625e+03 4.684497933333332591e-17
7.839787445319334438e+03 4.954972666666665945e-17
7.844626999125108341e+03 5.115116666666665668e-17
7.849466552930883154e+03 5.043716666666667111e-17
7.854306106736657057e+03 4.836988666666666620e-17
7.859145660542430960e+03 4.722017333333333282e-17
7.863985214348205773e+03 4.790066666666666924e-17
7.868824768153979676e+03 4.909841333333332846e-17
7.873664321959754488e+03 5.027691333333333494e-17
7.878503867016622280e+03 5.166521333333332932e-17
7.883343420822396183e+03 5.083843333333333563e-17
7.888182974628170996e+03 5.022901999999999622e-17
7.893022528433944899e+03 4.961751333333333057e-17
7.897862082239719712e+03 4.927686666666666659e-17
7.902701636045493615e+03 5.033946666666666585e-17
7.907541189851267518e+03 4.944703333333333239e-17
7.912380743657042331e+03 4.837124666666667402e-17
7.917220297462816234e+03 4.743238666666666945e-17
7.922059851268591046e+03 4.620854000000000080e-17
7.926899396325458838e+03 4.606308666666666242e-17
7.931738950131232741e+03 4.629913333333333699e-17
7.936578503937007554e+03 4.553822000000000882e-17
7.941418057742781457e+03 4.467205333333333378e-17
7.946257611548556270e+03 4.422022666666666327e-17
7.951097165354330173e+03 4.290890666666666985e-17
7.955936719160104985e+03 4.253239333333333172e-17
7.960776272965878888e+03 4.185931999999999676e-17
7.965615826771652792e+03 4.335550666666666561e-17
7.970455380577427604e+03 4.487830666666666493e-17
7.975294934383201507e+03 4.403262000000000044e-17
7.980134479440070209e+03 4.440311333333333774e-17
7.984974033245844112e+03 4.499311333333333229e-17
7.989813587051618015e+03 4.525964000000000425e-17
7.994653140857392827e+03 4.594435333333333278e-17
7.999492694663166731e+03 4.471155999999999969e-17
8.004332248468941543e+03 4.355582666666666548e-17
8.009171802274715446e+03 4.260946666666667385e-17
8.014011356080489350e+03 4.266172666666666344e-17
8.018850909886264162e+03 4.478763333333333698e-17
8.023690463692038065e+03 4.477719333333333074e-17
8.028530017497812878e+03 4.484909999999999965e-17
8.033369562554680670e+03 4.497481333333333601e-17
8.038209116360454573e+03 4.454251999999999493e-17
8.043048670166229385e+03 4.567910666666666456e-17
8.047888223972003289e+03 4.698540666666666815e-17
8.052727777777778101e+03 4.764183333333333833e-17
8.057567331583552004e+03 4.717075333333333729e-17
8.062406885389326817e+03 4.710914666666666284e-17
8.067246439195100720e+03 4.767142000000000298e-17
8.072085993000874623e+03 4.925126000000000643e-17
8.076925546806649436e+03 4.867065333333333036e-17
8.081765091863517227e+03 4.710361999999999896e-17
8.086604645669292040e+03 4.545126666666667055e-17
8.091444199475065943e+03 4.175612000000000180e-17
8.096283753280839846e+03 4.100303333333334250e-17
8.101123307086614659e+03 4.002081333333333603e-17
8.105962860892388562e+03 3.772690666666667385e-17
8.110802414698163375e+03 3.374379333333332904e-17
8.115641968503937278e+03 2.921903333333333186e-17
8.120481522309711181e+03 2.613404666666666727e-17
8.125321076115485994e+03 2.428072000000000002e-17
8.130160629921259897e+03 2.328093999999999963e-17
8.135000174978128598e+03 2.233919333333333658e-17
8.139839728783902501e+03 2.182199333333333444e-17
