3002.03918787	0.178721
3003.81239472	0.164707
3005.58560156	0.169778
3007.35880841	0.173887
3009.13201525	0.175816
3010.90522209	0.163284
3012.67842894	0.154012
3014.45163578	0.167472
3016.22484263	0.151064
3017.99804947	0.155027
3019.77125632	0.171687
3021.54446316	0.164411
3023.31767001	0.161045
3025.09087685	0.157888
3026.8640837	0.177296
3028.63729054	0.157882
3030.41049738	0.137582
3032.18370423	0.147306
3033.95691107	0.150631
3035.73011792	0.149310
3037.50332476	0.131249
3039.27653161	0.157082
3041.04973845	0.138063
3042.8229453	0.162223
3044.59615214	0.150558
3046.36935899	0.143206
3048.14256583	0.141449
3049.91577267	0.159663
3051.68897952	0.161782
3053.46218636	0.146676
3055.23539321	0.132959
3057.00860005	0.136621
3058.7818069	0.129485
3060.55501374	0.142978
3062.32822059	0.143621
3064.10142743	0.128321
3065.87463428	0.132405
3067.64784112	0.126789
3069.42104797	0.124339
3071.19425481	0.126490
3072.96746165	0.121714
3074.7406685	0.140078
3076.51387534	0.137339
3078.28708219	0.123904
3080.06028903	0.133113
3081.83349588	0.130616
3083.60670272	0.131522
3085.37990957	0.131392
3087.15311641	0.130472
3088.92632326	0.141636
3090.6995301	0.121747
3092.47273694	0.141661
3094.24594379	0.149666
3096.01915063	0.130257
3097.79235748	0.137579
3099.56556432	0.147288
3101.33877117	0.138891
3103.11197801	0.135077
3104.88518486	0.141797
3106.6583917	0.137777
3108.43159855	0.146781
3110.20480539	0.143988
3111.97801224	0.146260
3113.75121908	0.138157
3115.52442592	0.144423
3117.29763277	0.138392
3119.07083961	0.153609
3120.84404646	0.140818
3122.6172533	0.152282
3124.39046015	0.144968
3126.16366699	0.146503
3127.93687384	0.139293
3129.71008068	0.150823
3131.48328753	0.150385
3133.25649437	0.155411
3135.02970121	0.167019
3136.80290806	0.169236
3138.5761149	0.156559
3140.34932175	0.144580
3142.12252859	0.145695
3143.89573544	0.143511
3145.66894228	0.160403
3147.44214913	0.162565
3149.21535597	0.145791
3150.98856282	0.166139
3152.76176966	0.171746
3154.53497651	0.172162
3156.30818335	0.155205
3158.08139019	0.166333
3159.85459704	0.170009
3161.62780388	0.175761
3163.40101073	0.170109
3165.17421757	0.172300
3166.94742442	0.175143
3168.72063126	0.160210
3170.49383811	0.168660
3172.26704495	0.176370
3174.0402518	0.175461
3175.81345864	0.167828
3177.58666548	0.164306
3179.35987233	0.181187
3181.13307917	0.183901
3182.90628602	0.186738
3184.67949286	0.182868
3186.45269971	0.176816
3188.22590655	0.190359
3189.9991134	0.174373
3191.77232024	0.185255
3193.54552709	0.168612
3195.31873393	0.173011
3197.09194077	0.179107
3198.86514762	0.175692
3200.63835446	0.167794
3202.41156131	0.165960
3204.18476815	0.166040
3205.957975	0.168242
3207.73118184	0.175500
3209.50438869	0.169534
3211.27759553	0.171443
3213.05080238	0.162207
3214.82400922	0.176105
3216.59721607	0.159637
3218.37042291	0.162484
3220.14362975	0.159656
3221.9168366	0.171703
3223.69004344	0.181554
3225.46325029	0.162969
3227.23645713	0.156860
3229.00966398	0.179513
3230.78287082	0.170230
3232.55607767	0.152983
3234.32928451	0.149795
3236.10249136	0.170001
3237.8756982	0.165423
3239.64890504	0.154135
3241.42211189	0.169645
3243.19531873	0.162100
3244.96852558	0.156911
3246.74173242	0.162886
3248.51493927	0.166177
3250.28814611	0.165105
3252.06135296	0.163524
3253.8345598	0.161718
3255.60776665	0.166633
3257.38097349	0.170878
3259.15418034	0.174167
3260.92738718	0.170937
3262.70059402	0.159849
3264.47380087	0.176101
3266.24700771	0.163653
3268.02021456	0.170797
3269.7934214	0.171515
3271.56662825	0.167285
3273.33983509	0.166940
3275.11304194	0.173181
3276.88624878	0.175913
3278.65945563	0.157267
3280.43266247	0.162018
3282.20586931	0.174639
3283.97907616	0.177842
3285.752283	0.166920
3287.52548985	0.172584
3289.29869669	0.168040
3291.07190354	0.174683
3292.84511038	0.173954
3294.61831723	0.172493
3296.39152407	0.171168
3298.16473092	0.175312
3299.93793776	0.170709
3301.71114461	0.173112
3303.48435145	0.178549
3305.25755829	0.174021
3307.03076514	0.179916
3308.80397198	0.172278
3310.57717883	0.183703
3312.35038567	0.183776
3314.12359252	0.182003
3315.89679936	0.174438
3317.67000621	0.162499
3319.44321305	0.163205
3321.2164199	0.164386
3322.98962674	0.179595
3324.76283358	0.174639
3326.53604043	0.175260
3328.30924727	0.175371
3330.08245412	0.169872
3331.85566096	0.171019
3333.62886781	0.169216
3335.40207465	0.180114
3337.1752815	0.175222
3338.94848834	0.165924
3340.72169519	0.166405
3342.49490203	0.172480
3344.26810887	0.164363
3346.04131572	0.173754
3347.81452256	0.174870
3349.58772941	0.171021
3351.36093625	0.162495
3353.1341431	0.168184
3354.90734994	0.167912
3356.68055679	0.162497
3358.45376363	0.156705
3360.22697048	0.166853
3362.00017732	0.164750
3363.77338417	0.157474
3365.54659101	0.163182
3367.31979785	0.158177
3369.0930047	0.158791
3370.86621154	0.161206
3372.63941839	0.157568
3374.41262523	0.159385
3376.18583208	0.159084
3377.95903892	0.157129
3379.73224577	0.157204
3381.50545261	0.160433
3383.27865946	0.166960
3385.0518663	0.169974
3386.82507314	0.168940
3388.59827999	0.171272
3390.37148683	0.164489
3392.14469368	0.178411
3393.91790052	0.170720
3395.69110737	0.177864
3397.46431421	0.168136
3399.23752106	0.173024
3401.0107279	0.172473
3402.78393475	0.175995
3404.55714159	0.168175
3406.33034844	0.177464
3408.10355528	0.180340
3409.87676212	0.178560
3411.64996897	0.172882
3413.42317581	0.176681
3415.19638266	0.176549
3416.9695895	0.178150
3418.74279635	0.179760
3420.51600319	0.180611
3422.28921004	0.180792
3424.06241688	0.184588
3425.83562373	0.182571
3427.60883057	0.188646
3429.38203741	0.179851
3431.15524426	0.193186
3432.9284511	0.184425
3434.70165795	0.181474
3436.47486479	0.178232
3438.24807164	0.183285
3440.02127848	0.182070
3441.79448533	0.190927
3443.56769217	0.189258
3445.34089902	0.184776
3447.11410586	0.191213
3448.88731271	0.186745
3450.66051955	0.189081
3452.43372639	0.195300
3454.20693324	0.206288
3455.98014008	0.203111
3457.75334693	0.201971
3459.52655377	0.197222
3461.29976062	0.196916
3463.07296746	0.209201
3464.84617431	0.203383
3466.61938115	0.196174
3468.392588	0.193960
3470.16579484	0.198744
3471.93900168	0.198332
3473.71220853	0.203562
3475.48541537	0.198734
3477.25862222	0.205801
3479.03182906	0.207100
3480.80503591	0.209931
3482.57824275	0.207855
3484.3514496	0.206262
3486.12465644	0.209718
3487.89786329	0.210121
3489.67107013	0.216446
3491.44427697	0.227061
3493.21748382	0.226140
3494.99069066	0.231209
3496.76389751	0.236012
3498.53710435	0.233235
3500.3103112	0.232358
3502.08351804	0.238047
3503.85672489	0.240057
3505.62993173	0.239767
3507.40313858	0.236937
3509.17634542	0.244254
3510.94955227	0.240356
3512.72275911	0.236551
3514.49596595	0.229674
3516.2691728	0.230077
3518.04237964	0.237003
3519.81558649	0.233917
3521.58879333	0.231806
3523.36200018	0.237906
3525.13520702	0.236345
3526.90841387	0.236534
3528.68162071	0.235298
3530.45482756	0.240411
3532.2280344	0.239397
3534.00124124	0.235083
3535.77444809	0.238517
3537.54765493	0.238337
3539.32086178	0.229681
3541.09406862	0.235108
3542.86727547	0.241583
3544.64048231	0.240148
3546.41368916	0.240114
3548.186896	0.244619
3549.96010285	0.244209
3551.73330969	0.252019
3553.50651654	0.245703
3555.27972338	0.238821
3557.05293022	0.248387
3558.82613707	0.244157
3560.59934391	0.246569
3562.37255076	0.251797
3564.1457576	0.241734
3565.91896445	0.250337
3567.69217129	0.242896
3569.46537814	0.243963
3571.23858498	0.240350
3573.01179183	0.247220
3574.78499867	0.239871
3576.55820551	0.236582
3578.33141236	0.239021
3580.1046192	0.242005
3581.87782605	0.234700
3583.65103289	0.231823
3585.42423974	0.232667
3587.19744658	0.236389
3588.97065343	0.228866
3590.74386027	0.226336
3592.51706712	0.236663
3594.29027396	0.234174
3596.06348081	0.230251
3597.83668765	0.232888
3599.60989449	0.222353
3601.38310134	0.226375
3603.15630818	0.232590
3604.92951503	0.232278
3606.70272187	0.231538
3608.47592872	0.222529
3610.24913556	0.227986
3612.02234241	0.228249
3613.79554925	0.230492
3615.5687561	0.227355
3617.34196294	0.217537
3619.11516978	0.227313
3620.88837663	0.225906
3622.66158347	0.231322
3624.43479032	0.240048
3626.20799716	0.239348
3627.98120401	0.239161
3629.75441085	0.245014
3631.5276177	0.246876
3633.30082454	0.265311
3635.07403139	0.260588
3636.84723823	0.256144
3638.62044507	0.262598
3640.39365192	0.267463
3642.16685876	0.256799
3643.94006561	0.255793
3645.71327245	0.267048
3647.4864793	0.263524
3649.25968614	0.257537
3651.03289299	0.265447
3652.80609983	0.258876
3654.57930668	0.255687
3656.35251352	0.260371
3658.12572037	0.260434
3659.89892721	0.266714
3661.67213405	0.262185
3663.4453409	0.252140
3665.21854774	0.256169
3666.99175459	0.248019
3668.76496143	0.246558
3670.53816828	0.244878
3672.31137512	0.256404
3674.08458197	0.244278
3675.85778881	0.246279
3677.63099566	0.242964
3679.4042025	0.244539
3681.17740934	0.235574
3682.95061619	0.238081
3684.72382303	0.235165
3686.49702988	0.229478
3688.27023672	0.231179
3690.04344357	0.223135
3691.81665041	0.225028
3693.58985726	0.225205
3695.3630641	0.220204
3697.13627095	0.211426
3698.90947779	0.219968
3700.68268464	0.218242
3702.45589148	0.215780
3704.22909832	0.209421
3706.00230517	0.208264
3707.77551201	0.215034
3709.54871886	0.213275
3711.3219257	0.213575
3713.09513255	0.217270
3714.86833939	0.215064
3716.64154624	0.214887
3718.41475308	0.225931
3720.18795993	0.218455
3721.96116677	0.223295
3723.73437361	0.223190
3725.50758046	0.227267
3727.2807873	0.228541
3729.05399415	0.219853
3730.82720099	0.202910
3732.60040784	0.210733
3734.37361468	0.214004
3736.14682153	0.209623
3737.92002837	0.208484
3739.69323522	0.205915
3741.46644206	0.201824
3743.23964891	0.194052
3745.01285575	0.191764
3746.78606259	0.188657
3748.55926944	0.193951
3750.33247628	0.191557
3752.10568313	0.185691
3753.87888997	0.182256
3755.65209682	0.186808
3757.42530366	0.184005
3759.19851051	0.183504
3760.97171735	0.177034
3762.7449242	0.173651
3764.51813104	0.173536
3766.29133788	0.170745
3768.06454473	0.170567
3769.83775157	0.169528
3771.61095842	0.170038
3773.38416526	0.166155
3775.15737211	0.167371
3776.93057895	0.173496
3778.7037858	0.167545
3780.47699264	0.169442
3782.25019949	0.166459
3784.02340633	0.171667
3785.79661317	0.168939
3787.56982002	0.170105
3789.34302686	0.166835
3791.11623371	0.175288
3792.88944055	0.172117
3794.6626474	0.175089
3796.43585424	0.174517
3798.20906109	0.179820
3799.98226793	0.180994
3801.75547478	0.176674
3803.52868162	0.188761
3805.30188847	0.184113
3807.07509531	0.186744
3808.84830215	0.189184
3810.621509	0.186032
3812.39471584	0.189786
3814.16792269	0.185751
3815.94112953	0.186279
3817.71433638	0.186290
3819.48754322	0.180581
3821.26075007	0.178359
3823.03395691	0.178564
3824.80716376	0.183093
3826.5803706	0.185652
3828.35357744	0.189764
3830.12678429	0.195083
3831.89999113	0.203111
3833.67319798	0.193769
3835.44640482	0.201753
3837.21961167	0.200577
3838.99281851	0.202072
3840.76602536	0.207451
3842.5392322	0.207149
3844.31243905	0.209506
3846.08564589	0.203590
3847.85885274	0.210945
3849.63205958	0.210065
3851.40526642	0.207490
3853.17847327	0.208693
3854.95168011	0.209954
3856.72488696	0.217761
3858.4980938	0.222021
3860.27130065	0.221618
3862.04450749	0.221607
3863.81771434	0.230222
3865.59092118	0.216646
3867.36412803	0.222582
3869.13733487	0.225369
3870.91054171	0.224313
3872.68374856	0.226097
3874.4569554	0.226968
3876.23016225	0.221747
3878.00336909	0.228452
3879.77657594	0.224314
3881.54978278	0.234689
3883.32298963	0.233966
3885.09619647	0.230056
3886.86940332	0.233631
3888.64261016	0.236449
3890.41581701	0.233310
3892.18902385	0.235701
3893.96223069	0.235819
3895.73543754	0.229187
3897.50864438	0.234431
3899.28185123	0.233425
3901.05505807	0.231845
3902.82826492	0.235544
3904.60147176	0.238925
3906.37467861	0.236030
3908.14788545	0.242530
3909.9210923	0.248018
3911.69429914	0.244835
3913.46750598	0.249345
3915.24071283	0.246985
3917.01391967	0.245016
3918.78712652	0.254280
3920.56033336	0.248009
3922.33354021	0.253950
3924.10674705	0.249176
3925.8799539	0.245634
3927.65316074	0.254137
3929.42636759	0.247961
3931.19957443	0.243704
3932.97278127	0.245662
3934.74598812	0.243332
3936.51919496	0.242573
3938.29240181	0.243394
3940.06560865	0.248407
3941.8388155	0.248092
3943.61202234	0.240583
3945.38522919	0.231301
3947.15843603	0.237261
3948.93164288	0.234884
3950.70484972	0.236038
3952.47805657	0.232092
3954.25126341	0.234877
3956.02447025	0.227855
3957.7976771	0.232775
3959.57088394	0.227198
3961.34409079	0.221440
3963.11729763	0.227025
3964.89050448	0.221124
3966.66371132	0.220620
3968.43691817	0.222028
3970.21012501	0.226981
3971.98333186	0.225106
3973.7565387	0.225295
3975.52974554	0.221334
3977.30295239	0.221762
3979.07615923	0.220507
3980.84936608	0.222205
3982.62257292	0.218432
3984.39577977	0.216636
3986.16898661	0.218853
3987.94219346	0.221352
3989.7154003	0.215363
3991.48860715	0.211875
3993.26181399	0.215923
3995.03502084	0.198566
3996.80822768	0.216503
3998.58143452	0.205752
4000.35464137	0.208760
4002.12784821	0.207840
4003.90105506	0.204837
4005.6742619	0.210790
4007.44746875	0.213774
4009.22067559	0.213280
4010.99388244	0.213411
4012.76708928	0.206570
4014.54029613	0.208737
4016.31350297	0.211332
4018.08670981	0.216743
4019.85991666	0.212928
4021.6331235	0.217063
4023.40633035	0.220448
4025.17953719	0.220928
4026.95274404	0.219501
4028.72595088	0.213459
4030.49915773	0.220277
4032.27236457	0.213610
4034.04557142	0.206980
4035.81877826	0.217352
4037.59198511	0.210147
4039.36519195	0.209468
4041.13839879	0.212552
4042.91160564	0.208100
4044.68481248	0.213669
4046.45801933	0.214992
4048.23122617	0.206697
4050.00443302	0.205376
4051.77763986	0.200863
4053.55084671	0.205146
4055.32405355	0.206338
4057.0972604	0.210298
4058.87046724	0.208595
4060.64367408	0.207728
4062.41688093	0.204424
4064.19008777	0.209334
4065.96329462	0.202353
4067.73650146	0.204377
4069.50970831	0.203511
4071.28291515	0.201642
4073.056122	0.203068
4074.82932884	0.207405
4076.60253569	0.212060
4078.37574253	0.209377
4080.14894937	0.207113
4081.92215622	0.208751
4083.69536306	0.206776
4085.46856991	0.210269
4087.24177675	0.213365
4089.0149836	0.211109
4090.78819044	0.213988
4092.56139729	0.212625
4094.33460413	0.210182
4096.10781098	0.216032
4097.88101782	0.207889
4099.65422467	0.210433
4101.42743151	0.219758
4103.20063835	0.206527
4104.9738452	0.209366
4106.74705204	0.207697
4108.52025889	0.207279
4110.29346573	0.208914
4112.06667258	0.204971
4113.83987942	0.211822
4115.61308627	0.214761
4117.38629311	0.212690
4119.15949996	0.213034
4120.9327068	0.216716
4122.70591364	0.212226
4124.47912049	0.214923
4126.25232733	0.211864
4128.02553418	0.210726
4129.79874102	0.210063
4131.57194787	0.210967
4133.34515471	0.210558
4135.11836156	0.214000
4136.8915684	0.219814
4138.66477525	0.219547
4140.43798209	0.214307
4142.21118894	0.224052
4143.98439578	0.216739
4145.75760262	0.220281
4147.53080947	0.229689
4149.30401631	0.224015
4151.07722316	0.226641
4152.85043	0.222882
4154.62363685	0.218225
4156.39684369	0.218593
4158.17005054	0.221401
4159.94325738	0.219187
4161.71646423	0.220383
4163.48967107	0.223226
4165.26287791	0.215487
4167.03608476	0.216767
4168.8092916	0.216542
4170.58249845	0.217134
4172.35570529	0.224513
4174.12891214	0.213265
4175.90211898	0.214915
4177.67532583	0.209651
4179.44853267	0.215913
4181.22173952	0.210347
4182.99494636	0.210722
4184.76815321	0.207399
4186.54136005	0.207568
4188.31456689	0.204168
4190.08777374	0.214797
4191.86098058	0.207279
4193.63418743	0.204536
4195.40739427	0.195832
4197.18060112	0.203770
4198.95380796	0.205856
4200.72701481	0.204773
4202.50022165	0.208606
4204.2734285	0.203009
4206.04663534	0.205459
4207.81984218	0.201818
4209.59304903	0.200836
4211.36625587	0.202466
4213.13946272	0.201171
4214.91266956	0.199211
4216.68587641	0.199635
4218.45908325	0.192429
4220.2322901	0.200920
4222.00549694	0.197095
4223.77870379	0.207998
4225.55191063	0.199093
4227.32511747	0.198785
4229.09832432	0.196093
4230.87153116	0.198062
4232.64473801	0.197488
4234.41794485	0.207485
4236.1911517	0.200492
4237.96435854	0.210461
4239.73756539	0.201104
4241.51077223	0.197386
4243.28397908	0.201361
4245.05718592	0.207474
4246.83039277	0.201557
4248.60359961	0.202523
4250.37680645	0.197831
4252.1500133	0.207396
4253.92322014	0.206308
4255.69642699	0.200795
4257.46963383	0.208164
4259.24284068	0.204064
4261.01604752	0.207242
4262.78925437	0.204067
4264.56246121	0.203353
4266.33566806	0.202445
4268.1088749	0.204394
4269.88208174	0.198877
4271.65528859	0.199418
4273.42849543	0.202267
4275.20170228	0.196962
4276.97490912	0.195430
4278.74811597	0.195695
4280.52132281	0.188339
4282.29452966	0.189019
4284.0677365	0.188476
4285.84094335	0.184293
4287.61415019	0.186178
4289.38735704	0.181227
4291.16056388	0.181264
4292.93377072	0.176991
4294.70697757	0.177862
4296.48018441	0.178329
4298.25339126	0.170569
4300.0265981	0.173230
4301.79980495	0.170740
4303.57301179	0.172607
4305.34621864	0.164642
4307.11942548	0.164508
4308.89263233	0.160756
4310.66583917	0.162718
4312.43904601	0.166641
4314.21225286	0.159556
4315.9854597	0.159369
4317.75866655	0.157432
4319.53187339	0.151145
4321.30508024	0.159222
4323.07828708	0.155576
4324.85149393	0.157441
4326.62470077	0.163588
4328.39790762	0.161258
4330.17111446	0.155640
4331.94432131	0.157076
4333.71752815	0.155436
4335.49073499	0.156174
4337.26394184	0.165549
4339.03714868	0.159582
4340.81035553	0.156223
4342.58356237	0.158168
4344.35676922	0.158633
4346.12997606	0.161208
4347.90318291	0.165114
4349.67638975	0.161865
4351.4495966	0.164114
4353.22280344	0.164216
4354.99601028	0.160003
4356.76921713	0.151664
4358.54242397	0.163733
4360.31563082	0.159034
4362.08883766	0.159479
4363.86204451	0.157278
4365.63525135	0.161988
4367.4084582	0.157980
4369.18166504	0.157443
4370.95487189	0.154634
4372.72807873	0.160602
4374.50128557	0.154681
4376.27449242	0.158063
4378.04769926	0.159882
4379.82090611	0.158419
4381.59411295	0.158879
4383.3673198	0.162002
4385.14052664	0.157971
4386.91373349	0.160720
4388.68694033	0.157034
4390.46014718	0.162481
4392.23335402	0.168389
4394.00656087	0.162209
4395.77976771	0.169077
4397.55297455	0.173283
4399.3261814	0.175117
4401.09938824	0.180228
4402.87259509	0.181683
4404.64580193	0.176790
4406.41900878	0.181514
4408.19221562	0.188139
4409.96542247	0.188408
4411.73862931	0.186695
4413.51183616	0.191708
4415.285043	0.193261
4417.05824984	0.195892
4418.83145669	0.192323
4420.60466353	0.199287
4422.37787038	0.206723
4424.15107722	0.204429
4425.92428407	0.209584
4427.69749091	0.207764
4429.47069776	0.212025
4431.2439046	0.215258
4433.01711145	0.212646
4434.79031829	0.217065
4436.56352514	0.210981
4438.33673198	0.213744
4440.10993882	0.214511
4441.88314567	0.216687
4443.65635251	0.212775
4445.42955936	0.214957
4447.2027662	0.215500
4448.97597305	0.217696
4450.74917989	0.218081
4452.52238674	0.218266
4454.29559358	0.222654
4456.06880043	0.225486
4457.84200727	0.236100
4459.61521411	0.231702
4461.38842096	0.232445
4463.1616278	0.235638
4464.93483465	0.233864
4466.70804149	0.238486
4468.48124834	0.236547
4470.25445518	0.240678
4472.02766203	0.239997
4473.80086887	0.241467
4475.57407572	0.244594
4477.34728256	0.247359
4479.12048941	0.245886
4480.89369625	0.249260
4482.66690309	0.249482
4484.44010994	0.251977
4486.21331678	0.245330
4487.98652363	0.251121
4489.75973047	0.252268
4491.53293732	0.251446
4493.30614416	0.258719
4495.07935101	0.262648
4496.85255785	0.261000
4498.6257647	0.259485
4500.39897154	0.268076
4502.17217838	0.267118
4503.94538523	0.263291
4505.71859207	0.262569
4507.49179892	0.270144
4509.26500576	0.267567
4511.03821261	0.262197
4512.81141945	0.262238
4514.5846263	0.256634
4516.35783314	0.251768
4518.13103999	0.261139
4519.90424683	0.262168
4521.67745367	0.259123
4523.45066052	0.260676
4525.22386736	0.255567
4526.99707421	0.252501
4528.77028105	0.258544
4530.5434879	0.256036
4532.31669474	0.250598
4534.08990159	0.256365
4535.86310843	0.252277
4537.63631528	0.253733
4539.40952212	0.255809
4541.18272897	0.248527
4542.95593581	0.247164
4544.72914265	0.250473
4546.5023495	0.250283
4548.27555634	0.250471
4550.04876319	0.255967
4551.82197003	0.248497
4553.59517688	0.259613
4555.36838372	0.248598
4557.14159057	0.254034
4558.91479741	0.247327
4560.68800426	0.255162
4562.4612111	0.252358
4564.23441794	0.262265
4566.00762479	0.263098
4567.78083163	0.258065
4569.55403848	0.267522
4571.32724532	0.260977
4573.10045217	0.260928
4574.87365901	0.254925
4576.64686586	0.260128
4578.4200727	0.250748
4580.19327955	0.264082
4581.96648639	0.251704
4583.73969324	0.252842
4585.51290008	0.255956
4587.28610692	0.254065
4589.05931377	0.253167
4590.83252061	0.257255
4592.60572746	0.251117
4594.3789343	0.253074
4596.15214115	0.248277
4597.92534799	0.241744
4599.69855484	0.243764
4601.47176168	0.240675
4603.24496853	0.232800
4605.01817537	0.238006
4606.79138221	0.235530
4608.56458906	0.229903
4610.3377959	0.229733
4612.11100275	0.230883
4613.88420959	0.232486
4615.65741644	0.221836
4617.43062328	0.221770
4619.20383013	0.222184
4620.97703697	0.224435
4622.75024382	0.228645
4624.52345066	0.230049
4626.29665751	0.226796
4628.06986435	0.235687
4629.84307119	0.229724
4631.61627804	0.226105
4633.38948488	0.223509
4635.16269173	0.223778
4636.93589857	0.221644
4638.70910542	0.228569
4640.48231226	0.229590
4642.25551911	0.217377
4644.02872595	0.223757
4645.8019328	0.226695
4647.57513964	0.225407
4649.34834648	0.227159
4651.12155333	0.219966
4652.89476017	0.228395
4654.66796702	0.223093
4656.44117386	0.227637
4658.21438071	0.227894
4659.98758755	0.235916
4661.7607944	0.231467
4663.53400124	0.235930
4665.30720809	0.229829
4667.08041493	0.233812
4668.85362177	0.221849
4670.62682862	0.220066
4672.40003546	0.226514
4674.17324231	0.226192
4675.94644915	0.218424
4677.719656	0.222481
4679.49286284	0.223712
4681.26606969	0.227015
4683.03927653	0.224327
4684.81248338	0.219223
4686.58569022	0.219592
4688.35889707	0.216579
4690.13210391	0.217715
4691.90531075	0.207902
4693.6785176	0.211613
4695.45172444	0.205211
4697.22493129	0.199424
4698.99813813	0.200703
4700.77134498	0.202607
4702.54455182	0.202554
4704.31775867	0.206879
4706.09096551	0.193038
4707.86417236	0.183541
4709.6373792	0.177428
4711.41058604	0.190228
4713.18379289	0.179952
4714.95699973	0.184959
4716.73020658	0.177144
4718.50341342	0.174754
4720.27662027	0.172196
4722.04982711	0.171982
4723.82303396	0.177229
4725.5962408	0.175727
4727.36944765	0.171442
4729.14265449	0.169746
4730.91586134	0.166396
4732.68906818	0.158775
4734.46227502	0.157693
4736.23548187	0.162061
4738.00868871	0.163066
4739.78189556	0.168764
4741.5551024	0.159262
4743.32830925	0.165927
4745.10151609	0.169871
4746.87472294	0.170946
4748.64792978	0.167566
4750.42113663	0.177960
4752.19434347	0.181555
4753.96755031	0.175468
4755.74075716	0.170326
4757.513964	0.174621
4759.28717085	0.171151
4761.06037769	0.169564
4762.83358454	0.175153
4764.60679138	0.169624
4766.37999823	0.176792
4768.15320507	0.169455
4769.92641192	0.172957
4771.69961876	0.173292
4773.47282561	0.164135
4775.24603245	0.157781
4777.01923929	0.162672
4778.79244614	0.165118
4780.56565298	0.160225
4782.33885983	0.155678
4784.11206667	0.154229
4785.88527352	0.156342
4787.65848036	0.155890
4789.43168721	0.158018
4791.20489405	0.151261
4792.9781009	0.147968
4794.75130774	0.152014
4796.52451458	0.149861
4798.29772143	0.136820
4800.07092827	0.148120
4801.84413512	0.139288
4803.61734196	0.136284
4805.39054881	0.138312
4807.16375565	0.139963
4808.9369625	0.138311
4810.71016934	0.140485
4812.48337619	0.137284
4814.25658303	0.138558
4816.02978987	0.146730
4817.80299672	0.140893
4819.57620356	0.139140
4821.34941041	0.127465
4823.12261725	0.131943
4824.8958241	0.137652
4826.66903094	0.134275
4828.44223779	0.131132
4830.21544463	0.128522
4831.98865148	0.132676
4833.76185832	0.134926
4835.53506517	0.138627
4837.30827201	0.137645
4839.08147885	0.142322
4840.8546857	0.139323
4842.62789254	0.149570
4844.40109939	0.145053
4846.17430623	0.150521
4847.94751308	0.154260
4849.72071992	0.150352
4851.49392677	0.155306
4853.26713361	0.151754
4855.04034046	0.157674
4856.8135473	0.162222
4858.58675414	0.164361
4860.35996099	0.162806
4862.13316783	0.156929
4863.90637468	0.158288
4865.67958152	0.154561
4867.45278837	0.155309
4869.22599521	0.152527
4870.99920206	0.157181
4872.7724089	0.156444
4874.54561575	0.150662
4876.31882259	0.155216
4878.09202944	0.148868
4879.86523628	0.149362
4881.63844312	0.150137
4883.41164997	0.153154
4885.18485681	0.157751
4886.95806366	0.150399
4888.7312705	0.157543
4890.50447735	0.148306
4892.27768419	0.145367
4894.05089104	0.156336
4895.82409788	0.159757
4897.59730473	0.149560
4899.37051157	0.147231
4901.14371841	0.150509
4902.91692526	0.146689
4904.6901321	0.155133
4906.46333895	0.151060
4908.23654579	0.152538
4910.00975264	0.148827
4911.78295948	0.145589
4913.55616633	0.143695
4915.32937317	0.147886
4917.10258002	0.147093
4918.87578686	0.142411
4920.64899371	0.144710
4922.42220055	0.150344
4924.19540739	0.146712
4925.96861424	0.139492
4927.74182108	0.138517
4929.51502793	0.132829
4931.28823477	0.133166
4933.06144162	0.135242
4934.83464846	0.141397
4936.60785531	0.139596
4938.38106215	0.133628
4940.154269	0.133869
4941.92747584	0.136849
4943.70068268	0.127101
4945.47388953	0.140157
4947.24709637	0.122091
4949.02030322	0.130003
4950.79351006	0.131842
4952.56671691	0.126446
4954.33992375	0.128704
4956.1131306	0.132883
4957.88633744	0.124065
4959.65954429	0.130353
4961.43275113	0.130423
4963.20595797	0.125059
4964.97916482	0.125995
4966.75237166	0.126496
4968.52557851	0.123180
4970.29878535	0.117013
4972.0719922	0.121204
4973.84519904	0.123206
4975.61840589	0.131616
4977.39161273	0.134326
4979.16481958	0.135867
4980.93802642	0.132093
4982.71123327	0.134087
4984.48444011	0.140541
4986.25764695	0.141660
4988.0308538	0.141977
4989.80406064	0.143205
4991.57726749	0.147572
4993.35047433	0.150159
4995.12368118	0.148403
4996.89688802	0.149572
4998.67009487	0.152905
5000.44330171	0.153284
5002.21650856	0.155251
5003.9897154	0.154920
5005.76292224	0.156794
5007.53612909	0.157647
5009.30933593	0.161364
5011.08254278	0.160216
5012.85574962	0.158892
5014.62895647	0.154094
5016.40216331	0.157203
5018.17537016	0.161788
5019.948577	0.155065
5021.72178385	0.162084
5023.49499069	0.152839
5025.26819754	0.159274
5027.04140438	0.160287
5028.81461122	0.157654
5030.58781807	0.157160
5032.36102491	0.157710
5034.13423176	0.157728
5035.9074386	0.159090
5037.68064545	0.158743
5039.45385229	0.157999
5041.22705914	0.153982
5043.00026598	0.156460
5044.77347283	0.160813
5046.54667967	0.164831
5048.31988651	0.160007
5050.09309336	0.158738
5051.8663002	0.160656
5053.63950705	0.160025
5055.41271389	0.164883
5057.18592074	0.166662
5058.95912758	0.163207
5060.73233443	0.164714
5062.50554127	0.166613
5064.27874812	0.166582
5066.05195496	0.163223
5067.82516181	0.165841
5069.59836865	0.164231
5071.37157549	0.164355
5073.14478234	0.161058
5074.91798918	0.163097
5076.69119603	0.170407
5078.46440287	0.168160
5080.23760972	0.164179
5082.01081656	0.173684
5083.78402341	0.165737
5085.55723025	0.158771
5087.3304371	0.164873
5089.10364394	0.165781
5090.87685078	0.167209
5092.65005763	0.173998
5094.42326447	0.172787
5096.19647132	0.170870
5097.96967816	0.170023
5099.74288501	0.173686
5101.51609185	0.176162
5103.2892987	0.174940
5105.06250554	0.173134
5106.83571239	0.170616
5108.60891923	0.173213
5110.38212608	0.177999
5112.15533292	0.176658
5113.92853976	0.172449
5115.70174661	0.178445
5117.47495345	0.177002
5119.2481603	0.183183
5121.02136714	0.183513
5122.79457399	0.176606
5124.56778083	0.175389
5126.34098768	0.177569
5128.11419452	0.178736
5129.88740137	0.181939
5131.66060821	0.188472
5133.43381505	0.187876
5135.2070219	0.186555
5136.98022874	0.188335
5138.75343559	0.181681
5140.52664243	0.187216
5142.29984928	0.195176
5144.07305612	0.192539
5145.84626297	0.187808
5147.61946981	0.196432
5149.39267666	0.199883
5151.1658835	0.199281
5152.93909034	0.195186
5154.71229719	0.191875
5156.48550403	0.195619
5158.25871088	0.201804
5160.03191772	0.195700
5161.80512457	0.190275
5163.57833141	0.193075
5165.35153826	0.195266
5167.1247451	0.194605
5168.89795195	0.192487
5170.67115879	0.194443
5172.44436564	0.195455
5174.21757248	0.196575
5175.99077932	0.194696
5177.76398617	0.192983
5179.53719301	0.195717
5181.31039986	0.195800
5183.0836067	0.193801
5184.85681355	0.196926
5186.63002039	0.199338
5188.40322724	0.190924
5190.17643408	0.192395
5191.94964093	0.197375
5193.72284777	0.193581
5195.49605461	0.191295
5197.26926146	0.193660
5199.0424683	0.194213
5200.81567515	0.195082
5202.58888199	0.197122
5204.36208884	0.196149
5206.13529568	0.190461
5207.90850253	0.189701
5209.68170937	0.192382
5211.45491622	0.197299
5213.22812306	0.193062
5215.00132991	0.192838
5216.77453675	0.190927
5218.54774359	0.191267
5220.32095044	0.188910
5222.09415728	0.192778
5223.86736413	0.191166
5225.64057097	0.187106
5227.41377782	0.190102
5229.18698466	0.194458
5230.96019151	0.188177
5232.73339835	0.192451
5234.5066052	0.196770
5236.27981204	0.191634
5238.05301888	0.189843
5239.82622573	0.194110
5241.59943257	0.193805
5243.37263942	0.194927
5245.14584626	0.192237
5246.91905311	0.192114
5248.69225995	0.189273
5250.4654668	0.189659
5252.23867364	0.193788
5254.01188049	0.194213
5255.78508733	0.194498
5257.55829418	0.195756
5259.33150102	0.190266
5261.10470786	0.189240
5262.87791471	0.191054
5264.65112155	0.181910
5266.4243284	0.187872
5268.19753524	0.188546
5269.97074209	0.183066
5271.74394893	0.182063
5273.51715578	0.186301
5275.29036262	0.186603
5277.06356947	0.181491
5278.83677631	0.183834
5280.60998315	0.184227
5282.38319	0.174645
5284.15639684	0.176126
5285.92960369	0.177159
5287.70281053	0.178062
5289.47601738	0.183089
5291.24922422	0.179013
5293.02243107	0.175772
5294.79563791	0.177922
5296.56884476	0.176114
5298.3420516	0.175045
5300.11525844	0.180868
5301.88846529	0.181922
5303.66167213	0.176176
5305.43487898	0.176388
5307.20808582	0.176068
5308.98129267	0.175460
5310.75449951	0.173691
5312.52770636	0.171022
5314.3009132	0.171990
5316.07412005	0.169314
5317.84732689	0.166909
5319.62053374	0.171323
5321.39374058	0.174505
5323.16694742	0.172841
5324.94015427	0.171128
5326.71336111	0.172829
5328.48656796	0.173882
5330.2597748	0.167912
5332.03298165	0.177053
5333.80618849	0.178710
5335.57939534	0.171906
5337.35260218	0.172950
5339.12580903	0.176034
5340.89901587	0.177868
5342.67222271	0.174987
5344.44542956	0.171021
5346.2186364	0.169337
5347.99184325	0.168803
5349.76505009	0.168415
5351.53825694	0.172358
5353.31146378	0.178181
5355.08467063	0.177420
5356.85787747	0.169166
5358.63108432	0.167738
5360.40429116	0.163677
5362.17749801	0.166172
5363.95070485	0.169166
5365.72391169	0.165325
5367.49711854	0.166636
5369.27032538	0.175040
5371.04353223	0.174507
5372.81673907	0.168186
5374.58994592	0.169665
5376.36315276	0.170547
5378.13635961	0.171165
5379.90956645	0.165394
5381.6827733	0.163161
5383.45598014	0.167457
5385.22918698	0.169555
5387.00239383	0.171264
5388.77560067	0.167175
5390.54880752	0.166632
5392.32201436	0.167098
5394.09522121	0.167206
5395.86842805	0.169732
5397.6416349	0.168567
5399.41484174	0.163305
5401.18804859	0.162481
5402.96125543	0.165539
5404.73446228	0.168944
5406.50766912	0.166267
5408.28087596	0.165084
5410.05408281	0.169785
5411.82728965	0.164146
5413.6004965	0.160304
5415.37370334	0.166362
5417.14691019	0.167672
5418.92011703	0.167481
5420.69332388	0.164059
5422.46653072	0.166045
5424.23973757	0.166819
5426.01294441	0.166466
5427.78615125	0.165228
5429.5593581	0.160220
5431.33256494	0.158666
5433.10577179	0.159333
5434.87897863	0.161508
5436.65218548	0.164499
5438.42539232	0.164590
5440.19859917	0.163379
5441.97180601	0.163052
5443.74501286	0.159157
5445.5182197	0.159076
5447.29142654	0.166960
5449.06463339	0.166167
5450.83784023	0.163513
5452.61104708	0.161456
5454.38425392	0.162921
5456.15746077	0.163243
5457.93066761	0.161368
5459.70387446	0.160609
5461.4770813	0.160865
5463.25028815	0.160299
5465.02349499	0.158074
5466.79670184	0.159603
5468.56990868	0.160084
5470.34311552	0.159659
5472.11632237	0.153169
5473.88952921	0.154227
5475.66273606	0.154790
5477.4359429	0.152732
5479.20914975	0.157781
5480.98235659	0.153069
5482.75556344	0.150710
5484.52877028	0.148869
5486.30197713	0.151603
5488.07518397	0.150705
5489.84839081	0.147612
5491.62159766	0.146026
5493.3948045	0.141639
5495.16801135	0.142184
5496.94121819	0.143003
5498.71442504	0.147637
5500.48763188	0.144099
5502.26083873	0.146880
5504.03404557	0.145500
5505.80725242	0.141604
5507.58045926	0.138718
5509.35366611	0.138707
5511.12687295	0.138016
5512.90007979	0.137802
5514.67328664	0.139738
5516.44649348	0.135070
5518.21970033	0.134625
5519.99290717	0.135568
5521.76611402	0.134131
5523.53932086	0.135748
5525.31252771	0.134658
5527.08573455	0.132812
5528.8589414	0.137601
5530.63214824	0.135496
5532.40535508	0.135613
5534.17856193	0.136883
5535.95176877	0.135729
5537.72497562	0.138500
5539.49818246	0.133879
5541.27138931	0.129012
5543.04459615	0.131786
5544.817803	0.133824
5546.59100984	0.133153
5548.36421669	0.131183
5550.13742353	0.130244
5551.91063038	0.126349
5553.68383722	0.128144
5555.45704406	0.131074
5557.23025091	0.132086
5559.00345775	0.134343
5560.7766646	0.127311
5562.54987144	0.125877
5564.32307829	0.127660
5566.09628513	0.126903
5567.86949198	0.130137
5569.64269882	0.132960
5571.41590567	0.135706
5573.18911251	0.129809
5574.96231935	0.127490
5576.7355262	0.128320
5578.50873304	0.131311
5580.28193989	0.130761
5582.05514673	0.127390
5583.82835358	0.123389
5585.60156042	0.123310
5587.37476727	0.122303
5589.14797411	0.130874
5590.92118096	0.127568
5592.6943878	0.123799
5594.46759464	0.127886
5596.24080149	0.125227
5598.01400833	0.123813
5599.78721518	0.128871
5601.56042202	0.128156
5603.33362887	0.129596
5605.10683571	0.125419
5606.88004256	0.124294
5608.6532494	0.124590
5610.42645625	0.116783
5612.19966309	0.125053
5613.97286994	0.127870
5615.74607678	0.122658
5617.51928362	0.130157
5619.29249047	0.124134
5621.06569731	0.126148
5622.83890416	0.131418
5624.612111	0.129510
5626.38531785	0.129508
5628.15852469	0.130366
5629.93173154	0.126935
5631.70493838	0.127335
5633.47814523	0.128664
5635.25135207	0.128416
5637.02455891	0.133206
5638.79776576	0.131559
5640.5709726	0.130214
5642.34417945	0.126079
5644.11738629	0.127205
5645.89059314	0.132051
5647.66379998	0.129855
5649.43700683	0.125736
5651.21021367	0.123260
5652.98342052	0.127526
5654.75662736	0.129147
5656.52983421	0.123958
5658.30304105	0.120791
5660.07624789	0.124762
5661.84945474	0.124375
5663.62266158	0.123366
5665.39586843	0.125920
5667.16907527	0.126059
5668.94228212	0.125715
5670.71548896	0.125284
5672.48869581	0.125281
5674.26190265	0.126652
5676.0351095	0.128356
5677.80831634	0.126629
5679.58152318	0.125276
5681.35473003	0.127303
5683.12793687	0.125226
5684.90114372	0.123493
5686.67435056	0.122339
5688.44755741	0.121086
5690.22076425	0.127873
5691.9939711	0.127722
5693.76717794	0.120769
5695.54038479	0.123418
5697.31359163	0.123378
5699.08679848	0.120739
5700.86000532	0.123943
5702.63321216	0.126857
5704.40641901	0.124543
5706.17962585	0.127697
5707.9528327	0.127929
5709.72603954	0.128231
5711.49924639	0.123717
5713.27245323	0.125248
5715.04566008	0.127242
5716.81886692	0.128838
5718.59207377	0.129938
5720.36528061	0.131447
5722.13848745	0.124481
5723.9116943	0.124921
5725.68490114	0.122063
5727.45810799	0.121996
5729.23131483	0.121278
5731.00452168	0.119147
5732.77772852	0.121142
5734.55093537	0.127245
5736.32414221	0.123186
5738.09734906	0.116217
5739.8705559	0.116648
5741.64376274	0.117117
5743.41696959	0.118547
5745.19017643	0.120273
5746.96338328	0.119452
5748.73659012	0.116121
5750.50979697	0.114584
5752.28300381	0.117402
5754.05621066	0.118818
5755.8294175	0.118008
5757.60262435	0.116409
5759.37583119	0.116961
5761.14903804	0.113738
5762.92224488	0.114732
5764.69545172	0.113015
5766.46865857	0.111113
5768.24186541	0.111957
5770.01507226	0.111660
5771.7882791	0.112691
5773.56148595	0.114056
5775.33469279	0.115051
5777.10789964	0.115653
5778.88110648	0.111605
5780.65431333	0.111930
5782.42752017	0.111665
5784.20072701	0.110325
5785.97393386	0.105991
5787.7471407	0.105267
5789.52034755	0.107407
5791.29355439	0.110219
5793.06676124	0.110095
5794.83996808	0.106639
5796.61317493	0.110763
5798.38638177	0.110414
5800.15958862	0.108371
5801.93279546	0.110338
5803.70600231	0.109185
5805.47920915	0.109530
5807.25241599	0.107549
5809.02562284	0.108216
5810.79882968	0.108761
5812.57203653	0.109206
5814.34524337	0.111048
5816.11845022	0.108349
5817.89165706	0.107100
5819.66486391	0.110283
5821.43807075	0.109952
5823.2112776	0.108153
5824.98448444	0.109259
5826.75769128	0.113044
5828.53089813	0.107841
5830.30410497	0.106499
5832.07731182	0.108794
5833.85051866	0.110930
5835.62372551	0.110670
5837.39693235	0.109279
5839.1701392	0.111070
5840.94334604	0.108572
5842.71655289	0.109041
5844.48975973	0.106374
5846.26296658	0.109801
5848.03617342	0.110574
5849.80938026	0.109223
5851.58258711	0.110401
5853.35579395	0.108836
5855.1290008	0.108204
5856.90220764	0.111769
5858.67541449	0.110252
5860.44862133	0.105542
5862.22182818	0.112073
5863.99503502	0.112862
5865.76824187	0.110424
5867.54144871	0.112894
5869.31465555	0.108856
5871.0878624	0.108249
5872.86106924	0.110730
5874.63427609	0.111670
5876.40748293	0.110081
5878.18068978	0.110456
5879.95389662	0.112032
5881.72710347	0.110110
5883.50031031	0.108970
5885.27351716	0.109835
5887.046724	0.111569
5888.81993084	0.108343
5890.59313769	0.105817
5892.36634453	0.108675
5894.13955138	0.110441
5895.91275822	0.112094
5897.68596507	0.111628
5899.45917191	0.111030
5901.23237876	0.112800
5903.0055856	0.114476
5904.77879245	0.112793
5906.55199929	0.113130
5908.32520614	0.114161
5910.09841298	0.112504
5911.87161982	0.111745
5913.64482667	0.112936
5915.41803351	0.113229
5917.19124036	0.110707
5918.9644472	0.113110
5920.73765405	0.118448
5922.51086089	0.115734
5924.28406774	0.115223
5926.05727458	0.115631
5927.83048143	0.113641
5929.60368827	0.110169
5931.37689511	0.111521
5933.15010196	0.114877
5934.9233088	0.115416
5936.69651565	0.112649
5938.46972249	0.111504
5940.24292934	0.114279
5942.01613618	0.111559
5943.78934303	0.110414
5945.56254987	0.112861
5947.33575672	0.113458
5949.10896356	0.111043
5950.88217041	0.109296
5952.65537725	0.111040
5954.42858409	0.110747
5956.20179094	0.109781
5957.97499778	0.109755
5959.74820463	0.108392
5961.52141147	0.106507
5963.29461832	0.108583
5965.06782516	0.107120
5966.84103201	0.104661
5968.61423885	0.105544
5970.3874457	0.105310
5972.16065254	0.103417
5973.93385938	0.101515
5975.70706623	0.101603
5977.48027307	0.105118
5979.25347992	0.104692
5981.02668676	0.102321
5982.79989361	0.103969
5984.57310045	0.105235
5986.3463073	0.103128
5988.11951414	0.102288
5989.89272099	0.0985452
5991.66592783	0.100050
5993.43913468	0.100843
5995.21234152	0.101969
5996.98554836	0.100865
5998.75875521	0.100852
6000.53196205	0.105103
6002.3051689	0.102869
6004.07837574	0.100337
6005.85158259	0.101412
6007.62478943	0.100484
6009.39799628	0.103745
6011.17120312	0.105329
6012.94440997	0.103177
6014.71761681	0.104813
6016.49082365	0.103128
6018.2640305	0.103621
6020.03723734	0.102863
6021.81044419	0.105316
6023.58365103	0.104820
6025.35685788	0.100378
6027.13006472	0.104325
6028.90327157	0.103330
6030.67647841	0.103285
6032.44968526	0.104922
6034.2228921	0.105121
6035.99609894	0.104457
6037.76930579	0.0990969
6039.54251263	0.103904
6041.31571948	0.104889
6043.08892632	0.106664
6044.86213317	0.102139
6046.63534001	0.103368
6048.40854686	0.107066
6050.1817537	0.104010
6051.95496055	0.103674
6053.72816739	0.0989519
6055.50137424	0.0998170
6057.27458108	0.106696
6059.04778792	0.103238
6060.82099477	0.0964395
6062.59420161	0.100726
6064.36740846	0.103563
6066.1406153	0.0988595
6067.91382215	0.0993409
6069.68702899	0.0996830
6071.46023584	0.0961513
6073.23344268	0.0975866
6075.00664953	0.0967031
6076.77985637	0.0962991
6078.55306321	0.0955554
6080.32627006	0.0940656
6082.0994769	0.0898146
6083.87268375	0.0926318
6085.64589059	0.0992751
6087.41909744	0.0939810
6089.19230428	0.0891957
6090.96551113	0.0868460
6092.73871797	0.0888134
6094.51192482	0.0913829
6096.28513166	0.0914671
6098.05833851	0.0867540
6099.83154535	0.0836981
6101.60475219	0.0874422
6103.37795904	0.0868576
6105.15116588	0.0858503
6106.92437273	0.0832218
6108.69757957	0.0819906
6110.47078642	0.0858337
6112.24399326	0.0911445
6114.01720011	0.0905502
6115.79040695	0.0911288
6117.5636138	0.0871796
6119.33682064	0.0885837
6121.11002748	0.0927855
6122.88323433	0.0930957
6124.65644117	0.0889000
6126.42964802	0.0873510
6128.20285486	0.0898932
6129.97606171	0.0881461
6131.74926855	0.0907470
6133.5224754	0.0900115
6135.29568224	0.0862839
6137.06888909	0.0857442
6138.84209593	0.0904992
6140.61530278	0.0893740
6142.38850962	0.0923193
6144.16171646	0.0919455
6145.93492331	0.0887217
6147.70813015	0.0882868
6149.481337	0.0893520
6151.25454384	0.0928857
6153.02775069	0.0918167
6154.80095753	0.0885340
6156.57416438	0.0866779
6158.34737122	0.0861907
6160.12057807	0.0909563
6161.89378491	0.0879826
6163.66699175	0.0862198
6165.4401986	0.0874493
6167.21340544	0.0899396
6168.98661229	0.0899727
6170.75981913	0.0893074
6172.53302598	0.0872301
6174.30623282	0.0852201
6176.07943967	0.0862321
6177.85264651	0.0845020
6179.62585336	0.0901038
6181.3990602	0.0903829
6183.17226704	0.0853636
6184.94547389	0.0841133
6186.71868073	0.0839176
6188.49188758	0.0849606
6190.26509442	0.0832495
6192.03830127	0.0826874
6193.81150811	0.0868188
6195.58471496	0.0847707
6197.3579218	0.0850502
6199.13112865	0.0866372
6200.90433549	0.0846084
6202.67754234	0.0868822
6204.45074918	0.0855613
6206.22395602	0.0861748
6207.99716287	0.0875371
6209.77036971	0.0900928
6211.54357656	0.0912119
6213.3167834	0.0910219
6215.08999025	0.0904642
6216.86319709	0.0894614
6218.63640394	0.0886104
6220.40961078	0.0892165
6222.18281763	0.0874579
6223.95602447	0.0927707
6225.72923131	0.0919869
6227.50243816	0.0878723
6229.275645	0.0892395
6231.04885185	0.0926591
6232.82205869	0.0951672
6234.59526554	0.0931942
6236.36847238	0.0928624
6238.14167923	0.0950986
6239.91488607	0.0970682
6241.68809292	0.0946404
6243.46129976	0.0963858
6245.23450661	0.100437
6247.00771345	0.0984456
6248.78092029	0.0976274
6250.55412714	0.0996165
6252.32733398	0.0981323
6254.10054083	0.0997207
6255.87374767	0.0994850
6257.64695452	0.0984113
6259.42016136	0.101445
6261.19336821	0.102725
6262.96657505	0.103446
6264.7397819	0.106149
6266.51298874	0.104623
6268.28619558	0.107524
6270.05940243	0.107840
6271.83260927	0.109374
6273.60581612	0.107920
6275.37902296	0.106049
6277.15222981	0.109221
6278.92543665	0.110889
6280.6986435	0.109422
6282.47185034	0.113069
6284.24505719	0.112310
6286.01826403	0.110515
6287.79147088	0.109489
6289.56467772	0.113424
6291.33788456	0.114752
6293.11109141	0.114446
6294.88429825	0.117892
6296.6575051	0.120431
6298.43071194	0.120934
6300.20391879	0.120718
6301.97712563	0.120473
6303.75033248	0.123263
6305.52353932	0.123778
6307.29674617	0.122414
6309.06995301	0.120481
6310.84315985	0.123854
6312.6163667	0.122626
6314.38957354	0.122879
6316.16278039	0.123972
6317.93598723	0.127215
6319.70919408	0.122292
6321.48240092	0.122570
6323.25560777	0.125395
6325.02881461	0.126521
6326.80202146	0.126368
6328.5752283	0.126747
6330.34843514	0.125347
6332.12164199	0.125617
6333.89484883	0.127835
6335.66805568	0.127274
6337.44126252	0.125330
6339.21446937	0.128208
6340.98767621	0.124808
6342.76088306	0.127727
6344.5340899	0.128310
6346.30729675	0.125591
6348.08050359	0.125251
6349.85371044	0.128238
6351.62691728	0.127805
6353.40012412	0.127829
6355.17333097	0.129938
6356.94653781	0.131097
6358.71974466	0.129303
6360.4929515	0.127064
6362.26615835	0.127546
6364.03936519	0.128134
6365.81257204	0.131263
6367.58577888	0.130251
6369.35898573	0.128057
6371.13219257	0.124301
6372.90539941	0.126191
6374.67860626	0.129058
6376.4518131	0.128453
6378.22501995	0.126284
6379.99822679	0.126994
6381.77143364	0.128415
6383.54464048	0.129712
6385.31784733	0.127091
6387.09105417	0.126318
6388.86426102	0.129132
6390.63746786	0.126824
6392.41067471	0.126142
6394.18388155	0.127886
6395.95708839	0.128721
6397.73029524	0.126338
6399.50350208	0.122087
6401.27670893	0.121799
6403.04991577	0.125053
6404.82312262	0.126403
6406.59632946	0.127698
6408.36953631	0.128489
6410.14274315	0.126816
6411.91595	0.126467
6413.68915684	0.127888
6415.46236368	0.125682
6417.23557053	0.125469
6419.00877737	0.124470
6420.78198422	0.131500
6422.55519106	0.131455
6424.32839791	0.121288
6426.10160475	0.123261
6427.8748116	0.126219
6429.64801844	0.122394
6431.42122529	0.117421
6433.19443213	0.120438
6434.96763898	0.123097
6436.74084582	0.123001
6438.51405266	0.122926
6440.28725951	0.121232
6442.06046635	0.122686
6443.8336732	0.118356
6445.60688004	0.122753
6447.38008689	0.126006
6449.15329373	0.116836
6450.92650058	0.111437
6452.69970742	0.113946
6454.47291427	0.122239
6456.24612111	0.123872
6458.01932795	0.118222
6459.7925348	0.115964
6461.56574164	0.116290
6463.33894849	0.113604
6465.11215533	0.111870
6466.88536218	0.115690
6468.65856902	0.116845
6470.43177587	0.116945
6472.20498271	0.117679
6473.97818956	0.114571
6475.7513964	0.116631
6477.52460324	0.118498
6479.29781009	0.118840
6481.07101693	0.115707
6482.84422378	0.116085
6484.61743062	0.119080
6486.39063747	0.118671
6488.16384431	0.122930
6489.93705116	0.118571
6491.710258	0.111829
6493.48346485	0.114032
6495.25667169	0.118938
6497.02987854	0.117789
6498.80308538	0.114967
6500.57629222	0.114804
6502.34949907	0.115575
6504.12270591	0.116756
6505.89591276	0.120550
6507.6691196	0.119950
6509.44232645	0.116559
6511.21553329	0.117222
6512.98874014	0.113722
6514.76194698	0.112348
6516.53515383	0.115298
6518.30836067	0.120684
6520.08156751	0.120595
6521.85477436	0.116460
6523.6279812	0.115390
6525.40118805	0.118770
6527.17439489	0.120442
6528.94760174	0.119161
6530.72080858	0.119758
6532.49401543	0.117058
6534.26722227	0.121013
6536.04042912	0.116542
6537.81363596	0.117085
6539.58684281	0.120642
6541.36004965	0.119792
6543.13325649	0.119936
6544.90646334	0.121250
6546.67967018	0.120896
6548.45287703	0.121697
6550.22608387	0.123802
6551.99929072	0.126206
6553.77249756	0.126508
6555.54570441	0.132382
6557.31891125	0.131143
6559.0921181	0.130693
6560.86532494	0.136224
6562.63853178	0.131497
6564.41173863	0.128686
6566.18494547	0.127423
6567.95815232	0.124311
6569.73135916	0.126186
6571.50456601	0.128020
6573.27777285	0.127056
6575.0509797	0.122411
6576.82418654	0.125967
6578.59739339	0.131200
6580.37060023	0.128619
6582.14380708	0.130560
6583.91701392	0.126178
6585.69022076	0.124554
6587.46342761	0.125412
6589.23663445	0.126960
6591.0098413	0.124624
6592.78304814	0.122096
6594.55625499	0.126385
6596.32946183	0.124471
6598.10266868	0.121802
6599.87587552	0.124495
6601.64908237	0.120227
6603.42228921	0.118992
6605.19549605	0.119199
6606.9687029	0.124933
6608.74190974	0.123950
6610.51511659	0.120072
6612.28832343	0.119915
6614.06153028	0.117226
6615.83473712	0.119266
6617.60794397	0.121113
6619.38115081	0.119640
6621.15435766	0.118482
6622.9275645	0.121415
6624.70077134	0.119542
6626.47397819	0.113610
6628.24718503	0.119148
6630.02039188	0.120211
6631.79359872	0.120111
6633.56680557	0.119311
6635.34001241	0.113274
6637.11321926	0.113610
6638.8864261	0.117350
6640.65963295	0.118549
6642.43283979	0.119993
6644.20604664	0.117691
6645.97925348	0.116386
6647.75246032	0.119104
6649.52566717	0.120234
6651.29887401	0.116764
6653.07208086	0.114347
6654.8452877	0.112360
6656.61849455	0.113220
6658.39170139	0.112031
6660.16490824	0.111724
6661.93811508	0.113852
6663.71132193	0.116670
6665.48452877	0.117300
6667.25773561	0.112851
6669.03094246	0.108977
6670.8041493	0.113077
6672.57735615	0.115989
6674.35056299	0.112138
6676.12376984	0.106956
6677.89697668	0.108091
6679.67018353	0.105206
6681.44339037	0.108690
6683.21659722	0.111571
6684.98980406	0.110524
6686.76301091	0.108096
6688.53621775	0.109597
6690.30942459	0.109395
6692.08263144	0.108545
6693.85583828	0.110185
6695.62904513	0.112300
6697.40225197	0.111732
6699.17545882	0.108822
6700.94866566	0.110883
6702.72187251	0.111278
6704.49507935	0.112031
6706.2682862	0.111075
6708.04149304	0.109265
6709.81469988	0.108149
6711.58790673	0.111166
6713.36111357	0.109700
6715.13432042	0.106156
6716.90752726	0.109732
6718.68073411	0.107590
6720.45394095	0.105913
6722.2271478	0.107339
6724.00035464	0.107548
6725.77356149	0.106756
6727.54676833	0.105940
6729.31997518	0.108361
6731.09318202	0.107716
6732.86638886	0.103387
6734.63959571	0.101584
6736.41280255	0.102056
6738.1860094	0.0939815
6739.95921624	0.0954034
6741.73242309	0.0972865
6743.50562993	0.105861
6745.27883678	0.102481
6747.05204362	0.0952608
6748.82525047	0.0980489
6750.59845731	0.103806
6752.37166415	0.109212
6754.144871	0.107803
6755.91807784	0.102250
6757.69128469	0.100101
6759.46449153	0.103491
6761.23769838	0.106363
6763.01090522	0.100151
6764.78411207	0.0973865
6766.55731891	0.102317
6768.33052576	0.100590
6770.1037326	0.102944
6771.87693944	0.103143
6773.65014629	0.101563
6775.42335313	0.101594
6777.19655998	0.0973039
6778.96976682	0.0953671
6780.74297367	0.0971275
6782.51618051	0.0962073
6784.28938736	0.0981359
6786.0625942	0.0963919
6787.83580105	0.0962390
6789.60900789	0.0945991
6791.38221474	0.0922885
6793.15542158	0.0908925
6794.92862842	0.0933496
6796.70183527	0.101699
6798.47504211	0.0986902
6800.24824896	0.0964809
6802.0214558	0.0942261
6803.79466265	0.0933442
6805.56786949	0.0951214
6807.34107634	0.0938178
6809.11428318	0.0940230
6810.88749003	0.0972965
6812.66069687	0.0916837
6814.43390371	0.0912179
6816.20711056	0.0929838
6817.9803174	0.0923096
6819.75352425	0.0966199
6821.52673109	0.0980389
6823.29993794	0.0944163
6825.07314478	0.0942595
6826.84635163	0.0981488
6828.61955847	0.0958825
6830.39276532	0.0956161
6832.16597216	0.0957980
6833.93917901	0.0965878
6835.71238585	0.0931240
6837.48559269	0.0914383
6839.25879954	0.0884001
6841.03200638	0.0865721
6842.80521323	0.0921957
6844.57842007	0.0909995
6846.35162692	0.0903074
6848.12483376	0.0939882
6849.89804061	0.0909721
6851.67124745	0.0885098
6853.4444543	0.0891249
6855.21766114	0.0909656
6856.99086798	0.0903302
6858.76407483	0.0884473
6860.53728167	0.0903492
6862.31048852	0.0893299
6864.08369536	0.0877959
6865.85690221	0.0868110
6867.63010905	0.0845997
6869.4033159	0.0825800
6871.17652274	0.0919760
6872.94972959	0.0939396
6874.72293643	0.0890961
6876.49614328	0.0895765
6878.26935012	0.0912541
6880.04255696	0.0844547
6881.81576381	0.0782029
6883.58897065	0.0835455
6885.3621775	0.0843460
6887.13538434	0.0883871
6888.90859119	0.0882361
6890.68179803	0.0876209
6892.45500488	0.0932177
6894.22821172	0.0906467
6896.00141857	0.0879177
6897.77462541	0.0866801
6899.54783225	0.0870458
6901.3210391	0.0846362
6903.09424594	0.0842343
6904.86745279	0.0860838
6906.64065963	0.0849939
6908.41386648	0.0812767
6910.18707332	0.0856506
6911.96028017	0.0838576
6913.73348701	0.0807575
6915.50669386	0.0843182
6917.2799007	0.0834142
6919.05310754	0.0847496
6920.82631439	0.0869836
6922.59952123	0.0868888
6924.37272808	0.0846755
6926.14593492	0.0844272
6927.91914177	0.0836946
6929.69234861	0.0830039
6931.46555546	0.0809775
6933.2387623	0.0812474
6935.01196915	0.0807842
6936.78517599	0.0798351
6938.55838284	0.0816016
6940.33158968	0.0814988
6942.10479652	0.0842514
6943.87800337	0.0859687
6945.65121021	0.0879000
6947.42441706	0.0887636
6949.1976239	0.0875850
6950.97083075	0.0896708
6952.74403759	0.0934325
6954.51724444	0.0923333
6956.29045128	0.0925068
6958.06365813	0.0988041
6959.83686497	0.0925027
6961.61007181	0.0858356
6963.38327866	0.0783919
6965.1564855	0.0764244
6966.92969235	0.0696178
6968.70289919	0.0690507
6970.47610604	0.0788771
6972.24931288	0.0841652
6974.02251973	0.0897291
6975.79572657	0.0880659
6977.56893342	0.0912445
6979.34214026	0.0942129
6981.11534711	0.0897630
6982.88855395	0.0848903
6984.66176079	0.0869091
6986.43496764	0.0863588
6988.20817448	0.0914176
6989.98138133	0.0882348
6991.75458817	0.0830796
6993.52779502	0.0834388
6995.30100186	0.0843397
6997.07420871	0.0855379
6998.84741555	0.0861385
7000.6206224	0.0827023
7002.39382924	0.0786960
7004.16703608	0.0860346
7005.94024293	0.0875327
7007.71344977	0.0865183
7009.48665662	0.0885950
7011.25986346	0.0861880
7013.03307031	0.0851806
7014.80627715	0.0871669
7016.579484	0.0856894
7018.35269084	0.0882881
7020.12589769	0.0889055
7021.89910453	0.0870475
7023.67231138	0.0901099
7025.44551822	0.0865085
7027.21872506	0.0904035
7028.99193191	0.0907874
7030.76513875	0.0944651
7032.5383456	0.0901857
7034.31155244	0.0903202
7036.08475929	0.0946262
7037.85796613	0.0881906
7039.63117298	0.0874581
7041.40437982	0.0896582
7043.17758667	0.0884409
7044.95079351	0.0919164
7046.72400035	0.0884150
7048.4972072	0.0822234
7050.27041404	0.0821419
7052.04362089	0.0855352
7053.81682773	0.0875289
7055.59003458	0.0875187
7057.36324142	0.0837483
7059.13644827	0.0813375
7060.90965511	0.0884543
7062.68286196	0.0949234
7064.4560688	0.0948101
7066.22927565	0.0920946
7068.00248249	0.0918925
7069.77568933	0.0944761
7071.54889618	0.0914650
7073.32210302	0.0889142
7075.09530987	0.0907383
7076.86851671	0.0862727
7078.64172356	0.0810537
7080.4149304	0.0848908
7082.18813725	0.0859580
7083.96134409	0.0830837
7085.73455094	0.0843087
7087.50775778	0.0900963
7089.28096462	0.0960342
7091.05417147	0.0907100
7092.82737831	0.0885076
7094.60058516	0.0862028
7096.373792	0.0845813
7098.14699885	0.0842697
7099.92020569	0.0820506
7101.69341254	0.0893440
7103.46661938	0.0910155
7105.23982623	0.0924543
7107.01303307	0.0917324
7108.78623991	0.0891530
7110.55944676	0.0909746
7112.3326536	0.0912219
7114.10586045	0.0896809
7115.87906729	0.0876711
7117.65227414	0.0908019
7119.42548098	0.0956521
7121.19868783	0.0880799
7122.97189467	0.0866613
7124.74510152	0.0892136
7126.51830836	0.0891038
7128.29151521	0.0908718
7130.06472205	0.0911985
7131.83792889	0.0892280
7133.61113574	0.0894410
7135.38434258	0.0899724
7137.15754943	0.0906260
7138.93075627	0.0901935
7140.70396312	0.0845464
7142.47716996	0.0826937
7144.25037681	0.0805122
7146.02358365	0.0853718
7147.7967905	0.0887836
7149.56999734	0.0875555
7151.34320418	0.0874549
7153.11641103	0.0861739
7154.88961787	0.0870575
7156.66282472	0.0867286
7158.43603156	0.0849536
7160.20923841	0.0854156
7161.98244525	0.0874176
7163.7556521	0.0897238
7165.52885894	0.0858961
7167.30206579	0.0877601
7169.07527263	0.0922417
7170.84847948	0.0874469
7172.62168632	0.0947471
7174.39489316	0.0982137
7176.16810001	0.0903914
7177.94130685	0.0911287
7179.7145137	0.0943948
7181.48772054	0.0951466
7183.26092739	0.0962448
7185.03413423	0.0994571
7186.80734108	0.101061
7188.58054792	0.101206
7190.35375477	0.100062
7192.12696161	0.0990208
7193.90016845	0.101884
7195.6733753	0.100679
7197.44658214	0.104180
7199.21978899	0.107195
7200.99299583	0.106575
7202.76620268	0.108974
7204.53940952	0.113848
7206.31261637	0.112859
7208.08582321	0.114137
7209.85903006	0.118890
7211.6322369	0.117595
7213.40544375	0.114171
7215.17865059	0.116673
7216.95185743	0.115518
7218.72506428	0.114462
7220.49827112	0.115666
7222.27147797	0.118146
7224.04468481	0.120264
7225.81789166	0.117106
7227.5910985	0.115242
7229.36430535	0.118562
7231.13751219	0.123460
7232.91071904	0.123604
7234.68392588	0.123159
7236.45713272	0.122281
7238.23033957	0.123032
7240.00354641	0.121196
7241.77675326	0.131043
7243.5499601	0.131363
7245.32316695	0.129071
7247.09637379	0.134035
7248.86958064	0.135435
7250.64278748	0.138444
7252.41599433	0.140642
7254.18920117	0.139488
7255.96240801	0.139753
7257.73561486	0.141015
7259.5088217	0.143232
7261.28202855	0.148457
7263.05523539	0.149839
7264.82844224	0.151034
7266.60164908	0.154443
7268.37485593	0.157081
7270.14806277	0.156611
7271.92126962	0.160042
7273.69447646	0.166865
7275.46768331	0.171264
7277.24089015	0.172549
7279.01409699	0.170080
7280.78730384	0.169761
7282.56051068	0.165848
7284.33371753	0.159611
7286.10692437	0.159250
7287.88013122	0.165699
7289.65333806	0.163818
7291.42654491	0.165850
7293.19975175	0.171519
7294.9729586	0.170112
7296.74616544	0.174582
7298.51937228	0.175337
7300.29257913	0.174894
7302.06578597	0.181575
7303.83899282	0.185429
7305.61219966	0.185099
7307.38540651	0.187710
7309.15861335	0.181384
7310.9318202	0.178522
7312.70502704	0.181623
7314.47823389	0.179523
7316.25144073	0.178835
7318.02464758	0.177988
7319.79785442	0.179131
7321.57106126	0.178976
7323.34426811	0.180339
7325.11747495	0.177808
7326.8906818	0.172569
7328.66388864	0.174427
7330.43709549	0.168932
7332.21030233	0.164867
7333.98350918	0.160409
7335.75671602	0.156504
7337.52992287	0.152802
7339.30312971	0.147986
7341.07633655	0.142935
7342.8495434	0.141317
7344.62275024	0.137785
7346.39595709	0.132137
7348.16916393	0.136640
7349.94237078	0.134279
7351.71557762	0.133798
7353.48878447	0.136414
7355.26199131	0.137785
7357.03519816	0.132254
7358.808405	0.139543
7360.58161185	0.141573
7362.35481869	0.139614
7364.12802553	0.151839
7365.90123238	0.154204
7367.67443922	0.152191
7369.44764607	0.147061
7371.22085291	0.145685
7372.99405976	0.141180
7374.7672666	0.135654
7376.54047345	0.127541
7378.31368029	0.126895
7380.08688714	0.125310
7381.86009398	0.117061
7383.63330082	0.120333
7385.40650767	0.124393
7387.17971451	0.124412
7388.95292136	0.117235
7390.7261282	0.119299
7392.49933505	0.117021
7394.27254189	0.118934
7396.04574874	0.117045
7397.81895558	0.122023
7399.59216243	0.128193
7401.36536927	0.130591
7403.13857611	0.119043
7404.91178296	0.119350
7406.6849898	0.0984769
7408.45819665	0.0907599
7410.23140349	0.108440
7412.00461034	0.117235
7413.77781718	0.108402
7415.55102403	0.104769
7417.32423087	0.105665
7419.09743772	0.109720
7420.87064456	0.112131
7422.64385141	0.109515
7424.41705825	0.111140
7426.19026509	0.104807
7427.96347194	0.0976849
7429.73667878	0.0954609
7431.50988563	0.0989909
7433.28309247	0.0983194
7435.05629932	0.104920
7436.82950616	0.105405
7438.60271301	0.100390
7440.37591985	0.103420
7442.1491267	0.116170
7443.92233354	0.115634
7445.69554038	0.120535
7447.46874723	0.127016
7449.24195407	0.126254
7451.01516092	0.119746
7452.78836776	0.105242
7454.56157461	0.101554
7456.33478145	0.102619
7458.1079883	0.0988289
7459.88119514	0.103928
7461.65440199	0.106734
7463.42760883	0.103310
7465.20081568	0.0989381
7466.97402252	0.0958598
7468.74722936	0.101412
7470.52043621	0.112818
7472.29364305	0.112885
7474.0668499	0.107962
7475.84005674	0.113108
7477.61326359	0.106544
7479.38647043	0.0947004
7481.15967728	0.0963409
7482.93288412	0.0984895
7484.70609097	0.0928651
7486.47929781	0.0882397
7488.25250465	0.0927448
7490.0257115	0.0937285
7491.79891834	0.0914425
7493.57212519	0.0912784
7495.34533203	0.0933211
7497.11853888	0.0991669
7498.89174572	0.0970619
7500.66495257	0.101756
7502.43815941	0.104250
7504.21136626	0.100221
7505.9845731	0.100022
7507.75777995	0.0915407
7509.53098679	0.0823528
7511.30419363	0.0796860
7513.07740048	0.0795714
7514.85060732	0.0862827
7516.62381417	0.0881864
7518.39702101	0.0907845
7520.17022786	0.0886068
7521.9434347	0.0901160
7523.71664155	0.0877923
7525.48984839	0.0881479
7527.26305524	0.0896696
7529.03626208	0.0906361
7530.80946892	0.0896647
7532.58267577	0.0914184
7534.35588261	0.0938465
7536.12908946	0.0879570
7537.9022963	0.0771320
7539.67550315	0.0764897
7541.44870999	0.0717530
7543.22191684	0.0736260
7544.99512368	0.0795384
7546.76833053	0.0788269
7548.54153737	0.0754106
7550.31474421	0.0785289
7552.08795106	0.0772820
7553.8611579	0.0715563
7555.63436475	0.0731354
7557.40757159	0.0769009
7559.18077844	0.0780331
7560.95398528	0.0764123
7562.72719213	0.0770745
7564.50039897	0.0791299
7566.27360582	0.0831572
7568.04681266	0.0812143
7569.82001951	0.0765619
7571.59322635	0.0818705
7573.36643319	0.0864300
7575.13964004	0.0825272
7576.91284688	0.0843488
7578.68605373	0.0826762
7580.45926057	0.0784483
7582.23246742	0.0756351
7584.00567426	0.0743696
7585.77888111	0.0740650
7587.55208795	0.0695851
7589.3252948	0.0665674
7591.09850164	0.0684743
7592.87170848	0.0711920
7594.64491533	0.0705820
7596.41812217	0.0689052
7598.19132902	0.0677310
7599.96453586	0.0679020
7601.73774271	0.0696427
7603.51094955	0.0672232
7605.2841564	0.0687104
7607.05736324	0.0715216
7608.83057009	0.0714830
7610.60377693	0.0685860
7612.37698378	0.0657547
7614.15019062	0.0672358
7615.92339746	0.0704590
7617.69660431	0.0705657
7619.46981115	0.0695651
7621.243018	0.0705213
7623.01622484	0.0706574
7624.78943169	0.0737614
7626.56263853	0.0704363
7628.33584538	0.0675077
7630.10905222	0.0696196
7631.88225907	0.0698462
7633.65546591	0.0674023
7635.42867275	0.0663457
7637.2018796	0.0717759
7638.97508644	0.0788976
7640.74829329	0.0773929
7642.52150013	0.0735090
7644.29470698	0.0778292
7646.06791382	0.0803934
7647.84112067	0.0804282
7649.61432751	0.0774352
7651.38753436	0.0747482
7653.1607412	0.0807893
7654.93394805	0.0777648
7656.70715489	0.0732794
7658.48036173	0.0743470
7660.25356858	0.0818074
7662.02677542	0.0798265
7663.79998227	0.0851220
7665.57318911	0.0830806
7667.34639596	0.0757108
7669.1196028	0.0734661
7670.89280965	0.0773917
7672.66601649	0.0631386
7674.43922334	0.0580182
7676.21243018	0.0668661
7677.98563702	0.0674147
7679.75884387	0.0722828
7681.53205071	0.0705418
7683.30525756	0.0747810
7685.0784644	0.0766761
7686.85167125	0.0751968
7688.62487809	0.0728835
7690.39808494	0.0771952
7692.17129178	0.0843720
7693.94449863	0.0823108
7695.71770547	0.0777436
7697.49091231	0.0814968
7699.26411916	0.0836119
7701.037326	0.0809437
7702.81053285	0.0756760
7704.58373969	0.0777848
7706.35694654	0.0851841
7708.13015338	0.0845865
7709.90336023	0.0875403
7711.67656707	0.0900305
7713.44977392	0.0834147
7715.22298076	0.0848635
7716.99618761	0.0883768
7718.76939445	0.0934034
7720.54260129	0.0915035
7722.31580814	0.0895706
7724.08901498	0.0929010
7725.86222183	0.0884627
7727.63542867	0.0885989
7729.40863552	0.0862784
7731.18184236	0.0862021
7732.95504921	0.0890929
7734.72825605	0.0839296
7736.5014629	0.0890435
7738.27466974	0.0851255
7740.04787658	0.0898485
7741.82108343	0.0943516
7743.59429027	0.0913223
7745.36749712	0.0932420
7747.14070396	0.0930596
7748.91391081	0.0922036
7750.68711765	0.0961525
7752.4603245	0.0971194
7754.23353134	0.0969067
7756.00673819	0.0956485
7757.77994503	0.0953946
7759.55315188	0.0992347
7761.32635872	0.0960418
7763.09956556	0.0954834
7764.87277241	0.0933648
7766.64597925	0.0808396
7768.4191861	0.0751806
7770.19239294	0.0813914
7771.96559979	0.0789213
7773.73880663	0.0761843
7775.51201348	0.0845316
7777.28522032	0.0843060
7779.05842717	0.0865304
7780.83163401	0.0921569
7782.60484085	0.100289
7784.3780477	0.111937
7786.15125454	0.102256
7787.92446139	0.101570
7789.69766823	0.110097
7791.47087508	0.107729
7793.24408192	0.105909
7795.01728877	0.106066
7796.79049561	0.101883
7798.56370246	0.101727
7800.3369093	0.106643
7802.11011615	0.105449
7803.88332299	0.104919
7805.65652983	0.108867
7807.42973668	0.104447
7809.20294352	0.101395
7810.97615037	0.106129
7812.74935721	0.101737
7814.52256406	0.0967371
7816.2957709	0.101234
7818.06897775	0.107197
7819.84218459	0.111017
7821.61539144	0.106703
7823.38859828	0.108339
7825.16180512	0.109370
7826.93501197	0.113116
7828.70821881	0.111244
7830.48142566	0.109737
7832.2546325	0.111271
7834.02783935	0.109412
7835.80104619	0.112583
7837.57425304	0.118346
7839.34745988	0.108166
7841.12066673	0.0999371
7842.89387357	0.106391
7844.66708041	0.108960
7846.44028726	0.107007
7848.2134941	0.115549
7849.98670095	0.113200
7851.75990779	0.110068
7853.53311464	0.109828
7855.30632148	0.104075
7857.07952833	0.112392
7858.85273517	0.111191
7860.62594202	0.110420
7862.39914886	0.107964
7864.17235571	0.104166
7865.94556255	0.0986952
7867.71876939	0.101356
7869.49197624	0.0991717
7871.26518308	0.0959553
7873.03838993	0.103299
7874.81159677	0.106503
7876.58480362	0.101719
7878.35801046	0.106899
7880.13121731	0.106711
7881.90442415	0.0971809
7883.677631	0.0987494
7885.45083784	0.0990021
7887.22404468	0.0961722
7888.99725153	0.0981530
7890.77045837	0.107543
7892.54366522	0.112012
7894.31687206	0.108698
7896.09007891	0.0980165
7897.86328575	0.0968995
7899.6364926	0.105723
7901.40969944	0.104490
7903.18290629	0.102599
7904.95611313	0.0954004
7906.72931998	0.100067
7908.50252682	0.104515
7910.27573366	0.110885
7912.04894051	0.106056
7913.82214735	0.0978301
7915.5953542	0.0955844
7917.36856104	0.0952422
7919.14176789	0.101067
7920.91497473	0.0996035
7922.68818158	0.0987823
7924.46138842	0.111415
7926.23459527	0.111602
7928.00780211	0.0988021
7929.78100895	0.0966913
7931.5542158	0.0929470
7933.32742264	0.0932209
7935.10062949	0.0962287
7936.87383633	0.0938186
7938.64704318	0.0945445
7940.42025002	0.0933033
7942.19345687	0.0993540
7943.96666371	0.104374
7945.73987056	0.0868753
7947.5130774	0.0961090
7949.28628425	0.104726
7951.05949109	0.0934947
7952.83269793	0.0907811
7954.60590478	0.0917752
7956.37911162	0.0917680
7958.15231847	0.0971646
7959.92552531	0.0983330
7961.69873216	0.0894768
7963.471939	0.0926568
7965.24514585	0.101727
7967.01835269	0.0985979
7968.79155954	0.0898537
7970.56476638	0.0898010
7972.33797322	0.102594
7974.11118007	0.0956233
7975.88438691	0.0905126
7977.65759376	0.0935103
7979.4308006	0.0964712
7981.20400745	0.0913614
7982.97721429	0.0927539
7984.75042114	0.0966736
7986.52362798	0.0974412
7988.29683483	0.0908447
7990.07004167	0.0907664
7991.84324851	0.0926669
7993.61645536	0.0895217
7995.3896622	0.0898580
7997.16286905	0.0929894
7998.93607589	0.0925068
8000.70928274	0.0909807
8002.48248958	0.0916816
8004.25569643	0.0872801
8006.02890327	0.0870043
8007.80211012	0.0899804
8009.57531696	0.0876065
8011.34852381	0.0880246
8013.12173065	0.0837445
8014.89493749	0.0806331
8016.66814434	0.0858840
8018.44135118	0.0861708
8020.21455803	0.0905773
8021.98776487	0.0902405
8023.76097172	0.0793025
8025.53417856	0.0762712
8027.30738541	0.0753344
8029.08059225	0.0799339
8030.8537991	0.0823279
8032.62700594	0.0799393
8034.40021278	0.0800668
8036.17341963	0.0779844
8037.94662647	0.0813564
8039.71983332	0.0811374
8041.49304016	0.0720929
8043.26624701	0.0753804
8045.03945385	0.0815043
8046.8126607	0.0757847
8048.58586754	0.0722562
8050.35907439	0.0755355
8052.13228123	0.0751299
8053.90548808	0.0764114
8055.67869492	0.0733570
8057.45190176	0.0756733
8059.22510861	0.0751259
8060.99831545	0.0683208
8062.7715223	0.0585044
8064.54472914	0.0686484
8066.31793599	0.0669904
8068.09114283	0.0706165
8069.86434968	0.0742177
8071.63755652	0.0764860
8073.41076337	0.0730084
8075.18397021	0.0670917
8076.95717705	0.0706974
8078.7303839	0.0743340
8080.50359074	0.0771595
8082.27679759	0.0735751
8084.05000443	0.0765189
8085.82321128	0.0729792
8087.59641812	0.0665905
8089.36962497	0.0746483
8091.14283181	0.0738480
8092.91603866	0.0716304
8094.6892455	0.0746209
8096.46245235	0.0750373
8098.23565919	0.0695563
8100.00886603	0.0677844
8101.78207288	0.0702562
8103.55527972	0.0674747
8105.32848657	0.0641777
8107.10169341	0.0668660
8108.87490026	0.0676798
8110.6481071	0.0664962
8112.42131395	0.0664816
8114.19452079	0.0757521
8115.96772764	0.0722935
8117.74093448	0.0616205
8119.51414132	0.0633393
8121.28734817	0.0702386
8123.06055501	0.0738567
8124.83376186	0.0694911
8126.6069687	0.0711975
8128.38017555	0.0730185
8130.15338239	0.0693533
8131.92658924	0.0712203
8133.69979608	0.0679242
8135.47300293	0.0611735
8137.24620977	0.0594601
8139.01941661	0.0616135
8140.79262346	0.0681611
8142.5658303	0.0729482
8144.33903715	0.0709774
8146.11224399	0.0668267
8147.88545084	0.0633978
8149.65865768	0.0664335
8151.43186453	0.0688341
8153.20507137	0.0664774
8154.97827822	0.0663996
8156.75148506	0.0705489
8158.52469191	0.0652264
8160.29789875	0.0569368
8162.07110559	0.0614237
8163.84431244	0.0652492
8165.61751928	0.0628519
8167.39072613	0.0634689
8169.16393297	0.0628381
8170.93713982	0.0622341
8172.71034666	0.0626941
8174.48355351	0.0678207
8176.25676035	0.0695709
8178.0299672	0.0675895
8179.80317404	0.0616236
8181.57638088	0.0628903
8183.34958773	0.0755789
8185.12279457	0.0702926
8186.89600142	0.0691344
8188.66920826	0.0718009
8190.44241511	0.0675618
8192.21562195	0.0659643
8193.9888288	0.0677500
8195.76203564	0.0635588
8197.53524249	0.0574071
8199.30844933	0.0591486
