 1232.00     5.521E-15     1.299E-15
 1236.00     5.548E-15     1.367E-15
 1240.00     3.995E-15     1.829E-15
 1244.00     3.786E-15     2.690E-15
 1248.00     3.654E-15     3.065E-15
 1252.00     5.167E-15     3.143E-15
 1256.00     4.279E-15     1.865E-15
 1260.00     3.067E-15     1.674E-15
 1264.00     4.259E-15     2.569E-15
 1268.00     5.404E-15     4.090E-15
 1272.00     4.190E-15     9.973E-16
 1276.00     6.226E-15     4.302E-15
 1280.00     3.387E-15     1.154E-15
 1284.00     3.716E-15     1.797E-15
 1288.00     3.309E-15     1.069E-15
 1292.00     3.343E-15     1.606E-15
 1296.00     2.443E-15     1.395E-15
 1300.00     2.915E-15     2.598E-15
 1304.00     3.158E-15     2.704E-15
 1308.00     2.024E-15     1.548E-15
 1312.00     2.911E-15     1.196E-15
 1316.00     3.179E-15     1.491E-15
 1320.00     3.566E-15     3.338E-15
 1324.00     3.049E-15     1.401E-15
 1328.00     1.734E-15     1.377E-15
 1332.00     2.541E-15     1.420E-15
 1336.00     2.036E-15     1.536E-15
 1340.00     2.955E-15     3.682E-15
 1344.00     3.172E-15     2.149E-15
 1348.00     2.956E-15     2.239E-15
 1352.00     2.644E-15     1.023E-15
 1356.00     3.044E-15     1.213E-15
 1360.00     3.060E-15     1.602E-15
 1364.00     1.993E-15     1.198E-15
 1368.00     1.731E-15     1.588E-15
 1372.00     2.382E-15     8.656E-16
 1376.00     2.566E-15     1.871E-15
 1380.00     3.066E-15     2.318E-15
 1384.00     2.313E-15     1.026E-15
 1388.00     1.602E-15     1.342E-15
 1392.00     3.331E-15     3.777E-15
 1396.00     2.807E-15     1.149E-15
 1400.00     1.939E-15     3.031E-16
 1404.00     1.489E-15     4.929E-16
 1408.00     1.371E-15     7.534E-16
 1412.00     2.996E-15     2.868E-15
 1416.00     1.115E-15     1.518E-15
 1420.00     3.089E-15     2.266E-15
 1424.00     2.022E-15     8.689E-16
 1428.00     2.849E-15     1.786E-15
 1432.00     3.408E-15     2.386E-15
 1436.00     2.112E-15     2.090E-15
 1440.00     1.691E-15     1.702E-15
 1444.00     3.880E-15     3.204E-15
 1448.00     2.481E-15     1.924E-15
 1452.00     2.194E-15     1.083E-15
 1456.00     3.411E-15     1.497E-15
 1460.00     3.048E-15     1.527E-15
 1464.00     2.945E-15     1.448E-15
 1468.00     2.757E-15     1.500E-15
 1472.00     3.890E-15     1.773E-15
 1476.00     3.257E-15     8.805E-16
 1480.00     4.694E-15     2.355E-15
 1484.00     3.260E-15     2.072E-15
 1488.00     1.861E-15     1.526E-15
 1492.00     2.720E-15     2.522E-15
 1496.00     1.364E-15     1.068E-15
 1500.00     2.344E-15     1.975E-15
 1504.00     3.642E-15     4.921E-15
 1508.00     3.517E-15     2.079E-15
 1512.00     1.521E-15     8.858E-16
 1516.00     1.930E-15     1.742E-15
 1520.00     1.825E-15     1.641E-15
 1524.00     2.158E-15     1.054E-15
 1528.00     2.981E-15     3.266E-15
 1532.00     4.440E-15     2.313E-15
 1536.00     2.145E-15     1.431E-15
 1540.00     1.708E-15     8.086E-16
 1544.00     3.039E-15     2.851E-15
 1548.00     4.010E-15     3.843E-15
 1552.00     2.010E-15     1.053E-15
 1556.00     1.975E-15     2.211E-15
 1560.00     1.115E-15     1.191E-15
 1564.00     1.722E-15     9.802E-16
 1568.00     1.686E-15     3.575E-16
 1572.00     2.546E-15     3.036E-15
 1576.00     2.388E-15     1.726E-15
 1580.00     2.499E-15     2.523E-15
 1584.00     2.129E-15     1.787E-15
 1588.00     2.645E-15     1.160E-15
 1592.00     4.848E-15     2.774E-15
 1596.00     3.454E-15     2.744E-15
 1600.00     2.570E-15     2.369E-15
 1604.00     1.609E-15     1.332E-15
 1608.00     1.137E-15     8.848E-16
 1612.00     2.506E-15     1.807E-15
 1616.00     2.111E-15     1.436E-15
 1620.00     2.271E-15     1.584E-15
 1624.00     2.291E-15     2.253E-15
 1628.00     1.112E-15     1.522E-15
 1632.00     1.965E-15     1.514E-15
 1636.00     1.988E-15     1.806E-15
 1640.00     3.897E-15     3.958E-15
 1644.00     2.646E-15     1.170E-15
 1648.00     4.459E-15     4.929E-15
 1652.00     2.193E-15     2.519E-16
 1656.00     1.904E-15     1.454E-15
 1660.00     3.056E-15     2.417E-15
 1664.00     2.862E-15     3.695E-15
 1668.00     2.811E-15     1.696E-15
 1672.00     1.817E-15     1.706E-15
 1676.00     8.716E-16     8.098E-16
 1680.00     1.477E-15     1.176E-15
 1684.00     2.208E-15     1.330E-15
 1688.00     2.383E-15     6.428E-16
 1692.00     1.219E-15     7.340E-16
 1696.00     1.491E-15     1.042E-15
 1700.00     1.858E-15     1.398E-15
 1704.00     1.905E-15     1.541E-15
 1708.00     2.023E-15     1.527E-15
 1712.00     1.229E-15     4.955E-16
 1716.00     2.788E-15     2.340E-15
 1720.00     3.658E-15     1.908E-15
 1724.00     3.084E-15     1.847E-15
 1728.00     2.994E-15     2.866E-15
 1732.00     4.650E-15     3.652E-15
 1736.00     2.688E-15     1.291E-15
 1740.00     2.129E-15     5.549E-16
 1744.00     1.135E-15     9.648E-16
 1748.00     2.749E-15     1.982E-15
 1752.00     1.948E-15     1.215E-15
 1756.00     2.439E-15     2.573E-15
 1760.00     2.777E-15     1.767E-15
 1764.00     1.123E-15     7.740E-16
 1768.00     2.489E-15     2.319E-15
 1772.00     2.876E-15     2.622E-15
 1776.00     2.144E-15     2.160E-15
 1780.00     2.113E-15     2.043E-15
 1784.00     2.041E-15     2.052E-15
 1788.00     2.251E-15     1.628E-15
 1792.00     2.438E-15     2.277E-15
 1796.00     2.331E-15     3.127E-15
 1800.00     2.778E-15     3.975E-15
 1804.00     4.674E-15     5.128E-15
 1808.00     4.665E-15     4.637E-15
 1812.00     3.472E-15     3.283E-15
 1816.00     2.497E-15     2.366E-15
 1820.00     1.178E-15     1.323E-15
 1824.00     1.375E-15     1.022E-15
 1828.00     2.071E-15     1.333E-15
 1832.00     1.629E-15     1.262E-15
 1836.00     1.006E-15     6.351E-16
 1840.00     1.191E-15     5.561E-16
 1844.00     9.092E-16     8.850E-16
 1848.00     8.501E-16     7.059E-16
 1852.00     1.502E-15           NaN
 1856.00     1.888E-15     1.740E-15
 1860.00     2.073E-15     1.832E-15
 1864.00     1.307E-15     3.684E-16
 1868.00     2.032E-15     7.017E-16
 1872.00     1.108E-15     3.350E-16
 1876.00     1.304E-15     9.779E-16
 1880.00     1.249E-15     8.171E-16
 1884.00     1.626E-15     1.186E-15
 1888.00     1.512E-15     1.119E-15
 1892.00     1.525E-15     1.226E-15
 1896.00     1.291E-15     9.228E-16
 1900.00     1.455E-15     7.652E-16
 1904.00     1.675E-15     1.446E-15
 1908.00     1.313E-15     4.366E-16
 1912.00     9.207E-16     7.413E-16
 1916.00     1.034E-15     5.114E-16
 1920.00     9.360E-16     5.565E-16
 1924.00     9.052E-16     6.912E-16
 1928.00     8.966E-16     7.705E-16
 1932.00     1.162E-15     9.890E-16
 1936.00     2.178E-15     2.050E-15
 1940.00     2.755E-15     2.338E-15
 1944.00     2.877E-15     2.590E-15
 1948.00     2.202E-15     1.123E-15
 1952.00     2.855E-15     1.920E-15
 1956.00     3.011E-15     2.015E-15
 1960.00     5.656E-15     8.880E-15
 1964.00     3.666E-15     5.476E-15
 1968.00     4.176E-15     4.272E-15
 1972.00     7.445E-16     1.174E-15
 1976.00     8.494E-16           Inf
 1980.00     1.856E-15     1.487E-15
 1984.00     8.458E-16     9.112E-16
 1988.00     2.289E-15           Inf
 1992.00     5.281E-15     4.631E-15
 1996.00     4.068E-15     4.964E-15
 2000.00     2.877E-15           Inf
 2004.00     1.207E-15     1.173E-15
 2008.00     2.172E-15     3.544E-16
 2012.00     9.500E-16     1.206E-15
 2016.00     1.236E-15     9.937E-16
 2020.00     2.753E-15     2.237E-15
 2024.00     5.860E-15     5.590E-15
 2028.00     1.419E-15     1.677E-15
 2032.00     1.681E-15     1.425E-15
 2036.00     6.399E-15     6.484E-15
 2040.00     6.564E-16     5.414E-16
 2044.00     2.028E-15     1.232E-16
 2048.00     4.343E-15     4.387E-15
 2052.00     1.495E-15     1.679E-15
 2056.00     8.651E-15     9.359E-15
 2060.00     2.226E-15     1.624E-15
 2064.00     2.907E-15     3.841E-17
 2068.00     3.954E-15     3.444E-15
 2072.00     4.992E-15     5.162E-15
 2076.00     2.367E-15           Inf
 2080.00     6.040E-15     5.929E-15
 2084.00     2.449E-15     1.729E-15
 2088.00     1.683E-15     2.257E-15
 2092.00     1.758E-15     1.953E-15
 2096.00     1.353E-17           NaN
 2100.00     1.802E-15     1.426E-15
 2104.00     1.374E-15     1.439E-15
 2108.00     9.637E-16     3.825E-17
 2112.00     1.101E-15     1.256E-15
 2116.00     1.099E-15     1.337E-15
 2120.00     4.927E-15     4.831E-15
 2124.00     2.101E-15           Inf
 2128.00     1.669E-15     1.445E-15
 2132.00     1.686E-15     1.420E-15
 2136.00     3.390E-15           Inf
 2140.00     4.668E-15     4.444E-15
 2144.00     1.808E-15     1.466E-15
 2148.00     6.892E-16     1.157E-15
 2152.00     1.450E-15     1.051E-15
 2156.00     1.488E-15     1.637E-15
 2160.00     1.520E-15           Inf
 2164.00     6.382E-15     7.134E-15
 2168.00     2.604E-15     6.737E-17
 2172.00     4.186E-15     4.555E-15
 2176.00     2.112E-15     1.028E-15
 2180.00     2.328E-15     2.076E-15
 2184.00     3.859E-15     3.198E-15
 2188.00     1.044E-15     7.950E-16
 2192.00     3.345E-15     2.512E-15
 2196.00     2.741E-15     1.316E-15
 2200.00     5.132E-15     4.581E-15
 2204.00     4.321E-15     3.782E-15
 2208.00     2.439E-15     2.358E-15
 2212.00     9.812E-16     1.173E-15
 2216.00     3.455E-15     3.127E-15
 2220.00     4.878E-15     4.471E-15
 2224.00     3.041E-15     2.995E-15
 2228.00     1.250E-15     1.058E-15
 2232.00     5.237E-15     4.799E-15
 2236.00     3.764E-15     3.257E-15
 2240.00     5.355E-15     5.528E-15
 2244.00     3.418E-15     2.433E-15
 2248.00     2.859E-15     2.371E-15
 2252.00     7.304E-15     6.687E-15
 2256.00     1.536E-15     1.497E-15
 2260.00     1.557E-15     4.253E-16
 2264.00     2.281E-15     2.175E-17
 2268.00     1.457E-15     3.352E-16
 2272.00     7.654E-15     7.860E-15
 2276.00     2.884E-15     2.740E-15
 2280.00     3.146E-15     3.112E-15
 2284.00     2.320E-15     8.871E-16
 2288.00     4.178E-15     3.480E-15
 2292.00     2.632E-15     1.974E-15
 2296.00     8.864E-16     1.230E-15
 2300.00     1.482E-15     1.411E-15
 2304.00     5.105E-15     4.616E-15
 2308.00     1.200E-15     9.642E-16
 2312.00     4.175E-15     3.814E-15
 2316.00     1.314E-15     1.811E-15
 2320.00     2.921E-15     3.073E-15
 2324.00     2.395E-15     1.000E-17
 2328.00     2.187E-15     1.643E-15
 2332.00     2.076E-15     1.502E-15
 2336.00     1.569E-15     1.329E-15
 2340.00     8.799E-16     7.778E-16
 2344.00     2.162E-15     2.242E-15
 2348.00     1.531E-15     1.478E-15
 2352.00     1.433E-15     1.646E-15
 2356.00     1.006E-15     1.202E-15
 2360.00     1.740E-15     1.562E-15
 2364.00     6.178E-16     4.991E-16
 2368.00     2.360E-15     1.989E-15
 2372.00     8.162E-16     2.359E-16
 2376.00     5.455E-16     5.562E-16
 2380.00     3.169E-15     3.135E-15
 2384.00     8.269E-16     6.829E-16
 2388.00     8.284E-16     1.157E-15
 2392.00     1.248E-15     9.615E-16
 2396.00     1.567E-15     1.252E-15
 2400.00     1.227E-15     3.154E-16
 2404.00     1.640E-15     1.416E-15
 2408.00     8.673E-16     6.439E-16
 2412.00     1.789E-15     9.943E-16
 2416.00     1.711E-15     1.538E-15
 2420.00     1.627E-15     1.457E-15
 2424.00     2.106E-15     1.704E-15
 2428.00     2.645E-15     2.258E-15
 2432.00     1.168E-15     1.240E-15
 2436.00     1.567E-15     1.139E-15
 2440.00     2.091E-15     1.640E-15
 2444.00     3.002E-15     2.649E-15
 2448.00     1.873E-15     1.604E-15
 2452.00     1.763E-15     1.525E-15
 2456.00     1.560E-15     1.177E-15
 2460.00     7.724E-16     7.012E-16
 2464.00     1.504E-15     1.089E-15
 2468.00     1.561E-15     1.609E-16
 2472.00     1.595E-15     1.220E-15
 2476.00     1.651E-15     1.432E-15
 2480.00     1.149E-15     4.294E-16
 2484.00     1.842E-15     1.700E-15
 2488.00     7.067E-16     6.185E-16
 2492.00     2.284E-15     2.079E-15
 2496.00     1.421E-15     1.063E-15
 2500.00     8.136E-16     6.729E-16
 2504.00     1.374E-15     1.048E-15
 2508.00     1.461E-15     1.296E-15
 2512.00     9.599E-16     1.856E-16
 2516.00     1.314E-15     9.391E-16
 2520.00     6.232E-16     7.757E-17
 2524.00     9.141E-16     6.667E-16
 2528.00     6.656E-16     5.835E-16
 2532.00     1.274E-15     1.065E-15
 2536.00     1.537E-15     1.174E-15
 2540.00     1.457E-15     1.228E-15
 2544.00     1.010E-15     7.834E-16
 2548.00     1.483E-15     1.108E-15
 2552.00     1.469E-15     1.063E-15
 2556.00     7.171E-16     6.276E-16
 2560.00     1.049E-15     7.839E-16
 2564.00     1.753E-15     1.367E-15
 2568.00     7.850E-16     6.532E-16
 2572.00     2.115E-15     1.784E-15
 2576.00     1.163E-15     6.717E-16
 2580.00     1.758E-15     1.480E-15
 2584.00     2.075E-15     1.601E-15
 2588.00     1.251E-15     9.244E-16
 2592.00     2.199E-15     1.739E-15
 2596.00     1.940E-15     1.485E-15
 2600.00     2.031E-15     1.557E-15
 2604.00     1.102E-15     1.044E-15
 2608.00     2.287E-15     1.981E-15
 2612.00     2.038E-15     1.587E-15
 2616.00     2.046E-15     1.611E-15
 2620.00     9.901E-16     1.005E-15
 2624.00     2.042E-15     1.664E-15
 2628.00     1.898E-15     1.468E-15
 2632.00     2.868E-15     2.432E-15
 2636.00     2.329E-15     1.965E-15
 2640.00     2.291E-15     1.723E-15
 2644.00     2.725E-15     2.141E-15
 2648.00     3.449E-15     2.702E-15
 2652.00     2.538E-15     2.095E-15
 2656.00     3.146E-15     2.650E-15
 2660.00     2.664E-15     2.055E-15
 2664.00     2.359E-15     1.794E-15
 2668.00     2.659E-15     2.152E-15
 2672.00     2.254E-15     1.973E-15
 2676.00     2.069E-15     1.725E-15
 2680.00     2.389E-15     2.143E-15
 2684.00     2.507E-15     1.925E-15
 2688.00     3.267E-15     2.673E-15
 2692.00     2.976E-15     2.406E-15
 2696.00     2.987E-15     2.412E-15
 2700.00     2.666E-15     2.066E-15
 2704.00     2.773E-15     2.093E-15
 2708.00     2.104E-15     1.546E-15
 2712.00     2.260E-15     1.691E-15
 2716.00     1.970E-15     1.512E-15
 2720.00     2.441E-15     1.922E-15
 2724.00     1.690E-15     1.237E-15
 2728.00     1.689E-15     1.269E-15
 2732.00     1.886E-15     1.525E-15
 2736.00     2.329E-15     1.792E-15
 2740.00     1.920E-15     1.490E-15
 2744.00     1.817E-15     1.613E-15
 2748.00     1.736E-15     1.441E-15
 2752.00     2.626E-15     2.302E-15
 2756.00     2.685E-15     2.448E-15
 2760.00     2.477E-15     2.079E-15
 2764.00     2.497E-15     2.057E-15
 2768.00     2.566E-15     2.078E-15
 2772.00     2.594E-15     2.064E-15
 2776.00     2.209E-15     1.835E-15
 2780.00     2.689E-15     2.191E-15
 2784.00     1.559E-15     1.219E-15
 2788.00     1.376E-15     1.046E-15
 2792.00     1.612E-15     1.346E-15
 2796.00     1.497E-15     1.098E-15
 2800.00     1.621E-15     1.262E-15
 2804.00     1.482E-15     1.324E-15
 2808.00     1.905E-15     1.557E-15
 2812.00     2.700E-15     2.241E-15
 2816.00     2.254E-15     1.782E-15
 2820.00     2.694E-15     2.218E-15
 2824.00     2.939E-15     2.439E-15
 2828.00     2.706E-15     2.105E-15
 2832.00     2.619E-15     2.139E-15
 2836.00     2.624E-15     2.111E-15
 2840.00     2.635E-15     2.120E-15
 2844.00     2.344E-15     1.975E-15
 2848.00     2.174E-15     1.900E-15
 2852.00     2.001E-15     1.656E-15
 2856.00     2.462E-15     2.071E-15
 2860.00     2.672E-15     2.279E-15
 2864.00     2.749E-15     2.345E-15
 2868.00     2.683E-15     2.191E-15
 2872.00     2.729E-15     2.170E-15
 2876.00     3.651E-15     2.910E-15
 2880.00     3.288E-15     2.667E-15
 2884.00     3.111E-15     2.466E-15
 2888.00     2.705E-15     2.111E-15
 2892.00     3.560E-15     2.832E-15
 2896.00     4.066E-15     3.254E-15
 2900.00     4.305E-15     3.516E-15
 2904.00     4.529E-15     3.719E-15
 2908.00     4.297E-15     3.297E-15
 2912.00     3.890E-15     3.124E-15
 2916.00     4.067E-15     3.379E-15
 2920.00     3.657E-15     2.812E-15
 2924.00     3.710E-15     3.263E-15
 2928.00     4.079E-15     3.562E-15
 2932.00     3.531E-15     2.956E-15
 2936.00     3.407E-15     2.819E-15
 2940.00     4.409E-15     3.839E-15
 2944.00     4.669E-15     4.152E-15
 2948.00     3.812E-15     3.264E-15
 2952.00     4.511E-15     3.852E-15
 2956.00     4.422E-15     3.747E-15
 2960.00     3.832E-15     3.212E-15
 2964.00     4.077E-15     3.520E-15
 2968.00     4.684E-15     3.807E-15
 2972.00     4.362E-15     3.462E-15
 2976.00     4.439E-15     3.578E-15
 2980.00     4.235E-15     3.635E-15
 2984.00     3.870E-15     3.220E-15
 2988.00     3.674E-15     2.923E-15
 2992.00     3.281E-15     2.707E-15
 2996.00     2.886E-15     2.475E-15
 3000.00     3.420E-15     2.726E-15
 3004.00     4.436E-15     3.748E-15
 3008.00     5.084E-15     4.516E-15
 3012.00     5.071E-15     4.410E-15
 3016.00     4.479E-15     3.712E-15
 3020.00     4.264E-15     3.594E-15
 3024.00     4.263E-15     3.189E-15
 3028.00     4.492E-15     3.425E-15
 3032.00     4.015E-15     3.331E-15
 3036.00     4.012E-15     3.351E-15
 3040.00     4.378E-15     3.657E-15
 3044.00     4.626E-15     3.728E-15
 3048.00     5.443E-15     4.539E-15
 3052.00     4.117E-15     3.364E-15
 3056.00     3.784E-15     3.239E-15
 3060.00     5.409E-15     4.549E-15
 3064.00     5.579E-15     4.624E-15
 3068.00     5.340E-15     4.390E-15
 3072.00     5.581E-15     4.620E-15
 3076.00     4.865E-15     4.113E-15
 3080.00     4.723E-15     4.316E-15
 3084.00     4.672E-15     4.074E-15
 3088.00     3.908E-15     3.484E-15
 3092.00     2.828E-15     2.964E-15
 3096.00     4.959E-15     4.379E-15
 3100.00     5.572E-15     5.013E-15
 3104.00     7.018E-15     6.049E-15
 3108.00     4.294E-15     3.991E-15
 3112.00     3.165E-15     3.814E-15
 3116.00     5.161E-15     5.283E-15
 3120.00     5.274E-15     4.796E-15
 3124.00     5.809E-15     4.898E-15
 3128.00     3.952E-15     3.164E-15
 3132.00     3.938E-15     2.146E-15
 3136.00     3.382E-15     3.634E-15
 3140.00     4.177E-15     4.104E-15
 3144.00     4.192E-15     4.712E-15
 3148.00     4.769E-15     4.501E-15
 3152.00     4.314E-15     4.032E-15
 3156.00     2.642E-15     2.813E-15
 3160.00     3.045E-15     2.527E-15
 3164.00     4.053E-15     5.104E-15
 3168.00     5.176E-15     4.981E-15
 3172.00     6.048E-15     4.707E-15
 3176.00     4.986E-15     3.537E-15
 3180.00     3.974E-15     3.742E-15
 3184.00     4.930E-15     3.311E-15
 3188.00     4.590E-15     1.636E-15
 3192.00     5.800E-15     2.754E-15
 3196.00     7.093E-15     5.188E-15
 3200.00     7.955E-15     3.698E-15
 3204.00     8.332E-15     2.937E-15
 3208.00     7.259E-15     2.410E-15
 3212.00     6.639E-15     1.762E-15
 3216.00     6.019E-15     2.526E-15
 3220.00     1.116E-14     6.721E-15
 3224.00     1.286E-14     8.594E-15
 3228.00     9.842E-15     9.652E-15
 3232.00     5.218E-15     3.031E-15
 3236.00     5.967E-15     2.701E-15
 3240.00     6.508E-15     4.336E-15
 3244.00     7.351E-15     2.251E-15
 3248.00     1.089E-14     8.645E-15
 3252.00     6.290E-15     4.394E-15
 3256.00     6.620E-15     5.650E-15
 3260.00     8.742E-15     5.468E-15
 3264.00     7.222E-15     3.571E-15
 3268.00     8.764E-15     5.425E-15
 3272.00     9.586E-15     7.002E-15
 3276.00     9.253E-15     8.310E-15
 3280.00     9.710E-15     6.029E-15
 3284.00     1.120E-14     1.687E-15
 3288.00     1.143E-14     2.654E-16
 3292.00     1.198E-14     9.440E-16
 3296.00     1.218E-14     1.449E-15
 3300.00     1.242E-14     8.060E-16
 3304.00     1.272E-14     9.683E-16
 3308.00     1.265E-14     1.059E-15
 3312.00     1.208E-14     8.305E-16
 3316.00     1.188E-14     7.177E-16
 3320.00     1.183E-14     7.578E-16
 3324.00     1.134E-14     1.355E-15
 3328.00     1.144E-14     4.351E-16
 3332.00     1.122E-14     3.812E-16
 3336.00     1.088E-14     5.599E-16
 3340.00     1.122E-14     9.483E-16
 3344.00     1.141E-14     1.215E-15
 3348.00     1.114E-14     7.223E-16
 3352.00     1.101E-14     6.600E-16
 3356.00     1.117E-14     1.128E-15
 3360.00     1.087E-14     1.489E-15
 3364.00     1.027E-14     8.540E-16
 3368.00     1.007E-14     2.205E-16
 3372.00     1.015E-14     7.138E-16
 3376.00     1.006E-14     1.271E-15
 3380.00     1.005E-14     1.323E-15
 3384.00     1.052E-14     1.007E-15
 3388.00     1.098E-14     7.473E-16
 3392.00     1.101E-14     9.911E-16
 3396.00     1.123E-14     1.310E-15
 3400.00     1.203E-14     9.828E-16
 3404.00     1.238E-14     7.362E-16
 3408.00     1.196E-14     5.128E-16
 3412.00     1.189E-14     3.298E-16
 3416.00     1.191E-14     7.151E-16
 3420.00     1.172E-14     1.058E-15
 3424.00     1.151E-14     1.054E-15
 3428.00     1.195E-14     1.140E-15
 3432.00     1.228E-14     5.108E-16
 3436.00     1.205E-14     2.139E-16
 3440.00     1.182E-14     4.139E-16
 3444.00     1.155E-14     5.969E-16
 3448.00     1.120E-14     6.183E-16
 3452.00     1.132E-14     8.361E-16
 3456.00     1.156E-14     1.201E-15
 3460.00     1.146E-14     1.250E-15
 3464.00     1.149E-14     1.068E-15
 3468.00     1.162E-14     9.701E-16
 3472.00     1.191E-14     1.117E-15
 3476.00     1.184E-14     9.801E-16
 3480.00     1.189E-14     6.081E-16
 3484.00     1.189E-14     3.230E-16
 3488.00     1.181E-14     4.706E-16
 3492.00     1.220E-14     8.382E-16
 3496.00     1.235E-14     7.253E-16
 3500.00     1.196E-14     5.551E-16
 3504.00     1.189E-14     7.948E-16
 3508.00     1.255E-14     9.186E-16
 3512.00     1.301E-14     8.543E-16
 3516.00     1.299E-14     8.852E-16
 3520.00     1.289E-14     1.198E-15
 3524.00     1.267E-14     9.254E-16
 3528.00     1.244E-14     5.418E-16
 3532.00     1.277E-14     5.777E-16
 3536.00     1.311E-14     1.058E-15
 3540.00     1.326E-14     9.925E-16
 3544.00     1.336E-14     1.003E-15
 3548.00     1.351E-14     1.094E-15
 3552.00     1.370E-14     1.223E-15
 3556.00     1.323E-14     1.001E-15
 3560.00     1.264E-14     9.962E-16
 3564.00     1.241E-14     1.094E-15
 3568.00     1.190E-14     1.225E-15
 3572.00     1.112E-14     1.256E-15
 3576.00     1.058E-14     9.577E-16
 3580.00     1.005E-14     6.443E-16
 3584.00     9.518E-15     6.355E-16
 3588.00     9.638E-15     8.829E-16
 3592.00     1.043E-14     1.228E-15
 3596.00     1.119E-14     1.508E-15
 3600.00     1.202E-14     1.785E-15
 3604.00     1.268E-14     1.319E-15
 3608.00     1.319E-14     8.773E-16
 3612.00     1.347E-14     8.627E-16
 3616.00     1.360E-14     1.229E-15
 3620.00     1.381E-14     1.091E-15
 3624.00     1.405E-14     1.267E-15
 3628.00     1.448E-14     1.081E-15
 3632.00     1.481E-14     1.015E-15
 3636.00     1.475E-14     8.642E-16
 3640.00     1.474E-14     6.701E-16
 3644.00     1.499E-14     1.013E-15
 3648.00     1.521E-14     9.962E-16
 3652.00     1.536E-14     9.009E-16
 3656.00     1.581E-14     1.218E-15
 3660.00     1.641E-14     1.674E-15
 3664.00     1.734E-14     1.908E-15
 3668.00     1.777E-14     1.749E-15
 3672.00     1.846E-14     1.460E-15
 3676.00     1.725E-14     1.137E-15
 3680.00     1.701E-14     1.231E-15
 3684.00     1.605E-14     1.698E-15
 3688.00     1.617E-14     1.267E-15
 3692.00     1.736E-14     4.897E-16
 3696.00     1.725E-14     7.316E-16
 3700.00     1.796E-14     1.888E-15
 3704.00     1.729E-14     1.358E-15
 3708.00     1.747E-14     1.494E-15
 3712.00     1.679E-14     8.669E-16
 3716.00     1.800E-14     1.829E-15
 3720.00     1.556E-14     2.074E-15
 3724.00     1.612E-14     1.576E-15
 3728.00     1.676E-14     3.169E-15
 3732.00     1.566E-14     3.672E-15
 3736.00     1.467E-14     3.184E-15
 3740.00     1.282E-14     1.232E-15
 3744.00     1.304E-14     1.422E-15
 3748.00     1.288E-14     7.648E-16
 3752.00     1.295E-14     7.305E-16
 3756.00     1.444E-14     9.527E-16
 3760.00     1.502E-14     7.278E-16
 3764.00     1.575E-14     1.598E-15
 3768.00     1.396E-14     1.278E-15
 3772.00     1.571E-14     1.259E-15
 3776.00     1.781E-14     1.247E-15
 3780.00     1.838E-14     1.377E-15
 3784.00     1.840E-14     1.452E-15
 3788.00     1.707E-14     1.793E-15
 3792.00     1.595E-14     1.607E-15
 3796.00     1.581E-14     1.762E-15
 3800.00     1.454E-14     8.015E-16
 3804.00     1.564E-14     1.724E-15
 3808.00     1.703E-14     1.165E-15
 3812.00     1.561E-14     1.598E-15
 3816.00     1.433E-14     2.086E-15
 3820.00     1.272E-14     8.900E-16
 3824.00     1.139E-14     1.663E-15
 3828.00     1.016E-14     1.231E-15
 3832.00     9.542E-15     8.770E-16
 3836.00     9.067E-15     6.349E-16
 3840.00     1.022E-14     6.724E-16
 3844.00     1.178E-14     1.089E-15
 3848.00     1.202E-14     8.938E-16
 3852.00     1.303E-14     1.515E-15
 3856.00     1.254E-14     1.691E-15
 3860.00     1.244E-14     8.813E-16
 3864.00     1.349E-14     8.743E-16
 3868.00     1.337E-14     1.268E-15
 3872.00     1.319E-14     1.515E-15
 3876.00     1.351E-14     1.110E-15
 3880.00     1.332E-14     1.054E-15
 3884.00     1.474E-14     7.167E-16
 3888.00     1.600E-14     7.489E-16
 3892.00     1.708E-14     5.772E-16
 3896.00     1.817E-14     9.265E-16
 3900.00     1.826E-14     7.339E-16
 3904.00     1.859E-14     1.002E-15
 3908.00     1.916E-14     8.922E-16
 3912.00     2.027E-14     1.452E-15
 3916.00     1.994E-14     1.345E-15
 3920.00     1.823E-14     1.263E-15
 3924.00     1.569E-14     8.821E-16
 3928.00     1.227E-14     1.289E-15
 3932.00     1.029E-14     4.938E-16
 3936.00     1.002E-14     5.055E-16
 3940.00     1.216E-14     8.838E-16
 3944.00     1.508E-14     8.510E-16
 3948.00     1.788E-14     7.030E-16
 3952.00     1.901E-14     1.093E-15
 3956.00     1.891E-14     1.631E-15
 3960.00     1.528E-14     2.550E-15
 3964.00     1.266E-14     1.337E-15
 3968.00     1.136E-14     9.369E-16
 3972.00     1.279E-14     1.068E-15
 3976.00     1.718E-14     7.006E-16
 3980.00     2.127E-14     4.723E-16
 3984.00     2.391E-14     5.578E-16
 3988.00     2.484E-14     1.163E-15
 3992.00     2.570E-14     1.031E-15
 3996.00     2.721E-14     1.142E-15
 4000.00     2.784E-14     6.546E-16
 4004.00     2.839E-14     9.638E-16
 4008.00     2.969E-14     8.206E-16
 4012.00     2.884E-14     1.671E-15
 4016.00     3.113E-14     1.778E-15
 4020.00     2.999E-14     1.776E-15
 4024.00     2.935E-14     2.553E-15
 4028.00     2.749E-14     2.151E-15
 4032.00     2.833E-14     2.098E-15
 4036.00     2.799E-14     1.386E-15
 4040.00     2.829E-14     1.492E-15
 4044.00     2.750E-14     1.067E-15
 4048.00     2.730E-14     4.579E-16
 4052.00     2.731E-14     1.246E-15
 4056.00     2.845E-14     1.635E-15
 4060.00     2.711E-14     2.181E-15
 4064.00     2.675E-14     1.417E-15
 4068.00     2.685E-14     1.017E-15
 4072.00     2.718E-14     1.403E-15
 4076.00     2.747E-14     1.642E-15
 4080.00     2.843E-14     1.192E-15
 4084.00     2.995E-14     1.647E-15
 4088.00     3.042E-14     2.249E-15
 4092.00     3.072E-14     2.565E-15
 4096.00     2.912E-14     2.162E-15
 4100.00     2.693E-14     1.426E-15
 4104.00     2.574E-14     1.847E-15
 4108.00     2.813E-14     1.647E-15
 4112.00     2.800E-14     1.441E-15
 4116.00     2.868E-14     2.131E-15
 4120.00     2.825E-14     1.881E-15
 4124.00     2.888E-14     2.577E-15
 4128.00     2.864E-14     2.206E-15
 4132.00     2.803E-14     2.214E-15
 4136.00     2.761E-14     1.687E-15
 4140.00     2.697E-14     1.525E-15
 4144.00     2.753E-14     1.715E-15
 4148.00     2.755E-14     1.488E-15
 4152.00     2.586E-14     1.820E-15
 4156.00     2.677E-14     1.844E-15
 4160.00     2.713E-14     1.454E-15
 4164.00     2.772E-14     1.946E-15
 4168.00     2.795E-14     2.261E-15
 4172.00     2.631E-14     1.220E-15
 4176.00     2.685E-14     1.476E-15
 4180.00     2.664E-14     1.726E-15
 4184.00     2.749E-14     1.319E-15
 4188.00     2.736E-14     1.496E-15
 4192.00     2.782E-14     2.502E-15
 4196.00     2.742E-14     2.172E-15
 4200.00     2.733E-14     1.315E-15
 4204.00     2.829E-14     1.239E-15
 4208.00     2.948E-14     1.890E-15
 4212.00     3.009E-14     1.237E-15
 4216.00     3.011E-14     2.043E-15
 4220.00     2.987E-14     2.488E-15
 4224.00     2.867E-14     2.181E-15
 4228.00     2.749E-14     1.964E-15
 4232.00     2.857E-14     1.348E-15
 4236.00     3.037E-14     1.211E-15
 4240.00     3.226E-14     1.285E-15
 4244.00     3.288E-14     1.358E-15
 4248.00     3.263E-14     1.862E-15
 4252.00     3.201E-14     1.013E-15
 4256.00     3.131E-14     2.534E-15
 4260.00     3.266E-14     2.031E-15
 4264.00     3.342E-14     2.100E-15
 4268.00     3.192E-14     3.309E-15
 4272.00     3.113E-14     2.522E-15
 4276.00     2.999E-14     1.355E-15
 4280.00     3.129E-14     1.680E-15
 4284.00     3.170E-14     1.850E-15
 4288.00     3.054E-14     1.601E-15
 4292.00     2.882E-14     2.200E-15
 4296.00     2.750E-14     2.095E-15
 4300.00     2.538E-14     2.534E-15
 4304.00     2.440E-14     1.488E-15
 4308.00     2.486E-14     1.357E-15
 4312.00     2.854E-14     1.892E-15
 4316.00     3.225E-14     1.052E-15
 4320.00     3.445E-14     1.620E-15
 4324.00     3.533E-14     1.881E-15
 4328.00     3.508E-14     9.985E-16
 4332.00     3.634E-14     1.348E-15
 4336.00     3.654E-14     1.785E-15
 4340.00     3.610E-14     1.396E-15
 4344.00     3.654E-14     1.678E-15
 4348.00     3.662E-14     1.989E-15
 4352.00     3.662E-14     2.518E-15
 4356.00     3.724E-14     1.794E-15
 4360.00     3.894E-14     1.476E-15
 4364.00     3.928E-14     1.491E-15
 4368.00     3.930E-14     1.949E-15
 4372.00     3.723E-14     3.186E-15
 4376.00     3.608E-14     2.318E-15
 4380.00     3.449E-14     1.893E-15
 4384.00     3.309E-14     1.620E-15
 4388.00     3.338E-14     1.956E-15
 4392.00     3.466E-14     1.871E-15
 4396.00     3.580E-14     1.502E-15
 4400.00     3.694E-14     1.579E-15
 4404.00     3.533E-14     1.836E-15
 4408.00     3.648E-14     2.083E-15
 4412.00     3.716E-14     1.478E-15
 4416.00     3.857E-14     1.262E-15
 4420.00     3.891E-14     1.816E-15
 4424.00     3.885E-14     1.493E-15
 4428.00     3.878E-14     2.239E-15
 4432.00     3.936E-14     1.995E-15
 4436.00     3.904E-14     1.061E-15
 4440.00     3.918E-14     1.650E-15
 4444.00     4.023E-14     1.691E-15
 4448.00     4.036E-14     2.720E-15
 4452.00     4.044E-14     3.637E-15
 4456.00     3.864E-14     3.267E-15
 4460.00     3.740E-14     2.334E-15
 4464.00     3.864E-14     1.872E-15
 4468.00     4.015E-14     1.573E-15
 4472.00     4.167E-14     2.589E-15
 4476.00     4.260E-14     2.958E-15
 4480.00     4.349E-14     3.399E-15
 4484.00     4.357E-14     2.778E-15
 4488.00     4.313E-14     3.116E-15
 4492.00     4.302E-14     2.377E-15
 4496.00     4.430E-14     2.394E-15
 4500.00     4.488E-14     1.997E-15
 4504.00     4.670E-14     1.691E-15
 4508.00     4.752E-14     2.227E-15
 4512.00     4.772E-14     2.200E-15
 4516.00     4.664E-14     2.389E-15
 4520.00     4.545E-14     3.435E-15
 4524.00     4.313E-14     2.257E-15
 4528.00     4.083E-14     2.718E-15
 4532.00     4.045E-14     1.728E-15
 4536.00     4.161E-14     2.185E-15
 4540.00     4.323E-14     2.178E-15
 4544.00     4.339E-14     1.842E-15
 4548.00     4.340E-14     2.118E-15
 4552.00     4.407E-14     2.335E-15
 4556.00     4.593E-14     2.522E-15
 4560.00     4.699E-14     2.449E-15
 4564.00     4.734E-14     1.821E-15
 4568.00     4.671E-14     1.903E-15
 4572.00     4.676E-14     3.640E-15
 4576.00     4.621E-14     1.894E-15
 4580.00     4.578E-14     2.810E-15
 4584.00     4.564E-14     3.209E-15
 4588.00     4.616E-14     2.647E-15
 4592.00     4.528E-14     2.526E-15
 4596.00     4.575E-14     2.758E-15
 4600.00     4.511E-14     1.511E-15
 4604.00     4.619E-14     2.131E-15
 4608.00     4.788E-14     2.808E-15
 4612.00     4.862E-14     2.189E-15
 4616.00     4.929E-14     2.441E-15
 4620.00     4.880E-14     3.133E-15
 4624.00     4.897E-14     2.358E-15
 4628.00     4.875E-14     2.172E-15
 4632.00     4.824E-14     2.879E-15
 4636.00     4.814E-14     3.128E-15
 4640.00     4.619E-14     3.497E-15
 4644.00     4.424E-14     2.883E-15
 4648.00     4.388E-14     2.960E-15
 4652.00     4.474E-14     2.835E-15
 4656.00     4.572E-14     2.578E-15
 4660.00     4.538E-14     2.260E-15
 4664.00     4.484E-14     3.176E-15
 4668.00     4.376E-14     2.371E-15
 4672.00     4.375E-14     1.640E-15
 4676.00     4.420E-14     2.718E-15
 4680.00     4.374E-14     2.314E-15
 4684.00     4.405E-14     1.863E-15
 4688.00     4.351E-14     3.142E-15
 4692.00     4.429E-14     4.027E-15
 4696.00     4.466E-14     2.673E-15
 4700.00     4.364E-14     2.840E-15
 4704.00     4.405E-14     1.996E-15
 4708.00     4.342E-14     1.910E-15
 4712.00     4.513E-14     1.438E-15
 4716.00     4.687E-14     2.444E-15
 4720.00     4.830E-14     3.388E-15
 4724.00     4.798E-14     2.724E-15
 4728.00     4.754E-14     3.193E-15
 4732.00     4.669E-14     2.039E-15
 4736.00     4.718E-14     2.863E-15
 4740.00     4.829E-14     1.792E-15
 4744.00     5.031E-14     2.116E-15
 4748.00     4.990E-14     2.185E-15
 4752.00     4.937E-14     1.410E-15
 4756.00     5.003E-14     2.343E-15
 4760.00     4.835E-14     2.377E-15
 4764.00     4.805E-14     1.803E-15
 4768.00     4.806E-14     2.262E-15
 4772.00     4.799E-14     2.907E-15
 4776.00     4.741E-14     2.270E-15
 4780.00     4.858E-14     2.088E-15
 4784.00     4.799E-14     2.514E-15
 4788.00     4.843E-14     2.280E-15
 4792.00     4.901E-14     1.994E-15
 4796.00     5.033E-14     1.581E-15
 4800.00     5.035E-14     1.931E-15
 4804.00     4.970E-14     2.546E-15
 4808.00     5.020E-14     2.727E-15
 4812.00     5.088E-14     2.494E-15
 4816.00     5.174E-14     3.131E-15
 4820.00     5.112E-14     3.681E-15
 4824.00     5.031E-14     3.803E-15
 4828.00     4.903E-14     2.711E-15
 4832.00     4.933E-14     2.269E-15
 4836.00     4.835E-14     2.792E-15
 4840.00     4.911E-14     1.633E-15
 4844.00     4.935E-14     2.178E-15
 4848.00     4.855E-14     3.187E-15
 4852.00     4.729E-14     1.812E-15
 4856.00     4.655E-14     1.426E-15
 4860.00     4.545E-14     2.713E-15
 4864.00     4.354E-14     2.471E-15
 4868.00     4.440E-14     2.334E-15
 4872.00     4.553E-14     3.041E-15
 4876.00     4.599E-14     2.168E-15
 4880.00     4.663E-14     2.947E-15
 4884.00     4.624E-14     2.563E-15
 4888.00     4.685E-14     2.314E-15
 4892.00     4.806E-14     2.223E-15
 4896.00     4.884E-14     1.891E-15
 4900.00     4.992E-14     1.905E-15
 4904.00     5.035E-14     2.624E-15
 4908.00     4.981E-14     2.623E-15
 4912.00     4.862E-14     2.222E-15
 4916.00     4.795E-14     2.737E-15
 4920.00     4.711E-14     2.251E-15
 4924.00     4.802E-14     2.234E-15
 4928.00     4.822E-14     2.036E-15
 4932.00     4.974E-14     2.541E-15
 4936.00     4.886E-14     1.393E-15
 4940.00     5.023E-14     1.796E-15
 4944.00     5.020E-14     2.462E-15
 4948.00     5.103E-14     2.323E-15
 4952.00     5.037E-14     2.373E-15
 4956.00     5.038E-14     2.890E-15
 4960.00     4.897E-14     3.642E-15
 4964.00     4.828E-14     3.128E-15
 4968.00     4.879E-14     2.440E-15
 4972.00     4.810E-14     1.978E-15
 4976.00     4.741E-14     1.475E-15
 4980.00     4.645E-14     2.212E-15
 4984.00     4.541E-14     9.461E-16
 4988.00     4.541E-14     1.826E-15
 4992.00     4.513E-14     2.104E-15
 4996.00     4.618E-14     2.889E-15
 5000.00     4.648E-14     3.791E-15
 5004.00     4.606E-14     3.752E-15
 5008.00     4.458E-14     3.316E-15
 5012.00     4.364E-14     2.059E-15
 5016.00     4.345E-14     2.857E-15
 5020.00     4.453E-14     1.820E-15
 5024.00     4.465E-14     1.916E-15
 5028.00     4.500E-14     1.887E-15
 5032.00     4.525E-14     1.992E-15
 5036.00     4.480E-14     2.703E-15
 5040.00     4.481E-14     2.937E-15
 5044.00     4.459E-14     1.305E-15
 5048.00     4.539E-14     2.419E-15
 5052.00     4.609E-14     2.674E-15
 5056.00     4.747E-14     3.144E-15
 5060.00     4.749E-14     2.372E-15
 5064.00     4.791E-14     2.121E-15
 5068.00     4.641E-14     3.970E-15
 5072.00     4.568E-14     3.372E-15
 5076.00     4.582E-14     2.369E-15
 5080.00     4.497E-14     1.474E-15
 5084.00     4.399E-14     2.477E-15
 5088.00     4.542E-14     1.536E-15
 5092.00     4.604E-14     1.494E-15
 5096.00     4.542E-14     2.492E-15
 5100.00     4.483E-14     2.258E-15
 5104.00     4.425E-14     1.986E-15
 5108.00     4.520E-14     1.868E-15
 5112.00     4.546E-14     2.315E-15
 5116.00     4.587E-14     2.103E-15
 5120.00     4.634E-14     1.687E-15
 5124.00     4.502E-14     1.622E-15
 5128.00     4.359E-14     1.684E-15
 5132.00     4.488E-14     2.045E-15
 5136.00     4.534E-14     1.489E-15
 5140.00     4.430E-14     2.087E-15
 5144.00     4.446E-14     1.853E-15
 5148.00     4.374E-14     2.649E-15
 5152.00     4.564E-14     3.351E-15
 5156.00     4.498E-14     1.941E-15
 5160.00     4.331E-14     2.496E-15
 5164.00     4.103E-14     3.210E-15
 5168.00     3.832E-14     2.875E-15
 5172.00     3.601E-14     2.868E-15
 5176.00     3.604E-14     2.132E-15
 5180.00     3.681E-14     1.909E-15
 5184.00     3.856E-14     1.698E-15
 5188.00     4.027E-14     1.124E-15
 5192.00     4.271E-14     1.224E-15
 5196.00     4.546E-14     1.499E-15
 5200.00     4.604E-14     1.906E-15
 5204.00     4.438E-14     2.070E-15
 5208.00     4.396E-14     7.637E-16
 5212.00     4.515E-14     2.011E-15
 5216.00     4.730E-14     2.929E-15
 5220.00     4.919E-14     1.754E-15
 5224.00     4.877E-14     2.414E-15
 5228.00     4.857E-14     2.196E-15
 5232.00     4.948E-14     1.312E-15
 5236.00     5.029E-14     1.396E-15
 5240.00     5.109E-14     1.990E-15
 5244.00     5.204E-14     2.777E-15
 5248.00     5.145E-14     2.674E-15
 5252.00     5.076E-14     2.001E-15
 5256.00     5.033E-14     2.256E-15
 5260.00     4.793E-14     2.936E-15
 5264.00     4.726E-14     3.290E-15
 5268.00     4.615E-14     1.786E-15
 5272.00     4.707E-14     1.037E-15
 5276.00     4.879E-14     1.558E-15
 5280.00     5.196E-14     1.811E-15
 5284.00     5.303E-14     8.195E-16
 5288.00     5.474E-14     2.818E-15
 5292.00     5.379E-14     2.632E-15
 5296.00     5.427E-14     2.962E-15
 5300.00     5.332E-14     2.476E-15
 5304.00     5.439E-14     2.680E-15
 5308.00     5.605E-14     2.779E-15
 5312.00     5.705E-14     1.604E-15
 5316.00     5.673E-14     2.666E-15
 5320.00     5.489E-14     3.485E-15
 5324.00     5.388E-14     2.130E-15
 5328.00     5.214E-14     2.433E-15
 5332.00     5.133E-14     1.864E-15
 5336.00     5.243E-14     2.421E-15
 5340.00     5.283E-14     1.864E-15
 5344.00     5.307E-14     2.341E-15
 5348.00     5.470E-14     2.755E-15
 5352.00     5.552E-14     2.295E-15
 5356.00     5.565E-14     3.275E-15
 5360.00     5.631E-14     3.021E-15
 5364.00     5.563E-14     3.005E-15
 5368.00     5.517E-14     2.221E-15
 5372.00     5.445E-14     2.765E-15
 5376.00     5.369E-14     2.049E-15
 5380.00     5.454E-14     4.262E-15
 5384.00     5.511E-14     2.508E-15
 5388.00     5.426E-14     5.128E-15
 5392.00     5.281E-14     2.031E-15
 5396.00     5.249E-14     1.885E-15
 5400.00     5.072E-14     1.111E-15
 5404.00     5.164E-14     2.384E-15
 5408.00     5.103E-14     1.791E-15
 5412.00     5.214E-14     1.753E-15
 5416.00     5.273E-14     1.084E-15
 5420.00     5.427E-14     1.972E-15
 5424.00     5.474E-14     2.448E-15
 5428.00     5.407E-14     2.132E-15
 5432.00     5.302E-14     2.096E-15
 5436.00     5.249E-14     2.119E-15
 5440.00     5.407E-14     2.540E-15
 5444.00     5.381E-14     2.515E-15
 5448.00     5.320E-14     1.955E-15
 5452.00     5.237E-14     1.922E-15
 5456.00     2.471E-14     3.498E-14
 5460.00     2.485E-14     3.515E-14
 5464.00     5.199E-14     2.452E-15
 5468.00     5.222E-14     2.786E-15
 5472.00     1.266E-14           Inf
 5476.00     1.235E-14           Inf
 5480.00     5.014E-14     3.055E-15
 5484.00     5.003E-14     2.215E-15
 5488.00     3.937E-14     3.052E-14
 5492.00     3.887E-14     3.058E-14
 5496.00     5.253E-14     1.609E-15
 5500.00     5.127E-14     2.038E-15
 5504.00     5.191E-14     1.079E-15
 5508.00     5.192E-14     3.067E-15
 5512.00     5.267E-14     1.823E-15
 5516.00     5.252E-14     2.636E-15
 5520.00     5.170E-14     2.153E-15
 5524.00     5.246E-14     8.085E-16
 5528.00     5.529E-14     5.254E-15
 5532.00     5.549E-14     5.394E-15
 5536.00     5.411E-14     2.679E-15
 5540.00     5.440E-14     3.223E-15
 5544.00     5.327E-14     3.764E-15
 5548.00     5.412E-14     2.905E-15
 5552.00     5.653E-14     2.314E-15
 5556.00     5.556E-14     2.156E-15
 5560.00     5.476E-14     1.607E-15
 5564.00     5.440E-14     1.727E-15
 5568.00     5.330E-14     2.934E-15
 5572.00     5.392E-14     3.369E-15
 5576.00     5.363E-14     2.994E-15
 5580.00     5.247E-14     2.649E-15
 5584.00     5.259E-14     2.610E-15
 5588.00     5.164E-14     3.887E-15
 5592.00     5.089E-14     3.742E-15
 5596.00     5.187E-14     1.282E-15
 5600.00     5.259E-14     2.346E-15
 5604.00     5.451E-14     2.823E-15
 5608.00     5.380E-14     1.446E-15
 5612.00     5.455E-14     2.359E-15
 5616.00     5.515E-14     3.368E-15
 5620.00     5.362E-14     3.821E-15
 5624.00     5.318E-14     3.515E-15
 5628.00     5.228E-14     2.386E-15
 5632.00     5.176E-14     1.524E-15
 5636.00     5.231E-14     1.643E-15
 5640.00     5.365E-14     2.554E-15
 5644.00     5.375E-14     1.520E-15
 5648.00     5.360E-14     3.298E-15
 5652.00     5.275E-14     3.479E-15
 5656.00     5.275E-14     3.182E-15
 5660.00     5.360E-14     3.250E-15
 5664.00     5.447E-14     1.703E-15
 5668.00     5.440E-14     2.767E-15
 5672.00     5.596E-14     2.943E-15
 5676.00     5.503E-14     4.000E-15
 5680.00     5.436E-14     3.221E-15
 5684.00     5.535E-14     2.998E-15
 5688.00     5.395E-14     3.948E-15
 5692.00     5.428E-14     3.546E-15
 5696.00     5.490E-14     3.712E-15
 5700.00     5.483E-14     2.981E-15
 5704.00     5.377E-14     2.273E-15
 5708.00     5.340E-14     2.568E-15
 5712.00     5.453E-14     2.801E-15
 5716.00     5.544E-14     3.491E-15
 5720.00     5.508E-14     3.662E-15
 5724.00     5.524E-14     2.962E-15
 5728.00     5.714E-14     2.907E-15
 5732.00     5.678E-14     2.391E-15
 5736.00     5.714E-14     3.776E-15
 5740.00     5.592E-14     1.586E-15
 5744.00     5.598E-14     3.494E-15
 5748.00     5.415E-14     2.872E-15
 5752.00     5.565E-14     1.467E-15
 5756.00     5.593E-14     2.113E-15
 5760.00     5.602E-14     2.855E-15
 5764.00     5.681E-14     4.318E-15
 5768.00     5.611E-14     2.079E-15
 5772.00     5.623E-14     2.454E-15
 5776.00     5.463E-14     2.844E-15
 5780.00     5.494E-14     2.408E-15
 5784.00     5.427E-14     3.023E-15
 5788.00     5.432E-14     3.009E-15
 5792.00     5.586E-14     1.625E-15
 5796.00     5.612E-14     2.097E-15
 5800.00     5.627E-14     3.133E-15
 5804.00     5.650E-14     3.624E-15
 5808.00     5.615E-14     3.679E-15
 5812.00     5.613E-14     2.501E-15
 5816.00     5.591E-14     2.088E-15
 5820.00     5.790E-14     1.930E-15
 5824.00     5.730E-14     2.986E-15
 5828.00     5.817E-14     3.305E-15
 5832.00     5.637E-14     3.656E-15
 5836.00     5.689E-14     2.814E-15
 5840.00     5.667E-14     3.254E-15
 5844.00     5.617E-14     1.992E-15
 5848.00     5.552E-14     3.292E-15
 5852.00     5.399E-14     1.268E-15
 5856.00     5.397E-14     2.974E-15
 5860.00     5.388E-14     2.468E-15
 5864.00     5.488E-14     4.324E-15
 5868.00     5.414E-14     3.147E-15
 5872.00     5.323E-14     3.126E-15
 5876.00     5.081E-14     3.463E-15
 5880.00     4.927E-14     4.775E-15
 5884.00     4.767E-14     4.962E-15
 5888.00     4.230E-14     3.552E-15
 5892.00     3.972E-14     2.528E-15
 5896.00     4.097E-14     2.104E-15
 5900.00     4.380E-14     1.519E-15
 5904.00     4.679E-14     2.909E-15
 5908.00     5.060E-14     4.664E-15
 5912.00     5.096E-14     2.884E-15
 5916.00     5.115E-14     3.120E-15
 5920.00     5.335E-14     2.034E-15
 5924.00     5.415E-14     1.960E-15
 5928.00     5.472E-14     1.525E-15
 5932.00     5.401E-14     2.639E-15
 5936.00     5.337E-14     3.733E-15
 5940.00     5.387E-14     3.030E-15
 5944.00     5.433E-14     1.855E-15
 5948.00     5.484E-14     4.226E-15
 5952.00     5.416E-14     4.084E-15
 5956.00     5.281E-14     4.478E-15
 5960.00     5.312E-14     2.067E-15
 5964.00     5.369E-14     3.891E-15
 5968.00     5.552E-14     2.108E-15
 5972.00     5.617E-14     2.917E-15
 5976.00     5.551E-14     3.742E-15
 5980.00     5.361E-14     3.935E-15
 5984.00     5.434E-14     3.211E-15
 5988.00     5.367E-14     4.565E-15
 5992.00     5.422E-14     2.356E-15
 5996.00     5.583E-14     2.841E-15
 6000.00     5.454E-14     2.440E-15
 6004.00     5.536E-14     2.933E-15
 6008.00     5.374E-14     1.918E-15
 6012.00     5.396E-14     2.070E-15
 6016.00     5.359E-14     2.390E-15
 6020.00     5.456E-14     2.469E-15
 6024.00     5.588E-14     3.094E-15
 6028.00     5.637E-14     4.129E-15
 6032.00     5.706E-14     3.426E-15
 6036.00     5.801E-14     2.443E-15
 6040.00     5.713E-14     2.667E-15
 6044.00     5.718E-14     2.681E-15
 6048.00     5.845E-14     3.052E-15
 6052.00     5.808E-14     2.858E-15
 6056.00     5.752E-14     2.157E-15
 6060.00     5.834E-14     3.121E-15
 6064.00     5.829E-14     3.393E-15
 6068.00     5.827E-14     3.473E-15
 6072.00     5.729E-14     4.419E-15
 6076.00     5.689E-14     2.198E-15
 6080.00     5.774E-14     3.539E-15
 6084.00     5.807E-14     3.957E-15
 6088.00     5.699E-14     2.407E-15
 6092.00     5.728E-14     1.755E-15
 6096.00     5.657E-14     2.204E-15
 6100.00     5.709E-14     2.511E-15
 6104.00     5.666E-14     3.089E-15
 6108.00     5.747E-14     1.697E-15
 6112.00     5.704E-14     5.621E-15
 6116.00     5.905E-14     2.429E-15
 6120.00     5.923E-14     2.695E-15
 6124.00     5.591E-14     2.611E-15
 6128.00     5.646E-14     4.013E-15
 6132.00     5.623E-14     3.376E-15
 6136.00     5.766E-14     4.477E-15
 6140.00     5.770E-14     2.522E-15
 6144.00     5.713E-14     3.256E-15
 6148.00     5.769E-14     3.615E-15
 6152.00     5.552E-14     3.382E-15
 6156.00     5.500E-14     1.343E-15
 6160.00     5.544E-14     3.513E-15
 6164.00     5.340E-14     2.334E-15
 6168.00     5.204E-14     2.018E-15
 6172.00     5.404E-14     1.724E-15
 6176.00     5.514E-14     2.513E-15
 6180.00     5.534E-14     1.747E-15
 6184.00     5.624E-14     4.639E-15
 6188.00     5.461E-14     4.440E-15
 6192.00     5.519E-14     2.723E-15
 6196.00     5.561E-14     2.954E-15
 6200.00     5.499E-14     3.228E-15
 6204.00     5.631E-14     4.438E-15
 6208.00     5.433E-14     4.427E-15
 6212.00     5.490E-14     2.553E-15
 6216.00     5.393E-14     2.920E-15
 6220.00     5.356E-14     1.589E-15
 6224.00     5.321E-14     2.244E-15
 6228.00     5.077E-14     1.523E-15
 6232.00     5.303E-14     3.054E-15
 6236.00     5.342E-14     2.594E-15
 6240.00     5.129E-14     2.110E-15
 6244.00     4.997E-14     1.885E-15
 6248.00     5.003E-14     1.911E-15
 6252.00     5.014E-14     3.152E-15
 6256.00     5.135E-14     2.255E-15
 6260.00     5.254E-14     2.627E-15
 6264.00     5.343E-14     2.795E-15
 6268.00     5.428E-14     3.274E-15
 6272.00     5.325E-14     2.162E-15
 6276.00     5.333E-14     2.353E-15
 6280.00     5.382E-14     2.498E-15
 6284.00     5.456E-14     2.192E-15
 6288.00     5.492E-14     2.306E-15
 6292.00     5.414E-14     2.510E-15
 6296.00     5.430E-14     2.243E-15
 6300.00     5.357E-14     2.905E-15
 6304.00     5.433E-14     3.051E-15
 6308.00     5.352E-14     3.064E-15
 6312.00     5.335E-14     2.500E-15
 6316.00     5.379E-14     3.064E-15
 6320.00     5.477E-14     2.712E-15
 6324.00     5.520E-14     2.664E-15
 6328.00     5.545E-14     2.396E-15
 6332.00     5.566E-14     2.288E-15
 6336.00     5.582E-14     2.566E-15
 6340.00     5.527E-14     2.155E-15
 6344.00     5.522E-14     2.693E-15
 6348.00     5.499E-14     2.319E-15
 6352.00     5.487E-14     2.814E-15
 6356.00     5.398E-14     3.302E-15
 6360.00     5.392E-14     2.971E-15
 6364.00     5.484E-14     2.574E-15
 6368.00     5.570E-14     2.643E-15
 6372.00     5.634E-14     2.464E-15
 6376.00     5.692E-14     2.801E-15
 6380.00     5.747E-14     3.079E-15
 6384.00     5.676E-14     2.654E-15
 6388.00     5.632E-14     2.594E-15
 6392.00     5.634E-14     2.854E-15
 6396.00     5.676E-14     3.195E-15
 6400.00     5.664E-14     2.321E-15
 6404.00     5.640E-14     2.823E-15
 6408.00     5.637E-14     3.032E-15
 6412.00     5.615E-14     2.314E-15
 6416.00     5.559E-14     2.321E-15
 6420.00     5.640E-14     2.770E-15
 6424.00     5.672E-14     2.636E-15
 6428.00     5.716E-14     2.293E-15
 6432.00     5.747E-14     2.034E-15
 6436.00     5.758E-14     3.140E-15
 6440.00     5.720E-14     2.578E-15
 6444.00     5.668E-14     2.228E-15
 6448.00     5.666E-14     2.694E-15
 6452.00     5.678E-14     1.983E-15
 6456.00     5.696E-14     2.477E-15
 6460.00     5.733E-14     3.037E-15
 6464.00     5.797E-14     3.038E-15
 6468.00     5.798E-14     2.682E-15
 6472.00     5.748E-14     2.760E-15
 6476.00     5.771E-14     2.567E-15
 6480.00     5.718E-14     1.831E-15
 6484.00     5.651E-14     2.123E-15
 6488.00     5.564E-14     2.496E-15
 6492.00     5.470E-14     2.643E-15
 6496.00     5.451E-14     2.489E-15
 6500.00     5.485E-14     2.559E-15
 6504.00     5.581E-14     2.699E-15
 6508.00     5.668E-14     2.143E-15
 6512.00     5.717E-14     2.169E-15
 6516.00     5.747E-14     2.817E-15
 6520.00     5.742E-14     2.628E-15
 6524.00     5.708E-14     2.730E-15
 6528.00     5.791E-14     3.041E-15
 6532.00     5.769E-14     3.147E-15
 6536.00     5.791E-14     2.938E-15
 6540.00     5.776E-14     2.887E-15
 6544.00     5.765E-14     3.356E-15
 6548.00     5.712E-14     3.389E-15
 6552.00     5.638E-14     4.334E-15
 6556.00     5.500E-14     3.854E-15
 6560.00     5.425E-14     3.495E-15
 6564.00     5.448E-14     3.874E-15
 6568.00     5.511E-14     3.981E-15
 6572.00     5.573E-14     5.068E-15
 6576.00     5.756E-14     5.062E-15
 6580.00     5.847E-14     5.675E-15
 6584.00     5.843E-14     6.533E-15
 6588.00     5.810E-14     5.680E-15
 6592.00     5.625E-14     4.646E-15
 6596.00     5.600E-14     3.742E-15
 6600.00     5.523E-14     2.772E-15
 6604.00     5.564E-14     2.911E-15
 6608.00     5.615E-14     2.430E-15
 6612.00     5.570E-14     2.744E-15
 6616.00     5.585E-14     2.359E-15
 6620.00     5.570E-14     2.839E-15
 6624.00     5.551E-14     2.216E-15
 6628.00     5.511E-14     2.748E-15
 6632.00     5.468E-14     2.230E-15
 6636.00     5.464E-14     2.250E-15
 6640.00     5.467E-14     2.334E-15
 6644.00     5.494E-14     2.057E-15
 6648.00     5.496E-14     2.431E-15
 6652.00     5.461E-14     2.788E-15
 6656.00     5.429E-14     2.032E-15
 6660.00     5.442E-14     2.753E-15
 6664.00     5.419E-14     2.373E-15
 6668.00     5.410E-14     2.457E-15
 6672.00     5.418E-14     1.982E-15
 6676.00     5.384E-14     2.789E-15
 6680.00     5.434E-14     3.041E-15
 6684.00     5.412E-14     2.300E-15
 6688.00     5.418E-14     2.120E-15
 6692.00     5.376E-14     2.587E-15
 6696.00     5.401E-14     2.629E-15
 6700.00     5.375E-14     2.592E-15
 6704.00     5.403E-14     2.348E-15
 6708.00     5.475E-14     2.617E-15
 6712.00     5.436E-14     3.567E-15
 6716.00     5.430E-14     3.871E-15
 6720.00     5.385E-14     3.965E-15
 6724.00     5.488E-14     4.037E-15
 6728.00     5.507E-14     3.370E-15
 6732.00     5.475E-14     3.367E-15
 6736.00     5.501E-14     2.987E-15
 6740.00     5.419E-14     2.106E-15
 6744.00     5.385E-14     2.033E-15
 6748.00     5.357E-14     2.434E-15
 6752.00     5.354E-14     2.802E-15
 6756.00     5.456E-14     2.131E-15
 6760.00     5.440E-14     2.272E-15
 6764.00     5.463E-14     1.882E-15
 6768.00     5.467E-14     2.139E-15
 6772.00     5.465E-14     2.478E-15
 6776.00     5.507E-14     2.038E-15
 6780.00     5.462E-14     1.696E-15
 6784.00     5.387E-14     1.974E-15
 6788.00     5.415E-14     2.388E-15
 6792.00     5.422E-14     2.487E-15
 6796.00     5.417E-14     2.369E-15
 6800.00     5.422E-14     2.239E-15
 6804.00     5.441E-14     2.169E-15
 6808.00     5.461E-14     2.112E-15
 6812.00     5.453E-14     2.134E-15
 6816.00     5.450E-14     2.043E-15
 6820.00     5.452E-14     2.057E-15
 6824.00     5.463E-14     1.910E-15
 6828.00     5.436E-14     2.077E-15
 6832.00     5.453E-14     1.695E-15
 6836.00     5.458E-14     1.769E-15
 6840.00     5.437E-14     2.256E-15
 6844.00     5.475E-14     2.246E-15
 6848.00     5.419E-14     2.569E-15
 6852.00     5.452E-14     2.710E-15
 6856.00     5.455E-14     1.733E-15
 6860.00     5.475E-14     1.798E-15
 6864.00     5.444E-14     2.358E-15
 6868.00     5.490E-14     1.519E-15
 6872.00     5.530E-14     1.821E-15
 6876.00     5.523E-14     2.753E-15
 6880.00     5.520E-14     2.272E-15
 6884.00     5.537E-14     2.239E-15
 6888.00     5.604E-14     2.935E-15
 6892.00     5.629E-14     2.301E-15
 6896.00     5.696E-14     2.256E-15
 6900.00     5.677E-14     2.610E-15
 6904.00     5.662E-14     2.900E-15
 6908.00     5.673E-14     2.459E-15
 6912.00     5.655E-14     2.331E-15
 6916.00     5.635E-14     1.957E-15
 6920.00     5.604E-14     2.448E-15
 6924.00     5.598E-14     2.435E-15
 6928.00     5.663E-14     1.802E-15
 6932.00     5.658E-14     2.416E-15
 6936.00     5.656E-14     1.740E-15
 6940.00     5.636E-14     1.777E-15
 6944.00     5.622E-14     1.918E-15
 6948.00     5.639E-14     2.568E-15
 6952.00     5.655E-14     2.410E-15
 6956.00     5.654E-14     2.266E-15
 6960.00     5.663E-14     2.389E-15
 6964.00     5.702E-14     2.531E-15
 6968.00     5.652E-14     2.517E-15
 6972.00     5.689E-14     2.240E-15
 6976.00     5.733E-14     2.386E-15
 6980.00     5.697E-14     2.198E-15
 6984.00     5.682E-14     2.207E-15
 6988.00     5.686E-14     2.438E-15
 6992.00     5.726E-14     2.390E-15
 6996.00     5.695E-14     2.281E-15
 7000.00     5.694E-14     2.052E-15
 7004.00     5.669E-14     2.430E-15
 7008.00     5.700E-14     2.187E-15
 7012.00     5.667E-14     2.577E-15
 7016.00     5.722E-14     2.073E-15
 7020.00     5.673E-14     2.221E-15
 7024.00     5.665E-14     2.174E-15
 7028.00     5.704E-14     2.666E-15
 7032.00     5.759E-14     2.488E-15
 7036.00     5.810E-14     2.845E-15
 7040.00     5.799E-14     1.910E-15
 7044.00     5.812E-14     2.145E-15
 7048.00     5.721E-14     2.029E-15
 7052.00     5.610E-14     2.541E-15
 7056.00     5.482E-14     1.878E-15
 7060.00     5.398E-14     1.554E-15
 7064.00     5.350E-14     2.422E-15
 7068.00     5.389E-14     1.962E-15
 7072.00     5.339E-14     2.372E-15
 7076.00     5.326E-14     2.178E-15
 7080.00     5.282E-14     2.376E-15
 7084.00     5.214E-14     1.998E-15
 7088.00     5.200E-14     2.269E-15
 7092.00     5.112E-14     1.949E-15
 7096.00     5.183E-14     2.368E-15
 7100.00     5.170E-14     2.173E-15
 7104.00     5.125E-14     1.358E-15
 7108.00     5.132E-14     1.736E-15
 7112.00     5.134E-14     2.102E-15
 7116.00     5.132E-14     2.210E-15
 7120.00     5.081E-14     1.929E-15
 7124.00     5.023E-14     1.917E-15
 7128.00     4.991E-14     2.492E-15
 7132.00     5.074E-14     1.969E-15
 7136.00     4.926E-14     2.066E-15
 7140.00     4.983E-14     1.693E-15
 7144.00     5.009E-14     2.231E-15
 7148.00     5.059E-14     1.518E-15
 7152.00     5.058E-14     2.012E-15
 7156.00     5.078E-14     1.626E-15
 7160.00     5.169E-14     2.473E-15
 7164.00     5.073E-14     2.160E-15
 7168.00     5.132E-14     2.294E-15
 7172.00     5.122E-14     2.150E-15
 7176.00     5.078E-14     1.817E-15
 7180.00     5.086E-14     1.299E-15
 7184.00     5.050E-14     1.531E-15
 7188.00     5.144E-14     1.812E-15
 7192.00     5.087E-14     1.743E-15
 7196.00     5.114E-14     1.529E-15
 7200.00     5.102E-14     2.422E-15
 7204.00     5.148E-14     2.637E-15
 7208.00     5.114E-14     2.511E-15
 7212.00     5.098E-14     2.039E-15
 7216.00     5.258E-14     2.452E-15
 7220.00     5.252E-14     1.976E-15
 7224.00     5.257E-14     1.939E-15
 7228.00     5.349E-14     2.133E-15
 7232.00     5.341E-14     2.370E-15
 7236.00     5.352E-14     1.649E-15
 7240.00     5.416E-14     2.525E-15
 7244.00     5.463E-14     2.141E-15
 7248.00     5.403E-14     2.442E-15
 7252.00     5.342E-14     2.788E-15
 7256.00     5.399E-14     2.352E-15
 7260.00     5.443E-14     2.128E-15
 7264.00     5.422E-14     2.126E-15
 7268.00     5.461E-14     2.070E-15
 7272.00     5.455E-14     1.727E-15
 7276.00     5.405E-14     2.365E-15
 7280.00     5.418E-14     2.200E-15
 7284.00     5.403E-14     2.468E-15
 7288.00     5.401E-14     2.258E-15
 7292.00     5.433E-14     2.347E-15
 7296.00     5.455E-14     2.175E-15
 7300.00     5.492E-14     2.497E-15
 7304.00     5.559E-14     2.622E-15
 7308.00     5.645E-14     2.490E-15
 7312.00     5.581E-14     2.357E-15
 7316.00     5.570E-14     2.190E-15
 7320.00     5.574E-14     2.537E-15
 7324.00     5.617E-14     2.287E-15
 7328.00     5.635E-14     2.987E-15
 7332.00     5.685E-14     2.844E-15
 7336.00     5.734E-14     2.471E-15
 7340.00     5.707E-14     2.236E-15
 7344.00     5.718E-14     2.258E-15
 7348.00     5.660E-14     2.277E-15
 7352.00     5.631E-14     2.793E-15
 7356.00     5.598E-14     2.496E-15
 7360.00     5.620E-14     2.364E-15
 7364.00     5.706E-14     1.880E-15
 7368.00     5.760E-14     2.238E-15
 7372.00     5.824E-14     2.139E-15
 7376.00     5.816E-14     2.380E-15
 7380.00     5.797E-14     2.180E-15
 7384.00     5.816E-14     2.503E-15
 7388.00     5.751E-14     2.203E-15
 7392.00     5.766E-14     2.000E-15
 7396.00     5.780E-14     2.210E-15
 7400.00     5.784E-14     2.492E-15
 7404.00     5.788E-14     2.697E-15
 7408.00     5.797E-14     2.577E-15
 7412.00     5.755E-14     2.115E-15
 7416.00     5.741E-14     2.144E-15
 7420.00     5.803E-14     2.233E-15
 7424.00     5.832E-14     2.814E-15
 7428.00     5.825E-14     2.149E-15
 7432.00     5.882E-14     2.051E-15
 7436.00     5.920E-14     2.483E-15
 7440.00     5.880E-14     2.541E-15
 7444.00     5.933E-14     2.238E-15
 7448.00     5.844E-14     2.640E-15
 7452.00     5.838E-14     3.591E-15
 7456.00     5.935E-14     2.510E-15
 7460.00     5.932E-14     2.362E-15
 7464.00     5.930E-14     2.300E-15
 7468.00     5.972E-14     2.318E-15
 7472.00     5.985E-14     2.644E-15
 7476.00     5.935E-14     2.846E-15
 7480.00     5.972E-14     2.119E-15
 7484.00     5.945E-14     2.522E-15
 7488.00     5.923E-14     2.527E-15
 7492.00     5.933E-14     2.271E-15
 7496.00     5.947E-14     2.803E-15
 7500.00     5.985E-14     2.041E-15
 7504.00     5.964E-14     2.263E-15
 7508.00     5.959E-14     2.228E-15
 7512.00     5.966E-14     2.249E-15
 7516.00     5.970E-14     2.057E-15
 7520.00     5.982E-14     2.110E-15
 7524.00     5.973E-14     2.080E-15
 7528.00     5.979E-14     2.150E-15
 7532.00     5.961E-14     2.117E-15
 7536.00     5.950E-14     2.140E-15
 7540.00     5.951E-14     2.244E-15
 7544.00     5.931E-14     2.322E-15
 7548.00     5.897E-14     2.256E-15
 7552.00     5.866E-14     2.308E-15
 7556.00     5.895E-14     2.322E-15
 7560.00     5.883E-14     2.333E-15
 7564.00     5.873E-14     2.349E-15
 7568.00     5.861E-14     2.375E-15
 7572.00     5.879E-14     2.087E-15
 7576.00     5.762E-14     1.893E-15
 7580.00     5.822E-14     2.287E-15
 7584.00     5.737E-14     1.464E-15
 7588.00     5.752E-14     2.052E-15
 7592.00     5.737E-14     1.943E-15
 7596.00     5.733E-14     2.220E-15
 7600.00     5.677E-14     1.948E-15
 7604.00     5.714E-14     2.095E-15
 7608.00     5.676E-14     1.675E-15
 7612.00     5.707E-14     2.043E-15
 7616.00     5.746E-14     2.189E-15
 7620.00     5.684E-14     2.628E-15
 7624.00     5.653E-14     2.528E-15
 7628.00     5.633E-14     2.529E-15
 7632.00     5.716E-14     2.919E-15
 7636.00     5.690E-14     2.263E-15
 7640.00     5.692E-14     2.211E-15
 7644.00     5.644E-14     2.037E-15
 7648.00     5.598E-14     1.911E-15
 7652.00     5.545E-14     1.571E-15
 7656.00     5.432E-14     1.965E-15
 7660.00     5.380E-14     1.971E-15
 7664.00     5.344E-14     1.864E-15
 7668.00     5.331E-14     1.967E-15
 7672.00     5.349E-14     2.305E-15
 7676.00     5.454E-14     2.887E-15
 7680.00     5.471E-14     2.358E-15
 7684.00     5.409E-14     2.085E-15
 7688.00     5.444E-14     2.197E-15
 7692.00     5.457E-14     2.197E-15
 7696.00     5.414E-14     2.140E-15
 7700.00     5.412E-14     2.145E-15
 7704.00     5.388E-14     1.870E-15
 7708.00     5.404E-14     2.259E-15
 7712.00     5.410E-14     1.923E-15
 7716.00     5.393E-14     2.012E-15
 7720.00     5.425E-14     2.258E-15
 7724.00     5.468E-14     2.358E-15
 7728.00     5.511E-14     2.352E-15
 7732.00     5.515E-14     2.098E-15
 7736.00     5.574E-14     2.455E-15
 7740.00     5.568E-14     2.188E-15
 7744.00     5.513E-14     2.512E-15
 7748.00     5.475E-14     2.440E-15
 7752.00     5.485E-14     1.819E-15
 7756.00     5.500E-14     2.403E-15
 7760.00     5.537E-14     1.901E-15
 7764.00     5.531E-14     2.392E-15
 7768.00     5.578E-14     2.700E-15
 7772.00     5.603E-14     2.089E-15
 7776.00     5.593E-14     2.173E-15
 7780.00     5.633E-14     2.961E-15
 7784.00     5.498E-14     2.542E-15
 7788.00     5.547E-14     1.399E-15
 7792.00     5.587E-14     1.944E-15
 7796.00     5.595E-14     2.865E-15
 7800.00     5.584E-14     2.211E-15
 7804.00     5.577E-14     2.538E-15
 7808.00     5.642E-14     1.895E-15
 7812.00     5.658E-14     1.889E-15
 7816.00     5.657E-14     1.689E-15
 7820.00     5.679E-14     2.427E-15
 7824.00     5.653E-14     2.033E-15
 7828.00     5.642E-14     1.898E-15
 7832.00     5.553E-14     2.191E-15
 7836.00     5.572E-14     2.391E-15
 7840.00     5.530E-14     2.696E-15
 7844.00     5.557E-14     2.304E-15
 7848.00     5.535E-14     2.642E-15
 7852.00     5.622E-14     2.719E-15
 7856.00     5.600E-14     2.732E-15
 7860.00     5.626E-14     1.945E-15
 7864.00     5.632E-14     1.634E-15
 7868.00     5.631E-14     2.030E-15
 7872.00     5.509E-14     2.075E-15
 7876.00     5.512E-14     2.283E-15
 7880.00     5.530E-14     2.062E-15
 7884.00     5.528E-14     2.277E-15
 7888.00     5.485E-14     2.257E-15
 7892.00     5.485E-14     2.246E-15
 7896.00     5.477E-14     2.128E-15
 7900.00     5.470E-14     2.110E-15
 7904.00     5.433E-14     2.119E-15
 7908.00     5.375E-14     2.003E-15
 7912.00     5.344E-14     2.017E-15
 7916.00     5.342E-14     2.374E-15
 7920.00     5.275E-14     2.289E-15
 7924.00     5.287E-14     2.158E-15
 7928.00     5.349E-14     1.935E-15
 7932.00     5.282E-14     1.989E-15
 7936.00     5.316E-14     2.074E-15
 7940.00     5.356E-14     1.973E-15
 7944.00     5.356E-14     2.463E-15
 7948.00     5.328E-14     2.445E-15
 7952.00     5.431E-14     2.007E-15
 7956.00     5.415E-14     2.497E-15
 7960.00     5.492E-14     2.954E-15
 7964.00     5.556E-14     2.067E-15
 7968.00     5.575E-14     2.453E-15
 7972.00     5.620E-14     2.799E-15
 7976.00     5.598E-14     2.594E-15
 7980.00     5.600E-14     3.068E-15
 7984.00     5.576E-14     2.550E-15
 7988.00     5.601E-14     2.610E-15
 7992.00     5.597E-14     2.808E-15
 7996.00     5.606E-14     2.470E-15
 8000.00     5.653E-14     1.996E-15
 8004.00     5.671E-14     2.947E-15
 8008.00     5.738E-14     2.677E-15
 8012.00     5.784E-14     2.810E-15
 8016.00     5.786E-14     2.270E-15
 8020.00     5.755E-14     2.564E-15
 8024.00     5.746E-14     2.722E-15
 8028.00     5.777E-14     2.329E-15
 8032.00     5.774E-14     2.417E-15
 8036.00     5.821E-14     2.442E-15
 8040.00     5.825E-14     1.857E-15
 8044.00     5.822E-14     2.201E-15
 8048.00     5.783E-14     1.716E-15
 8052.00     5.723E-14     1.821E-15
 8056.00     5.691E-14     1.763E-15
 8060.00     5.696E-14     2.214E-15
 8064.00     5.623E-14     1.885E-15
 8068.00     5.684E-14     1.711E-15
 8072.00     5.660E-14     1.567E-15
 8076.00     5.631E-14     1.547E-15
 8080.00     5.529E-14     1.669E-15
 8084.00     5.490E-14     1.542E-15
 8088.00     5.521E-14     1.749E-15
 8092.00     5.513E-14     1.265E-15
 8096.00     5.449E-14     1.585E-15
 8100.00     5.540E-14     1.954E-15
 8104.00     5.605E-14     2.367E-15
 8108.00     5.630E-14     1.853E-15
 8112.00     5.612E-14     1.584E-15
 8116.00     5.684E-14     2.010E-15
 8120.00     5.719E-14     2.689E-15
 8124.00     5.848E-14     2.994E-15
 8128.00     5.881E-14     3.215E-15
 8132.00     5.909E-14     2.768E-15
 8136.00     5.902E-14     2.293E-15
 8140.00     5.931E-14     2.297E-15
 8144.00     5.942E-14     2.008E-15
 8148.00     5.859E-14     1.025E-15
 8152.00     5.832E-14     1.848E-15
 8156.00     5.941E-14     1.882E-15
 8160.00     6.057E-14     1.482E-15
 8164.00     6.071E-14     1.625E-15
 8168.00     6.040E-14     1.730E-15
 8172.00     5.972E-14     2.018E-15
 8176.00     5.886E-14     2.217E-15
 8180.00     5.796E-14     1.473E-15
 8184.00     5.782E-14     2.148E-15
 8188.00     5.616E-14     1.503E-15
 8192.00     5.580E-14     2.106E-15
 8196.00     5.605E-14     1.541E-15
 8200.00     5.670E-14     1.388E-15
 8204.00     5.627E-14     1.389E-15
 8208.00     5.615E-14     2.135E-15
 8212.00     5.697E-14     1.965E-15
 8216.00     5.787E-14     1.739E-15
 8220.00     5.801E-14     1.156E-15
 8224.00     5.843E-14     1.830E-15
 8228.00     5.850E-14     1.777E-15
 8232.00     5.809E-14     1.855E-15
 8236.00     5.801E-14     1.205E-15
 8240.00     5.816E-14     1.930E-15
 8244.00     5.863E-14     2.000E-15
 8248.00     5.865E-14     1.762E-15
 8252.00     5.843E-14     1.849E-15
 8256.00     5.907E-14     1.178E-15
 8260.00     6.005E-14     1.748E-15
 8264.00     6.068E-14     2.284E-15
 8268.00     5.881E-14     1.126E-15
 8272.00     5.808E-14     1.908E-15
 8276.00     5.819E-14     1.903E-15
 8280.00     5.758E-14     2.309E-15
 8284.00     5.751E-14     1.902E-15
 8288.00     5.745E-14     1.757E-15
 8292.00     5.692E-14     1.533E-15
 8296.00     5.668E-14     1.947E-15
 8300.00     5.611E-14     1.230E-15
 8304.00     5.560E-14     1.528E-15
 8308.00     5.550E-14     1.452E-15
 8312.00     5.539E-14     1.940E-15
 8316.00     5.576E-14     1.190E-15
 8320.00     5.583E-14     1.389E-15
 8324.00     5.556E-14     1.569E-15
 8328.00     5.526E-14     1.837E-15
 8332.00     5.529E-14     1.825E-15
 8336.00     5.492E-14     1.108E-15
 8340.00     5.515E-14     1.401E-15
 8344.00     5.530E-14     2.018E-15
 8348.00     5.555E-14     1.235E-15
 8352.00     5.569E-14     1.749E-15
 8356.00     5.486E-14     1.660E-15
 8360.00     5.556E-14     1.838E-15
 8364.00     5.574E-14     1.673E-15
 8368.00     5.532E-14     1.512E-15
 8372.00     5.562E-14     1.287E-15
 8376.00     5.511E-14     1.721E-15
 8380.00     5.484E-14     1.387E-15
 8384.00     5.446E-14     1.385E-15
 8388.00     5.511E-14     1.244E-15
 8392.00     5.519E-14     1.679E-15
 8396.00     5.595E-14     2.067E-15
 8400.00     5.600E-14     1.407E-15
 8404.00     5.644E-14     1.323E-15
 8408.00     5.631E-14     1.888E-15
 8412.00     5.597E-14     1.237E-15
 8416.00     5.570E-14     1.519E-15
 8420.00     5.544E-14     1.981E-15
 8424.00     5.515E-14     2.120E-15
 8428.00     5.447E-14     1.715E-15
 8432.00     5.393E-14     1.154E-15
 8436.00     5.349E-14     1.404E-15
 8440.00     5.357E-14     1.134E-15
 8444.00     5.387E-14     1.285E-15
 8448.00     5.361E-14     1.922E-15
 8452.00     5.369E-14     1.320E-15
 8456.00     5.386E-14     1.676E-15
 8460.00     5.391E-14     1.951E-15
 8464.00     5.357E-14     1.248E-15
 8468.00     5.359E-14     1.091E-15
 8472.00     5.353E-14     1.838E-15
 8476.00     5.406E-14     1.999E-15
 8480.00     5.387E-14     2.113E-15
 8484.00     5.359E-14     1.433E-15
 8488.00     5.271E-14     1.719E-15
 8492.00     5.250E-14     1.768E-15
 8496.00     5.180E-14     1.621E-15
 8500.00     5.168E-14     1.868E-15
 8504.00     5.203E-14     2.062E-15
 8508.00     5.245E-14     1.415E-15
 8512.00     5.311E-14     1.944E-15
 8516.00     5.298E-14     1.905E-15
 8520.00     5.311E-14     1.781E-15
 8524.00     5.227E-14     1.453E-15
 8528.00     5.084E-14     2.636E-15
 8532.00     4.882E-14     3.697E-15
 8536.00     4.780E-14     3.342E-15
 8540.00     4.802E-14     1.904E-15
 8544.00     4.861E-14     1.486E-15
 8548.00     5.023E-14     2.327E-15
 8552.00     5.194E-14     2.324E-15
 8556.00     5.360E-14     1.505E-15
 8560.00     5.449E-14     1.464E-15
 8564.00     5.535E-14     1.316E-15
 8568.00     5.580E-14     1.856E-15
 8572.00     5.529E-14     1.660E-15
 8576.00     5.587E-14     2.062E-15
 8580.00     5.577E-14     1.970E-15
 8584.00     5.631E-14     2.284E-15
 8588.00     5.624E-14     2.077E-15
 8592.00     5.667E-14     1.733E-15
 8596.00     5.657E-14     2.011E-15
 8600.00     5.642E-14     1.529E-15
 8604.00     5.659E-14     1.458E-15
 8608.00     5.712E-14     1.504E-15
 8612.00     5.708E-14     1.879E-15
 8616.00     5.694E-14     1.215E-15
 8620.00     5.731E-14     1.654E-15
 8624.00     5.726E-14     1.542E-15
 8628.00     5.770E-14     1.625E-15
 8632.00     5.763E-14     1.289E-15
 8636.00     5.770E-14     1.490E-15
 8640.00     5.710E-14     1.725E-15
 8644.00     5.649E-14     1.334E-15
 8648.00     5.590E-14     1.684E-15
 8652.00     5.419E-14     1.404E-15
 8656.00     5.265E-14     1.357E-15
 8660.00     5.172E-14     1.251E-15
 8664.00     5.236E-14     1.666E-15
 8668.00     5.314E-14     1.403E-15
 8672.00     5.395E-14     2.029E-15
 8676.00     5.553E-14     1.820E-15
 8680.00     5.590E-14     9.518E-16
 8684.00     5.540E-14     1.008E-15
 8688.00     5.608E-14     1.703E-15
 8692.00     5.685E-14     1.551E-15
 8696.00     5.744E-14     1.114E-15
 8700.00     5.743E-14     1.215E-15
 8704.00     5.766E-14     1.504E-15
 8708.00     5.805E-14     1.635E-15
 8712.00     5.809E-14     1.651E-15
 8716.00     5.855E-14     1.860E-15
 8720.00     5.852E-14     1.731E-15
 8724.00     5.887E-14     1.657E-15
 8728.00     5.847E-14     1.693E-15
 8732.00     5.839E-14     1.183E-15
 8736.00     5.850E-14     1.690E-15
 8740.00     5.833E-14     2.052E-15
 8744.00     5.889E-14     1.388E-15
 8748.00     5.806E-14     1.950E-15
 8752.00     5.863E-14     1.364E-15
 8756.00     5.864E-14     1.766E-15
 8760.00     5.930E-14     9.133E-16
 8764.00     5.867E-14     1.814E-15
 8768.00     5.915E-14     1.763E-15
 8772.00     5.902E-14     8.157E-16
 8776.00     5.938E-14     8.211E-16
 8780.00     5.930E-14     1.183E-15
 8784.00     5.881E-14     1.469E-15
 8788.00     5.866E-14     1.626E-15
 8792.00     5.874E-14     1.733E-15
 8796.00     5.912E-14     2.057E-15
 8800.00     5.849E-14     1.328E-15
 8804.00     5.769E-14     1.366E-15
 8808.00     5.708E-14     1.287E-15
 8812.00     5.829E-14     1.569E-15
 8816.00     5.876E-14     1.748E-15
 8820.00     5.909E-14     1.683E-15
 8824.00     5.897E-14     1.206E-15
 8828.00     5.950E-14     1.242E-15
 8832.00     6.022E-14     1.343E-15
 8836.00     5.963E-14     1.363E-15
 8840.00     5.922E-14     1.172E-15
 8844.00     6.014E-14     1.037E-15
 8848.00     6.008E-14     1.485E-15
 8852.00     5.985E-14     2.269E-15
 8856.00     5.951E-14     2.105E-15
 8860.00     5.866E-14     1.370E-15
 8864.00     5.826E-14     1.702E-15
 8868.00     5.811E-14     2.087E-15
 8872.00     5.721E-14     1.310E-15
 8876.00     5.750E-14     1.390E-15
 8880.00     5.666E-14     1.479E-15
 8884.00     5.797E-14     1.856E-15
 8888.00     5.836E-14     2.272E-15
 8892.00     5.878E-14     1.778E-15
 8896.00     5.955E-14     1.614E-15
 8900.00     5.849E-14     1.523E-15
 8904.00     5.802E-14     2.095E-15
 8908.00     5.812E-14     1.125E-15
 8912.00     5.910E-14     9.872E-16
 8916.00     5.818E-14     1.120E-15
 8920.00     5.781E-14     1.256E-15
 8924.00     5.799E-14     1.192E-15
 8928.00     5.856E-14     2.131E-15
 8932.00     5.910E-14     1.592E-15
 8936.00     5.944E-14     1.546E-15
 8940.00     5.806E-14     1.424E-15
 8944.00     5.762E-14     1.947E-15
 8948.00     5.758E-14     1.550E-15
 8952.00     5.875E-14     2.167E-15
 8956.00     5.975E-14     2.572E-15
 8960.00     5.869E-14     1.689E-15
 8964.00     5.863E-14     1.549E-15
 8968.00     5.847E-14     1.211E-15
 8972.00     5.893E-14     1.208E-15
 8976.00     5.897E-14     1.265E-15
 8980.00     5.964E-14     1.861E-15
 8984.00     5.943E-14     1.822E-15
 8988.00     5.999E-14     1.858E-15
 8992.00     6.043E-14     1.599E-15
 8996.00     6.013E-14     1.250E-15
 9000.00     5.893E-14     1.500E-15
 9004.00     5.904E-14     1.524E-15
 9008.00     5.875E-14     1.937E-15
 9012.00     5.818E-14     1.454E-15
 9016.00     5.803E-14     1.723E-15
 9020.00     5.850E-14     1.873E-15
 9024.00     5.936E-14     2.002E-15
 9028.00     5.989E-14     1.276E-15
 9032.00     6.023E-14     1.140E-15
 9036.00     6.050E-14     1.365E-15
 9040.00     6.118E-14     1.725E-15
 9044.00     6.135E-14     7.383E-16
 9048.00     6.021E-14     1.012E-15
 9052.00     6.033E-14     2.150E-15
 9056.00     6.121E-14     1.158E-15
 9060.00     6.149E-14     1.779E-15
 9064.00     6.103E-14     2.170E-15
 9068.00     5.999E-14     1.210E-15
 9072.00     6.055E-14     2.529E-15
 9076.00     6.033E-14     9.129E-16
 9080.00     6.014E-14     1.483E-15
 9084.00     5.983E-14     1.263E-15
 9088.00     5.888E-14     1.995E-15
 9092.00     5.885E-14     4.019E-16
 9096.00     5.941E-14     1.466E-15
 9100.00     6.010E-14     8.821E-16
 9104.00     5.963E-14     1.546E-15
 9108.00     6.029E-14     2.092E-15
 9112.00     5.954E-14     1.699E-15
 9116.00     6.025E-14     1.995E-15
 9120.00     6.123E-14     2.278E-15
 9124.00     6.127E-14     2.565E-15
 9128.00     6.176E-14     2.631E-15
 9132.00     6.034E-14     2.306E-15
 9136.00     5.995E-14     1.888E-15
 9140.00     6.017E-14     2.741E-15
 9144.00     5.923E-14     2.288E-15
 9148.00     5.959E-14     2.717E-15
 9152.00     5.878E-14     1.951E-15
 9156.00     5.827E-14     7.834E-16
 9160.00     5.866E-14     2.161E-15
 9164.00     5.911E-14     2.273E-15
 9168.00     5.919E-14     1.887E-15
 9172.00     5.912E-14     1.984E-15
 9176.00     5.958E-14     2.421E-15
 9180.00     5.940E-14     2.155E-15
 9184.00     5.864E-14     1.540E-15
 9188.00     5.932E-14     2.191E-15
 9192.00     5.836E-14     1.199E-15
 9196.00     5.741E-14     7.266E-16
 9200.00     5.653E-14     1.070E-15
 9204.00     5.715E-14     1.847E-15
 9208.00     5.609E-14     1.365E-15
 9212.00     5.724E-14     5.373E-16
 9216.00     5.744E-14     1.037E-15
 9220.00     5.724E-14     1.245E-15
 9224.00     5.704E-14     1.438E-15
 9228.00     5.683E-14     1.405E-15
 9232.00     5.525E-14     1.752E-15
 9236.00     5.478E-14     2.036E-15
 9240.00     5.520E-14     6.628E-16
 9244.00     5.534E-14     1.602E-15
 9248.00     5.601E-14     1.220E-15
 9252.00     5.625E-14     9.456E-16
 9256.00     5.531E-14     1.023E-15
 9260.00     5.833E-14     1.106E-15
 9264.00     5.685E-14     7.976E-17
 9268.00     5.714E-14     1.472E-15
 9272.00     5.864E-14     1.225E-15
 9276.00     5.922E-14     2.736E-15
 9280.00     5.740E-14     1.931E-15
 9284.00     5.682E-14     2.432E-15
 9288.00     5.757E-14     2.479E-15
 9292.00     5.392E-14     2.815E-15
 9296.00     5.573E-14     4.629E-15
 9300.00     5.502E-14     3.203E-15
 9304.00     5.530E-14     2.770E-15
 9308.00     5.812E-14     1.614E-15
 9312.00     5.742E-14     2.639E-15
 9316.00     5.615E-14     2.242E-15
 9320.00     5.658E-14     1.857E-15
 9324.00     5.772E-14     1.033E-15
 9328.00     5.631E-14     2.440E-15
 9332.00     5.771E-14     3.221E-15
 9336.00     5.551E-14     1.679E-15
 9340.00     5.469E-14     1.411E-15
 9344.00     5.585E-14     3.167E-15
 9348.00     5.577E-14     1.732E-15
 9352.00     5.400E-14     1.357E-15
 9356.00     5.306E-14     2.430E-15
 9360.00     5.582E-14     1.557E-15
 9364.00     5.581E-14     1.991E-15
 9368.00     5.458E-14     2.019E-15
 9372.00     5.454E-14     3.283E-15
 9376.00     5.440E-14     1.619E-15
 9380.00     5.517E-14     2.945E-15
 9384.00     5.469E-14     2.452E-15
 9388.00     5.475E-14     1.957E-15
 9392.00     5.321E-14     2.752E-15
 9396.00     5.357E-14     6.452E-16
 9400.00     5.509E-14     3.986E-15
 9404.00     5.457E-14     2.240E-15
 9408.00     5.274E-14     2.539E-15
 9412.00     5.180E-14     2.524E-15
 9416.00     5.261E-14     1.823E-15
 9420.00     5.426E-14     2.687E-15
 9424.00     5.662E-14     3.644E-15
 9428.00     5.286E-14     1.187E-15
 9432.00     5.288E-14     1.147E-15
 9436.00     5.369E-14     1.622E-15
 9440.00     5.445E-14     2.895E-15
 9444.00     5.528E-14     2.295E-15
 9448.00     5.553E-14     2.810E-15
 9452.00     5.468E-14     1.827E-15
 9456.00     5.435E-14     1.853E-15
 9460.00     5.623E-14     6.531E-15
 9464.00     5.584E-14     3.292E-15
 9468.00     5.594E-14     2.479E-15
 9472.00     5.643E-14     1.205E-15
 9476.00     5.458E-14     5.885E-16
 9480.00     5.540E-14     1.542E-15
 9484.00     5.628E-14     1.640E-15
 9488.00     5.634E-14     1.747E-15
 9492.00     5.642E-14     8.082E-16
 9496.00     5.650E-14     6.940E-16
 9500.00     5.613E-14     2.060E-15
 9504.00     5.819E-14     4.689E-15
 9508.00     5.748E-14     2.415E-15
 9512.00     5.515E-14     1.964E-15
 9516.00     5.612E-14     2.512E-15
 9520.00     5.662E-14     2.376E-15
 9524.00     5.737E-14     2.620E-15
 9528.00     5.581E-14     2.572E-15
 9532.00     5.665E-14     1.302E-15
 9536.00     5.589E-14     3.469E-16
 9540.00     5.668E-14     1.390E-15
 9544.00     5.552E-14     1.012E-15
 9548.00     5.583E-14     2.148E-15
 9552.00     5.608E-14     1.387E-15
 9556.00     5.509E-14     1.596E-15
 9560.00     5.613E-14     1.950E-15
 9564.00     5.759E-14     5.828E-16
 9568.00     5.720E-14     2.835E-15
 9572.00     5.615E-14     1.149E-15
 9576.00     5.597E-14     1.192E-15
 9580.00     5.663E-14     1.546E-15
 9584.00     5.617E-14     1.998E-15
 9588.00     5.688E-14     1.388E-15
 9592.00     5.596E-14     3.314E-15
 9596.00     5.697E-14     3.981E-15
 9600.00     5.577E-14     2.078E-15
 9604.00     5.708E-14     2.533E-15
 9608.00     5.659E-14     2.550E-15
 9612.00     5.773E-14     2.746E-15
 9616.00     5.804E-14     1.905E-15
 9620.00     5.736E-14     2.651E-15
 9624.00     5.800E-14     1.058E-15
 9628.00     5.658E-14     2.204E-15
 9632.00     5.611E-14     3.181E-15
 9636.00     5.595E-14     3.493E-15
 9640.00     5.601E-14     1.201E-15
 9644.00     5.686E-14     1.756E-15
 9648.00     5.629E-14     1.677E-15
 9652.00     5.644E-14     1.619E-15
 9656.00     5.645E-14     8.730E-16
 9660.00     5.550E-14     1.036E-15
 9664.00     5.629E-14     2.063E-15
 9668.00     5.775E-14     2.200E-15
 9672.00     5.724E-14     2.083E-15
 9676.00     5.663E-14     1.506E-15
 9680.00     5.704E-14     2.416E-15
 9684.00     5.663E-14     1.920E-15
 9688.00     5.756E-14     2.970E-15
 9692.00     5.832E-14     3.413E-15
 9696.00     5.553E-14     1.572E-15
 9700.00     5.399E-14     4.311E-15
 9704.00     5.686E-14     2.480E-15
 9708.00     5.622E-14     2.283E-15
 9712.00     5.793E-14     1.375E-15
 9716.00     5.731E-14     1.387E-15
 9720.00     5.699E-14     1.614E-15
 9724.00     5.699E-14     1.337E-15
 9728.00     5.676E-14     2.099E-15
 9732.00     5.612E-14     1.006E-15
 9736.00     5.688E-14     7.731E-16
 9740.00     5.551E-14     1.471E-15
 9744.00     5.462E-14     1.342E-15
 9748.00     5.545E-14     1.107E-15
 9752.00     5.478E-14     1.009E-15
 9756.00     5.568E-14     1.702E-15
 9760.00     5.704E-14     2.772E-15
 9764.00     5.508E-14     2.168E-15
 9768.00     5.612E-14     9.516E-16
 9772.00     5.662E-14     1.618E-15
 9776.00     5.578E-14     2.681E-15
 9780.00     5.452E-14     5.128E-16
 9784.00     5.517E-14     1.604E-15
 9788.00     5.713E-14     3.179E-15
 9792.00     5.817E-14     4.174E-15
 9796.00     5.710E-14     3.242E-15
 9800.00     5.509E-14     2.295E-15
 9804.00     5.504E-14     8.204E-16
 9808.00     5.631E-14     3.064E-15
 9812.00     5.636E-14     2.032E-15
 9816.00     5.606E-14     2.761E-15
 9820.00     5.527E-14     2.334E-15
 9824.00     5.522E-14     1.234E-15
 9828.00     5.593E-14     1.096E-15
 9832.00     5.685E-14     1.807E-15
 9836.00     5.732E-14     2.439E-15
 9840.00     5.694E-14     2.284E-15
 9844.00     5.654E-14     1.606E-15
 9848.00     5.656E-14     1.982E-15
 9852.00     5.683E-14     1.860E-15
 9856.00     5.681E-14     1.532E-15
 9860.00     5.609E-14     1.316E-15
 9864.00     5.775E-14     2.586E-15
 9868.00     5.910E-14     4.606E-15
 9872.00     5.746E-14     2.809E-15
 9876.00     5.725E-14     1.347E-15
 9880.00     5.674E-14     1.411E-15
 9884.00     5.611E-14     1.974E-15
 9888.00     5.627E-14     1.864E-15
 9892.00     5.654E-14     8.579E-16
 9896.00     5.651E-14     1.167E-15
 9900.00     3.749E-14     2.114E-14
 9904.00     5.734E-14     3.932E-16
 9908.00     5.775E-14     1.191E-16
 9912.00     5.699E-14     1.030E-15
 9916.00     5.603E-14     2.541E-15
 9920.00     5.455E-14     3.721E-15
 9924.00     5.320E-14     3.956E-15
 9928.00     5.382E-14     3.763E-16
 9932.00     5.285E-14     3.180E-15
 9936.00     5.340E-14     2.256E-15
 9940.00     5.501E-14           NaN
 9944.00     5.691E-14           NaN
 9948.00     5.662E-14           NaN
 9952.00     0.000E+00     0.000E+00
 9956.00     0.000E+00     0.000E+00
 9960.00     0.000E+00     0.000E+00
 9964.00     0.000E+00     0.000E+00
 9968.00     0.000E+00     0.000E+00
 9972.00     0.000E+00     0.000E+00
 9976.00     0.000E+00     0.000E+00
 9980.00     0.000E+00     0.000E+00
 9984.00     0.000E+00     0.000E+00
 9988.00     0.000E+00     0.000E+00
 9992.00     0.000E+00     0.000E+00
 9996.00     0.000E+00     0.000E+00
10000.00     0.000E+00     0.000E+00
10004.00     0.000E+00     0.000E+00
10008.00     0.000E+00     0.000E+00
10012.00     0.000E+00     0.000E+00
10016.00     0.000E+00     0.000E+00
10020.00     0.000E+00     0.000E+00
10024.00     0.000E+00     0.000E+00
10028.00     0.000E+00     0.000E+00
10032.00     0.000E+00     0.000E+00
10036.00     0.000E+00     0.000E+00
10040.00     0.000E+00     0.000E+00
10044.00     0.000E+00     0.000E+00
10048.00     0.000E+00     0.000E+00
10052.00     0.000E+00     0.000E+00
10056.00     0.000E+00     0.000E+00
10060.00     0.000E+00     0.000E+00
10064.00     0.000E+00     0.000E+00
10068.00     0.000E+00     0.000E+00
10072.00     0.000E+00     0.000E+00
10076.00     0.000E+00     0.000E+00
10080.00     0.000E+00     0.000E+00
10084.00     0.000E+00     0.000E+00
10088.00     0.000E+00     0.000E+00
10092.00     0.000E+00     0.000E+00
10096.00     0.000E+00     0.000E+00
10100.00     0.000E+00     0.000E+00
10104.00     0.000E+00     0.000E+00
10108.00     0.000E+00     0.000E+00
10112.00     0.000E+00     0.000E+00
10116.00     0.000E+00     0.000E+00
10120.00     0.000E+00     0.000E+00
10124.00     0.000E+00     0.000E+00
10128.00     0.000E+00     0.000E+00
10132.00     0.000E+00     0.000E+00
10136.00     0.000E+00     0.000E+00
10140.00     0.000E+00     0.000E+00
10144.00     0.000E+00     0.000E+00
10148.00     0.000E+00     0.000E+00
10152.00     0.000E+00     0.000E+00
10156.00     0.000E+00     0.000E+00
10160.00     0.000E+00     0.000E+00
10164.00     0.000E+00     0.000E+00
10168.00     0.000E+00     0.000E+00
10172.00     0.000E+00     0.000E+00
10176.00     0.000E+00     0.000E+00
10180.00     0.000E+00     0.000E+00
10184.00     0.000E+00     0.000E+00
10188.00     0.000E+00     0.000E+00
10192.00     0.000E+00     0.000E+00
10196.00     0.000E+00     0.000E+00
10200.00     0.000E+00     0.000E+00
10204.00     0.000E+00     0.000E+00
10208.00     0.000E+00     0.000E+00
10212.00     0.000E+00     0.000E+00
10216.00     0.000E+00     0.000E+00
10220.00     0.000E+00     0.000E+00
10224.00     0.000E+00     0.000E+00
10228.00     0.000E+00     0.000E+00
10232.00     0.000E+00     0.000E+00
10236.00     0.000E+00     0.000E+00
10240.00     0.000E+00     0.000E+00
10244.00     0.000E+00     0.000E+00
10248.00     0.000E+00     0.000E+00
10252.00     0.000E+00     0.000E+00
10256.00     0.000E+00     0.000E+00
10260.00     0.000E+00     0.000E+00
10264.00     0.000E+00     0.000E+00
10268.00     0.000E+00     0.000E+00
10272.00     0.000E+00     0.000E+00
10276.00     0.000E+00     0.000E+00
10280.00     0.000E+00     0.000E+00
10284.00     0.000E+00     0.000E+00
10288.00     0.000E+00     0.000E+00
10292.00     0.000E+00     0.000E+00
10296.00     0.000E+00     0.000E+00
10300.00     0.000E+00     0.000E+00
10304.00     0.000E+00     0.000E+00
10308.00     0.000E+00     0.000E+00
10312.00     0.000E+00     0.000E+00
10316.00     0.000E+00     0.000E+00
10320.00     0.000E+00     0.000E+00
10324.00     0.000E+00     0.000E+00
10328.00     0.000E+00     0.000E+00
10332.00     0.000E+00     0.000E+00
10336.00     0.000E+00     0.000E+00
10340.00     0.000E+00     0.000E+00
10344.00     0.000E+00     0.000E+00
10348.00     0.000E+00     0.000E+00
10352.00     0.000E+00     0.000E+00
10356.00     0.000E+00     0.000E+00
10360.00     0.000E+00     0.000E+00
10364.00     0.000E+00     0.000E+00
10368.00     0.000E+00     0.000E+00
10372.00     0.000E+00     0.000E+00
10376.00     0.000E+00     0.000E+00
10380.00     0.000E+00     0.000E+00
10384.00     0.000E+00     0.000E+00
10388.00     0.000E+00     0.000E+00
10392.00     0.000E+00     0.000E+00
10396.00     0.000E+00     0.000E+00
10400.00     0.000E+00     0.000E+00
10404.00     0.000E+00     0.000E+00
10408.00     0.000E+00     0.000E+00
10412.00     0.000E+00     0.000E+00
10416.00     0.000E+00     0.000E+00
10420.00     0.000E+00     0.000E+00
10424.00     0.000E+00     0.000E+00
10428.00     0.000E+00     0.000E+00
10432.00     0.000E+00     0.000E+00
10436.00     0.000E+00     0.000E+00
10440.00     0.000E+00     0.000E+00
10444.00     0.000E+00     0.000E+00
10448.00     0.000E+00     0.000E+00
10452.00     0.000E+00     0.000E+00
10456.00     0.000E+00     0.000E+00
10460.00     0.000E+00     0.000E+00
10464.00     0.000E+00     0.000E+00
10468.00     0.000E+00     0.000E+00
10472.00     0.000E+00     0.000E+00
10476.00     0.000E+00     0.000E+00
10480.00     0.000E+00     0.000E+00
10484.00     0.000E+00     0.000E+00
10488.00     0.000E+00     0.000E+00
10492.00     0.000E+00     0.000E+00
10496.00     0.000E+00     0.000E+00
10500.00     0.000E+00     0.000E+00
10504.00     0.000E+00     0.000E+00
10508.00     0.000E+00     0.000E+00
10512.00     0.000E+00     0.000E+00
10516.00     0.000E+00     0.000E+00
10520.00     0.000E+00     0.000E+00
10524.00     0.000E+00     0.000E+00
10528.00     0.000E+00     0.000E+00
10532.00     0.000E+00     0.000E+00
10536.00     0.000E+00     0.000E+00
10540.00     0.000E+00     0.000E+00
10544.00     0.000E+00     0.000E+00
10548.00     0.000E+00     0.000E+00
10552.00     0.000E+00     0.000E+00
10556.00     0.000E+00     0.000E+00
10560.00     0.000E+00     0.000E+00
10564.00     0.000E+00     0.000E+00
10568.00     0.000E+00     0.000E+00
10572.00     0.000E+00     0.000E+00
10576.00     0.000E+00     0.000E+00
10580.00     0.000E+00     0.000E+00
10584.00     0.000E+00     0.000E+00
10588.00     0.000E+00     0.000E+00
10592.00     0.000E+00     0.000E+00
10596.00     0.000E+00     0.000E+00
10600.00     0.000E+00     0.000E+00
10604.00     0.000E+00     0.000E+00
10608.00     0.000E+00     0.000E+00
10612.00     0.000E+00     0.000E+00
10616.00     0.000E+00     0.000E+00
10620.00     0.000E+00     0.000E+00
10624.00     0.000E+00     0.000E+00
10628.00     0.000E+00     0.000E+00
10632.00     0.000E+00     0.000E+00
10636.00     0.000E+00     0.000E+00
10640.00     0.000E+00     0.000E+00
10644.00     0.000E+00     0.000E+00
10648.00     0.000E+00     0.000E+00
10652.00     0.000E+00     0.000E+00
10656.00     0.000E+00     0.000E+00
10660.00     0.000E+00     0.000E+00
10664.00     0.000E+00     0.000E+00
10668.00     0.000E+00     0.000E+00
10672.00     0.000E+00     0.000E+00
10676.00     0.000E+00     0.000E+00
10680.00     0.000E+00     0.000E+00
10684.00     0.000E+00     0.000E+00
10688.00     0.000E+00     0.000E+00
10692.00     0.000E+00     0.000E+00
10696.00     0.000E+00     0.000E+00
10700.00     0.000E+00     0.000E+00
10704.00     0.000E+00     0.000E+00
10708.00     0.000E+00     0.000E+00
10712.00     0.000E+00     0.000E+00
10716.00     0.000E+00     0.000E+00
10720.00     0.000E+00     0.000E+00
10724.00     0.000E+00     0.000E+00
10728.00     0.000E+00     0.000E+00
10732.00     0.000E+00     0.000E+00
10736.00     0.000E+00     0.000E+00
10740.00     0.000E+00     0.000E+00
10744.00     0.000E+00     0.000E+00
10748.00     0.000E+00     0.000E+00
10752.00     0.000E+00     0.000E+00
10756.00     0.000E+00     0.000E+00
10760.00     0.000E+00     0.000E+00
10764.00     0.000E+00     0.000E+00
10768.00     0.000E+00     0.000E+00
10772.00     0.000E+00     0.000E+00
10776.00     0.000E+00     0.000E+00
10780.00     0.000E+00     0.000E+00
10784.00     0.000E+00     0.000E+00
10788.00     0.000E+00     0.000E+00
10792.00     0.000E+00     0.000E+00
10796.00     0.000E+00     0.000E+00
10800.00     0.000E+00     0.000E+00
10804.00     0.000E+00     0.000E+00
10808.00     0.000E+00     0.000E+00
10812.00     0.000E+00     0.000E+00
10816.00     0.000E+00     0.000E+00
10820.00     0.000E+00     0.000E+00
10824.00     0.000E+00     0.000E+00
10828.00     0.000E+00     0.000E+00
10832.00     0.000E+00     0.000E+00
10836.00     0.000E+00     0.000E+00
10840.00     0.000E+00     0.000E+00
10844.00     0.000E+00     0.000E+00
10848.00     0.000E+00     0.000E+00
10852.00     0.000E+00     0.000E+00
10856.00     0.000E+00     0.000E+00
10860.00     0.000E+00     0.000E+00
10864.00     0.000E+00     0.000E+00
10868.00     0.000E+00     0.000E+00
10872.00     0.000E+00     0.000E+00
10876.00     0.000E+00     0.000E+00
10880.00     0.000E+00     0.000E+00
10884.00     0.000E+00     0.000E+00
10888.00     0.000E+00     0.000E+00
10892.00     0.000E+00     0.000E+00
10896.00     0.000E+00     0.000E+00
10900.00     0.000E+00     0.000E+00
10904.00     0.000E+00     0.000E+00
10908.00     0.000E+00     0.000E+00
10912.00     0.000E+00     0.000E+00
10916.00     0.000E+00     0.000E+00
10920.00     0.000E+00     0.000E+00
10924.00     0.000E+00     0.000E+00
10928.00     0.000E+00     0.000E+00
10932.00     0.000E+00     0.000E+00
10936.00     0.000E+00     0.000E+00
10940.00     0.000E+00     0.000E+00
10944.00     0.000E+00     0.000E+00
10948.00     0.000E+00     0.000E+00
10952.00     0.000E+00     0.000E+00
10956.00     0.000E+00     0.000E+00
10960.00     0.000E+00     0.000E+00
10964.00     0.000E+00     0.000E+00
10968.00     0.000E+00     0.000E+00
10972.00     0.000E+00     0.000E+00
10976.00     0.000E+00     0.000E+00
10980.00     0.000E+00     0.000E+00
10984.00     0.000E+00     0.000E+00
10988.00     0.000E+00     0.000E+00
10992.00     0.000E+00     0.000E+00
10996.00     0.000E+00     0.000E+00
11000.00     0.000E+00     0.000E+00
11004.00     0.000E+00     0.000E+00
11008.00     0.000E+00     0.000E+00
11012.00     0.000E+00     0.000E+00
11016.00     0.000E+00     0.000E+00
11020.00     0.000E+00     0.000E+00
11024.00     0.000E+00     0.000E+00
11028.00     0.000E+00     0.000E+00
11032.00     0.000E+00     0.000E+00
11036.00     0.000E+00     0.000E+00
11040.00     0.000E+00     0.000E+00
11044.00     0.000E+00     0.000E+00
11048.00     0.000E+00     0.000E+00
11052.00     0.000E+00     0.000E+00
11056.00     0.000E+00     0.000E+00
11060.00     0.000E+00     0.000E+00
11064.00     0.000E+00     0.000E+00
11068.00     0.000E+00     0.000E+00
11072.00     0.000E+00     0.000E+00
11076.00     0.000E+00     0.000E+00
11080.00     0.000E+00     0.000E+00
11084.00     0.000E+00     0.000E+00
11088.00     0.000E+00     0.000E+00
11092.00     0.000E+00     0.000E+00
11096.00     0.000E+00     0.000E+00
11100.00     0.000E+00     0.000E+00
11104.00     0.000E+00     0.000E+00
11108.00     0.000E+00     0.000E+00
11112.00     0.000E+00     0.000E+00
11116.00     0.000E+00     0.000E+00
11120.00     0.000E+00     0.000E+00
11124.00     0.000E+00     0.000E+00
11128.00     0.000E+00     0.000E+00
11132.00     0.000E+00     0.000E+00
11136.00     0.000E+00     0.000E+00
11140.00     0.000E+00     0.000E+00
11144.00     0.000E+00     0.000E+00
11148.00     0.000E+00     0.000E+00
11152.00     0.000E+00     0.000E+00
11156.00     0.000E+00     0.000E+00
11160.00     0.000E+00     0.000E+00
11164.00     0.000E+00     0.000E+00
11168.00     0.000E+00     0.000E+00
11172.00     0.000E+00     0.000E+00
11176.00     0.000E+00     0.000E+00
11180.00     0.000E+00     0.000E+00
11184.00     0.000E+00     0.000E+00
11188.00     0.000E+00     0.000E+00
11192.00     0.000E+00     0.000E+00
11196.00     0.000E+00     0.000E+00
11200.00     0.000E+00     0.000E+00
11204.00     0.000E+00     0.000E+00
11208.00     0.000E+00     0.000E+00
11212.00     0.000E+00     0.000E+00
11216.00     0.000E+00     0.000E+00
11220.00     0.000E+00     0.000E+00
11224.00     0.000E+00     0.000E+00
11228.00     0.000E+00     0.000E+00
11232.00     0.000E+00     0.000E+00
11236.00     0.000E+00     0.000E+00
11240.00     0.000E+00     0.000E+00
11244.00     0.000E+00     0.000E+00
11248.00     0.000E+00     0.000E+00
11252.00     0.000E+00     0.000E+00
11256.00     0.000E+00     0.000E+00
11260.00     0.000E+00     0.000E+00
11264.00     0.000E+00     0.000E+00
11268.00     0.000E+00     0.000E+00
11272.00     0.000E+00     0.000E+00
11276.00     0.000E+00     0.000E+00
11280.00     0.000E+00     0.000E+00
11284.00     0.000E+00     0.000E+00
11288.00     0.000E+00     0.000E+00
11292.00     0.000E+00     0.000E+00
11296.00     0.000E+00     0.000E+00
11300.00     0.000E+00     0.000E+00
11304.00     0.000E+00     0.000E+00
11308.00     0.000E+00     0.000E+00
11312.00     0.000E+00     0.000E+00
11316.00     0.000E+00     0.000E+00
11320.00     0.000E+00     0.000E+00
11324.00     0.000E+00     0.000E+00
11328.00     0.000E+00     0.000E+00
11332.00     0.000E+00     0.000E+00
11336.00     0.000E+00     0.000E+00
11340.00     0.000E+00     0.000E+00
11344.00     0.000E+00     0.000E+00
11348.00     0.000E+00     0.000E+00
11352.00     0.000E+00     0.000E+00
11356.00     0.000E+00     0.000E+00
11360.00     0.000E+00     0.000E+00
11364.00     0.000E+00     0.000E+00
11368.00     0.000E+00     0.000E+00
11372.00     0.000E+00     0.000E+00
11376.00     0.000E+00     0.000E+00
11380.00     0.000E+00     0.000E+00
11384.00     0.000E+00     0.000E+00
11388.00     0.000E+00     0.000E+00
11392.00     0.000E+00     0.000E+00
11396.00     0.000E+00     0.000E+00
11400.00     0.000E+00     0.000E+00
11404.00     0.000E+00     0.000E+00
11408.00     0.000E+00     0.000E+00
11412.00     0.000E+00     0.000E+00
11416.00     0.000E+00     0.000E+00
11420.00     0.000E+00     0.000E+00
11424.00     0.000E+00     0.000E+00
11428.00     0.000E+00     0.000E+00
11432.00     0.000E+00     0.000E+00
11436.00     0.000E+00     0.000E+00
11440.00     0.000E+00     0.000E+00
11444.00     0.000E+00     0.000E+00
11448.00     0.000E+00     0.000E+00
11452.00     0.000E+00     0.000E+00
11456.00     0.000E+00     0.000E+00
11460.00     0.000E+00     0.000E+00
11464.00     0.000E+00     0.000E+00
11468.00     0.000E+00     0.000E+00
11472.00     0.000E+00     0.000E+00
11476.00     0.000E+00     0.000E+00
11480.00     0.000E+00     0.000E+00
11484.00     0.000E+00     0.000E+00
11488.00     0.000E+00     0.000E+00
11492.00     0.000E+00     0.000E+00
11496.00     0.000E+00     0.000E+00
11500.00     0.000E+00     0.000E+00
11504.00     0.000E+00     0.000E+00
11508.00     0.000E+00     0.000E+00
11512.00     0.000E+00     0.000E+00
11516.00     0.000E+00     0.000E+00
11520.00     0.000E+00     0.000E+00
11524.00     0.000E+00     0.000E+00
11528.00     0.000E+00     0.000E+00
11532.00     0.000E+00     0.000E+00
11536.00     0.000E+00     0.000E+00
11540.00     0.000E+00     0.000E+00
11544.00     0.000E+00     0.000E+00
11548.00     0.000E+00     0.000E+00
11552.00     0.000E+00     0.000E+00
11556.00     0.000E+00     0.000E+00
11560.00     0.000E+00     0.000E+00
11564.00     0.000E+00     0.000E+00
11568.00     0.000E+00     0.000E+00
11572.00     0.000E+00     0.000E+00
11576.00     0.000E+00     0.000E+00
11580.00     0.000E+00     0.000E+00
11584.00     0.000E+00     0.000E+00
11588.00     0.000E+00     0.000E+00
11592.00     0.000E+00     0.000E+00
11596.00     0.000E+00     0.000E+00
11600.00     0.000E+00     0.000E+00
11604.00     0.000E+00     0.000E+00
11608.00     0.000E+00     0.000E+00
11612.00     0.000E+00     0.000E+00
11616.00     0.000E+00     0.000E+00
11620.00     0.000E+00     0.000E+00
11624.00     0.000E+00     0.000E+00
11628.00     0.000E+00     0.000E+00
11632.00     0.000E+00     0.000E+00
11636.00     0.000E+00     0.000E+00
11640.00     0.000E+00     0.000E+00
11644.00     0.000E+00     0.000E+00
11648.00     0.000E+00     0.000E+00
11652.00     0.000E+00     0.000E+00
11656.00     0.000E+00     0.000E+00
11660.00     0.000E+00     0.000E+00
11664.00     0.000E+00     0.000E+00
11668.00     0.000E+00     0.000E+00
11672.00     0.000E+00     0.000E+00
11676.00     0.000E+00     0.000E+00
11680.00     0.000E+00     0.000E+00
11684.00     0.000E+00     0.000E+00
11688.00     0.000E+00     0.000E+00
11692.00     0.000E+00     0.000E+00
11696.00     0.000E+00     0.000E+00
11700.00     0.000E+00     0.000E+00
11704.00     0.000E+00     0.000E+00
11708.00     0.000E+00     0.000E+00
11712.00     0.000E+00     0.000E+00
11716.00     0.000E+00     0.000E+00
11720.00     0.000E+00     0.000E+00
11724.00     0.000E+00     0.000E+00
11728.00     0.000E+00     0.000E+00
11732.00     0.000E+00     0.000E+00
11736.00     0.000E+00     0.000E+00
11740.00     0.000E+00     0.000E+00
11744.00     0.000E+00     0.000E+00
11748.00     0.000E+00     0.000E+00
11752.00     0.000E+00     0.000E+00
11756.00     0.000E+00     0.000E+00
11760.00     0.000E+00     0.000E+00
11764.00     0.000E+00     0.000E+00
11768.00     0.000E+00     0.000E+00
11772.00     0.000E+00     0.000E+00
11776.00     0.000E+00     0.000E+00
11780.00     0.000E+00     0.000E+00
11784.00     0.000E+00     0.000E+00
11788.00     0.000E+00     0.000E+00
11792.00     0.000E+00     0.000E+00
11796.00     0.000E+00     0.000E+00
11800.00     0.000E+00     0.000E+00
11804.00     0.000E+00     0.000E+00
11808.00     0.000E+00     0.000E+00
11812.00     0.000E+00     0.000E+00
11816.00     0.000E+00     0.000E+00
11820.00     0.000E+00     0.000E+00
11824.00     0.000E+00     0.000E+00
11828.00     0.000E+00     0.000E+00
11832.00     0.000E+00     0.000E+00
11836.00     0.000E+00     0.000E+00
11840.00     0.000E+00     0.000E+00
11844.00     0.000E+00     0.000E+00
11848.00     0.000E+00     0.000E+00
11852.00     0.000E+00     0.000E+00
11856.00     0.000E+00     0.000E+00
11860.00     0.000E+00     0.000E+00
11864.00     0.000E+00     0.000E+00
11868.00     0.000E+00     0.000E+00
11872.00     0.000E+00     0.000E+00
11876.00     0.000E+00     0.000E+00
11880.00     0.000E+00     0.000E+00
11884.00     0.000E+00     0.000E+00
11888.00     0.000E+00     0.000E+00
11892.00     0.000E+00     0.000E+00
11896.00     0.000E+00     0.000E+00
11900.00     0.000E+00     0.000E+00
11904.00     0.000E+00     0.000E+00
11908.00     0.000E+00     0.000E+00
11912.00     0.000E+00     0.000E+00
11916.00     0.000E+00     0.000E+00
11920.00     0.000E+00     0.000E+00
11924.00     0.000E+00     0.000E+00
11928.00     0.000E+00     0.000E+00
11932.00     0.000E+00     0.000E+00
11936.00     0.000E+00     0.000E+00
11940.00     0.000E+00     0.000E+00
11944.00     0.000E+00     0.000E+00
11948.00     0.000E+00     0.000E+00
11952.00     0.000E+00     0.000E+00
11956.00     0.000E+00     0.000E+00
11960.00     0.000E+00     0.000E+00
11964.00     0.000E+00     0.000E+00
11968.00     0.000E+00     0.000E+00
11972.00     0.000E+00     0.000E+00
11976.00     0.000E+00     0.000E+00
11980.00     0.000E+00     0.000E+00
11984.00     0.000E+00     0.000E+00
11988.00     0.000E+00     0.000E+00
11992.00     0.000E+00     0.000E+00
11996.00     0.000E+00     0.000E+00
12000.00     0.000E+00     0.000E+00
