1100.  0.
1104.  0.
1108.  0.
1112.  0.
1116.  0.
1120.  0.
1124.  0.
1128.  0.
1132.  0.
1136.  0.
1140.  0.
1144.  0.
1148.  0.
1152.  0.
1156.  0.
1160.  0.
1164.  0.
1168.  0.
1172.  0.
1176.  0.
1180.  0.
1184.  0.
1188.  1.650000E-16
1192.  5.038400E-16
1196.  6.581200E-16
1200.  1.399098E-15
1204.  1.467922E-15
1208.  1.544059E-15
1212.  1.608236E-15
1216.  1.683569E-15
1220.  1.765392E-15
1224.  1.837392E-15
1228.  1.920530E-15
1232.  2.012647E-15
1236.  2.073608E-15
1240.  2.166549E-15
1244.  2.262235E-15
1248.  2.345549E-15
1252.  2.444902E-15
1256.  2.516667E-15
1260.  2.593471E-15
1264.  2.677236E-15
1268.  2.744765E-15
1272.  2.842334E-15
1276.  2.916373E-15
1280.  2.982530E-15
1284.  3.054255E-15
1288.  3.119824E-15
1292.  3.171981E-15
1296.  3.172405E-15
1300.  3.231385E-15
1304.  3.321208E-15
1308.  3.370169E-15
1312.  3.429796E-15
1316.  3.501208E-15
1320.  3.581561E-15
1324.  3.646404E-15
1328.  3.726561E-15
1332.  3.804012E-15
1336.  3.801228E-15
1340.  3.820561E-15
1344.  3.796738E-15
1348.  3.794797E-15
1352.  3.784032E-15
1356.  3.749933E-15
1360.  3.723052E-15
1364.  3.764385E-15
1368.  3.768875E-15
1372.  3.755306E-15
1376.  3.787816E-15
1380.  3.795836E-15
1384.  3.794993E-15
1388.  3.797483E-15
1392.  3.780209E-15
1396.  3.824601E-15
1400.  3.847856E-15
1404.  3.856522E-15
1408.  3.839973E-15
1412.  3.884483E-15
1416.  3.929345E-15
1420.  3.956875E-15
1424.  3.945502E-15
1428.  3.873992E-15
1432.  3.883188E-15
1436.  3.920521E-15
1440.  3.922854E-15
1444.  3.881306E-15
1448.  3.848875E-15
1452.  3.829522E-15
1456.  3.802639E-15
1460.  3.799247E-15
1464.  3.801247E-15
1468.  3.797090E-15
1472.  3.787169E-15
1476.  3.777247E-15
1480.  3.807168E-15
1484.  3.825933E-15
1488.  3.829894E-15
1492.  3.825031E-15
1496.  3.830541E-15
1500.  3.898529E-15
1504.  3.938489E-15
1508.  3.915176E-15
1512.  3.917000E-15
1516.  3.941941E-15
1520.  3.940274E-15
1524.  3.925528E-15
1528.  3.922234E-15
1532.  3.916921E-15
1536.  3.895156E-15
1540.  3.889489E-15
1544.  3.884607E-15
1548.  3.876685E-15
1552.  3.901313E-15
1556.  3.890921E-15
1560.  3.938195E-15
1564.  3.945411E-15
1568.  3.921137E-15
1572.  3.915666E-15
1576.  3.924529E-15
1580.  3.905313E-15
1584.  3.887626E-15
1588.  3.825097E-15
1592.  3.769450E-15
1596.  3.765509E-15
1600.  3.726059E-15
1604.  3.733706E-15
1608.  3.725451E-15
1612.  3.742157E-15
1616.  3.683353E-15
1620.  3.651294E-15
1624.  3.597470E-15
1628.  3.611706E-15
1632.  3.714157E-15
1636.  3.708510E-15
1640.  3.661334E-15
1644.  3.703314E-15
1648.  3.733609E-15
1652.  3.725844E-15
1656.  3.736256E-15
1660.  3.743844E-15
1664.  3.778667E-15
1668.  3.792961E-15
1672.  3.805628E-15
1676.  3.824765E-15
1680.  3.822706E-15
1684.  3.785647E-15
1688.  3.762843E-15
1692.  3.753136E-15
1696.  3.765392E-15
1700.  3.776941E-15
1704.  3.768725E-15
1708.  3.740196E-15
1712.  3.753470E-15
1716.  3.808137E-15
1720.  3.816411E-15
1724.  3.815058E-15
1728.  3.823332E-15
1732.  3.836764E-15
1736.  3.827097E-15
1740.  3.844234E-15
1744.  3.855666E-15
1748.  3.817509E-15
1752.  3.795489E-15
1756.  3.748313E-15
1760.  3.755175E-15
1764.  3.706019E-15
1768.  3.714038E-15
1772.  3.706038E-15
1776.  3.698960E-15
1780.  3.686607E-15
1784.  3.665254E-15
1788.  3.663647E-15
1792.  3.693764E-15
1796.  3.739744E-15
1800.  3.737744E-15
1804.  3.719156E-15
1808.  3.717647E-15
1812.  3.725686E-15
1816.  3.713314E-15
1820.  3.695392E-15
1824.  3.666020E-15
1828.  3.658608E-15
1832.  3.626941E-15
1836.  3.541302E-15
1840.  3.501988E-15
1844.  3.478185E-15
1848.  3.432479E-15
1852.  3.426342E-15
1856.  3.452969E-15
1860.  3.448812E-15
1864.  3.419675E-15
1868.  3.380930E-15
1872.  3.340361E-15
1876.  3.253659E-15
1880.  3.223777E-15
1884.  3.214188E-15
1888.  3.203757E-15
1892.  3.211188E-15
1896.  3.171364E-15
1900.  3.143423E-15
1904.  3.124502E-15
1908.  3.066769E-15
1912.  3.002696E-15
1916.  2.952441E-15
1920.  2.918069E-15
1924.  2.876559E-15
1928.  2.855500E-15
1932.  2.824500E-15
1936.  2.814461E-15
1940.  2.791854E-15
1944.  2.767265E-15
1948.  2.765324E-15
1952.  2.747599E-15
1956.  2.735638E-15
1960.  2.733853E-15
1964.  2.721422E-15
1968.  2.712481E-15
1972.  2.715148E-15
1976.  2.714089E-15
1980.  2.694736E-15
1984.  2.641267E-15
1988.  2.635777E-15
1992.  2.620248E-15
1996.  2.628189E-15
2000.  2.603051E-15
2004.  2.569345E-15
2008.  2.567169E-15
2012.  2.550384E-15
2016.  2.517031E-15
2020.  2.496423E-15
2024.  2.529227E-15
2028.  2.517031E-15
2032.  2.529050E-15
2036.  2.531815E-15
2040.  2.574376E-15
2044.  2.574807E-15
2048.  2.606474E-15
2052.  2.598710E-15
2056.  2.572945E-15
2060.  2.502539E-15
2064.  2.487421E-15
2068.  2.473088E-15
2072.  2.507421E-15
2076.  2.493205E-15
2080.  2.507966E-15
2084.  2.506418E-15
2088.  2.488006E-15
2092.  2.494790E-15
2096.  2.524986E-15
2100.  2.542908E-15
2104.  2.548712E-15
2108.  2.504180E-15
2112.  2.550600E-15
2116.  2.615888E-15
2120.  2.645457E-15
2124.  2.599379E-15
2128.  2.624927E-15
2132.  2.591043E-15
2136.  2.605161E-15
2140.  2.590122E-15
2144.  2.652435E-15
2148.  2.652377E-15
2152.  2.639847E-15
2156.  2.701534E-15
2160.  2.715122E-15
2164.  2.696573E-15
2168.  2.677847E-15
2172.  2.696514E-15
2176.  2.673671E-15
2180.  2.655984E-15
2184.  2.652161E-15
2188.  2.681590E-15
2192.  2.688943E-15
2196.  2.690492E-15
2200.  2.667826E-15
2204.  2.620551E-15
2208.  2.631492E-15
2212.  2.610943E-15
2216.  2.596119E-15
2220.  2.612570E-15
2224.  2.585349E-15
2228.  2.562348E-15
2232.  2.611192E-15
2236.  2.600388E-15
2240.  2.558359E-15
2244.  2.511528E-15
2248.  2.473104E-15
2252.  2.406477E-15
2256.  2.402614E-15
2260.  2.396477E-15
2264.  2.424922E-15
2268.  2.413333E-15
2272.  2.447235E-15
2276.  2.391529E-15
2280.  2.394039E-15
2284.  2.440353E-15
2288.  2.437647E-15
2292.  2.438686E-15
2296.  2.437980E-15
2300.  2.403176E-15
2304.  2.433470E-15
2308.  2.427372E-15
2312.  2.442119E-15
2316.  2.463786E-15
2320.  2.443139E-15
2324.  2.441943E-15
2328.  2.473355E-15
2332.  2.450159E-15
2336.  2.491239E-15
2340.  2.475690E-15
2344.  2.487259E-15
2348.  2.450356E-15
2352.  2.469376E-15
2356.  2.493788E-15
2360.  2.510278E-15
2364.  2.533376E-15
2368.  2.541631E-15
2372.  2.565259E-15
2376.  2.590690E-15
2380.  2.622670E-15
2384.  2.627925E-15
2388.  2.652337E-15
2392.  2.680376E-15
2396.  2.712572E-15
2400.  2.740434E-15
2404.  2.739885E-15
2408.  2.779121E-15
2412.  2.784396E-15
2416.  2.806945E-15
2420.  2.804945E-15
2424.  2.808219E-15
2428.  2.862303E-15
2432.  2.846440E-15
2436.  2.833225E-15
2440.  2.833931E-15
2444.  2.874412E-15
2448.  2.924910E-15
2452.  2.979490E-15
2456.  3.009177E-15
2460.  3.004216E-15
2464.  3.032098E-15
2468.  3.046039E-15
2472.  3.058530E-15
2476.  3.046549E-15
2480.  3.085314E-15
2484.  3.113098E-15
2488.  3.096236E-15
2492.  3.113118E-15
2496.  3.102275E-15
2500.  3.106608E-15
2504.  3.109589E-15
2508.  3.099059E-15
2512.  3.116628E-15
2516.  3.165197E-15
2520.  3.157216E-15
2524.  3.174098E-15
2528.  3.202432E-15
2532.  3.227118E-15
2536.  3.255804E-15
2540.  3.297059E-15
2544.  3.360530E-15
2548.  3.397177E-15
2552.  3.432216E-15
2556.  3.452843E-15
2560.  3.442314E-15
2564.  3.404628E-15
2568.  3.421353E-15
2572.  3.450138E-15
2576.  3.483549E-15
2580.  3.470196E-15
2584.  3.470020E-15
2588.  3.499490E-15
2592.  3.520117E-15
2596.  3.525902E-15
2600.  3.496255E-15
2604.  3.483784E-15
2608.  3.500784E-15
2612.  3.525980E-15
2616.  3.551941E-15
2620.  3.572216E-15
2624.  3.619353E-15
2628.  3.644314E-15
2632.  3.672568E-15
2636.  3.697078E-15
2640.  3.692764E-15
2644.  3.723667E-15
2648.  3.744706E-15
2652.  3.759883E-15
2656.  3.785745E-15
2660.  3.811235E-15
2664.  3.852883E-15
2668.  3.866569E-15
2672.  3.892804E-15
2676.  3.919823E-15
2680.  3.937666E-15
2684.  3.929157E-15
2688.  3.942627E-15
2692.  3.952411E-15
2696.  3.941921E-15
2700.  3.970215E-15
2704.  3.969352E-15
2708.  3.958921E-15
2712.  3.977842E-15
2716.  3.996783E-15
2720.  4.024646E-15
2724.  4.040568E-15
2728.  4.054294E-15
2732.  4.051412E-15
2736.  4.050235E-15
2740.  4.028215E-15
2744.  4.006019E-15
2748.  3.984823E-15
2752.  3.971784E-15
2756.  3.966430E-15
2760.  3.979019E-15
2764.  4.011117E-15
2768.  4.043215E-15
2772.  4.042588E-15
2776.  4.077216E-15
2780.  4.095568E-15
2784.  4.123941E-15
2788.  4.129569E-15
2792.  4.161961E-15
2796.  4.181470E-15
2800.  4.227902E-15
2804.  4.291490E-15
2808.  4.351000E-15
2812.  4.402373E-15
2816.  4.453412E-15
2820.  4.514138E-15
2824.  4.552686E-15
2828.  4.578000E-15
2832.  4.620844E-15
2836.  4.631883E-15
2840.  4.690980E-15
2844.  4.743804E-15
2848.  4.783746E-15
2852.  4.818981E-15
2856.  4.860079E-15
2860.  4.882059E-15
2864.  4.930334E-15
2868.  4.983039E-15
2872.  5.034235E-15
2876.  5.093098E-15
2880.  5.106490E-15
2884.  5.158274E-15
2888.  5.194196E-15
2892.  5.242431E-15
2896.  5.315372E-15
2900.  5.379961E-15
2904.  5.423470E-15
2908.  5.461038E-15
2912.  5.491509E-15
2916.  5.513410E-15
2920.  5.551234E-15
2924.  5.584509E-15
2928.  5.663528E-15
2932.  5.747175E-15
2936.  5.821411E-15
2940.  5.892371E-15
2944.  5.965802E-15
2948.  6.003645E-15
2952.  6.033312E-15
2956.  6.081999E-15
2960.  6.086489E-15
2964.  6.100646E-15
2968.  6.125235E-15
2972.  6.180313E-15
2976.  6.324490E-15
2980.  6.417352E-15
2984.  6.444627E-15
2988.  6.453686E-15
2992.  6.524313E-15
2996.  6.573470E-15
3000.  6.606785E-15
3004.  6.595490E-15
3008.  6.571235E-15
3012.  6.582784E-15
3016.  6.634883E-15
3020.  6.667570E-15
3024.  6.677511E-15
3028.  6.692981E-15
3032.  6.699804E-15
3036.  6.736981E-15
3040.  6.734059E-15
3044.  6.683942E-15
3048.  6.689471E-15
3052.  6.705922E-15
3056.  6.762059E-15
3060.  6.780884E-15
3064.  6.837844E-15
3068.  6.862392E-15
3072.  6.829707E-15
3076.  6.863441E-15
3080.  6.889495E-15
3084.  6.953439E-15
3088.  6.980761E-15
3092.  7.022070E-15
3096.  7.037425E-15
3100.  7.045688E-15
3104.  7.067977E-15
3108.  7.079369E-15
3112.  7.101867E-15
3116.  7.158396E-15
3120.  7.284317E-15
3124.  7.409377E-15
3128.  7.430455E-15
3132.  7.338769E-15
3136.  7.218023E-15
3140.  7.141043E-15
3144.  7.077376E-15
3148.  7.085847E-15
3152.  7.135435E-15
3156.  7.147847E-15
3160.  7.173101E-15
3164.  7.255455E-15
3168.  7.314552E-15
3172.  7.376749E-15
3176.  7.373279E-15
3180.  7.252573E-15
3184.  7.179986E-15
3188.  7.223220E-15
3192.  7.325044E-15
3196.  7.381161E-15
3200.  7.449357E-15
3204.  7.468632E-15
3208.  7.448240E-15
3212.  7.463651E-15
3216.  7.463221E-15
3220.  7.424947E-15
3224.  7.379436E-15
3228.  7.322083E-15
3232.  7.311926E-15
3236.  7.343377E-15
3240.  7.261926E-15
3244.  7.281141E-15
3248.  7.331592E-15
3252.  7.373200E-15
3256.  7.433102E-15
3260.  7.479788E-15
3264.  7.568023E-15
3268.  7.571553E-15
3272.  7.551082E-15
3276.  7.556965E-15
3280.  7.514113E-15
3284.  7.543725E-15
3288.  7.572076E-15
3292.  7.566655E-15
3296.  7.565210E-15
3300.  7.616404E-15
3304.  7.706416E-15
3308.  7.821519E-15
3312.  7.921518E-15
3316.  7.988236E-15
3320.  8.036688E-15
3324.  8.018060E-15
3328.  7.960707E-15
3332.  7.922374E-15
3336.  7.988766E-15
3340.  8.121805E-15
3344.  8.201099E-15
3348.  8.220981E-15
3352.  8.162000E-15
3356.  8.166431E-15
3360.  8.239843E-15
3364.  8.243156E-15
3368.  8.220470E-15
3372.  8.140254E-15
3376.  7.984725E-15
3380.  7.889765E-15
3384.  7.926981E-15
3388.  7.965941E-15
3392.  7.909588E-15
3396.  7.809509E-15
3400.  7.722980E-15
3404.  7.611980E-15
3408.  7.568470E-15
3412.  7.609784E-15
3416.  7.637902E-15
3420.  7.626666E-15
3424.  7.573117E-15
3428.  7.492843E-15
3432.  7.487157E-15
3436.  7.501921E-15
3440.  7.489568E-15
3444.  7.567117E-15
3448.  7.609569E-15
3452.  7.639744E-15
3456.  7.653706E-15
3460.  7.667078E-15
3464.  7.622372E-15
3468.  7.513078E-15
3472.  7.467647E-15
3476.  7.476175E-15
3480.  7.478352E-15
3484.  7.443450E-15
3488.  7.343901E-15
3492.  7.266529E-15
3496.  7.234373E-15
3500.  7.195274E-15
3504.  7.120784E-15
3508.  7.020353E-15
3512.  6.872549E-15
3516.  6.743490E-15
3520.  6.690020E-15
3524.  6.648941E-15
3528.  6.582667E-15
3532.  6.539588E-15
3536.  6.557294E-15
3540.  6.538411E-15
3544.  6.470725E-15
3548.  6.432372E-15
3552.  6.453313E-15
3556.  6.496588E-15
3560.  6.450941E-15
3564.  6.389686E-15
3568.  6.369117E-15
3572.  6.340706E-15
3576.  6.405784E-15
3580.  6.536314E-15
3584.  6.638079E-15
3588.  6.630980E-15
3592.  6.594883E-15
3596.  6.599629E-15
3600.  6.645748E-15
3604.  6.669404E-15
3608.  6.699010E-15
3612.  6.730820E-15
3616.  6.736619E-15
3620.  6.732524E-15
3624.  6.746241E-15
3628.  6.792142E-15
3632.  6.873973E-15
3636.  6.905989E-15
3640.  6.890660E-15
3644.  6.877672E-15
3648.  6.840889E-15
3652.  6.814516E-15
3656.  6.796242E-15
3660.  6.751045E-15
3664.  6.686182E-15
3668.  6.641986E-15
3672.  6.639300E-15
3676.  6.615476E-15
3680.  6.571712E-15
3684.  6.556496E-15
3688.  6.564849E-15
3692.  6.571260E-15
3696.  6.570261E-15
3700.  6.562280E-15
3704.  6.543281E-15
3708.  6.489163E-15
3712.  6.434673E-15
3716.  6.430045E-15
3720.  6.438281E-15
3724.  6.413889E-15
3728.  6.358771E-15
3732.  6.304908E-15
3736.  6.282280E-15
3740.  6.265260E-15
3744.  6.241065E-15
3748.  6.233830E-15
3752.  6.217437E-15
3756.  6.188771E-15
3760.  6.160280E-15
3764.  6.154673E-15
3768.  6.121320E-15
3772.  6.052809E-15
3776.  5.998574E-15
3780.  5.945771E-15
3784.  5.912907E-15
3788.  5.906850E-15
3792.  5.893575E-15
3796.  5.862791E-15
3800.  5.828752E-15
3804.  5.778457E-15
3808.  5.717839E-15
3812.  5.650762E-15
3816.  5.586971E-15
3820.  5.527761E-15
3824.  5.479426E-15
3828.  5.433865E-15
3832.  5.381650E-15
3836.  5.340622E-15
3840.  5.309724E-15
3844.  5.286720E-15
3848.  5.270472E-15
3852.  5.243039E-15
3856.  5.182627E-15
3860.  5.127784E-15
3864.  5.090706E-15
3868.  5.071078E-15
3872.  5.068510E-15
3876.  5.052255E-15
3880.  5.039922E-15
3884.  5.043352E-15
3888.  5.051019E-15
3892.  5.049274E-15
3896.  5.057078E-15
3900.  5.051039E-15
3904.  5.034019E-15
3908.  5.036568E-15
3912.  5.060391E-15
3916.  5.084137E-15
3920.  5.085647E-15
3924.  5.069686E-15
3928.  5.053549E-15
3932.  5.056235E-15
3936.  5.062725E-15
3940.  5.051569E-15
3944.  5.048020E-15
3948.  5.064412E-15
3952.  5.061784E-15
3956.  5.048196E-15
3960.  5.044570E-15
3964.  5.057470E-15
3968.  5.050863E-15
3972.  5.045746E-15
3976.  5.070354E-15
3980.  5.083315E-15
3984.  5.073784E-15
3988.  5.041256E-15
3992.  4.992078E-15
3996.  4.979118E-15
4000.  5.045746E-15
4004.  5.119177E-15
4008.  5.130394E-15
4012.  5.126647E-15
4016.  5.128334E-15
4020.  5.131393E-15
4024.  5.140549E-15
4028.  5.143667E-15
4032.  5.157060E-15
4036.  5.191922E-15
4040.  5.206961E-15
4044.  5.195628E-15
4048.  5.183589E-15
4052.  5.174000E-15
4056.  5.177549E-15
4060.  5.194824E-15
4064.  5.206981E-15
4068.  5.198000E-15
4072.  5.161961E-15
4076.  5.120334E-15
4080.  5.112099E-15
4084.  5.121510E-15
4088.  5.119451E-15
4092.  5.103686E-15
4096.  5.092961E-15
4100.  5.071196E-15
4104.  5.057921E-15
4108.  5.062215E-15
4112.  5.063215E-15
4116.  5.059470E-15
4120.  5.048196E-15
4124.  5.043451E-15
4128.  5.052666E-15
4132.  5.050608E-15
4136.  5.035706E-15
4140.  5.023862E-15
4144.  5.020686E-15
4148.  5.031019E-15
4152.  5.032078E-15
4156.  5.028980E-15
4160.  5.038392E-15
4164.  5.033784E-15
4168.  5.006608E-15
4172.  4.992215E-15
4176.  4.991275E-15
4180.  4.985608E-15
4184.  4.983235E-15
4188.  4.985960E-15
4192.  4.979843E-15
4196.  4.963079E-15
4200.  4.930902E-15
4204.  4.857294E-15
4208.  4.781550E-15
4212.  4.750079E-15
4216.  4.739746E-15
4220.  4.740943E-15
4224.  4.742228E-15
4228.  4.737580E-15
4232.  4.732843E-15
4236.  4.719801E-15
4240.  4.696689E-15
4244.  4.686959E-15
4248.  4.698218E-15
4252.  4.707035E-15
4256.  4.711390E-15
4260.  4.718539E-15
4264.  4.731207E-15
4268.  4.746157E-15
4272.  4.764646E-15
4276.  4.781724E-15
4280.  4.794057E-15
4284.  4.789685E-15
4288.  4.776274E-15
4292.  4.768862E-15
4296.  4.771725E-15
4300.  4.771842E-15
4304.  4.768175E-15
4308.  4.763803E-15
4312.  4.754900E-15
4316.  4.749783E-15
4320.  4.754959E-15
4324.  4.771607E-15
4328.  4.778214E-15
4332.  4.764999E-15
4336.  4.755096E-15
4340.  4.756783E-15
4344.  4.749802E-15
4348.  4.718567E-15
4352.  4.671685E-15
4356.  4.647566E-15
4360.  4.638449E-15
4364.  4.622802E-15
4368.  4.628234E-15
4372.  4.646940E-15
4376.  4.639704E-15
4380.  4.629058E-15
4384.  4.630685E-15
4388.  4.627391E-15
4392.  4.615117E-15
4396.  4.614744E-15
4400.  4.626137E-15
4404.  4.632000E-15
4408.  4.630313E-15
4412.  4.624137E-15
4416.  4.622391E-15
4420.  4.622509E-15
4424.  4.616527E-15
4428.  4.610870E-15
4432.  4.601988E-15
4436.  4.593451E-15
4440.  4.584611E-15
4444.  4.577232E-15
4448.  4.561589E-15
4452.  4.533487E-15
4456.  4.504533E-15
4460.  4.487883E-15
4464.  4.472440E-15
4468.  4.454342E-15
4472.  4.433901E-15
4476.  4.412236E-15
4480.  4.396785E-15
4484.  4.379961E-15
4488.  4.375471E-15
4492.  4.379784E-15
4496.  4.382098E-15
4500.  4.379431E-15
4504.  4.374196E-15
4508.  4.364412E-15
4512.  4.352824E-15
4516.  4.341726E-15
4520.  4.328510E-15
4524.  4.318785E-15
4528.  4.302451E-15
4532.  4.285491E-15
4536.  4.281687E-15
4540.  4.283804E-15
4544.  4.285236E-15
4548.  4.292216E-15
4552.  4.299452E-15
4556.  4.312863E-15
4560.  4.324217E-15
4564.  4.326040E-15
4568.  4.331785E-15
4572.  4.324295E-15
4576.  4.300609E-15
4580.  4.291138E-15
4584.  4.279158E-15
4588.  4.262451E-15
4592.  4.258079E-15
4596.  4.248353E-15
4600.  4.217628E-15
4604.  4.192138E-15
4608.  4.178666E-15
4612.  4.174725E-15
4616.  4.178843E-15
4620.  4.179275E-15
4624.  4.179765E-15
4628.  4.177706E-15
4632.  4.170667E-15
4636.  4.163627E-15
4640.  4.149725E-15
4644.  4.130961E-15
4648.  4.111451E-15
4652.  4.102902E-15
4656.  4.106647E-15
4660.  4.110706E-15
4664.  4.094686E-15
4668.  4.069686E-15
4672.  4.049000E-15
4676.  4.034412E-15
4680.  4.019882E-15
4684.  4.006098E-15
4688.  4.001235E-15
4692.  3.983294E-15
4696.  3.959098E-15
4700.  3.945373E-15
4704.  3.937882E-15
4708.  3.934275E-15
4712.  3.942745E-15
4716.  3.950353E-15
4720.  3.944686E-15
4724.  3.940137E-15
4728.  3.936510E-15
4732.  3.922726E-15
4736.  3.910896E-15
4740.  3.897597E-15
4744.  3.881691E-15
4748.  3.867062E-15
4752.  3.853572E-15
4756.  3.843789E-15
4760.  3.829734E-15
4764.  3.808779E-15
4768.  3.792021E-15
4772.  3.773735E-15
4776.  3.757413E-15
4780.  3.751327E-15
4784.  3.747517E-15
4788.  3.740910E-15
4792.  3.734909E-15
4796.  3.725301E-15
4800.  3.723066E-15
4804.  3.729792E-15
4808.  3.728792E-15
4812.  3.723243E-15
4816.  3.717517E-15
4820.  3.707792E-15
4824.  3.703674E-15
4828.  3.702929E-15
4832.  3.699047E-15
4836.  3.695419E-15
4840.  3.690870E-15
4844.  3.696300E-15
4848.  3.705034E-15
4852.  3.711191E-15
4856.  3.712789E-15
4860.  3.712692E-15
4864.  3.711271E-15
4868.  3.715763E-15
4872.  3.726167E-15
4876.  3.733053E-15
4880.  3.734321E-15
4884.  3.734894E-15
4888.  3.735771E-15
4892.  3.737246E-15
4896.  3.746065E-15
4900.  3.751700E-15
4904.  3.745853E-15
4908.  3.736311E-15
4912.  3.729368E-15
4916.  3.719240E-15
4920.  3.709278E-15
4924.  3.710522E-15
4928.  3.711640E-15
4932.  3.705287E-15
4936.  3.699738E-15
4940.  3.692882E-15
4944.  3.682377E-15
4948.  3.676949E-15
4952.  3.672324E-15
4956.  3.662500E-15
4960.  3.651576E-15
4964.  3.645691E-15
4968.  3.640587E-15
4972.  3.633462E-15
4976.  3.629375E-15
4980.  3.627071E-15
4984.  3.621686E-15
4988.  3.615829E-15
4992.  3.608378E-15
4996.  3.597614E-15
5000.  3.592633E-15
5004.  3.584712E-15
5008.  3.577672E-15
5012.  3.570437E-15
5016.  3.561770E-15
5020.  3.542633E-15
5024.  3.521633E-15
5028.  3.509908E-15
5032.  3.505045E-15
5036.  3.504927E-15
5040.  3.505750E-15
5044.  3.504260E-15
5048.  3.500321E-15
5052.  3.498273E-15
5056.  3.492606E-15
5060.  3.475910E-15
5064.  3.457204E-15
5068.  3.443447E-15
5072.  3.431975E-15
5076.  3.422884E-15
5080.  3.413313E-15
5084.  3.403162E-15
5088.  3.391668E-15
5092.  3.380850E-15
5096.  3.373080E-15
5100.  3.366261E-15
5104.  3.355529E-15
5108.  3.343277E-15
5112.  3.327231E-15
5116.  3.307860E-15
5120.  3.294087E-15
5124.  3.287264E-15
5128.  3.280529E-15
5132.  3.271373E-15
5136.  3.261784E-15
5140.  3.258058E-15
5144.  3.255235E-15
5148.  3.253313E-15
5152.  3.243725E-15
5156.  3.237098E-15
5160.  3.238588E-15
5164.  3.244333E-15
5168.  3.250569E-15
5172.  3.248824E-15
5176.  3.247824E-15
5180.  3.248628E-15
5184.  3.244687E-15
5188.  3.239589E-15
5192.  3.236353E-15
5196.  3.242941E-15
5200.  3.250667E-15
5204.  3.241118E-15
5208.  3.232255E-15
5212.  3.229568E-15
5216.  3.226588E-15
5220.  3.223274E-15
5224.  3.224902E-15
5228.  3.224470E-15
5232.  3.212608E-15
5236.  3.198274E-15
5240.  3.187980E-15
5244.  3.179392E-15
5248.  3.177510E-15
5252.  3.169706E-15
5256.  3.158098E-15
5260.  3.148882E-15
5264.  3.155216E-15
5268.  3.160922E-15
5272.  3.158451E-15
5276.  3.158686E-15
5280.  3.160431E-15
5284.  3.160156E-15
5288.  3.158176E-15
5292.  3.159745E-15
5296.  3.158941E-15
5300.  3.151411E-15
5304.  3.145725E-15
5308.  3.149706E-15
5312.  3.154588E-15
5316.  3.160725E-15
5320.  3.170019E-15
5324.  3.173902E-15
5328.  3.174725E-15
5332.  3.177097E-15
5336.  3.176902E-15
5340.  3.166529E-15
5344.  3.148921E-15
5348.  3.132804E-15
5352.  3.125588E-15
5356.  3.123765E-15
5360.  3.119647E-15
5364.  3.113098E-15
5368.  3.100333E-15
5372.  3.078863E-15
5376.  3.071921E-15
5380.  3.067647E-15
5384.  3.054353E-15
5388.  3.045431E-15
5392.  3.047215E-15
5396.  3.044823E-15
5400.  3.009470E-15
5404.  2.973803E-15
5408.  2.965450E-15
5412.  2.963803E-15
5416.  2.944078E-15
5420.  2.923509E-15
5424.  2.924215E-15
5428.  2.918039E-15
5432.  2.913941E-15
5436.  2.923451E-15
5440.  2.936862E-15
5444.  2.942431E-15
5448.  2.945706E-15
5452.  2.943294E-15
5456.  2.945255E-15
5460.  2.944275E-15
5464.  2.936196E-15
5468.  2.931020E-15
5472.  2.934256E-15
5476.  2.935550E-15
5480.  2.937256E-15
5484.  2.932628E-15
5488.  2.926530E-15
5492.  2.925138E-15
5496.  2.923628E-15
5500.  2.922569E-15
5504.  2.921784E-15
5508.  2.908059E-15
5512.  2.893314E-15
5516.  2.888549E-15
5520.  2.883157E-15
5524.  2.872804E-15
5528.  2.863666E-15
5532.  2.858470E-15
5536.  2.852274E-15
5540.  2.845137E-15
5544.  2.841372E-15
5548.  2.837705E-15
5552.  2.837666E-15
5556.  2.832804E-15
5560.  2.827784E-15
5564.  2.817333E-15
5568.  2.807196E-15
5572.  2.806863E-15
5576.  2.819667E-15
5580.  2.832274E-15
5584.  2.834922E-15
5588.  2.836098E-15
5592.  2.834510E-15
5596.  2.826216E-15
5600.  2.820373E-15
5604.  2.839902E-15
5608.  2.863608E-15
5612.  2.874902E-15
5616.  2.876902E-15
5620.  2.885157E-15
5624.  2.899647E-15
5628.  2.900529E-15
5632.  2.905451E-15
5636.  2.898922E-15
5640.  2.865686E-15
5644.  2.834333E-15
5648.  2.820196E-15
5652.  2.808882E-15
5656.  2.801529E-15
5660.  2.793902E-15
5664.  2.792353E-15
5668.  2.796294E-15
5672.  2.792647E-15
5676.  2.788098E-15
5680.  2.783431E-15
5684.  2.776079E-15
5688.  2.773961E-15
5692.  2.773844E-15
5696.  2.774334E-15
5700.  2.775726E-15
5704.  2.771118E-15
5708.  2.771432E-15
5712.  2.785471E-15
5716.  2.792823E-15
5720.  2.781509E-15
5724.  2.773215E-15
5728.  2.773862E-15
5732.  2.769490E-15
5736.  2.761176E-15
5740.  2.751176E-15
5744.  2.742470E-15
5748.  2.743019E-15
5752.  2.749176E-15
5756.  2.753399E-15
5760.  2.756095E-15
5764.  2.755951E-15
5768.  2.759575E-15
5772.  2.762201E-15
5776.  2.757890E-15
5780.  2.743425E-15
5784.  2.721629E-15
5788.  2.708210E-15
5792.  2.697641E-15
5796.  2.690367E-15
5800.  2.688171E-15
5804.  2.688465E-15
5808.  2.689171E-15
5812.  2.684465E-15
5816.  2.672073E-15
5820.  2.663406E-15
5824.  2.659171E-15
5828.  2.656229E-15
5832.  2.651484E-15
5836.  2.652445E-15
5840.  2.665366E-15
5844.  2.692014E-15
5848.  2.709190E-15
5852.  2.713543E-15
5856.  2.716680E-15
5860.  2.714876E-15
5864.  2.712425E-15
5868.  2.712778E-15
5872.  2.715386E-15
5876.  2.719229E-15
5880.  2.719171E-15
5884.  2.725034E-15
5888.  2.721975E-15
5892.  2.717544E-15
5896.  2.715681E-15
5900.  2.710661E-15
5904.  2.703543E-15
5908.  2.698916E-15
5912.  2.688269E-15
5916.  2.676112E-15
5920.  2.668857E-15
5924.  2.668720E-15
5928.  2.671877E-15
5932.  2.669407E-15
5936.  2.669603E-15
5940.  2.667602E-15
5944.  2.663956E-15
5948.  2.656289E-15
5952.  2.644172E-15
5956.  2.640995E-15
5960.  2.635733E-15
5964.  2.632409E-15
5968.  2.630730E-15
5972.  2.630675E-15
5976.  2.632734E-15
5980.  2.634085E-15
5984.  2.634510E-15
5988.  2.632972E-15
5992.  2.632687E-15
5996.  2.637510E-15
6000.  2.643882E-15
6004.  2.643549E-15
6008.  2.640373E-15
6012.  2.641137E-15
6016.  2.641569E-15
6020.  2.643726E-15
6024.  2.642373E-15
6028.  2.643863E-15
6032.  2.635824E-15
6036.  2.623255E-15
6040.  2.609765E-15
6044.  2.600451E-15
6048.  2.591432E-15
6052.  2.580784E-15
6056.  2.571451E-15
6060.  2.564059E-15
6064.  2.562726E-15
6068.  2.558451E-15
6072.  2.553549E-15
6076.  2.545824E-15
6080.  2.536432E-15
6084.  2.526078E-15
6088.  2.517294E-15
6092.  2.511941E-15
6096.  2.504608E-15
6100.  2.503176E-15
6104.  2.499333E-15
6108.  2.493549E-15
6112.  2.496059E-15
6116.  2.499510E-15
6120.  2.496392E-15
6124.  2.488941E-15
6128.  2.486353E-15
6132.  2.482961E-15
6136.  2.486510E-15
6140.  2.485000E-15
6144.  2.477530E-15
6148.  2.474432E-15
6152.  2.482745E-15
6156.  2.491353E-15
6160.  2.500647E-15
6164.  2.513530E-15
6168.  2.520275E-15
6172.  2.525235E-15
6176.  2.522686E-15
6180.  2.517000E-15
6184.  2.510255E-15
6188.  2.502530E-15
6192.  2.491098E-15
6196.  2.477784E-15
6200.  2.470510E-15
6204.  2.457451E-15
6208.  2.452490E-15
6212.  2.448509E-15
6216.  2.440902E-15
6220.  2.434745E-15
6224.  2.433862E-15
6228.  2.434235E-15
6232.  2.425627E-15
6236.  2.422882E-15
6240.  2.427627E-15
6244.  2.433373E-15
6248.  2.436157E-15
6252.  2.443275E-15
6256.  2.449451E-15
6260.  2.452294E-15
6264.  2.452137E-15
6268.  2.452902E-15
6272.  2.458745E-15
6276.  2.460353E-15
6280.  2.463588E-15
6284.  2.462824E-15
6288.  2.459020E-15
6292.  2.455059E-15
6296.  2.455333E-15
6300.  2.457961E-15
6304.  2.452471E-15
6308.  2.448333E-15
6312.  2.449294E-15
6316.  2.445765E-15
6320.  2.439882E-15
6324.  2.438235E-15
6328.  2.439353E-15
6332.  2.439667E-15
6336.  2.438059E-15
6340.  2.435059E-15
6344.  2.436726E-15
6348.  2.436000E-15
6352.  2.431334E-15
6356.  2.425902E-15
6360.  2.425373E-15
6364.  2.412706E-15
6368.  2.402824E-15
6372.  2.396216E-15
6376.  2.387039E-15
6380.  2.386667E-15
6384.  2.388274E-15
6388.  2.387039E-15
6392.  2.388235E-15
6396.  2.393549E-15
6400.  2.399686E-15
6404.  2.399059E-15
6408.  2.396667E-15
6412.  2.391177E-15
6416.  2.384373E-15
6420.  2.382726E-15
6424.  2.391216E-15
6428.  2.397039E-15
6432.  2.407549E-15
6436.  2.417973E-15
6440.  2.427450E-15
6444.  2.430763E-15
6448.  2.431068E-15
6452.  2.430210E-15
6456.  2.426149E-15
6460.  2.425160E-15
6464.  2.424497E-15
6468.  2.424945E-15
6472.  2.422445E-15
6476.  2.416879E-15
6480.  2.411620E-15
6484.  2.407609E-15
6488.  2.407669E-15
6492.  2.410233E-15
6496.  2.410221E-15
6500.  2.408221E-15
6504.  2.403902E-15
6508.  2.400673E-15
6512.  2.398104E-15
6516.  2.395398E-15
6520.  2.397986E-15
6524.  2.403280E-15
6528.  2.409555E-15
6532.  2.415868E-15
6536.  2.415241E-15
6540.  2.412633E-15
6544.  2.408672E-15
6548.  2.406849E-15
6552.  2.410457E-15
6556.  2.412633E-15
6560.  2.413182E-15
6564.  2.406182E-15
6568.  2.408673E-15
6572.  2.412281E-15
6576.  2.421947E-15
6580.  2.432712E-15
6584.  2.433378E-15
6588.  2.434790E-15
6592.  2.441241E-15
6596.  2.445908E-15
6600.  2.453242E-15
6604.  2.462830E-15
6608.  2.469077E-15
6612.  2.479187E-15
6616.  2.485964E-15
6620.  2.493564E-15
6624.  2.497772E-15
6628.  2.492411E-15
6632.  2.485383E-15
6636.  2.474610E-15
6640.  2.470041E-15
6644.  2.465713E-15
6648.  2.461627E-15
6652.  2.462184E-15
6656.  2.458709E-15
6660.  2.449829E-15
6664.  2.437818E-15
6668.  2.433049E-15
6672.  2.430268E-15
6676.  2.427807E-15
6680.  2.423099E-15
6684.  2.420044E-15
6688.  2.420722E-15
6692.  2.417661E-15
6696.  2.410843E-15
6700.  2.412188E-15
6704.  2.414187E-15
6708.  2.411762E-15
6712.  2.411030E-15
6716.  2.417089E-15
6720.  2.420285E-15
6724.  2.415324E-15
6728.  2.414050E-15
6732.  2.412030E-15
6736.  2.401619E-15
6740.  2.400266E-15
6744.  2.401089E-15
6748.  2.400325E-15
6752.  2.397226E-15
6756.  2.393442E-15
6760.  2.399854E-15
6764.  2.399874E-15
6768.  2.391658E-15
6772.  2.375423E-15
6776.  2.356462E-15
6780.  2.334873E-15
6784.  2.315677E-15
6788.  2.310775E-15
6792.  2.305128E-15
6796.  2.301030E-15
6800.  2.293677E-15
6804.  2.281363E-15
6808.  2.273226E-15
6812.  2.263116E-15
6816.  2.260281E-15
6820.  2.259190E-15
6824.  2.252433E-15
6828.  2.245971E-15
6832.  2.235410E-15
6836.  2.226908E-15
6840.  2.215642E-15
6844.  2.208787E-15
6848.  2.199011E-15
6852.  2.184314E-15
6856.  2.167921E-15
6860.  2.148039E-15
6864.  2.139216E-15
6868.  2.140745E-15
6872.  2.131921E-15
6876.  2.120098E-15
6880.  2.113470E-15
6884.  2.117451E-15
6888.  2.117510E-15
6892.  2.113275E-15
6896.  2.115157E-15
6900.  2.119137E-15
6904.  2.114726E-15
6908.  2.115039E-15
6912.  2.120902E-15
6916.  2.116000E-15
6920.  2.109902E-15
6924.  2.104000E-15
6928.  2.091823E-15
6932.  2.082922E-15
6936.  2.074784E-15
6940.  2.080373E-15
6944.  2.084373E-15
6948.  2.092314E-15
6952.  2.099529E-15
6956.  2.093882E-15
6960.  2.086824E-15
6964.  2.074745E-15
6968.  2.075416E-15
6972.  2.088063E-15
6976.  2.101862E-15
6980.  2.111892E-15
6984.  2.119604E-15
6988.  2.126723E-15
6992.  2.126916E-15
6996.  2.126340E-15
7000.  2.123975E-15
7004.  2.126312E-15
7008.  2.132684E-15
7012.  2.132619E-15
7016.  2.136276E-15
7020.  2.132850E-15
7024.  2.127870E-15
7028.  2.128749E-15
7032.  2.129525E-15
7036.  2.134590E-15
7040.  2.137789E-15
7044.  2.143944E-15
7048.  2.145879E-15
7052.  2.150927E-15
7056.  2.161088E-15
7060.  2.168735E-15
7064.  2.184338E-15
7068.  2.194721E-15
7072.  2.198316E-15
7076.  2.205455E-15
7080.  2.214040E-15
7084.  2.217543E-15
7088.  2.213120E-15
7092.  2.211398E-15
7096.  2.210671E-15
7100.  2.207999E-15
7104.  2.207421E-15
7108.  2.207505E-15
7112.  2.202643E-15
7116.  2.197090E-15
7120.  2.201043E-15
7124.  2.199835E-15
7128.  2.197288E-15
7132.  2.204738E-15
7136.  2.208339E-15
7140.  2.211113E-15
7144.  2.207039E-15
7148.  2.200470E-15
7152.  2.189250E-15
7156.  2.177869E-15
7160.  2.180797E-15
7164.  2.186956E-15
7168.  2.191542E-15
7172.  2.189315E-15
7176.  2.187088E-15
7180.  2.184861E-15
7184.  2.182634E-15
7188.  2.180408E-15
7192.  2.178181E-15
7196.  2.175954E-15
7200.  2.173728E-15
7204.  2.171500E-15
7208.  2.169274E-15
7212.  2.167047E-15
7216.  2.164820E-15
7220.  2.162593E-15
7224.  2.160367E-15
7228.  2.158140E-15
7232.  2.155913E-15
7236.  2.153686E-15
7240.  2.151459E-15
7244.  2.149233E-15
7248.  2.147006E-15
7252.  2.144779E-15
7256.  2.142552E-15
7260.  2.140325E-15
7264.  2.138099E-15
7268.  2.135872E-15
7272.  2.133645E-15
7276.  2.131418E-15
7280.  2.129192E-15
7284.  2.126965E-15
7288.  2.124738E-15
7292.  2.122511E-15
7296.  2.120284E-15
7300.  2.118058E-15
7304.  2.115831E-15
7308.  2.113604E-15
7312.  2.111377E-15
7316.  2.109150E-15
7320.  2.106924E-15
7324.  2.104697E-15
7328.  2.102470E-15
7332.  2.100243E-15
7336.  2.098016E-15
7340.  2.095790E-15
7344.  2.093563E-15
7348.  2.091336E-15
7352.  2.089109E-15
7356.  2.086883E-15
7360.  2.084656E-15
7364.  2.082429E-15
7368.  2.080202E-15
7372.  2.077975E-15
7376.  2.075748E-15
7380.  2.073522E-15
7384.  2.071295E-15
7388.  2.069068E-15
7392.  2.066841E-15
7396.  2.064615E-15
7400.  2.062388E-15
7404.  2.060161E-15
7408.  2.057934E-15
7412.  2.055707E-15
7416.  2.053481E-15
7420.  2.051254E-15
7424.  2.049027E-15
7428.  2.046800E-15
7432.  2.044573E-15
7436.  2.042347E-15
7440.  2.040120E-15
7444.  2.037893E-15
7448.  2.035666E-15
7452.  2.033440E-15
7456.  2.031213E-15
7460.  2.028986E-15
7464.  2.026759E-15
7468.  2.024532E-15
7472.  2.022306E-15
7476.  2.020079E-15
7480.  2.017852E-15
7484.  2.015625E-15
7488.  2.013398E-15
7492.  2.011172E-15
7496.  2.008945E-15
7500.  2.006718E-15
7504.  2.004491E-15
7508.  2.002265E-15
7512.  2.000037E-15
7516.  1.997811E-15
7520.  1.995584E-15
7524.  1.993357E-15
7528.  1.991130E-15
7532.  1.988904E-15
7536.  1.986677E-15
7540.  1.984450E-15
7544.  1.982223E-15
7548.  1.979996E-15
7552.  1.977770E-15
7556.  1.975543E-15
7560.  1.973316E-15
7564.  1.971089E-15
7568.  1.968862E-15
7572.  1.966636E-15
7576.  1.964409E-15
7580.  1.962182E-15
7584.  1.959955E-15
7588.  1.957729E-15
7592.  1.955502E-15
7596.  1.953275E-15
7600.  1.951048E-15
7604.  1.948821E-15
7608.  1.946595E-15
7612.  1.944368E-15
7616.  1.942141E-15
7620.  1.939914E-15
7624.  1.937687E-15
7628.  1.935461E-15
7632.  1.933234E-15
7636.  1.931007E-15
7640.  1.928780E-15
7644.  1.926554E-15
7648.  1.924327E-15
7652.  1.922100E-15
7656.  1.919873E-15
7660.  1.917646E-15
7664.  1.915420E-15
7668.  1.913193E-15
7672.  1.910966E-15
7676.  1.908739E-15
7680.  1.906512E-15
7684.  1.904285E-15
7688.  1.902059E-15
7692.  1.899832E-15
7696.  1.897605E-15
7700.  1.895378E-15
7704.  1.893152E-15
7708.  1.890925E-15
7712.  1.888698E-15
7716.  1.886471E-15
7720.  1.884244E-15
7724.  1.882018E-15
7728.  1.879791E-15
7732.  1.877564E-15
7736.  1.875337E-15
7740.  1.873111E-15
7744.  1.870884E-15
7748.  1.868657E-15
7752.  1.866430E-15
7756.  1.864203E-15
7760.  1.861976E-15
7764.  1.859750E-15
7768.  1.857523E-15
7772.  1.855296E-15
7776.  1.853069E-15
7780.  1.850843E-15
7784.  1.848616E-15
7788.  1.846389E-15
7792.  1.844162E-15
7796.  1.841935E-15
7800.  1.839708E-15
7804.  1.837482E-15
7808.  1.835255E-15
7812.  1.833028E-15
7816.  1.830801E-15
7820.  1.828575E-15
7824.  1.826348E-15
7828.  1.824121E-15
7832.  1.821894E-15
7836.  1.819668E-15
7840.  1.817440E-15
7844.  1.815214E-15
7848.  1.812987E-15
7852.  1.810760E-15
7856.  1.808534E-15
7860.  1.806307E-15
7864.  1.804080E-15
7868.  1.801853E-15
7872.  1.799626E-15
7876.  1.797399E-15
7880.  1.795173E-15
7884.  1.792946E-15
7888.  1.790719E-15
7892.  1.788492E-15
7896.  1.786265E-15
7900.  1.784039E-15
7904.  1.781812E-15
7908.  1.779585E-15
7912.  1.777358E-15
7916.  1.775132E-15
7920.  1.772905E-15
7924.  1.770678E-15
7928.  1.768451E-15
7932.  1.766224E-15
7936.  1.763998E-15
7940.  1.761771E-15
7944.  1.759544E-15
7948.  1.757317E-15
7952.  1.755090E-15
7956.  1.752864E-15
7960.  1.750637E-15
7964.  1.748410E-15
7968.  1.746183E-15
7972.  1.743956E-15
7976.  1.741730E-15
7980.  1.739503E-15
7984.  1.737276E-15
7988.  1.735049E-15
7992.  1.732823E-15
7996.  1.730596E-15
8000.  1.728369E-15
8004.  1.726142E-15
8008.  1.723915E-15
8012.  1.721689E-15
8016.  1.719462E-15
8020.  1.717235E-15
8024.  1.715008E-15
8028.  1.712781E-15
8032.  1.710555E-15
8036.  1.708328E-15
8040.  1.706101E-15
8044.  1.703874E-15
8048.  1.701647E-15
8052.  1.699421E-15
8056.  1.697194E-15
8060.  1.694967E-15
8064.  1.692740E-15
8068.  1.690514E-15
8072.  1.688287E-15
8076.  1.686060E-15
8080.  1.683833E-15
8084.  1.681606E-15
8088.  1.679380E-15
8092.  1.677153E-15
8096.  1.674926E-15
8100.  1.672699E-15
8104.  1.670472E-15
8108.  1.668246E-15
8112.  1.666019E-15
8116.  1.663792E-15
8120.  1.661565E-15
8124.  1.659339E-15
8128.  1.657112E-15
8132.  1.654885E-15
8136.  1.652658E-15
8140.  1.650431E-15
8144.  1.648204E-15
8148.  1.645975E-15
8152.  1.643768E-15
8156.  1.641583E-15
8160.  1.639420E-15
8164.  1.637280E-15
8168.  1.635162E-15
8172.  1.633067E-15
8176.  1.630993E-15
8180.  1.628942E-15
8184.  1.626914E-15
8188.  1.624907E-15
8192.  1.622923E-15
8196.  1.620961E-15
8200.  1.619022E-15
8204.  1.617104E-15
8208.  1.615209E-15
8212.  1.613337E-15
8216.  1.611487E-15
8220.  1.609659E-15
8224.  1.607853E-15
8228.  1.606069E-15
8232.  1.604308E-15
8236.  1.602570E-15
8240.  1.600853E-15
8244.  1.599159E-15
8248.  1.597487E-15
8252.  1.595838E-15
8256.  1.594210E-15
8260.  1.592605E-15
8264.  1.591023E-15
8268.  1.589462E-15
8272.  1.587924E-15
8276.  1.586409E-15
8280.  1.584915E-15
8284.  1.583444E-15
8288.  1.581995E-15
8292.  1.580569E-15
8296.  1.579164E-15
8300.  1.577783E-15
8304.  1.576423E-15
8308.  1.575086E-15
8312.  1.573771E-15
8316.  1.572478E-15
8320.  1.571208E-15
8324.  1.569960E-15
8328.  1.568734E-15
8332.  1.567530E-15
8336.  1.566349E-15
8340.  1.565190E-15
8344.  1.564054E-15
8348.  1.562939E-15
8352.  1.561850E-15
8356.  1.560761E-15
8360.  1.559672E-15
8364.  1.558582E-15
8368.  1.557493E-15
8372.  1.556404E-15
8376.  1.555314E-15
8380.  1.554225E-15
8384.  1.553136E-15
8388.  1.552047E-15
8392.  1.550957E-15
8396.  1.549868E-15
8400.  1.548779E-15
8404.  1.547689E-15
8408.  1.546600E-15
8412.  1.545511E-15
8416.  1.544422E-15
8420.  1.543332E-15
8424.  1.542243E-15
8428.  1.541154E-15
8432.  1.540065E-15
8436.  1.538975E-15
8440.  1.537886E-15
8444.  1.536797E-15
8448.  1.535707E-15
8452.  1.534618E-15
8456.  1.533529E-15
8460.  1.532439E-15
8464.  1.531350E-15
8468.  1.530261E-15
8472.  1.529172E-15
8476.  1.528082E-15
8480.  1.526993E-15
8484.  1.525904E-15
8488.  1.524815E-15
8492.  1.523725E-15
8496.  1.522636E-15
8500.  1.521547E-15
8504.  1.520457E-15
8508.  1.519368E-15
8512.  1.518279E-15
8516.  1.517190E-15
8520.  1.516100E-15
8524.  1.515011E-15
8528.  1.513922E-15
8532.  1.512833E-15
8536.  1.511743E-15
8540.  1.510654E-15
8544.  1.509565E-15
8548.  1.508475E-15
8552.  1.507386E-15
8556.  1.506297E-15
8560.  1.505208E-15
8564.  1.504118E-15
8568.  1.503029E-15
8572.  1.501940E-15
8576.  1.500851E-15
8580.  1.499761E-15
8584.  1.498672E-15
8588.  1.497583E-15
8592.  1.496494E-15
8596.  1.495404E-15
8600.  1.494315E-15
8604.  1.493226E-15
8608.  1.492137E-15
8612.  1.491047E-15
8616.  1.489958E-15
8620.  1.488869E-15
8624.  1.487779E-15
8628.  1.486690E-15
8632.  1.485601E-15
8636.  1.484512E-15
8640.  1.483422E-15
8644.  1.482333E-15
8648.  1.481244E-15
8652.  1.480155E-15
8656.  1.479065E-15
8660.  1.477976E-15
8664.  1.476887E-15
8668.  1.475798E-15
8672.  1.474708E-15
8676.  1.473619E-15
8680.  1.472530E-15
8684.  1.471441E-15
8688.  1.470351E-15
8692.  1.469262E-15
8696.  1.468173E-15
8700.  1.467084E-15
8704.  1.465994E-15
8708.  1.464905E-15
8712.  1.463816E-15
8716.  1.462726E-15
8720.  1.461637E-15
8724.  1.460548E-15
8728.  1.459459E-15
8732.  1.458369E-15
8736.  1.457280E-15
8740.  1.456191E-15
8744.  1.455101E-15
8748.  1.454012E-15
8752.  1.452923E-15
8756.  1.451834E-15
8760.  1.450744E-15
8764.  1.449655E-15
8768.  1.448566E-15
8772.  1.447477E-15
8776.  1.446387E-15
8780.  1.445298E-15
8784.  1.444209E-15
8788.  1.443119E-15
8792.  1.442030E-15
8796.  1.440941E-15
8800.  1.439852E-15
8804.  1.438762E-15
8808.  1.437673E-15
8812.  1.436584E-15
8816.  1.435494E-15
8820.  1.434405E-15
8824.  1.433316E-15
8828.  1.432227E-15
8832.  1.431137E-15
8836.  1.430048E-15
8840.  1.428959E-15
8844.  1.427869E-15
8848.  1.426780E-15
8852.  1.425691E-15
8856.  1.424602E-15
8860.  1.423512E-15
8864.  1.422423E-15
8868.  1.421334E-15
8872.  1.420244E-15
8876.  1.419155E-15
8880.  1.418066E-15
8884.  1.416977E-15
8888.  1.415887E-15
8892.  1.414798E-15
8896.  1.413709E-15
8900.  1.412620E-15
8904.  1.411530E-15
8908.  1.410441E-15
8912.  1.409352E-15
8916.  1.408262E-15
8920.  1.407173E-15
8924.  1.406084E-15
8928.  1.404995E-15
8932.  1.403905E-15
8936.  1.402816E-15
8940.  1.401723E-15
8944.  1.400630E-15
8948.  1.399536E-15
8952.  1.398441E-15
8956.  1.397345E-15
8960.  1.396249E-15
8964.  1.395151E-15
8968.  1.394053E-15
8972.  1.392954E-15
8976.  1.391854E-15
8980.  1.390754E-15
8984.  1.389652E-15
8988.  1.388550E-15
8992.  1.387447E-15
8996.  1.386343E-15
9000.  1.385239E-15
9004.  1.384133E-15
9008.  1.383027E-15
9012.  1.381920E-15
9016.  1.380812E-15
9020.  1.379704E-15
9024.  1.378594E-15
9028.  1.377484E-15
9032.  1.376373E-15
9036.  1.375262E-15
9040.  1.374149E-15
9044.  1.373036E-15
9048.  1.371921E-15
9052.  1.370806E-15
9056.  1.369691E-15
9060.  1.368574E-15
9064.  1.367457E-15
9068.  1.366339E-15
9072.  1.365220E-15
9076.  1.364100E-15
9080.  1.362979E-15
9084.  1.361858E-15
9088.  1.360736E-15
9092.  1.359613E-15
9096.  1.358489E-15
9100.  1.357364E-15
9104.  1.356239E-15
9108.  1.355113E-15
9112.  1.353986E-15
9116.  1.352858E-15
9120.  1.351729E-15
9124.  1.350600E-15
9128.  1.349470E-15
9132.  1.348339E-15
9136.  1.347207E-15
9140.  1.346074E-15
9144.  1.344944E-15
9148.  1.343814E-15
9152.  1.342684E-15
9156.  1.341554E-15
9160.  1.340424E-15
9164.  1.339294E-15
9168.  1.338164E-15
9172.  1.337033E-15
9176.  1.335903E-15
9180.  1.334773E-15
9184.  1.333643E-15
9188.  1.332513E-15
9192.  1.331383E-15
9196.  1.330253E-15
9200.  1.329123E-15
9204.  1.327993E-15
9208.  1.326863E-15
9212.  1.325733E-15
9216.  1.324602E-15
9220.  1.323472E-15
9224.  1.322342E-15
9228.  1.321212E-15
9232.  1.320082E-15
9236.  1.318952E-15
9240.  1.317822E-15
9244.  1.316692E-15
9248.  1.315561E-15
9252.  1.314431E-15
9256.  1.313301E-15
9260.  1.312171E-15
9264.  1.311041E-15
9268.  1.309911E-15
9272.  1.308781E-15
9276.  1.307651E-15
9280.  1.306521E-15
9284.  1.305390E-15
9288.  1.304260E-15
9292.  1.303130E-15
9296.  1.302000E-15
9300.  1.300870E-15
9304.  1.299740E-15
9308.  1.298610E-15
9312.  1.297480E-15
9316.  1.296350E-15
9320.  1.295220E-15
9324.  1.294089E-15
9328.  1.292959E-15
9332.  1.291829E-15
9336.  1.290699E-15
9340.  1.289569E-15
9344.  1.288439E-15
9348.  1.287309E-15
9352.  1.286179E-15
9356.  1.285049E-15
9360.  1.283918E-15
9364.  1.282788E-15
9368.  1.281658E-15
9372.  1.280528E-15
9376.  1.279398E-15
9380.  1.278268E-15
9384.  1.277138E-15
9388.  1.276008E-15
9392.  1.274877E-15
9396.  1.273747E-15
9400.  1.272617E-15
9404.  1.271487E-15
9408.  1.270357E-15
9412.  1.269227E-15
9416.  1.268097E-15
9420.  1.266967E-15
9424.  1.265837E-15
9428.  1.264707E-15
9432.  1.263576E-15
9436.  1.262446E-15
9440.  1.261316E-15
9444.  1.260186E-15
9448.  1.259056E-15
9452.  1.257926E-15
9456.  1.256796E-15
9460.  1.255666E-15
9464.  1.254536E-15
9468.  1.253406E-15
9472.  1.252275E-15
9476.  1.251145E-15
9480.  1.250015E-15
9484.  1.248885E-15
9488.  1.247755E-15
9492.  1.246625E-15
9496.  1.245495E-15
9500.  1.244365E-15
9504.  1.243235E-15
9508.  1.242105E-15
9512.  1.240974E-15
9516.  1.239844E-15
9520.  1.238714E-15
9524.  1.237584E-15
9528.  1.236454E-15
9532.  1.235324E-15
9536.  1.234194E-15
9540.  1.233064E-15
9544.  1.231934E-15
9548.  1.230803E-15
9552.  1.229673E-15
9556.  1.228543E-15
9560.  1.227413E-15
9564.  1.226283E-15
9568.  1.225153E-15
9572.  1.224023E-15
9576.  1.222893E-15
9580.  1.221763E-15
9584.  1.220632E-15
9588.  1.219502E-15
9592.  1.218372E-15
9596.  1.217242E-15
9600.  1.216112E-15
9604.  1.214982E-15
9608.  1.213852E-15
9612.  1.212722E-15
9616.  1.211592E-15
9620.  1.210462E-15
9624.  1.209331E-15
9628.  1.208201E-15
9632.  1.207071E-15
9636.  1.205941E-15
9640.  1.204811E-15
9644.  1.203681E-15
9648.  1.202551E-15
9652.  1.201421E-15
9656.  1.200290E-15
9660.  1.199160E-15
9664.  1.198030E-15
9668.  1.196900E-15
9672.  1.195770E-15
9676.  1.194638E-15
9680.  1.193494E-15
9684.  1.192338E-15
9688.  1.191171E-15
9692.  1.189992E-15
9696.  1.188801E-15
9700.  1.187598E-15
9704.  1.186384E-15
9708.  1.185157E-15
9712.  1.183920E-15
9716.  1.182670E-15
9720.  1.181409E-15
9724.  1.180135E-15
9728.  1.178850E-15
9732.  1.177554E-15
9736.  1.176246E-15
9740.  1.174926E-15
9744.  1.173594E-15
9748.  1.172251E-15
9752.  1.170896E-15
9756.  1.169529E-15
9760.  1.168150E-15
9764.  1.166760E-15
9768.  1.165358E-15
9772.  1.163944E-15
9776.  1.162519E-15
9780.  1.161082E-15
9784.  1.159633E-15
9788.  1.158172E-15
9792.  1.156700E-15
9796.  1.155216E-15
9800.  1.153720E-15
9804.  1.152212E-15
9808.  1.150693E-15
9812.  1.149162E-15
9816.  1.147619E-15
9820.  1.146064E-15
9824.  1.144498E-15
9828.  1.142920E-15
9832.  1.141331E-15
9836.  1.139729E-15
9840.  1.138116E-15
9844.  1.136491E-15
9848.  1.134854E-15
9852.  1.133206E-15
9856.  1.131546E-15
9860.  1.129875E-15
9864.  1.128191E-15
9868.  1.126496E-15
9872.  1.124789E-15
9876.  1.123070E-15
9880.  1.121342E-15
9884.  1.119614E-15
9888.  1.117885E-15
9892.  1.116157E-15
9896.  1.114429E-15
9900.  1.112701E-15
9904.  1.110972E-15
9908.  1.109244E-15
9912.  1.107516E-15
9916.  1.105788E-15
9920.  1.104059E-15
9924.  1.102331E-15
9928.  1.100603E-15
9932.  1.098875E-15
9936.  1.097147E-15
9940.  1.095418E-15
9944.  1.093690E-15
9948.  1.091962E-15
9952.  1.090234E-15
9956.  1.088505E-15
9960.  1.086777E-15
9964.  1.085049E-15
9968.  1.083321E-15
9972.  1.081592E-15
9976.  1.079864E-15
9980.  1.078136E-15
9984.  1.076408E-15
9988.  1.074680E-15
9992.  1.072951E-15
9996.  1.071223E-15
10000.  1.069495E-15
10004.  1.067767E-15
10008.  1.066038E-15
10012.  1.044289E-15
10016.  1.022572E-15
10020.  1.000890E-15
10024.  9.792422E-16
10028.  9.576279E-16
10032.  9.360473E-16
10036.  9.145008E-16
10040.  8.929882E-16
10044.  8.715094E-16
10048.  8.500645E-16
10052.  8.286535E-16
10056.  8.072763E-16
10060.  7.859330E-16
10064.  7.646237E-16
10068.  7.433482E-16
10072.  7.221066E-16
10076.  7.008989E-16
10080.  6.797251E-16
10084.  6.585852E-16
10088.  6.374793E-16
10092.  6.164071E-16
10096.  5.953688E-16
10100.  5.743645E-16
10104.  5.533939E-16
10108.  5.324574E-16
10112.  5.115546E-16
10116.  4.906858E-16
10120.  4.698508E-16
10124.  4.490499E-16
10128.  4.282826E-16
10132.  4.075493E-16
10136.  3.868500E-16
10140.  3.661844E-16
10144.  3.455528E-16
10148.  3.249551E-16
10152.  3.043912E-16
10156.  2.838613E-16
10160.  2.633652E-16
10164.  2.429030E-16
10168.  2.224747E-16
10172.  2.020803E-16
10176.  1.817198E-16
10180.  1.613932E-16
10184.  1.411004E-16
10188.  1.208415E-16
10192.  1.006166E-16
10196.  8.042549E-17
10200.  6.026829E-17
10204.  4.014497E-17
10208.  2.005554E-17
10212.  0.
10216.  0.
10220.  0.
10224.  0.
10228.  0.
10232.  0.
10236.  0.
10240.  0.
10244.  0.
10248.  0.
10252.  0.
10256.  0.
10260.  0.
10264.  0.
10268.  0.
10272.  0.
10276.  0.
10280.  0.
10284.  0.
10288.  0.
10292.  0.
10296.  0.
10300.  0.
10304.  0.
10308.  0.
10312.  0.
10316.  0.
10320.  0.
10324.  0.
10328.  0.
10332.  0.
10336.  0.
10340.  0.
10344.  0.
10348.  0.
10352.  0.
10356.  0.
10360.  0.
10364.  0.
10368.  0.
10372.  0.
10376.  0.
10380.  0.
10384.  0.
10388.  0.
10392.  0.
10396.  0.
10400.  0.
10404.  0.
10408.  0.
10412.  0.
10416.  0.
10420.  0.
10424.  0.
10428.  0.
10432.  0.
10436.  0.
10440.  0.
10444.  0.
10448.  0.
10452.  0.
10456.  0.
10460.  0.
10464.  0.
10468.  0.
10472.  0.
10476.  0.
10480.  0.
10484.  0.
10488.  0.
10492.  0.
10496.  0.
10500.  0.
10504.  0.
10508.  0.
10512.  0.
10516.  0.
10520.  0.
10524.  0.
10528.  0.
10532.  0.
10536.  0.
10540.  0.
10544.  0.
10548.  0.
10552.  0.
10556.  0.
10560.  0.
10564.  0.
10568.  0.
10572.  0.
10576.  0.
10580.  0.
10584.  0.
10588.  0.
10592.  0.
10596.  0.
10600.  0.
10604.  0.
10608.  0.
10612.  0.
10616.  0.
10620.  0.
10624.  0.
10628.  0.
10632.  0.
10636.  0.
10640.  0.
10644.  0.
10648.  0.
10652.  0.
10656.  0.
10660.  0.
10664.  0.
10668.  0.
10672.  0.
10676.  0.
10680.  0.
10684.  0.
10688.  0.
10692.  0.
10696.  0.
10700.  0.
10704.  0.
10708.  0.
10712.  0.
10716.  0.
10720.  0.
10724.  0.
10728.  0.
10732.  0.
10736.  0.
10740.  0.
10744.  0.
10748.  0.
10752.  0.
10756.  0.
10760.  0.
10764.  0.
10768.  0.
10772.  0.
10776.  0.
10780.  0.
10784.  0.
10788.  0.
10792.  0.
10796.  0.
10800.  0.
10804.  0.
10808.  0.
10812.  0.
10816.  0.
10820.  0.
10824.  0.
10828.  0.
10832.  0.
10836.  0.
10840.  0.
10844.  0.
10848.  0.
10852.  0.
10856.  0.
10860.  0.
10864.  0.
10868.  0.
10872.  0.
10876.  0.
10880.  0.
10884.  0.
10888.  0.
10892.  0.
10896.  0.
10900.  0.
10904.  0.
10908.  0.
10912.  0.
10916.  0.
10920.  0.
10924.  0.
10928.  0.
10932.  0.
10936.  0.
10940.  0.
10944.  0.
10948.  0.
10952.  0.
10956.  0.
10960.  0.
10964.  0.
10968.  0.
10972.  0.
10976.  0.
10980.  0.
10984.  0.
10988.  0.
10992.  0.
10996.  0.
11000.  0.
11004.  0.
11008.  0.
11012.  0.
11016.  0.
11020.  0.
11024.  0.
11028.  0.
11032.  0.
11036.  0.
11040.  0.
11044.  0.
11048.  0.
11052.  0.
11056.  0.
11060.  0.
11064.  0.
11068.  0.
11072.  0.
11076.  0.
11080.  0.
11084.  0.
11088.  0.
11092.  0.
11096.  0.
11100.  0.
11104.  0.
11108.  0.
11112.  0.
11116.  0.
11120.  0.
11124.  0.
11128.  0.
11132.  0.
11136.  0.
11140.  0.
11144.  0.
11148.  0.
11152.  0.
11156.  0.
11160.  0.
11164.  0.
11168.  0.
11172.  0.
11176.  0.
11180.  0.
11184.  0.
11188.  0.
11192.  0.
11196.  0.
11200.  0.
11204.  0.
11208.  0.
11212.  0.
11216.  0.
11220.  0.
11224.  0.
11228.  0.
11232.  0.
11236.  0.
11240.  0.
11244.  0.
11248.  0.
11252.  0.
11256.  0.
11260.  0.
11264.  0.
11268.  0.
11272.  0.
11276.  0.
11280.  0.
11284.  0.
11288.  0.
11292.  0.
11296.  0.
11300.  0.
11304.  0.
11308.  0.
11312.  0.
11316.  0.
11320.  0.
11324.  0.
11328.  0.
11332.  0.
11336.  0.
11340.  0.
11344.  0.
11348.  0.
11352.  0.
11356.  0.
11360.  0.
11364.  0.
11368.  0.
11372.  0.
11376.  0.
11380.  0.
11384.  0.
11388.  0.
11392.  0.
11396.  0.
11400.  0.
11404.  0.
11408.  0.
11412.  0.
11416.  0.
11420.  0.
11424.  0.
11428.  0.
11432.  0.
11436.  0.
11440.  0.
11444.  0.
11448.  0.
11452.  0.
11456.  0.
11460.  0.
11464.  0.
11468.  0.
11472.  0.
11476.  0.
11480.  0.
11484.  0.
11488.  0.
11492.  0.
11496.  0.
11500.  0.
11504.  0.
11508.  0.
11512.  0.
11516.  0.
11520.  0.
11524.  0.
11528.  0.
11532.  0.
11536.  0.
11540.  0.
11544.  0.
11548.  0.
11552.  0.
11556.  0.
11560.  0.
11564.  0.
11568.  0.
11572.  0.
11576.  0.
11580.  0.
11584.  0.
11588.  0.
11592.  0.
11596.  0.
11600.  0.
11604.  0.
11608.  0.
11612.  0.
11616.  0.
11620.  0.
11624.  0.
11628.  0.
11632.  0.
11636.  0.
11640.  0.
11644.  0.
11648.  0.
11652.  0.
11656.  0.
11660.  0.
11664.  0.
11668.  0.
11672.  0.
11676.  0.
11680.  0.
11684.  0.
11688.  0.
11692.  0.
11696.  0.
11700.  0.
11704.  0.
11708.  0.
11712.  0.
11716.  0.
11720.  0.
11724.  0.
11728.  0.
11732.  0.
11736.  0.
11740.  0.
11744.  0.
11748.  0.
11752.  0.
11756.  0.
11760.  0.
11764.  0.
11768.  0.
11772.  0.
11776.  0.
11780.  0.
11784.  0.
11788.  0.
11792.  0.
11796.  0.
11800.  0.
11804.  0.
11808.  0.
11812.  0.
11816.  0.
11820.  0.
11824.  0.
11828.  0.
11832.  0.
11836.  0.
11840.  0.
11844.  0.
11848.  0.
11852.  0.
11856.  0.
11860.  0.
11864.  0.
11868.  0.
11872.  0.
11876.  0.
11880.  0.
11884.  0.
11888.  0.
11892.  0.
11896.  0.
11900.  0.
11904.  0.
11908.  0.
11912.  0.
11916.  0.
11920.  0.
11924.  0.
11928.  0.
11932.  0.
11936.  0.
11940.  0.
11944.  0.
11948.  0.
11952.  0.
11956.  0.
11960.  0.
11964.  0.
11968.  0.
11972.  0.
11976.  0.
11980.  0.
11984.  0.
11988.  0.
11992.  0.
11996.  0.
12000.  0.
