   1012.000      1.6180800E-02
   1037.000      1.6519619E-02
   1062.000      1.5381548E-02
   1087.000      1.5559657E-02
   1112.000      1.4757066E-02
   1137.000      1.3835665E-02
   1162.000      1.3520727E-02
   1187.000      1.2022645E-02
   1210.000      1.0592537E-02
   1229.000      1.1885024E-02
   1254.000      1.1508004E-02
   1285.000      1.0739895E-02
   1312.000      9.5940093E-03
   1337.000      9.2682987E-03
   1362.000      8.7902257E-03
   1387.000      7.8704562E-03
   1410.000      7.7268062E-03
   1433.000      7.7090361E-03
   1457.000      7.5335572E-03
   1482.000      7.2276974E-03
   1507.000      6.6680657E-03
   1532.000      5.9156176E-03
   1557.000      4.8977886E-03
   1582.000      5.5080759E-03
   1608.000      5.5462564E-03
   1635.000      5.3210836E-03
   1663.000      5.1522851E-03
   1688.000      4.9773711E-03
   1712.000      4.7315122E-03
   1737.000      4.7315122E-03
   1762.000      4.5814188E-03
   1787.000      4.4258828E-03
   1815.000      4.1879355E-03
   1840.000      3.9627808E-03
   1862.000      3.8725769E-03
   1892.000      3.6728235E-03
   1920.000      3.4593940E-03
   1940.000      3.4673682E-03
   1964.000      3.3651153E-03
   1989.000      3.2433956E-03
   2012.000      3.2210681E-03
   2037.000      3.0902955E-03
   2063.000      3.0269132E-03
   2088.000      2.8840317E-03
   2112.000      2.8444610E-03
   2137.000      2.7605777E-03
   2162.000      2.6853438E-03
   2187.000      2.6121617E-03
   2212.000      2.5234804E-03
   2237.000      2.4378113E-03
   2262.000      2.3550491E-03
   2287.000      2.2438823E-03
   2312.000      2.1978598E-03
   2337.000      2.1281394E-03
   2362.000      2.0558904E-03
   2387.000      1.9769697E-03
   2412.000      1.9275253E-03
   2437.000      1.8663793E-03
   2462.000      1.8155159E-03
   2487.000      1.6481624E-03
   2506.000      1.6865530E-03
   2519.000      1.6788037E-03
   2537.000      1.6443720E-03
   2562.000      1.6032452E-03
   2587.000      1.5595527E-03
   2612.000      1.5135615E-03
   2637.000      1.4723125E-03
   2662.000      1.4288939E-03
   2687.000      1.3835665E-03
   2712.000      1.3427651E-03
   2737.000      1.2971790E-03
   2762.000      1.2676517E-03
   2787.000      1.2274391E-03
   2812.000      1.1994992E-03
   2837.000      1.1641260E-03
   2862.000      1.1297958E-03
   2887.000      1.1040786E-03
   2912.000      1.0739892E-03
   2937.000      1.0423171E-03
   2962.000      1.0162486E-03
   2987.000      9.8627934E-04
   3012.000      9.5499260E-04
   3037.000      9.3540555E-04
   3062.000      9.1411319E-04
   3087.000      8.8715594E-04
   3112.000      8.6696178E-04
   3137.000      8.4527896E-04
   3162.000      8.2413788E-04
   3187.000      8.0167816E-04
   3212.000      7.8162760E-04
   3237.000      7.6383562E-04
   3262.000      7.4301922E-04
   3287.000      7.2610605E-04
   3312.000      7.0794561E-04
   3337.000      6.9023977E-04
   3362.000      6.7452801E-04
   3387.000      6.5917388E-04
   3412.000      6.4268784E-04
   3437.000      6.3095725E-04
   3462.000      6.1659497E-04
   3487.000      6.0117379E-04
   3512.000      5.8884366E-04
   3537.000      5.7543995E-04
   3562.000      5.5975746E-04
   3587.000      5.4701586E-04
   3612.000      5.3456426E-04
   3636.000      5.2360055E-04
   3661.000      5.1522854E-04
   3687.000      5.0234253E-04
   3712.000      4.8305883E-04
   3737.000      4.8865221E-04
   3762.000      4.6989403E-04
   3787.000      4.8752845E-04
   3812.000      4.9317389E-04
   3837.000      4.5919794E-04
   3862.000      4.9431069E-04
   3887.000      4.3853067E-04
   3912.000      4.7424212E-04
   3937.000      4.6344681E-04
   3962.000      4.1495406E-04
   3987.000      4.4258827E-04
   4012.000      4.4463127E-04
   4037.000      4.3351096E-04
   4062.000      4.2657965E-04
   4087.000      4.0550856E-04
   4112.000      3.7670377E-04
   4137.000      4.0086664E-04
   4162.000      3.9627808E-04
   4187.000      3.8815037E-04
   4212.000      3.8106591E-04
   4237.000      3.7325019E-04
   4262.000      3.6391514E-04
   4287.000      3.5727283E-04
   4312.000      3.4914029E-04
   4337.000      3.1260785E-04
   4362.000      3.3728741E-04
   4387.000      3.3342640E-04
   4412.000      3.2885160E-04
   4437.000      3.2359365E-04
   4462.000      3.1768749E-04
   4487.000      3.1477478E-04
   4512.000      3.0974188E-04
   4537.000      3.0269130E-04
   4562.000      2.9853819E-04
   4587.000      2.9444223E-04
   4612.000      2.8973428E-04
   4637.000      2.8248798E-04
   4662.000      2.7797132E-04
   4687.000      2.7415738E-04
   4712.000      2.6977394E-04
   4737.000      2.6730067E-04
   4762.000      2.6363315E-04
   4787.000      2.5882135E-04
   4812.000      2.5409725E-04
   4837.000      2.4831330E-04
   4862.000      2.2387206E-04
   4887.000      2.4099053E-04
   4912.000      2.3768398E-04
   4937.000      2.3550492E-04
   4962.000      2.3173947E-04
   4987.000      2.2698646E-04
   5025.000      2.2029261E-04
   5075.000      2.1527815E-04
   5125.000      2.0749131E-04
   5175.000      2.0044722E-04
   5225.000      1.9543389E-04
   5275.000      1.9142563E-04
   5325.000      1.8793166E-04
   5375.000      1.8323144E-04
   5425.000      1.7782794E-04
   5475.000      1.7338044E-04
   5525.000      1.6943381E-04
   5575.000      1.6481624E-04
   5625.000      1.6069415E-04
   5675.000      1.5631477E-04
   5725.000      1.5346173E-04
   5775.000      1.5031421E-04
   5825.000      1.4689265E-04
   5875.000      1.4125378E-04
   5925.000      1.3835664E-04
   5975.000      1.3583132E-04
   6025.000      1.3304547E-04
   6075.000      1.3061707E-04
   6125.000      1.2647363E-04
   6175.000      1.2302685E-04
   6225.000      1.1939878E-04
   6275.000      1.1694996E-04
   6325.000      1.1534533E-04
   6375.000      1.1376273E-04
   6425.000      1.1168635E-04
   6475.000      1.0964781E-04
   6525.000      1.0715192E-04
   6575.000      1.0139115E-04
   6625.000      1.0280165E-04
   6675.000      1.0023051E-04
   6725.000      9.8627941E-05
   6775.000      9.7050994E-05
   6825.000      9.5719399E-05
   6875.000      9.4188952E-05
   6925.000      9.2682982E-05
   6975.000      9.1201095E-05
   7025.000      8.9125053E-05
   7075.000      8.6297827E-05
   7150.000      8.2794257E-05
   7250.000      8.1283026E-05
   7350.000      8.0723512E-05
   7450.000      7.8162804E-05
   7550.000      7.5683325E-05
   7650.000      7.3113879E-05
   7750.000      7.0631751E-05
   7850.000      6.8548819E-05
   7950.000      6.6527311E-05
   8050.000      6.4565415E-05
   8152.000      6.2805819E-05
   8252.000      6.1094172E-05
   8350.000      5.9566228E-05
   8450.000      5.7809615E-05
   8550.000      5.4827677E-05
   8650.000      5.4075408E-05
   8750.000      5.4701584E-05
   8850.000      5.3579675E-05
   8950.000      5.3210806E-05
   9050.000      5.1522853E-05
   9150.000      4.9317361E-05
   9250.000      4.6773523E-05
   9350.000      4.6881338E-05
   9450.000      4.6131761E-05
   9550.000      4.4463104E-05
   9650.000      4.3853091E-05
   9750.000      4.2854848E-05
   9850.000      4.2461936E-05
   9950.000      4.1783020E-05
   10050.00      4.0457577E-05
   10150.00      4.0179089E-05
   10250.00      3.9445749E-05
   10350.00      3.8636688E-05
   10450.00      3.7931499E-05
   10550.00      3.7239181E-05
   10650.00      3.6475376E-05
   10750.00      3.5809637E-05
   10850.00      3.5075194E-05
   10950.00      3.4040822E-05
   11050.00      3.3884433E-05
   11150.00      3.3265944E-05
   11250.00      3.2658780E-05
   11350.00      3.2062697E-05
   11450.00      3.1550051E-05
   11550.00      3.0974206E-05
   11650.00      3.0408837E-05
   11750.00      2.9922634E-05
   11850.00      2.9376492E-05
   11950.00      2.8906796E-05
   12050.00      2.8444611E-05
   12150.00      2.7925445E-05
   12250.00      2.7478949E-05
   12350.00      2.7039594E-05
   12450.00      2.6607262E-05
   12550.00      2.6121603E-05
   12650.00      2.5703948E-05
   12750.00      2.5292973E-05
   12850.00      2.4660405E-05
   12950.00      2.4490630E-05
   13050.00      2.4099052E-05
   13150.00      2.3713737E-05
   13250.00      2.3334582E-05
   13350.00      2.2961489E-05
   13450.00      2.2646444E-05
   13550.00      2.2284354E-05
   13650.00      2.1928054E-05
   13750.00      2.1577449E-05
   13850.00      2.1232452E-05
   13950.00      2.0892969E-05
   14050.00      2.0606305E-05
   14150.00      2.0276835E-05
   14250.00      1.9998624E-05
   14350.00      1.9678870E-05
   14450.00      1.9364228E-05
   14544.00      1.9275243E-05
   14644.00      1.8923434E-05
   14750.00      1.8620871E-05
   14850.00      1.8535322E-05
   14950.00      1.8492694E-05
   15100.00      1.8155150E-05
   15300.00      1.7988714E-05
   15500.00      1.7660386E-05
   15700.00      1.7418075E-05
   15900.00      1.6904416E-05
   16100.00      1.6481625E-05
   16300.00      1.6330512E-05
   16500.00      1.5958794E-05
   16700.00      1.5922093E-05
   16900.00      1.5703632E-05
   18000.00      1.3614442E-05
   27000.00      3.8018934E-06
