3835.93980687145  0.216322
3837.90695549036  0.196025
3839.87410410927  0.1789
3841.84125272818  0.179766
3843.80840134708  0.202673
3845.77554996599  0.224541
3847.7426985849  0.228853
3849.70984720381  0.210413
3851.67699582272  0.178034
3853.64414444163  0.169684
3855.61129306053  0.1984
3857.57844167944  0.230286
3859.54559029835  0.246123
3861.51273891726  0.248784
3863.47988753617  0.240942
3865.44703615508  0.234331
3867.41418477398  0.235639
3869.38133339289  0.241096
3871.3484820118  0.246631
3873.31563063071  0.24364
3875.28277924962  0.234017
3877.24992786853  0.236657
3879.21707648744  0.252488
3881.18422510634  0.257425
3883.15137372525  0.247624
3885.11852234416  0.244708
3887.08567096307  0.254291
3889.05281958198  0.265419
3891.01996820089  0.270189
3892.98711681979  0.262292
3894.9542654387  0.245361
3896.92141405761  0.235927
3898.88856267652  0.238405
3900.85571129543  0.240573
3902.82285991434  0.240421
3904.79000853324  0.245683
3906.75715715215  0.25636
3908.72430577106  0.267539
3910.69145438997  0.274555
3912.65860300888  0.273059
3914.62575162779  0.266159
3916.5929002467  0.266557
3918.5600488656  0.272305
3920.52719748451  0.264838
3922.49434610342  0.247886
3924.46149472233  0.244781
3926.42864334124  0.25662
3928.39579196015  0.264782
3930.36294057905  0.265304
3932.33008919796  0.266694
3934.29723781687  0.270409
3936.26438643578  0.274281
3938.23153505469  0.276453
3940.1986836736  0.274711
3942.16583229251  0.270219
3944.13298091141  0.266426
3946.10012953032  0.264753
3948.06727814923  0.264763
3950.03442676814  0.265458
3952.00157538705  0.26698
3953.96872400596  0.265399
3955.93587262486  0.253218
3957.90302124377  0.235466
3959.87016986268  0.225015
3961.83731848159  0.222404
3963.8044671005  0.218627
3965.77161571941  0.21401
3967.73876433832  0.214411
3969.70591295722  0.219061
3971.67306157613  0.223545
3973.64021019504  0.227892
3975.60735881395  0.233264
3977.57450743286  0.243055
3979.54165605177  0.26574
3981.50880467067  0.290511
3983.47595328958  0.297461
3985.44310190849  0.288767
3987.4102505274  0.279003
3989.37739914631  0.269513
3991.34454776522  0.251118
3993.31169638412  0.232794
3995.27884500303  0.232234
3997.24599362194  0.242095
3999.21314224085  0.243022
4001.18029085976  0.237183
4003.14743947867  0.235522
4005.11458809757  0.240181
4007.08173671648  0.250702
4009.04888533539  0.263662
4011.0160339543  0.276951
4012.98318257321  0.28491
4014.95033119212  0.282023
4016.91747981103  0.269068
4018.88462842993  0.244413
4020.85177704884  0.221516
4022.81892566775  0.219376
4024.78607428666  0.230309
4026.75322290557  0.23834
4028.72037152448  0.241741
4030.68752014339  0.24333
4032.65466876229  0.244789
4034.6218173812  0.248939
4036.58896600011  0.252762
4038.55611461902  0.252839
4040.52326323793  0.246938
4042.49041185684  0.228971
4044.45756047574  0.211142
4046.42470909465  0.211072
4048.39185771356  0.222021
4050.35900633247  0.232619
4052.32615495138  0.240536
4054.29330357029  0.246819
4056.26045218919  0.249161
4058.2276008081  0.243971
4060.19474942701  0.234692
4062.16189804592  0.226036
4064.12904666483  0.217352
4066.09619528374  0.204528
4068.06334390265  0.194064
4070.03049252155  0.196532
4071.99764114046  0.203443
4073.96478975937  0.202108
4075.93193837828  0.198214
4077.89908699719  0.201656
4079.8662356161  0.206528
4081.833384235  0.203028
4083.80053285391  0.198081
4085.76768147282  0.203081
4087.73483009173  0.20915
4089.70197871064  0.203648
4091.66912732955  0.193612
4093.63627594846  0.187486
4095.60342456736  0.18423
4097.57057318627  0.182522
4099.53772180518  0.181806
4101.50487042409  0.183472
4103.472019043  0.182246
4105.43916766191  0.168081
4107.40631628081  0.154061
4109.37346489972  0.156329
4111.34061351863  0.166512
4113.30776213754  0.178604
4115.27491075645  0.186604
4117.24205937536  0.180753
4119.20920799427  0.171242
4121.17635661318  0.169517
4123.14350523208  0.170452
4125.11065385099  0.168712
4127.0778024699  0.167098
4129.04495108881  0.167463
4131.01209970772  0.171291
4132.97924832663  0.181881
4134.94639694553  0.194518
4136.91354556444  0.206465
4138.88069418335  0.21337
4140.84784280226  0.207673
4142.81499142117  0.197607
4144.78214004007  0.190465
4146.74928865898  0.185154
4148.71643727789  0.181866
4150.6835858968  0.180617
4152.65073451571  0.182188
4154.61788313462  0.184618
4156.58503175352  0.186289
4158.55218037243  0.18672
4160.51932899134  0.184829
4162.48647761025  0.181264
4164.45362622916  0.174222
4166.42077484807  0.170124
4168.38792346698  0.17838
4170.35507208588  0.188576
4172.32222070479  0.191969
4174.2893693237  0.191818
4176.25651794261  0.18796
4178.22366656152  0.182516
4180.19081518043  0.175815
4182.15796379934  0.173472
4184.12511241824  0.184828
4186.09226103715  0.197473
4188.05940965606  0.201007
4190.02655827497  0.1994
4191.99370689388  0.191675
4193.96085551279  0.183486
4195.92800413169  0.180798
4197.8951527506  0.181032
4199.86230136951  0.184104
4201.82944998842  0.187913
4203.79659860733  0.190455
4205.76374722624  0.190805
4207.73089584514  0.18609
4209.69804446405  0.183467
4211.66519308296  0.190343
4213.63234170187  0.199495
4215.59949032078  0.206538
4217.56663893969  0.208858
4219.53378755859  0.200891
4221.5009361775  0.194349
4223.46808479641  0.200324
4225.43523341532  0.206486
4227.40238203423  0.203667
4229.36953065314  0.199992
4231.33667927204  0.200623
4233.30382789095  0.201612
4235.27097650986  0.200673
4237.23812512877  0.201456
4239.20527374768  0.206959
4241.17242236659  0.211875
4243.1395709855  0.211928
4245.1067196044  0.21001
4247.07386822331  0.207483
4249.04101684222  0.205441
4251.00816546113  0.205366
4252.97531408004  0.203097
4254.94246269895  0.195248
4256.90961131786  0.186846
4258.87675993676  0.181551
4260.84390855567  0.177307
4262.81105717458  0.173662
4264.77820579349  0.174208
4266.7453544124  0.181698
4268.71250303131  0.190339
4270.67965165021  0.195234
4272.64680026912  0.194086
4274.61394888803  0.18407
4276.58109750694  0.173928
4278.54824612585  0.17083
4280.51539474476  0.172213
4282.48254336367  0.178327
4284.44969198258  0.190945
4286.41684060148  0.210172
4288.38398922039  0.227842
4290.3511378393  0.23594
4292.31828645821  0.232309
4294.28543507712  0.214925
4296.25258369602  0.196754
4298.21973231493  0.188454
4300.18688093384  0.186466
4302.15402955275  0.189883
4304.12117817166  0.193044
4306.08832679057  0.191315
4308.05547540948  0.188329
4310.02262402838  0.186041
4311.98977264729  0.186186
4313.9569212662  0.189042
4315.92406988511  0.18689
4317.89121850402  0.175874
4319.85836712293  0.165364
4321.82551574183  0.162191
4323.79266436074  0.16655
4325.75981297965  0.177768
4327.72696159856  0.186211
4329.69411021747  0.185366
4331.66125883638  0.180975
4333.62840745528  0.177253
4335.59555607419  0.178676
4337.5627046931  0.187655
4339.52985331201  0.197253
4341.49700193092  0.201854
4343.46415054983  0.19978
4345.43129916874  0.190427
4347.39844778764  0.179909
4349.36559640655  0.173145
4351.33274502546  0.169577
4353.29989364437  0.170194
4355.26704226328  0.175769
4357.23419088219  0.18405
4359.20133950109  0.187329
4361.16848812  0.182383
4363.13563673891  0.177436
4365.10278535782  0.176827
4367.06993397673  0.178336
4369.03708259564  0.180427
4371.00423121455  0.180115
4372.97137983345  0.176749
4374.93852845236  0.175188
4376.90567707127  0.176888
4378.87282569018  0.177651
4380.83997430909  0.175725
4382.80712292799  0.172931
4384.7742715469  0.17017
4386.74142016581  0.16725
4388.70856878472  0.164929
4390.67571740363  0.163918
4392.64286602254  0.165381
4394.61001464145  0.171564
4396.57716326036  0.180051
4398.54431187926  0.182653
4400.51146049817  0.176909
4402.47860911708  0.168711
4404.44575773599  0.163235
4406.4129063549  0.163862
4408.38005497381  0.171228
4410.34720359271  0.180673
4412.31435221162  0.188426
4414.28150083053  0.193561
4416.24864944944  0.194936
4418.21579806835  0.192866
4420.18294668726  0.189151
4422.15009530617  0.186201
4424.11724392507  0.186311
4426.08439254398  0.19064
4428.05154116289  0.19755
4430.0186897818  0.202087
4431.98583840071  0.20327
4433.95298701962  0.205791
4435.92013563852  0.209353
4437.88728425743  0.209347
4439.85443287634  0.205175
4441.82158149525  0.198459
4443.78873011416  0.19358
4445.75587873307  0.196663
4447.72302735198  0.207201
4449.69017597088  0.219623
4451.65732458979  0.227797
4453.6244732087  0.22662
4455.59162182761  0.217457
4457.55877044652  0.206434
4459.52591906543  0.199992
4461.49306768433  0.203885
4463.46021630324  0.214731
4465.42736492215  0.220997
4467.39451354106  0.221062
4469.36166215997  0.222051
4471.32881077888  0.225332
4473.29595939778  0.22916
4475.26310801669  0.231705
4477.2302566356  0.2298
4479.19740525451  0.226198
4481.16455387342  0.227895
4483.13170249233  0.234194
4485.09885111123  0.239309
4487.06599973014  0.241702
4489.03314834905  0.242319
4491.00029696796  0.242897
4492.96744558687  0.24677
4494.93459420578  0.251617
4496.90174282469  0.251211
4498.86889144359  0.247072
4500.8360400625  0.244072
4502.80318868141  0.245072
4504.77033730032  0.252277
4506.73748591923  0.262265
4508.70463453814  0.269114
4510.67178315705  0.27182
4512.63893177595  0.272495
4514.60608039486  0.272114
4516.57322901377  0.27057
4518.54037763268  0.269442
4520.50752625159  0.269999
4522.4746748705  0.273335
4524.4418234894  0.282165
4526.40897210831  0.290998
4528.37612072722  0.290722
4530.34326934613  0.283977
4532.31041796504  0.276667
4534.27756658395  0.27358
4536.24471520285  0.279947
4538.21186382176  0.290455
4540.17901244067  0.295636
4542.14616105958  0.296332
4544.11330967849  0.298484
4546.0804582974  0.300037
4548.0476069163  0.29487
4550.01475553521  0.287533
4551.98190415412  0.285948
4553.94905277303  0.288639
4555.91620139194  0.291443
4557.88335001085  0.293235
4559.85049862975  0.292868
4561.81764724866  0.29316
4563.78479586757  0.30071
4565.75194448648  0.308054
4567.71909310539  0.301193
4569.6862417243  0.289829
4571.65339034321  0.291559
4573.62053896211  0.298824
4575.58768758102  0.297451
4577.55483619993  0.290754
4579.52198481884  0.285999
4581.48913343775  0.282388
4583.45628205666  0.276059
4585.42343067557  0.270965
4587.39057929447  0.27368
4589.35772791338  0.279702
4591.32487653229  0.282596
4593.2920251512  0.283308
4595.25917377011  0.285177
4597.22632238902  0.285133
4599.19347100792  0.277095
4601.16061962683  0.267563
4603.12776824574  0.264628
4605.09491686465  0.266982
4607.06206548356  0.273889
4609.02921410247  0.280725
4610.99636272137  0.282497
4612.96351134028  0.280028
4614.93065995919  0.273045
4616.8978085781  0.266077
4618.86495719701  0.265705
4620.83210581592  0.266636
4622.79925443483  0.261796
4624.76640305373  0.254695
4626.73355167264  0.248911
4628.70070029155  0.24521
4630.66784891046  0.246052
4632.63499752937  0.246507
4634.60214614828  0.239053
4636.56929476719  0.230786
4638.53644338609  0.230338
4640.503592005  0.233264
4642.47074062391  0.234922
4644.43788924282  0.236474
4646.40503786173  0.239881
4648.37218648064  0.24238
4650.33933509954  0.24069
4652.30648371845  0.2366
4654.27363233736  0.230003
4656.24078095627  0.225501
4658.20792957518  0.230511
4660.17507819409  0.23684
4662.14222681299  0.236347
4664.1093754319  0.231583
4666.07652405081  0.221284
4668.04367266972  0.213268
4670.01082128863  0.217658
4671.97796990754  0.226917
4673.94511852645  0.236527
4675.91226714535  0.243028
4677.87941576426  0.240273
4679.84656438317  0.233786
4681.81371300208  0.227131
4683.78086162099  0.222019
4685.7480102399  0.222719
4687.7151588588  0.224005
4689.68230747771  0.22054
4691.64945609662  0.215937
4693.61660471553  0.211472
4695.58375333444  0.209865
4697.55090195335  0.217313
4699.51805057225  0.224457
4701.48519919116  0.221749
4703.45234781007  0.215413
4705.41949642898  0.206502
4707.38664504789  0.201655
4709.3537936668  0.212856
4711.3209422857  0.223168
4713.28809090461  0.215215
4715.25523952352  0.204933
4717.22238814243  0.204045
4719.18953676134  0.206504
4721.15668538025  0.211415
4723.12383399916  0.213627
4725.09098261807  0.205344
4727.05813123697  0.19704
4729.02527985588  0.198145
4730.99242847479  0.200902
4732.9595770937  0.199999
4734.92672571261  0.199667
4736.89387433152  0.202954
4738.86102295042  0.206098
4740.82817156933  0.206152
4742.79532018824  0.204425
4744.76246880715  0.20073
4746.72961742606  0.199051
4748.69676604497  0.2042
4750.66391466388  0.208025
4752.63106328278  0.203251
4754.59821190169  0.198221
4756.5653605206  0.198942
4758.53250913951  0.203024
4760.49965775842  0.210427
4762.46680637733  0.216896
4764.43395499623  0.218001
4766.40110361514  0.217827
4768.36825223405  0.218918
4770.33540085296  0.219007
4772.30254947187  0.21675
4774.26969809078  0.215581
4776.23684670968  0.218366
4778.20399532859  0.221085
4780.1711439475  0.220853
4782.13829256641  0.219936
4784.10544118532  0.219504
4786.07258980423  0.218573
4788.03973842313  0.216817
4790.00688704204  0.21786
4791.97403566095  0.224453
4793.94118427986  0.228832
4795.90833289877  0.224879
4797.87548151768  0.216682
4799.84263013658  0.206763
4801.80977875549  0.201403
4803.7769273744  0.206266
4805.74407599331  0.211442
4807.71122461222  0.210317
4809.67837323113  0.209247
4811.64552185004  0.211153
4813.61267046894  0.211097
4815.57981908785  0.206331
4817.54696770676  0.20131
4819.51411632567  0.199352
4821.48126494458  0.201442
4823.44841356349  0.208087
4825.41556218239  0.211341
4827.3827108013  0.206341
4829.34985942021  0.204047
4831.31700803912  0.210258
4833.28415665803  0.213594
4835.25130527694  0.208368
4837.21845389584  0.205458
4839.18560251476  0.210421
4841.15275113366  0.214558
4843.11989975257  0.213318
4845.08704837148  0.211068
4847.05419699039  0.210456
4849.0213456093  0.21129
4850.98849422821  0.215969
4852.95564284711  0.230322
4854.92279146602  0.256691
4856.88994008493  0.286315
4858.85708870384  0.310432
4860.82423732275  0.32517
4862.79138594166  0.324807
4864.75853456056  0.309711
4866.72568317947  0.282767
4868.69283179838  0.253689
4870.65998041729  0.232415
4872.6271290362  0.220496
4874.59427765511  0.219531
4876.56142627401  0.222398
4878.52857489292  0.224134
4880.49572351183  0.226227
4882.46287213074  0.228278
4884.43002074965  0.230217
4886.39716936856  0.232545
4888.36431798746  0.237796
4890.33146660637  0.245251
4892.29861522528  0.247798
4894.26576384419  0.243486
4896.2329124631  0.240912
4898.20006108201  0.243587
4900.16720970092  0.245508
4902.13435831982  0.245343
4904.10150693873  0.248565
4906.06865555764  0.255206
4908.03580417655  0.257476
4910.00295279546  0.253059
4911.97010141437  0.248822
4913.93725003327  0.247613
4915.90439865218  0.246717
4917.87154727109  0.244757
4919.83869589  0.240343
4921.80584450891  0.234685
4923.77299312782  0.23302
4925.74014174673  0.236391
4927.70729036563  0.239932
4929.67443898454  0.240534
4931.64158760345  0.237774
4933.60873622236  0.232417
4935.57588484127  0.227806
4937.54303346018  0.225384
4939.51018207908  0.223501
4941.47733069799  0.221232
4943.4444793169  0.217427
4945.41162793581  0.213303
4947.37877655472  0.212446
4949.34592517363  0.216097
4951.31307379254  0.222126
4953.28022241144  0.22943
4955.24737103035  0.239321
4957.21451964926  0.248825
4959.18166826817  0.253064
4961.14881688708  0.249702
4963.11596550598  0.240072
4965.08311412489  0.226908
4967.0502627438  0.212963
4969.01741136271  0.20156
4970.98455998162  0.19405
4972.95170860053  0.190628
4974.91885721944  0.189636
4976.88600583835  0.189293
4978.85315445725  0.187657
4980.82030307616  0.185838
4982.78745169507  0.189354
4984.75460031398  0.195457
4986.72174893289  0.194911
4988.68889755179  0.187602
4990.6560461707  0.17941
4992.62319478961  0.175723
4994.59034340852  0.179045
4996.55749202743  0.191471
4998.52464064634  0.213285
5000.49178926525  0.24183
5002.45893788416  0.276463
5004.42608650306  0.308049
5006.39323512197  0.328424
5008.36038374088  0.330291
5010.32753235979  0.307429
5012.2946809787  0.270332
5014.26182959761  0.236044
5016.22897821651  0.213198
5018.19612683542  0.200655
5020.16327545433  0.196138
5022.13042407324  0.19569
5024.09757269215  0.196333
5026.06472131106  0.197109
5028.03186992997  0.197881
5029.99901854887  0.200678
5031.96616716778  0.203743
5033.93331578669  0.202996
5035.9004644056  0.200382
5037.86761302451  0.201241
5039.83476164342  0.204693
5041.80191026232  0.206935
5043.76905888123  0.207251
5045.73620750014  0.206771
5047.70335611905  0.205211
5049.67050473796  0.200867
5051.63765335687  0.196318
5053.60480197578  0.195844
5055.57195059468  0.198524
5057.53909921359  0.20099
5059.5062478325  0.203263
5061.47339645141  0.207471
5063.44054507032  0.211946
5065.40769368923  0.214167
5067.37484230813  0.213728
5069.34199092704  0.209983
5071.30913954595  0.206225
5073.27628816486  0.20726
5075.24343678377  0.211404
5077.21058540268  0.214883
5079.17773402158  0.217178
5081.14488264049  0.218764
5083.1120312594  0.220251
5085.07917987831  0.223021
5087.04632849722  0.225338
5089.01347711613  0.224148
5090.98062573503  0.221141
5092.94777435394  0.218512
5094.91492297285  0.217901
5096.88207159176  0.221296
5098.84922021067  0.226468
5100.81636882958  0.23084
5102.78351744848  0.233112
5104.75066606739  0.232148
5106.7178146863  0.22918
5108.68496330521  0.225486
5110.65211192412  0.222186
5112.61926054303  0.219763
5114.58640916194  0.219224
5116.55355778084  0.2226
5118.52070639975  0.226841
5120.48785501866  0.22861
5122.45500363757  0.227227
5124.42215225648  0.220756
5126.38930087539  0.214134
5128.3564494943  0.213351
5130.3235981132  0.216955
5132.29074673211  0.223759
5134.25789535102  0.230543
5136.22504396993  0.233472
5138.19219258884  0.234293
5140.15934120775  0.23553
5142.12648982665  0.236406
5144.09363844556  0.23521
5146.06078706447  0.233896
5148.02793568338  0.235323
5149.99508430229  0.237364
5151.9622329212  0.237281
5153.9293815401  0.236289
5155.89653015902  0.235541
5157.86367877792  0.23548
5159.83082739683  0.236725
5161.79797601574  0.238733
5163.76512463465  0.241694
5165.73227325356  0.243569
5167.69942187247  0.24107
5169.66657049137  0.237725
5171.63371911028  0.237263
5173.60086772919  0.238727
5175.5680163481  0.242089
5177.53516496701  0.2453
5179.50231358592  0.245726
5181.46946220482  0.2451
5183.43661082373  0.24482
5185.40375944264  0.245091
5187.37090806155  0.24628
5189.33805668046  0.248325
5191.30520529937  0.251857
5193.27235391827  0.255064
5195.23950253718  0.255172
5197.20665115609  0.25528
5199.173799775  0.259202
5201.14094839391  0.263447
5203.10809701282  0.265005
5205.07524563172  0.264573
5207.04239425063  0.261215
5209.00954286954  0.257948
5210.97669148845  0.257951
5212.94384010736  0.26004
5214.91098872627  0.265053
5216.87813734518  0.269315
5218.84528596408  0.267774
5220.81243458299  0.265249
5222.7795832019  0.265523
5224.74673182081  0.267438
5226.71388043972  0.272124
5228.68102905863  0.276058
5230.64817767753  0.274581
5232.61532629644  0.272348
5234.58247491535  0.273333
5236.54962353426  0.274669
5238.51677215317  0.274501
5240.48392077208  0.273929
5242.45106939098  0.273222
5244.41821800989  0.273188
5246.3853666288  0.275293
5248.35251524771  0.277263
5250.31966386662  0.27706
5252.28681248553  0.275677
5254.25396110444  0.272723
5256.22110972334  0.271586
5258.18825834225  0.27651
5260.15540696116  0.282503
5262.12255558007  0.285863
5264.08970419898  0.287362
5266.05685281788  0.28611
5268.02400143679  0.284605
5269.9911500557  0.285312
5271.95829867461  0.286321
5273.92544729352  0.286509
5275.89259591243  0.286399
5277.85974453134  0.28607
5279.82689315025  0.285981
5281.79404176915  0.286585
5283.76119038806  0.288675
5285.72833900697  0.293487
5287.69548762588  0.296192
5289.66263624479  0.292163
5291.6297848637  0.286417
5293.5969334826  0.282346
5295.56408210151  0.279064
5297.53123072042  0.2769
5299.49837933933  0.27854
5301.46552795824  0.28668
5303.43267657715  0.293501
5305.39982519606  0.292333
5307.36697381496  0.288223
5309.33412243387  0.283771
5311.30127105278  0.278691
5313.26841967169  0.273713
5315.2355682906  0.269752
5317.20271690951  0.267892
5319.16986552841  0.267167
5321.13701414732  0.266965
5323.10416276623  0.266738
5325.07131138514  0.265885
5327.03846000405  0.265907
5329.00560862296  0.267777
5330.97275724187  0.269423
5332.93990586077  0.269439
5334.90705447968  0.269334
5336.87420309859  0.270136
5338.8413517175  0.272703
5340.80850033641  0.277522
5342.77564895532  0.280779
5344.74279757422  0.279608
5346.70994619313  0.276558
5348.67709481204  0.273552
5350.64424343095  0.273547
5352.61139204986  0.278458
5354.57854066877  0.281161
5356.54568928767  0.277387
5358.51283790658  0.273895
5360.47998652549  0.274905
5362.4471351444  0.279079
5364.41428376331  0.285195
5366.38143238222  0.286989
5368.34858100112  0.281413
5370.31572962003  0.279379
5372.28287823894  0.287198
5374.25002685785  0.297616
5376.21717547676  0.305368
5378.18432409567  0.30663
5380.15147271458  0.299624
5382.11862133349  0.29468
5384.08576995239  0.298101
5386.0529185713  0.304082
5388.02006719021  0.309015
5389.98721580912  0.310422
5391.95436442803  0.30724
5393.92151304693  0.30592
5395.88866166584  0.309629
5397.85581028475  0.313253
5399.82295890366  0.314287
5401.79010752257  0.314189
5403.75725614148  0.314212
5405.72440476038  0.317017
5407.69155337929  0.323097
5409.6587019982  0.327556
5411.62585061711  0.327749
5413.59299923602  0.326074
5415.56014785493  0.324217
5417.52729647383  0.323396
5419.49444509274  0.324663
5421.46159371165  0.327099
5423.42874233056  0.33001
5425.39589094947  0.332997
5427.36303956838  0.335293
5429.33018818729  0.336639
5431.29733680619  0.336525
5433.2644854251  0.334447
5435.23163404401  0.331015
5437.19878266292  0.328236
5439.16593128183  0.327466
5441.13307990074  0.328461
5443.10022851965  0.330232
5445.06737713855  0.330548
5447.03452575746  0.328334
5449.00167437637  0.324705
5450.96882299528  0.321119
5452.93597161419  0.319507
5454.9031202331  0.320271
5456.87026885201  0.320787
5458.83741747091  0.320366
5460.80456608982  0.321096
5462.77171470873  0.322954
5464.73886332764  0.324196
5466.70601194655  0.323498
5468.67316056546  0.319808
5470.64030918436  0.314624
5472.60745780327  0.312895
5474.57460642218  0.31457
5476.54175504109  0.312551
5478.50890366  0.307157
5480.47605227891  0.30706
5482.44320089781  0.312609
5484.41034951672  0.315962
5486.37749813563  0.314354
5488.34464675454  0.30964
5490.31179537345  0.305046
5492.27894399236  0.306409
5494.24609261127  0.311905
5496.21324123017  0.311374
5498.18038984908  0.304331
5500.14753846799  0.298614
5502.1146870869  0.298185
5504.08183570581  0.304983
5506.04898432472  0.313648
5508.01613294362  0.312091
5509.98328156253  0.300736
5511.95043018144  0.290146
5513.91757880035  0.28596
5515.88472741926  0.289415
5517.85187603817  0.297341
5519.81902465707  0.30264
5521.78617327598  0.303358
5523.75332189489  0.302058
5525.7204705138  0.301295
5527.68761913271  0.304079
5529.65476775162  0.309517
5531.62191637053  0.313835
5533.58906498943  0.315843
5535.55621360834  0.315984
5537.52336222725  0.31587
5539.49051084616  0.318041
5541.45765946507  0.322119
5543.42480808398  0.326375
5545.39195670288  0.328805
5547.35910532179  0.327227
5549.3262539407  0.32306
5551.29340255961  0.31965
5553.26055117852  0.317929
5555.22769979743  0.317121
5557.19484841634  0.316659
5559.16199703524  0.315336
5561.12914565415  0.314498
5563.09629427306  0.317051
5565.06344289197  0.322009
5567.03059151088  0.327484
5568.99774012979  0.330884
5570.96488874869  0.329297
5572.9320373676  0.324556
5574.89918598651  0.320318
5576.86633460542  0.317883
5578.83348322433  0.318129
5580.80063184324  0.318111
5582.76778046215  0.312296
5584.73492908105  0.303775
5586.70207769996  0.298075
5588.66922631887  0.297385
5590.63637493778  0.304187
5592.60352355669  0.31243
5594.57067217559  0.312505
5596.5378207945  0.307247
5598.50496941341  0.304464
5600.47211803232  0.303566
5602.43926665123  0.300471
5604.40641527014  0.296622
5606.37356388905  0.294975
5608.34071250796  0.295276
5610.30786112686  0.297395
5612.27500974577  0.29839
5614.24215836468  0.293483
5616.20930698359  0.286502
5618.1764556025  0.283991
5620.14360422141  0.284238
5622.11075284031  0.283893
5624.07790145922  0.281651
5626.04505007813  0.275153
5628.01219869704  0.268992
5629.97934731595  0.270888
5631.94649593486  0.275533
5633.91364455377  0.274731
5635.88079317267  0.269884
5637.84794179158  0.263233
5639.81509041049  0.257743
5641.7822390294  0.257781
5643.74938764831  0.259141
5645.71653626722  0.254319
5647.68368488612  0.248941
5649.65083350503  0.253171
5651.61798212394  0.259149
5653.58513074285  0.254956
5655.55227936176  0.24638
5657.51942798067  0.240996
5659.48657659957  0.239075
5661.45372521848  0.241501
5663.42087383739  0.244178
5665.3880224563  0.241142
5667.35517107521  0.236762
5669.32231969412  0.236519
5671.28946831302  0.239145
5673.25661693193  0.244741
5675.22376555084  0.248421
5677.19091416975  0.24244
5679.15806278866  0.234459
5681.12521140757  0.233777
5683.09236002647  0.236895
5685.05950864538  0.240925
5687.02665726429  0.243543
5688.9938058832  0.241102
5690.96095450211  0.237331
5692.92810312102  0.236746
5694.89525173993  0.236985
5696.86240035883  0.234707
5698.82954897774  0.23304
5700.79669759665  0.235946
5702.76384621556  0.240608
5704.73099483447  0.244657
5706.69814345338  0.247608
5708.66529207228  0.248642
5710.63244069119  0.248171
5712.5995893101  0.246043
5714.56673792901  0.243566
5716.53388654792  0.242023
5718.50103516683  0.241394
5720.46818378574  0.241786
5722.43533240464  0.243382
5724.40248102355  0.2466
5726.36962964246  0.250836
5728.33677826137  0.256466
5730.30392688028  0.260859
5732.27107549919  0.261467
5734.23822411809  0.258304
5736.205372737  0.24846
5738.17252135591  0.238886
5740.13966997482  0.236535
5742.10681859373  0.239249
5744.07396721264  0.248227
5746.04111583154  0.258803
5748.00826445045  0.266411
5749.97541306936  0.271839
5751.94256168827  0.274699
5753.90971030718  0.274479
5755.87685892609  0.268871
5757.844007545  0.262903
5759.8111561639  0.261721
5761.77830478281  0.262439
5763.74545340172  0.263704
5765.71260202063  0.266208
5767.67975063954  0.271343
5769.64689925845  0.274798
5771.61404787736  0.270912
5773.58119649626  0.266889
5775.54834511517  0.269698
5777.51549373408  0.272108
5779.48264235299  0.26739
5781.4497909719  0.264182
5783.41693959081  0.270409
5785.38408820972  0.278391
5787.35123682862  0.283213
5789.31838544753  0.28434
5791.28553406644  0.278866
5793.25268268535  0.270652
5795.21983130426  0.262171
5797.18697992317  0.256262
5799.15412854207  0.257041
5801.12127716098  0.261517
5803.08842577989  0.268335
5805.0555743988  0.275592
5807.02272301771  0.280817
5808.98987163662  0.285063
5810.95702025552  0.288657
5812.92416887443  0.289078
5814.89131749334  0.28363
5816.85846611225  0.2783
5818.82561473116  0.278282
5820.79276335007  0.278392
5822.75991196897  0.275258
5824.72706058788  0.272798
5826.69420920679  0.273695
5828.6613578257  0.274584
5830.62850644461  0.273155
5832.59565506352  0.272338
5834.56280368243  0.274184
5836.52995230133  0.278326
5838.49710092024  0.284862
5840.46424953915  0.289341
5842.43139815806  0.287623
5844.39854677697  0.282371
5846.36569539588  0.274975
5848.33284401478  0.267701
5850.29999263369  0.263467
5852.2671412526  0.264564
5854.23428987151  0.273076
5856.20143849042  0.279575
5858.16858710933  0.276721
5860.13573572823  0.271389
5862.10288434714  0.267904
5864.07003296605  0.268649
5866.03718158496  0.276248
5868.00433020387  0.283616
5869.97147882278  0.28596
5871.93862744168  0.289414
5873.90577606059  0.296437
5875.8729246795  0.298767
5877.84007329841  0.291564
5879.80722191732  0.28385
5881.77437053623  0.281444
5883.74151915514  0.280645
5885.70866777405  0.27992
5887.67581639295  0.278676
5889.64296501186  0.275979
5891.61011363077  0.272229
5893.57726224968  0.267925
5895.54441086859  0.264564
5897.5115594875  0.263431
5899.4787081064  0.263811
5901.44585672531  0.265178
5903.41300534422  0.266363
5905.38015396313  0.266711
5907.34730258204  0.268102
5909.31445120095  0.271366
5911.28159981986  0.274912
5913.24874843876  0.277591
5915.21589705767  0.279758
5917.18304567658  0.280618
5919.15019429549  0.277285
5921.1173429144  0.269955
5923.0844915333  0.266941
5925.05164015221  0.27159
5927.01878877112  0.27413
5928.98593739003  0.27004
5930.95308600894  0.265459
5932.92023462785  0.263353
5934.88738324676  0.262319
5936.85453186566  0.261894
5938.82168048457  0.261192
5940.78882910348  0.260002
5942.75597772239  0.259979
5944.7231263413  0.261586
5946.69027496021  0.263375
5948.65742357911  0.264136
5950.62457219802  0.263237
5952.59172081693  0.260714
5954.55886943584  0.258435
5956.52601805475  0.257342
5958.49316667366  0.256594
5960.46031529256  0.255429
5962.42746391148  0.252729
5964.39461253038  0.248571
5966.36176114929  0.245184
5968.3289097682  0.24349
5970.29605838711  0.241718
5972.26320700602  0.239907
5974.23035562492  0.239751
5976.19750424383  0.242343
5978.16465286274  0.249039
5980.13180148165  0.256862
5982.09895010056  0.257048
5984.06609871947  0.249078
5986.03324733838  0.244422
5988.00039595728  0.246846
5989.96754457619  0.249801
5991.9346931951  0.250571
5993.90184181401  0.249796
5995.86899043292  0.248335
5997.83613905183  0.248427
5999.80328767073  0.250432
6001.77043628964  0.252657
6003.73758490855  0.253415
6005.70473352746  0.250457
6007.67188214637  0.245695
6009.63903076528  0.246206
6011.60617938418  0.251531
6013.57332800309  0.253318
6015.540476622  0.24929
6017.50762524091  0.242466
6019.47477385982  0.237027
6021.44192247873  0.238751
6023.40907109764  0.246182
6025.37621971654  0.25018
6027.34336833545  0.249032
6029.31051695436  0.248842
6031.27766557327  0.25028
6033.24481419218  0.249643
6035.21196281109  0.247078
6037.17911142999  0.245366
6039.1462600489  0.24519
6041.11340866781  0.245924
6043.08055728672  0.2461
6045.04770590563  0.243351
6047.01485452454  0.238503
6048.98200314344  0.23471
6050.94915176235  0.232967
6052.91630038126  0.231853
6054.88344900017  0.231864
6056.85059761908  0.234976
6058.81774623799  0.239769
6060.7848948569  0.243163
6062.7520434758  0.244194
6064.71919209471  0.243382
6066.68634071362  0.242158
6068.65348933253  0.242788
6070.62063795144  0.244619
6072.58778657035  0.244665
6074.55493518925  0.243538
6076.52208380816  0.243381
6078.48923242707  0.245529
6080.45638104598  0.250985
6082.42352966489  0.258376
6084.3906782838  0.266616
6086.35782690271  0.271936
6088.32497552161  0.268691
6090.29212414052  0.260955
6092.25927275943  0.257344
6094.22642137834  0.258627
6096.19356999725  0.261817
6098.16071861616  0.26435
6100.12786723507  0.262682
6102.09501585397  0.260174
6104.06216447288  0.264812
6106.02931309179  0.272517
6107.9964617107  0.273603
6109.96361032961  0.269913
6111.93075894852  0.268001
6113.89790756742  0.268427
6115.86505618633  0.27001
6117.83220480524  0.270665
6119.79935342415  0.266905
6121.76650204306  0.261822
6123.73365066197  0.261205
6125.70079928087  0.26355
6127.66794789978  0.264858
6129.63509651869  0.264897
6131.6022451376  0.264302
6133.56939375651  0.264289
6135.53654237542  0.267368
6137.50369099432  0.270479
6139.47083961323  0.268745
6141.43798823214  0.263604
6143.40513685105  0.257739
6145.37228546996  0.252599
6147.33943408887  0.249011
6149.30658270777  0.24698
6151.27373132668  0.246059
6153.24087994559  0.246347
6155.2080285645  0.249104
6157.17517718341  0.251558
6159.14232580232  0.249313
6161.10947442123  0.245343
6163.07662304014  0.244273
6165.04377165904  0.245156
6167.01092027795  0.246662
6168.97806889686  0.247034
6170.94521751577  0.243736
6172.91236613468  0.23916
6174.87951475359  0.236322
6176.84666337249  0.235237
6178.8138119914  0.235981
6180.78096061031  0.237007
6182.74810922922  0.235795
6184.71525784813  0.234669
6186.68240646704  0.237496
6188.64955508594  0.241244
6190.61670370485  0.241806
6192.58385232376  0.240712
6194.55100094267  0.240168
6196.51814956158  0.239511
6198.48529818049  0.23728
6200.45244679939  0.235175
6202.4195954183  0.235693
6204.38674403721  0.236923
6206.35389265612  0.236097
6208.32104127503  0.235216
6210.28818989394  0.237578
6212.25533851285  0.239845
6214.22248713176  0.23742
6216.18963575066  0.233684
6218.15678436957  0.232339
6220.12393298848  0.232395
6222.09108160739  0.23338
6224.0582302263  0.234078
6226.0253788452  0.232745
6227.99252746411  0.230849
6229.95967608302  0.229929
6231.92682470193  0.22945
6233.89397332084  0.22944
6235.86112193975  0.228644
6237.82827055866  0.225059
6239.79541917756  0.220872
6241.76256779647  0.217703
6243.72971641538  0.216452
6245.69686503429  0.218794
6247.6640136532  0.223098
6249.63116227211  0.229451
6251.59831089101  0.233722
6253.56545950992  0.229554
6255.53260812883  0.223566
6257.49975674774  0.221265
6259.46690536665  0.222174
6261.43405398556  0.229263
6263.40120260447  0.235764
6265.36835122337  0.232943
6267.33549984228  0.228804
6269.30264846119  0.231251
6271.2697970801  0.234061
6273.23694569901  0.231634
6275.20409431792  0.228347
6277.17124293682  0.22743
6279.13839155573  0.227595
6281.10554017464  0.228822
6283.07268879355  0.230195
6285.03983741246  0.230043
6287.00698603137  0.230764
6288.97413465027  0.235143
6290.94128326918  0.239996
6292.90843188809  0.242485
6294.875580507  0.244692
6296.84272912591  0.247892
6298.80987774482  0.251623
6300.77702636372  0.256794
6302.74417498263  0.259374
6304.71132360154  0.253965
6306.67847222045  0.248054
6308.64562083936  0.24831
6310.61276945827  0.249866
6312.57991807717  0.249783
6314.54706669608  0.249954
6316.51421531499  0.251585
6318.4813639339  0.252659
6320.44851255281  0.251083
6322.41566117172  0.250268
6324.38280979063  0.253464
6326.34995840954  0.256285
6328.31710702844  0.254902
6330.28425564735  0.254604
6332.25140426626  0.259948
6334.21855288517  0.264279
6336.18570150408  0.262
6338.15285012299  0.26064
6340.11999874189  0.266244
6342.0871473608  0.269794
6344.05429597971  0.264097
6346.02144459862  0.257481
6347.98859321753  0.255764
6349.95574183644  0.256427
6351.92289045535  0.259045
6353.89003907425  0.262923
6355.85718769316  0.267178
6357.82433631207  0.269989
6359.79148493098  0.26934
6361.75863354989  0.268695
6363.7257821688  0.270592
6365.6929307877  0.271656
6367.66007940661  0.269701
6369.62722802552  0.268068
6371.59437664443  0.269008
6373.56152526334  0.269381
6375.52867388225  0.267358
6377.49582250115  0.267263
6379.46297112006  0.272049
6381.43011973897  0.276558
6383.39726835788  0.277449
6385.36441697679  0.279394
6387.3315655957  0.284953
6389.29871421461  0.289374
6391.26586283351  0.289423
6393.23301145242  0.287269
6395.20016007133  0.284166
6397.16730869024  0.282071
6399.13445730915  0.282649
6401.10160592806  0.282579
6403.06875454696  0.279886
6405.03590316587  0.277206
6407.00305178478  0.275954
6408.97020040369  0.274593
6410.9373490226  0.27243
6412.90449764151  0.270144
6414.87164626041  0.268449
6416.83879487932  0.268678
6418.80594349823  0.271714
6420.77309211714  0.275748
6422.74024073605  0.279159
6424.70738935496  0.280906
6426.67453797387  0.280208
6428.64168659277  0.279277
6430.60883521168  0.279702
6432.57598383059  0.28149
6434.5431324495  0.284197
6436.51028106841  0.284759
6438.47742968732  0.281424
6440.44457830623  0.276925
6442.41172692513  0.273397
6444.37887554404  0.271788
6446.34602416295  0.27297
6448.31317278186  0.275062
6450.28032140077  0.277187
6452.24747001968  0.280926
6454.21461863858  0.286092
6456.18176725749  0.28987
6458.1489158764  0.290442
6460.11606449531  0.289041
6462.08321311422  0.286577
6464.05036173313  0.283764
6466.01751035204  0.281963
6467.98465897094  0.282387
6469.95180758985  0.285346
6471.91895620876  0.288858
6473.88610482767  0.291013
6475.85325344658  0.290328
6477.82040206548  0.287229
6479.78755068439  0.2869
6481.7546993033  0.290538
6483.72184792221  0.2925
6485.68899654112  0.289588
6487.65614516003  0.28222
6489.62329377894  0.272701
6491.59044239785  0.266522
6493.55759101675  0.266756
6495.52473963566  0.270505
6497.49188825457  0.275602
6499.45903687348  0.280678
6501.42618549239  0.284039
6503.39333411129  0.285803
6505.3604827302  0.285804
6507.32763134911  0.284159
6509.29477996802  0.281804
6511.26192858693  0.280443
6513.22907720584  0.280376
6515.19622582475  0.278966
6517.16337444365  0.276661
6519.13052306256  0.27747
6521.09767168147  0.28183
6523.06482030038  0.286575
6525.03196891929  0.288972
6526.9991175382  0.286742
6528.9662661571  0.281513
6530.93341477601  0.280342
6532.90056339492  0.28358
6534.86771201383  0.283212
6536.83486063274  0.278577
6538.80200925165  0.275447
6540.76915787055  0.27723
6542.73630648946  0.285548
6544.70345510837  0.297256
6546.67060372728  0.304436
6548.63775234619  0.305623
6550.6049009651  0.30015
6552.57204958401  0.303408
6554.53919820291  0.340556
6556.50634682182  0.41366
6558.47349544073  0.511282
6560.44064405964  0.602003
6562.40779267855  0.655667
6564.37494129746  0.651905
6566.34208991636  0.586101
6568.30923853527  0.484175
6570.27638715418  0.383394
6572.24353577309  0.3136
6574.210684392  0.281187
6576.17783301091  0.282755
6578.14498162982  0.304585
6580.11213024872  0.329748
6582.07927886763  0.34738
6584.04642748654  0.352359
6586.01357610545  0.351393
6587.98072472436  0.344078
6589.94787334327  0.323367
6591.91502196217  0.298011
6593.88217058108  0.284204
6595.84931919999  0.282855
6597.8164678189  0.284985
6599.78361643781  0.284857
6601.75076505672  0.277845
6603.71791367563  0.268068
6605.68506229453  0.266168
6607.65221091344  0.27036
6609.61935953235  0.272026
6611.58650815126  0.269749
6613.55365677017  0.265706
6615.52080538908  0.261925
6617.48795400798  0.260112
6619.45510262689  0.260862
6621.4222512458  0.264806
6623.38939986471  0.269009
6625.35654848362  0.269036
6627.32369710253  0.265663
6629.29084572143  0.261789
6631.25799434034  0.259048
6633.22514295925  0.257724
6635.19229157816  0.256185
6637.15944019707  0.257424
6639.12658881598  0.259036
6641.09373743488  0.260066
6643.06088605379  0.260386
6645.0280346727  0.257843
6646.99518329161  0.25479
6648.96233191052  0.255342
6650.92948052943  0.257633
6652.89662914834  0.258815
6654.86377776724  0.258828
6656.83092638615  0.257705
6658.79807500506  0.257011
6660.76522362397  0.259262
6662.73237224288  0.261991
6664.69952086179  0.261065
6666.66666948069  0.259139
6668.63381809961  0.260214
6670.60096671851  0.262949
6672.56811533742  0.265571
6674.53526395633  0.267665
6676.50241257524  0.268747
6678.46956119415  0.269019
6680.43670981305  0.26876
6682.40385843196  0.26864
6684.37100705087  0.269615
6686.33815566978  0.270776
6688.30530428869  0.27136
6690.2724529076  0.270711
6692.23960152651  0.267124
6694.20675014541  0.262925
6696.17389876432  0.260959
6698.14104738323  0.261415
6700.10819600214  0.264837
6702.07534462105  0.268792
6704.04249323996  0.268519
6706.00964185886  0.269413
6707.97679047777  0.278471
6709.94393909668  0.294568
6711.91108771559  0.319236
6713.8782363345  0.341661
6715.84538495341  0.349802
6717.81253357231  0.344713
6719.77968219122  0.325651
6721.74683081013  0.30536
6723.71397942904  0.297946
6725.68112804795  0.300475
6727.64827666686  0.310282
6729.61542528577  0.319423
6731.58257390467  0.31892
6733.54972252358  0.309733
6735.51687114249  0.293882
6737.4840197614  0.277031
6739.45116838031  0.26286
6741.41831699922  0.253517
6743.38546561812  0.252764
6745.35261423703  0.255847
6747.31976285594  0.257388
6749.28691147485  0.257631
6751.25406009376  0.25575
6753.22120871267  0.251702
6755.18835733157  0.246916
6757.15550595048  0.241713
6759.12265456939  0.23721
6761.0898031883  0.23558
6763.05695180721  0.238592
6765.02410042612  0.243108
6766.99124904502  0.24408
6768.95839766394  0.241937
6770.92554628284  0.23776
6772.89269490175  0.233834
6774.85984352066  0.233735
6776.82699213957  0.23467
6778.79414075848  0.233422
6780.76128937738  0.231656
6782.72843799629  0.23093
6784.6955866152  0.229361
6786.66273523411  0.224769
6788.62988385302  0.221165
6790.59703247193  0.22241
6792.56418109083  0.224893
6794.53132970975  0.225606
6796.49847832865  0.225365
6798.46562694756  0.223842
6800.43277556647  0.222084
6802.39992418538  0.222923
6804.36707280429  0.224865
6806.33422142319  0.225693
6808.3013700421  0.225448
6810.26851866101  0.2235
6812.23566727992  0.221325
6814.20281589883  0.22053
6816.16996451774  0.22045
6818.13711313665  0.220901
6820.10426175555  0.220526
6822.07141037446  0.218482
6824.03855899337  0.217488
6826.00570761228  0.218618
6827.97285623119  0.22074
6829.9400048501  0.224472
6831.907153469  0.228863
6833.87430208791  0.230996
6835.84145070682  0.230823
6837.80859932573  0.22977
6839.77574794464  0.227149
6841.74289656355  0.222906
6843.71004518245  0.221528
6845.67719380136  0.226114
6847.64434242027  0.231949
6849.61149103918  0.235152
6851.57863965809  0.237041
6853.545788277  0.237333
6855.51293689591  0.236905
6857.48008551481  0.238558
6859.44723413372  0.240634
6861.41438275263  0.241864
6863.38153137154  0.242351
6865.34867999045  0.239248
6867.31582860936  0.234698
6869.28297722826  0.234658
6871.25012584717  0.237566
6873.21727446608  0.238562
6875.18442308499  0.238491
6877.1515717039  0.242121
6879.11872032281  0.238609
6881.08586894172  0.236479
6883.05301756062  0.23849
6885.02016617953  0.24102
6886.98731479844  0.241894
6888.95446341735  0.242562
6890.92161203626  0.243635
6892.88876065517  0.24535
6894.85590927407  0.247947
6896.82305789298  0.250077
6898.79020651189  0.250452
6900.7573551308  0.248429
6902.72450374971  0.243274
6904.69165236862  0.239461
6906.65880098752  0.240984
6908.62594960643  0.24407
6910.59309822534  0.246414
6912.56024684425  0.248379
6914.52739546316  0.249471
6916.49454408207  0.249731
6918.46169270098  0.248984
6920.42884131988  0.248591
6922.39598993879  0.250026
6924.3631385577  0.250638
6926.33028717661  0.247993
6928.29743579552  0.245082
6930.26458441443  0.244227
6932.23173303333  0.24408
6934.19888165224  0.243958
6936.16603027115  0.244993
6938.13317889006  0.248853
6940.10032750897  0.251346
6942.06747612788  0.247799
6944.03462474678  0.242786
6946.00177336569  0.239051
6947.9689219846  0.237704
6949.93607060351  0.242287
6951.90321922242  0.247527
6953.87036784133  0.248174
6955.83751646024  0.247927
6957.80466507914  0.249797
6959.77181369805  0.250592
6961.73896231696  0.246354
6963.70611093587  0.242393
6965.67325955478  0.244759
6967.64040817369  0.247542
6969.60755679259  0.244879
6971.5747054115  0.241717
6973.54185403041  0.242906
6975.50900264932  0.244394
6977.47615126823  0.24177
6979.44329988714  0.239183
6981.41044850605  0.241903
6983.37759712495  0.244274
6985.34474574386  0.239407
6987.31189436277  0.233323
6989.27904298168  0.232212
6991.24619160059  0.232946
6993.2133402195  0.23286
6995.1804888384  0.232366
6997.14763745731  0.231442
6999.11478607622  0.230865
7001.08193469513  0.23199
7003.04908331404  0.233178
7005.01623193295  0.232207
7006.98338055186  0.230726
7008.95052917076  0.23086
7010.91767778967  0.231441
7012.88482640858  0.230792
7014.85197502749  0.229975
7016.8191236464  0.230686
7018.78627226531  0.231607
7020.75342088421  0.230822
7022.72056950312  0.229403
7024.68771812203  0.228565
7026.65486674094  0.228673
7028.62201535985  0.230217
7030.58916397876  0.232376
7032.55631259767  0.23479
7034.52346121657  0.235877
7036.49060983548  0.23313
7038.45775845439  0.229006
7040.4249070733  0.227366
7042.39205569221  0.22677
7044.35920431112  0.224607
7046.32635293002  0.220796
7048.29350154893  0.215812
7050.26065016784  0.210128
7052.22779878675  0.202889
7054.19494740566  0.197291
7056.16209602457  0.198752
7058.12924464347  0.20325
7060.09639326238  0.203289
7062.06354188129  0.200333
7064.0306905002  0.199584
7065.99783911911  0.200486
7067.96498773802  0.199724
7069.93213635693  0.198569
7071.89928497583  0.201193
7073.86643359474  0.204642
7075.83358221365  0.202103
7077.80073083256  0.196187
7079.76787945147  0.193647
7081.73502807038  0.195372
7083.70217668928  0.199193
7085.66932530819  0.203512
7087.6364739271  0.207198
7089.60362254601  0.209949
7091.57077116492  0.212507
7093.53791978383  0.214928
7095.50506840273  0.217402
7097.47221702165  0.218957
7099.43936564055  0.217609
7101.40651425946  0.214414
7103.37366287837  0.212952
7105.34081149728  0.21252
7107.30796011619  0.208458
7109.27510873509  0.201968
7111.242257354  0.198168
7113.20940597291  0.198398
7115.17655459182  0.200699
7117.14370321073  0.203421
7119.11085182964  0.205189
7121.07800044854  0.205739
7123.04514906746  0.206561
7125.01229768636  0.208067
7126.97944630527  0.20929
7128.94659492418  0.210782
7130.91374354309  0.21511
7132.880892162  0.220811
7134.8480407809  0.222428
7136.81518939981  0.219026
7138.78233801872  0.215359
7140.74948663763  0.213515
7142.71663525654  0.211813
7144.68378387545  0.210344
7146.65093249436  0.21038
7148.61808111326  0.211732
7150.58522973217  0.211932
7152.55237835108  0.211089
7154.51952696999  0.213208
7156.4866755889  0.219
7158.45382420781  0.224418
7160.42097282671  0.227196
7162.38812144562  0.228755
7164.35527006453  0.229066
7166.32241868344  0.226801
7168.28956730235  0.22257
7170.25671592126  0.219702
7172.22386454016  0.220202
7174.19101315907  0.222458
7176.15816177798  0.224993
7178.12531039689  0.225657
7180.0924590158  0.223596
7182.05960763471  0.222181
7184.02675625361  0.223632
7185.99390487252  0.227681
7187.96105349143  0.233177
7189.92820211034  0.235227
7191.89535072925  0.23122
7193.86249934816  0.227165
7195.82964796707  0.226819
7197.79679658597  0.227942
7199.76394520488  0.229732
7201.73109382379  0.231862
7203.6982424427  0.233705
7205.66539106161  0.235126
7207.63253968052  0.235994
7209.59968829942  0.237035
7211.56683691833  0.239019
7213.53398553724  0.24299
7215.50113415615  0.249266
7217.46828277506  0.253221
7219.43543139397  0.251065
7221.40258001288  0.245728
7223.36972863178  0.239084
7225.33687725069  0.23371
7227.3040258696  0.232582
7229.27117448851  0.233561
7231.23832310742  0.235485
7233.20547172633  0.236767
7235.17262034523  0.235548
7237.13976896414  0.234272
7239.10691758305  0.234697
7241.07406620196  0.236734
7243.04121482087  0.240924
7245.00836343978  0.244421
7246.97551205868  0.244502
7248.94266067759  0.242595
7250.9098092965  0.239035
7252.87695791541  0.235923
7254.84410653432  0.235706
7256.81125515323  0.23626
7258.77840377214  0.236369
7260.74555239104  0.235402
7262.71270100995  0.231705
7264.67984962886  0.229283
7266.64699824777  0.232322
7268.61414686668  0.236872
7270.58129548559  0.240417
7272.54844410449  0.24282
7274.5155927234  0.242243
7276.48274134231  0.242172
7278.44988996122  0.247138
7280.41703858013  0.250991
7282.38418719904  0.247563
7284.35133581795  0.241907
7286.31848443685  0.236396
7288.28563305576  0.232919
7290.25278167467  0.236187
7292.21993029358  0.240198
7294.18707891249  0.239113
7296.1542275314  0.237004
7298.1213761503  0.236546
7300.08852476921  0.236803
7302.05567338812  0.237682
7304.02282200703  0.238719
7305.98997062594  0.238846
7307.95711924485  0.239794
7309.92426786376  0.244037
7311.89141648266  0.248776
7313.85856510157  0.251389
7315.82571372048  0.252653
7317.79286233939  0.253311
7319.7600109583  0.252465
7321.72715957721  0.248045
7323.69430819611  0.243544
7325.66145681502  0.243067
7327.62860543393  0.244338
7329.59575405284  0.245391
7331.56290267175  0.245942
7333.53005129066  0.245147
7335.49719990956  0.244484
7337.46434852847  0.246357
7339.43149714738  0.248262
7341.39864576629  0.247122
7343.3657943852  0.244208
7345.33294300411  0.240438
7347.30009162302  0.23736
7349.26724024192  0.236577
7351.23438886083  0.237732
7353.20153747974  0.240799
7355.16868609865  0.24424
7357.13583471756  0.24622
7359.10298333647  0.247399
7361.07013195537  0.248733
7363.03728057428  0.250505
7365.00442919319  0.253663
7366.9715778121  0.256085
7368.93872643101  0.254292
7370.90587504992  0.250821
7372.87302366883  0.249861
7374.84017228773  0.250173
7376.80732090664  0.248857
7378.77446952555  0.24665
7380.74161814446  0.245667
7382.70876676337  0.244802
7384.67591538228  0.24137
7386.64306400118  0.237257
7388.61021262009  0.235679
7390.577361239  0.236428
7392.54450985791  0.238405
7394.51165847682  0.240329
7396.47880709573  0.241719
7398.44595571464  0.24108
7400.41310433354  0.236107
7402.38025295245  0.229174
7404.34740157136  0.224717
7406.31455019027  0.222289
7408.28169880918  0.219256
7410.24884742809  0.214446
7412.21599604699  0.207315
7414.1831446659  0.198783
7416.15029328481  0.190127
7418.11744190372  0.182622
7420.08459052263  0.177182
7422.05173914154  0.173302
7424.01888776044  0.169337
7425.98603637935  0.165245
7427.95318499826  0.162184
7429.92033361717  0.16016
7431.88748223608  0.158428
7433.85463085499  0.15697
7435.8217794739  0.156462
7437.7889280928  0.156536
7439.75607671171  0.155864
7441.72322533062  0.154991
7443.69037394953  0.156529
7445.65752256844  0.159407
7447.62467118735  0.159503
7449.59181980625  0.156593
7451.55896842516  0.154216
7453.52611704407  0.15333
7455.49326566298  0.152435
7457.46041428189  0.150914
7459.4275629008  0.147574
7461.39471151971  0.144737
7463.36186013861  0.148867
7465.32900875752  0.158847
7467.29615737643  0.164963
7469.26330599534  0.164232
7471.23045461425  0.163039
7473.19760323316  0.163494
7475.16475185206  0.163403
7477.13190047097  0.161963
7479.09904908988  0.159373
7481.06619770879  0.155461
7483.0333463277  0.149458
7485.00049494661  0.142486
7486.96764356552  0.137505
7488.93479218442  0.136335
7490.90194080333  0.13752
7492.86908942224  0.140268
7494.83623804115  0.144364
7496.80338666006  0.148956
7498.77053527897  0.153644
7500.73768389787  0.157366
7502.70483251678  0.158804
7504.67198113569  0.157985
7506.6391297546  0.15886
7508.60627837351  0.162393
7510.57342699242  0.162172
7512.54057561132  0.156274
7514.50772423023  0.15315
7516.47487284914  0.156646
7518.44202146805  0.159021
7520.40917008696  0.156652
7522.37631870587  0.154651
7524.34346732477  0.155704
7526.31061594368  0.158092
7528.27776456259  0.161097
7530.2449131815  0.16459
7532.21206180041  0.167823
7534.17921041932  0.169495
7536.14635903823  0.168656
7538.11350765713  0.167458
7540.08065627604  0.167216
7542.04780489495  0.165867
7544.01495351386  0.162812
7545.98210213277  0.162452
7547.94925075168  0.167838
7549.91639937058  0.173831
7551.88354798949  0.176756
7553.8506966084  0.177808
7555.81784522731  0.177048
7557.78499384622  0.176248
7559.75214246513  0.177244
7561.71929108404  0.180579
7563.68643970294  0.187294
7565.65358832185  0.195415
7567.62073694076  0.203168
7569.58788555967  0.206716
7571.55503417858  0.201649
7573.52218279749  0.194848
7575.48933141639  0.19166
7577.4564800353  0.19127
7579.42362865421  0.194924
7581.39077727312  0.200576
7583.35792589203  0.206718
7585.32507451094  0.211613
7587.29222312985  0.212622
7589.25937174875  0.212801
7591.22652036766  0.214452
7593.19366898657  0.216498
7595.16081760548  0.218696
7597.12796622439  0.220912
7599.0951148433  0.223003
7601.0622634622  0.224493
7603.02941208111  0.224324
7604.99656070002  0.224838
7606.96370931893  0.228852
7608.93085793784  0.233242
7610.89800655675  0.235649
7612.86515517566  0.236664
7614.83230379456  0.235222
7616.79945241347  0.234005
7618.76660103238  0.236721
7620.73374965129  0.239281
7622.7008982702  0.237126
7624.66804688911  0.235292
7626.63519550801  0.238304
7628.60234412692  0.243546
7630.56949274583  0.250912
7632.53664136474  0.256674
7634.50378998365  0.255331
7636.47093860256  0.252126
7638.43808722146  0.252072
7640.40523584037  0.252337
7642.37238445928  0.249735
7644.33953307819  0.247817
7646.3066816971  0.251255
7648.27383031601  0.255506
7650.24097893491  0.255552
7652.20812755382  0.254397
7654.17527617273  0.254647
7656.14242479164  0.256156
7658.10957341055  0.260228
7660.07672202946  0.263216
7662.04387064837  0.259787
7664.01101926727  0.254777
7665.97816788618  0.254
7667.94531650509  0.254775
7669.912465124  0.253686
7671.87961374291  0.252168
7673.84676236182  0.252287
7675.81391098072  0.252917
7677.78105959963  0.252089
7679.74820821854  0.25155
7681.71535683745  0.254214
7683.68250545636  0.257671
7685.64965407527  0.25876
7687.61680269418  0.258193
7689.58395131308  0.256446
7691.55109993199  0.255644
7693.5182485509  0.259114
7695.48539716981  0.263812
7697.45254578872  0.265997
7699.41969440763  0.26491
7701.38684302654  0.259011
7703.35399164544  0.252744
7705.32114026435  0.252713
7707.28828888326  0.255763
7709.25543750217  0.255538
7711.22258612108  0.253593
7713.18973473999  0.254009
7715.15688335889  0.25621
7717.1240319778  0.257954
7719.09118059671  0.259732
7721.05832921562  0.264041
7723.02547783453  0.268109
7724.99262645344  0.266209
7726.95977507234  0.261995
7728.92692369125  0.263828
7730.89407231016  0.268777
7732.86122092907  0.269064
7734.82836954798  0.264723
7736.79551816689  0.25867
7738.7626667858  0.253663
7740.7298154047  0.251904
7742.69696402361  0.253318
7744.66411264252  0.256205
7746.63126126143  0.259777
7748.59840988034  0.264877
7750.56555849925  0.269382
7752.53270711815  0.269556
7754.49985573706  0.266889
7756.46700435597  0.26616
7758.43415297488  0.268076
7760.40130159379  0.270609
7762.3684502127  0.272282
7764.33559883161  0.272069
7766.30274745051  0.270053
7768.26989606942  0.267113
7770.23704468833  0.264567
7772.20419330724  0.263732
7774.17134192615  0.264481
7776.13849054506  0.265058
7778.10563916396  0.265098
7780.07278778287  0.265565
7782.03993640178  0.266703
7784.00708502069  0.268905
7785.9742336396  0.27071
7787.94138225851  0.268625
7789.90853087741  0.263523
7791.87567949632  0.260636
7793.84282811523  0.261906
7795.80997673414  0.265337
7797.77712535305  0.268726
7799.74427397196  0.269283
7801.71142259086  0.266865
7803.67857120977  0.266302
7805.64571982868  0.267808
7807.61286844759  0.26493
7809.5800170665  0.257583
7811.54716568541  0.253742
7813.51431430432  0.256416
7815.48146292322  0.261438
7817.44861154213  0.265032
7819.41576016104  0.263352
7821.38290877995  0.256093
7823.35005739886  0.250602
7825.31720601777  0.25105
7827.28435463667  0.254868
7829.25150325558  0.259971
7831.21865187449  0.263756
7833.1858004934  0.263744
7835.15294911231  0.260055
7837.12009773122  0.254075
7839.08724635013  0.250556
7841.05439496903  0.252732
7843.02154358794  0.258189
7844.98869220685  0.264367
7846.95584082576  0.266897
7848.92298944467  0.263178
7850.89013806358  0.25906
7852.85728668248  0.258096
7854.82443530139  0.258188
7856.7915839203  0.258428
7858.75873253921  0.257567
7860.72588115812  0.255023
7862.69302977703  0.254183
7864.66017839594  0.25682
7866.62732701484  0.258499
7868.59447563375  0.256505
7870.56162425266  0.254132
7872.52877287157  0.253305
7874.49592149048  0.253236
7876.46307010939  0.25357
7878.43021872829  0.252592
7880.3973673472  0.24891
7882.36451596611  0.244708
7884.33166458502  0.241762
7886.29881320393  0.241367
7888.26596182284  0.244975
7890.23311044175  0.248184
7892.20025906065  0.247416
7894.16740767956  0.245904
7896.13455629847  0.245511
7898.10170491738  0.245572
7900.06885353629  0.246089
7902.0360021552  0.246074
7904.0031507741  0.244525
7905.97029939301  0.242629
7907.93744801192  0.241242
7909.90459663083  0.239832
7911.87174524974  0.238176
7913.83889386865  0.236224
7915.80604248756  0.233744
7917.77319110646  0.231826
7919.74033972537  0.231678
7921.70748834428  0.231916
7923.67463696319  0.231591
7925.6417855821  0.230461
7927.60893420101  0.227485
7929.57608281991  0.22513
7931.54323143882  0.226097
7933.51038005773  0.227839
7935.47752867664  0.228655
7937.44467729555  0.228825
7939.41182591446  0.22809
7941.37897453336  0.226258
7943.34612315227  0.222215
7945.31327177118  0.21863
7947.28042039009  0.219265
7949.247569009  0.219806
7951.21471762791  0.21607
7953.18186624682  0.211486
7955.14901486572  0.208788
7957.11616348463  0.206168
7959.08331210354  0.202231
7961.05046072245  0.198017
7963.01760934136  0.193519
7964.98475796027  0.190753
7966.95190657917  0.193053
7968.91905519808  0.196524
7970.88620381699  0.197464
7972.8533524359  0.197274
7974.82050105481  0.197038
7976.78764967372  0.19603
7978.75479829262  0.193247
7980.72194691153  0.189826
7982.68909553044  0.187129
7984.65624414935  0.184232
7986.62339276826  0.179688
7988.59054138717  0.175205
7990.55769000608  0.172941
7992.52483862498  0.171485
7994.49198724389  0.16957
7996.4591358628  0.166859
7998.42628448171  0.162227
8000.39343310062  0.157906
8002.36058171953  0.15739
8004.32773033844  0.157471
8006.29487895734  0.15347
8008.26202757625  0.148454
8010.22917619516  0.146084
8012.19632481407  0.146247
8014.16347343298  0.149634
8016.13062205189  0.152813
8018.09777067079  0.151211
8020.0649192897  0.147146
8022.03206790861  0.143907
8023.99921652752  0.141722
8025.96636514643  0.140195
8027.93351376534  0.139131
8029.90066238424  0.138157
8031.86781100315  0.137682
8033.83495962206  0.138854
8035.80210824097  0.140165
8037.76925685988  0.139022
8039.73640547879  0.13694
8041.70355409769  0.136031
8043.6707027166  0.137453
8045.63785133551  0.143564
8047.60499995442  0.149816
8049.57214857333  0.149317
8051.53929719224  0.143736
8053.50644581115  0.136624
8055.47359443005  0.131871
8057.44074304896  0.134182
8059.40789166787  0.139619
8061.37504028678  0.137931
8063.34218890569  0.135316
8065.3093375246  0.133678
8067.2764861435  0.13204
8069.24363476241  0.130402
8071.21078338132  0.128764
8073.17793200023  0.127126
8075.14508061914  0.125488
8077.11222923805  0.12385
8079.07937785696  0.122212
8081.04652647586  0.120575
8083.01367509477  0.118937
8084.98082371368  0.118937
8086.94797233259  0.115143
8088.9151209515  0.113121
8090.88226957041  0.109858
8092.84941818931  0.106231
8094.81656680822  0.103237
8096.78371542713  0.103264
8098.75086404604  0.105626
8100.71801266495  0.107595
8102.68516128386  0.107903
8104.65230990276  0.106986
8106.61945852167  0.105279
8108.58660714058  0.10327
8110.55375575949  0.101799
8112.5209043784  0.101683
8114.48805299731  0.102677
8116.45520161622  0.103572
8118.42235023512  0.103428
8120.38949885403  0.101874
8122.35664747294  0.0992448
8124.32379609185  0.0968158
8126.29094471076  0.0951774
8128.25809332967  0.0939216
8130.22524194857  0.0925557
8132.19239056748  0.0903948
8134.15953918639  0.087229
8136.1266878053  0.0837553
8138.09383642421  0.0802946
8140.06098504312  0.0760962
8142.02813366203  0.0720552
8143.99528228093  0.0705798
8145.96243089984  0.0726678
8147.92957951875  0.0771521
8149.89672813766  0.0816898
8151.86387675657  0.0823785
8153.83102537548  0.0782867
8155.79817399438  0.0751836
8157.76532261329  0.0760224
8159.7324712322  0.0787814
8161.69961985111  0.081095
8163.66676847002  0.0777888
8165.63391708893  0.0686209
8167.60106570784  0.0657518
8169.56821432674  0.0739193
8171.53536294565  0.0796408
8173.50251156456  0.0763445
8175.46966018347  0.0722564
8177.43680880238  0.0719485
8179.40395742128  0.0755159
8181.37110604019  0.0822472
8183.3382546591  0.0849905
8185.30540327801  0.0792233
8187.27255189692  0.0712784
8189.23970051583  0.0654108
8191.20684913474  0.0615903
8193.17399775364  0.0611872
8195.14114637255  0.0636532
8197.10829499146  0.0686125
8199.07544361037  0.0754018
8201.04259222928  0.0823129
8203.00974084819  0.0850912
8204.97688946709  0.0803073
8206.944038086  0.0739376
8208.91118670491  0.0705845
8210.87833532382  0.0709875
8212.84548394273  0.0766582
8214.81263256164  0.0812025
8216.77978118055  0.079499
8218.74692979945  0.0764405
8220.71407841836  0.075137
8222.68122703727  0.0776751
8224.64837565618  0.0868174
8226.61552427509  0.0949443
8228.582672894  0.0956211
8230.54982151291  0.0947608
8232.51697013181  0.09592
8234.48411875072  0.0959537
8236.45126736963  0.0929091
8238.41841598854  0.0906922
8240.38556460745  0.0927533
8242.35271322636  0.0953669
8244.31986184526  0.0958559
8246.28701046417  0.0960451
8248.25415908308  0.096941
8250.22130770199  0.0974587
8252.1884563209  0.0967811
8254.15560493981  0.0953637
8256.12275355872  0.0931393
8258.08990217762  0.0914388
8260.05705079653  0.0917103
8262.02419941544  0.093454
8263.99134803435  0.097208
8265.95849665326  0.100718
8267.92564527217  0.101249
8269.89279389107  0.101142
8271.85994250998  0.101832
8273.82709112889  0.10328
8275.7942397478  0.106873
8277.76138836671  0.10977
8279.72853698562  0.109002
8281.69568560452  0.106369
8283.66283422343  0.101112
8285.62998284234  0.097954
8287.59713146125  0.104034
8289.56428008016  0.111486
8291.53142869907  0.113698
8293.49857731797  0.112631
8295.46572593688  0.107299
8297.43287455579  0.101914
8299.4000231747  0.10146
8301.36717179361  0.102886
8303.33432041252  0.103266
8305.30146903143  0.104684
8307.26861765033  0.110951
8309.23576626924  0.116108
8311.20291488815  0.111821
8313.17006350706  0.106046
8315.13721212597  0.108144
8317.10436074487  0.112251
8319.07150936378  0.111932
8321.03865798269  0.109987
8323.0058066016  0.108681
8324.97295522051  0.109221
8326.94010383942  0.114227
8328.90725245833  0.119751
8330.87440107724  0.120752
8332.84154969615  0.119857
8334.80869831505  0.120529
8336.77584693396  0.121605
8338.74299555287  0.121381
8340.71014417178  0.120365
8342.67729279069  0.119297
8344.6444414096  0.118116
8346.6115900285  0.115405
8348.57873864741  0.114393
8350.54588726632  0.120683
8352.51303588523  0.129017
8354.48018450414  0.131279
8356.44733312305  0.130973
8358.41448174195  0.134241
8360.38163036086  0.140014
8362.34877897977  0.146732
8364.31592759868  0.151484
8366.28307621759  0.149968
8368.2502248365  0.145986
8370.2173734554  0.145396
8372.18452207431  0.147992
8374.15167069322  0.151918
8376.11881931213  0.155773
8378.08596793104  0.158325
8380.05311654995  0.159916
8382.02026516886  0.161946
8383.98741378776  0.163724
8385.95456240667  0.16349
8387.92171102558  0.162176
8389.88885964449  0.16116
8391.8560082634  0.161761
8393.82315688231  0.16528
8395.79030550121  0.170601
8397.75745412012  0.175688
8399.72460273903  0.179836
8401.69175135794  0.183025
8403.65889997685  0.186197
8405.62604859576  0.191256
8407.59319721466  0.197215
8409.56034583357  0.201643
8411.52749445248  0.204029
8413.49464307139  0.20515
8415.4617916903  0.205664
8417.42894030921  0.205913
8419.39608892812  0.206482
8421.36323754702  0.207997
8423.33038616593  0.209854
8425.29753478484  0.210333
8427.26468340375  0.209759
8429.23183202266  0.210105
8431.19898064156  0.21158
8433.16612926047  0.212983
8435.13327787938  0.213805
8437.10042649829  0.213871
8439.0675751172  0.213848
8441.03472373611  0.215314
8443.00187235502  0.218117
8444.96902097393  0.220077
8446.93616959283  0.221188
8448.90331821174  0.223525
8450.87046683065  0.227717
8452.83761544956  0.234029
8454.80476406847  0.239623
8456.77191268738  0.237744
8458.73906130628  0.229781
8460.70620992519  0.227381
8462.6733585441  0.233559
8464.64050716301  0.239622
8466.60765578192  0.241324
8468.57480440083  0.23945
8470.54195301974  0.235956
8472.50910163864  0.236204
8474.47625025755  0.241666
8476.44339887646  0.246557
8478.41054749537  0.248272
8480.37769611428  0.248816
8482.34484473319  0.249954
8484.31199335209  0.254235
8486.279141971  0.262204
8488.24629058991  0.270227
8490.21343920882  0.275193
8492.18058782773  0.275775
8494.14773644664  0.272223
8496.11488506555  0.270397
8498.08203368445  0.272793
8500.04918230336  0.272975
8502.01633092227  0.268398
8503.98347954118  0.263557
8505.95062816009  0.262002
8507.917776779  0.266255
8509.8849253979  0.276352
8511.85207401681  0.281981
8513.81922263572  0.277538
8515.78637125463  0.274488
8517.75351987354  0.278746
8519.72066849245  0.281734
8521.68781711135  0.279499
8523.65496573026  0.278825
8525.62211434917  0.282958
8527.58926296808  0.285248
8529.55641158699  0.282022
8531.5235602059  0.279187
8533.4907088248  0.280627
8535.45785744371  0.284969
8537.42500606262  0.291366
8539.39215468153  0.294305
8541.35930330044  0.289243
8543.32645191935  0.283554
8545.29360053826  0.282396
8547.26074915716  0.282541
8549.22789777607  0.282754
8551.19504639498  0.283361
8553.16219501389  0.284222
8555.1293436328  0.285559
8557.09649225171  0.287418
8559.06364087062  0.286715
8561.03078948952  0.280473
8562.99793810843  0.276251
8564.96508672734  0.280715
8566.93223534625  0.286342
8568.89938396516  0.287874
8570.86653258407  0.286893
8572.83368120297  0.282796
8574.80082982188  0.279342
8576.76797844079  0.280516
8578.7351270597  0.282836
8580.70227567861  0.284067
8582.66942429752  0.285282
8584.63657291643  0.287136
8586.60372153533  0.2873
8588.57087015424  0.282523
8590.53801877315  0.278529
8592.50516739206  0.281602
8594.47231601097  0.284703
8596.43946462988  0.281907
8598.40661324878  0.276911
8600.37376186769  0.270394
8602.3409104866  0.265846
8604.30805910551  0.268995
8606.27520772442  0.273709
8608.24235634333  0.274732
8610.20950496223  0.275176
8612.17665358114  0.277059
8614.14380220005  0.278538
8616.11095081896  0.277963
8618.07809943787  0.276541
8620.04524805678  0.276037
8622.01239667568  0.273531
8623.97954529459  0.263361
8625.9466939135  0.254712
8627.91384253241  0.259007
8629.88099115132  0.266149
8631.84813977023  0.266638
8633.81528838914  0.264803
8635.78243700804  0.263571
8637.74958562695  0.263031
8639.71673424586  0.263893
8641.68388286477  0.265188
8643.65103148368  0.266229
8645.61818010258  0.266484
8647.58532872149  0.264598
8649.5524773404  0.262769
8651.51962595931  0.264277
8653.48677457822  0.266018
8655.45392319713  0.264245
8657.42107181604  0.260705
8659.38822043495  0.257292
8661.35536905385  0.253976
8663.32251767276  0.250009
8665.28966629167  0.246986
8667.25681491058  0.247673
8669.22396352949  0.249128
8671.1911121484  0.248002
8673.15826076731  0.244347
8675.12540938621  0.237661
8677.09255800512  0.230768
8679.05970662403  0.22659
8681.02685524294  0.22544
8682.99400386185  0.227862
8684.96115248076  0.23152
8686.92830109966  0.235818
8688.89544971857  0.23555
8690.86259833748  0.220408
8692.82974695639  0.203174
8694.7968955753  0.203647
8696.76404419421  0.21468
8698.73119281311  0.222667
8700.69834143202  0.225406
8702.66549005093  0.224421
8704.63263866984  0.221028
8706.59978728875  0.216617
8708.56693590766  0.211804
8710.53408452656  0.206099
8712.50123314547  0.200704
8714.46838176438  0.196568
8716.43553038329  0.194818
8718.4026790022  0.196987
8720.3698276211  0.201129
8722.33697624002  0.20538
8724.30412485892  0.206462
8726.27127347783  0.199368
8728.23842209674  0.189319
8730.20557071565  0.186917
8732.17271933456  0.190533
8734.13986795346  0.191448
8736.10701657237  0.189061
8738.07416519128  0.186528
8740.04131381019  0.186555
8742.0084624291  0.193451
8743.97561104801  0.202257
8745.94275966692  0.201698
8747.90990828583  0.193536
8749.87705690473  0.189
8751.84420552364  0.189357
8753.81135414255  0.188802
8755.77850276146  0.185197
8757.74565138037  0.177563
8759.71279999927  0.169371
8761.67994861818  0.168066
8763.64709723709  0.172747
8765.614245856  0.174708
8767.58139447491  0.172473
8769.54854309382  0.171591
8771.51569171273  0.173134
8773.48284033163  0.173896
8775.44998895054  0.174413
8777.41713756945  0.179157
8779.38428618836  0.186684
8781.35143480727  0.190217
8783.31858342618  0.187669
8785.28573204508  0.183199
8787.25288066399  0.178564
8789.2200292829  0.172144
8791.18717790181  0.165674
8793.15432652072  0.163511
8795.12147513963  0.165978
8797.08862375854  0.167346
8799.05577237745  0.165558
8801.02292099635  0.164315
8802.99006961526  0.164598
8804.95721823417  0.164948
8806.92436685308  0.163807
8808.89151547198  0.158846
8810.8586640909  0.15073
8812.8258127098  0.145235
8814.79296132871  0.145259
8816.76010994762  0.14714
8818.72725856653  0.148828
8820.69440718544  0.15068
8822.66155580435  0.151576
8824.62870442325  0.149325
8826.59585304216  0.144015
8828.56300166107  0.141117
8830.53015027998  0.143525
8832.49729889889  0.146888
8834.4644475178  0.14885
8836.43159613671  0.150756
8838.39874475561  0.152441
8840.36589337452  0.152416
8842.33304199343  0.150003
8844.30019061234  0.146765
8846.26733923125  0.144527
8848.23448785015  0.14559
8850.20163646906  0.151369
8852.16878508797  0.157214
8854.13593370688  0.159996
8856.10308232579  0.162899
8858.0702309447  0.166726
8860.03737956361  0.166752
8862.00452818251  0.160241
8863.97167680142  0.153774
8865.93882542033  0.152133
8867.90597403924  0.152716
8869.87312265815  0.154287
8871.84027127706  0.153418
8873.80741989596  0.147275
8875.77456851487  0.143411
8877.74171713378  0.147402
8879.70886575269  0.151389
8881.6760143716  0.150079
8883.64316299051  0.149131
8885.61031160942  0.152045
8887.57746022833  0.155313
8889.54460884723  0.156729
8891.51175746614  0.157323
8893.47890608505  0.157312
8895.44605470396  0.157579
8897.41320332286  0.159122
8899.38035194178  0.161652
8901.34750056068  0.165402
8903.31464917959  0.167857
8905.2817977985  0.166296
8907.24894641741  0.163252
8909.21609503632  0.160496
8911.18324365523  0.156571
8913.15039227414  0.150317
8915.11754089304  0.14363
8917.08468951195  0.137767
8919.05183813086  0.134252
8921.01898674977  0.136432
8922.98613536868  0.1381
8924.95328398759  0.132454
8926.92043260649  0.126159
8928.8875812254  0.124504
8930.85472984431  0.124279
8932.82187846322  0.123562
8934.78902708213  0.123961
8936.75617570104  0.127568
8938.72332431994  0.13103
8940.69047293885  0.130548
8942.65762155776  0.129567
8944.62477017667  0.131386
8946.59191879558  0.132944
8948.55906741449  0.130829
8950.52621603339  0.128771
8952.4933646523  0.130564
8954.46051327121  0.1335
8956.42766189012  0.135698
8958.39481050903  0.137179
8960.36195912794  0.137149
8962.32910774684  0.137018
8964.29625636575  0.139003
8966.26340498466  0.140397
8968.23055360357  0.137877
8970.19770222248  0.134052
8972.16485084139  0.131734
8974.13199946029  0.129421
8976.0991480792  0.125069
8978.06629669811  0.120667
8980.03344531702  0.11785
8982.00059393593  0.117362
8983.96774255484  0.120832
8985.93489117375  0.125819
8987.90203979265  0.13023
8989.86918841156  0.133047
8991.83633703047  0.132343
8993.80348564938  0.130915
8995.77063426829  0.1329
8997.7377828872  0.135277
8999.70493150611  0.132923
9001.67208012502  0.130006
9003.63922874392  0.133069
9005.60637736283  0.137976
9007.57352598174  0.138286
9009.54067460065  0.136785
9011.50782321956  0.138521
9013.47497183847  0.14118
9015.44212045737  0.140885
9017.40926907628  0.138611
9019.37641769519  0.136276
9021.3435663141  0.134041
9023.31071493301  0.131037
9025.27786355191  0.128668
9027.24501217082  0.128826
9029.21216078973  0.13103
9031.17930940864  0.134142
9033.14645802755  0.137884
9035.11360664646  0.142825
9037.08075526536  0.147733
9039.04790388427  0.150954
9041.01505250318  0.152796
9042.98220112209  0.153806
9044.949349741  0.155476
9046.91649835991  0.160707
9048.88364697881  0.166259
9050.85079559772  0.16603
9052.81794421663  0.16159
9054.78509283554  0.157142
9056.75224145445  0.155336
9058.71939007336  0.157099
9060.68653869226  0.162606
9062.65368731117  0.172365
9064.62083593008  0.182854
9066.58798454899  0.18942
9068.5551331679  0.191448
9070.52228178681  0.191442
9072.48943040572  0.19049
9074.45657902462  0.188729
9076.42372764354  0.186298
9078.39087626244  0.182618
9080.35802488135  0.178279
9082.32517350026  0.173957
9084.29232211917  0.170751
9086.25947073807  0.169733
9088.22661935698  0.17049
9090.19376797589  0.172075
9092.1609165948  0.172417
9094.12806521371  0.168794
9096.09521383262  0.162232
9098.06236245153  0.156827
9100.02951107044  0.15455
9101.99665968934  0.155221
9103.96380830825  0.156794
9105.93095692716  0.155105
9107.89810554607  0.14983
9109.86525416498  0.144815
9111.83240278389  0.142499
9113.79955140279  0.143811
9115.7667000217  0.147254
9117.73384864061  0.148212
9119.70099725952  0.145102
9121.66814587843  0.141137
9123.63529449734  0.137781
9125.60244311625  0.134325
9127.56959173515  0.131095
9129.53674035406  0.128424
9131.50388897297  0.127014
9133.47103759188  0.128066
9135.43818621079  0.13089
9137.40533482969  0.132417
9139.3724834486  0.130571
9141.33963206751  0.125549
9143.30678068642  0.119018
9145.27392930533  0.114764
9147.24107792424  0.11608
9149.20822654315  0.124357
9151.17537516205  0.136364
9153.14252378096  0.140125
9155.10967239987  0.128988
9157.07682101878  0.111187
9159.04396963769  0.094554
9161.0111182566  0.0866503
9162.9782668755  0.0928614
9164.94541549442  0.104287
9166.91256411332  0.113958
9168.87971273223  0.119221
9170.84686135114  0.117005
9172.81400997005  0.112837
9174.78115858896  0.109562
9176.74830720786  0.103519
9178.71545582677  0.0935498
9180.68260444568  0.0826569
9182.64975306459  0.073965
9184.6169016835  0.0699224
9186.58405030241  0.0732893
9188.55119892132  0.0824291
9190.51834754022  0.0949397
9192.48549615913  0.102687
9194.45264477804  0.0986423
9196.41979339695  0.0912379
9198.38694201586  0.0857456
9200.35409063477  0.0799112
9202.32123925367  0.0739014
9204.28838787258  0.070241
9206.25553649149  0.0712472
9208.2226851104  0.0750514
9210.18983372931  0.0805246
9212.15698234822  0.08649
9214.12413096713  0.0912846
9216.09127958603  0.0941389
9218.05842820494  0.0936991
9220.02557682385  0.0911134
9221.99272544276  0.0870539
9223.95987406167  0.0838082
9225.92702268057  0.0839721
9227.89417129948  0.0868731
9229.86131991839  0.0928608
9231.8284685373  0.100907
9233.79561715621  0.110378
9235.76276577512  0.118048
9237.72991439403  0.120303
9239.69706301294  0.117612
9241.66421163184  0.108112
9243.63136025075  0.0987754
9245.59850886966  0.0968171
9247.56565748857  0.0980683
9249.53280610748  0.101613
9251.49995472638  0.103696
9253.4671033453  0.0981276
9255.4342519642  0.0934341
9257.40140058311  0.0976605
9259.36854920202  0.105186
9261.33569782093  0.115622
9263.30284643984  0.120631
9265.26999505875  0.105878
9267.23714367765  0.0888469
9269.20429229656  0.0846924
9271.17144091547  0.0858083
9273.13858953438  0.0910358
9275.10573815329  0.0955375
9277.0728867722  0.0922452
9279.0400353911  0.0869664
9281.00718401001  0.0830139
9282.97433262892  0.0821808
9284.94148124783  0.0894666
9286.90862986674  0.0976069
9288.87577848565  0.0988729
9290.84292710455  0.0977329
9292.81007572346  0.0979556
9294.77722434237  0.0978445
9296.74437296128  0.0965871
9298.71152158019  0.0930518
9300.6786701991  0.0834494
9302.645818818  0.0750454
9304.61296743691  0.0776744
9306.58011605582  0.0831701
9308.54726467473  0.0822796
9310.51441329364  0.0793448
9312.48156191255  0.0783882
9314.44871053145  0.0799483
9316.41585915036  0.0864926
9318.38300776927  0.0925879
9320.35015638818  0.091037
9322.31730500709  0.0862758
9324.284453626  0.0819692
9326.25160224491  0.0817208
9328.21875086382  0.0926752
9330.18589948273  0.104557
9332.15304810163  0.104456
9334.12019672054  0.09617
9336.08734533945  0.0832051
9338.05449395836  0.0722548
9340.02164257726  0.0706735
9341.98879119617  0.0758778
9343.95593981508  0.0840497
9345.92308843399  0.0931506
9347.8902370529  0.103709
9349.85738567181  0.111093
9351.82453429072  0.10857
9353.79168290962  0.100971
9355.75883152853  0.0948436
9357.72598014744  0.0925422
9359.69312876635  0.0955193
9361.66027738526  0.100963
9363.62742600417  0.105645
9365.59457462307  0.107487
9367.56172324198  0.103496
9369.52887186089  0.0987105
9371.4960204798  0.101752
9373.46316909871  0.109503
9375.43031771762  0.114755
9377.39746633652  0.116018
9379.36461495543  0.114131
9381.33176357434  0.110962
9383.29891219325  0.109141
9385.26606081216  0.108127
9387.23320943107  0.106089
9389.20035804997  0.101812
9391.16750666888  0.0928859
9393.13465528779  0.0835652
9395.1018039067  0.0808942
9397.06895252561  0.0851067
9399.03610114452  0.0936661
9401.00324976343  0.101158
9402.97039838233  0.100483
9404.93754700124  0.0941785
9406.90469562015  0.0912304
9408.87184423906  0.0938716
9410.83899285797  0.0993401
9412.80614147688  0.105205
9414.77329009578  0.110115
9416.74043871469  0.111765
9418.7075873336  0.1076
9420.67473595251  0.100098
9422.64188457142  0.0955786
9424.60903319033  0.0953462
9426.57618180924  0.0952927
9428.54333042815  0.0942393
9430.51047904705  0.0935891
9432.47762766596  0.0931777
9434.44477628487  0.091725
9436.41192490378  0.089611
9438.37907352269  0.0884121
9440.3462221416  0.0891869
9442.3133707605  0.0918616
9444.28051937941  0.0963496
9446.24766799832  0.102994
9448.21481661723  0.109864
9450.18196523614  0.113175
9452.14911385505  0.112252
9454.11626247395  0.111059
9456.08341109286  0.111834
9458.05055971177  0.114034
9460.01770833068  0.117325
9461.98485694959  0.120319
9463.9520055685  0.122777
9465.9191541874  0.127493
9467.88630280631  0.133359
9469.85345142522  0.133601
9471.82060004413  0.12666
9473.78774866304  0.120472
9475.75489728195  0.11915
9477.72204590085  0.119534
9479.68919451976  0.119721
9481.65634313867  0.117383
9483.62349175758  0.112417
9485.59064037649  0.110439
9487.5577889954  0.114508
9489.52493761431  0.121222
9491.49208623321  0.128
9493.45923485212  0.133808
9495.42638347103  0.136195
9497.39353208994  0.132256
9499.36068070885  0.122303
9501.32782932776  0.116939
9503.29497794666  0.122975
9505.26212656557  0.132005
9507.22927518448  0.139125
9509.19642380339  0.145812
9511.1635724223  0.151248
9513.13072104121  0.154365
9515.09786966012  0.153999
9517.06501827902  0.149204
9519.03216689793  0.141214
9520.99931551684  0.141754
9522.96646413575  0.159006
9524.93361275466  0.175638
9526.90076137357  0.180165
9528.86790999247  0.185825
9530.83505861138  0.199619
9532.80220723029  0.211626
9534.7693558492  0.214772
9536.73650446811  0.208693
9538.70365308702  0.191808
9540.67080170593  0.178752
9542.63795032484  0.182427
9544.60509894374  0.186726
9546.57224756265  0.180582
9548.53939618156  0.170541
9550.50654480047  0.15917
9552.47369341938  0.152403
9554.44084203828  0.157359
9556.40799065719  0.166056
9558.3751392761  0.173223
9560.34228789501  0.173492
9562.30943651392  0.158299
9564.27658513283  0.142602
9566.24373375174  0.139362
9568.21088237064  0.140859
9570.17803098955  0.143877
9572.14517960846  0.14896
9574.11232822737  0.155956
9576.07947684628  0.162289
9578.04662546519  0.165513
9580.01377408409  0.164197
9581.980922703  0.15351
9583.94807132191  0.144409
9585.91521994082  0.149303
9587.88236855973  0.156917
9589.84951717864  0.160293
9591.81666579755  0.158859
9593.78381441645  0.145811
9595.75096303536  0.133047
9597.71811165427  0.132586
9599.68526027318  0.137275
9601.65240889209  0.144546
9603.619557511  0.152437
9605.5867061299  0.158837
9607.55385474881  0.162108
9609.52100336772  0.158934
9611.48815198663  0.152621
9613.45530060554  0.143763
9615.42244922445  0.13777
9617.38959784335  0.142703
9619.35674646226  0.151026
9621.32389508117  0.156088
9623.29104370008  0.159686
9625.25819231899  0.163452
9627.2253409379  0.165265
9629.19248955681  0.161802
9631.15963817571  0.156918
9633.12678679462  0.153668
9635.09393541353  0.153365
9637.06108403244  0.159068
9639.02823265135  0.166305
9640.99538127026  0.17094
9642.96252988916  0.172395
9644.92967850807  0.168779
9646.89682712698  0.163825
9648.86397574589  0.16155
9650.8311243648  0.161364
9652.79827298371  0.162611
9654.76542160262  0.164663
9656.73257022153  0.168692
9658.69971884043  0.170033
9660.66686745934  0.160883
9662.63401607825  0.149026
9664.60116469716  0.143766
9666.56831331607  0.144807
9668.53546193497  0.151186
9670.50261055388  0.160045
9672.46975917279  0.168232
9674.4369077917  0.176234
9676.40405641061  0.18666
9678.37120502952  0.196441
9680.33835364843  0.201996
9682.30550226733  0.202731
9684.27265088624  0.198606
9686.23979950515  0.191062
9688.20694812406  0.179659
