3209.47317970345  4.971889E-16
3211.37711529082  -6.154761E-16
3213.28105087818  -2.464892E-16
3215.18498646555  9.885860E-17
3217.08892205292  1.022427E-15
3218.99285764028  3.328543E-15
3220.89679322765  2.151278E-15
3222.80072881502  2.268056E-15
3224.70466440238  1.742606E-15
3226.60859998975  1.731656E-15
3228.51253557711  1.611595E-15
3230.41647116448  2.351150E-15
3232.32040675185  2.059632E-15
3234.22434233921  1.384552E-15
3236.12827792658  3.336899E-15
3238.03221351395  4.734948E-15
3239.93614910131  1.431984E-15
3241.84008468868  3.844867E-16
3243.74402027605  1.404940E-15
3245.64795586341  2.365961E-15
3247.55189145078  2.824855E-15
3249.45582703815  2.206713E-15
3251.35976262551  1.337651E-15
3253.26369821288  1.093665E-15
3255.16763380025  2.226758E-15
3257.07156938761  4.243818E-15
3258.97550497498  3.287045E-15
3260.87944056235  8.947112E-16
3262.78337614971  4.520882E-16
3264.68731173708  7.086348E-16
3266.59124732445  1.740079E-15
3268.49518291181  2.442186E-15
3270.39911849918  2.735683E-15
3272.30305408654  2.029859E-15
3274.20698967391  2.458910E-15
3276.11092526128  3.436012E-15
3278.01486084864  2.905341E-15
3279.91879643601  2.109351E-15
3281.82273202338  1.044008E-15
3283.72666761074  1.955119E-15
3285.63060319811  2.537030E-15
3287.53453878548  1.436370E-15
3289.43847437284  1.327282E-15
3291.34240996021  1.424298E-15
3293.24634554758  2.110766E-15
3295.15028113494  4.172538E-16
3297.05421672231  9.356356E-16
3298.95815230968  2.244731E-15
3300.86208789704  2.849953E-15
3302.76602348441  3.264396E-15
3304.66995907178  3.322831E-15
3306.57389465914  3.196709E-15
3308.47783024651  3.153499E-15
3310.38176583388  2.299931E-15
3312.28570142124  2.055961E-15
3314.18963700861  3.083059E-15
3316.09357259598  2.926841E-15
3317.99750818334  2.853644E-15
3319.90144377071  3.324937E-15
3321.80537935807  3.458374E-15
3323.70931494544  3.509754E-15
3325.61325053281  3.237620E-15
3327.51718612017  2.884552E-15
3329.42112170754  2.758128E-15
3331.32505729491  2.683591E-15
3333.22899288227  3.205993E-15
3335.13292846964  2.000255E-15
3337.03686405701  1.997043E-15
3338.94079964437  2.775824E-15
3340.84473523174  2.407740E-15
3342.74867081911  2.367884E-15
3344.65260640647  2.022155E-15
3346.55654199384  2.341088E-15
3348.46047758121  2.840797E-15
3350.36441316857  3.713974E-15
3352.26834875594  2.958343E-15
3354.17228434331  2.388521E-15
3356.07621993067  2.875688E-15
3357.98015551804  3.856394E-15
3359.88409110541  3.921316E-15
3361.78802669277  3.232316E-15
3363.69196228014  4.296905E-15
3365.59589786751  4.012384E-15
3367.49983345487  2.490062E-15
3369.40376904224  2.460070E-15
3371.3077046296  2.588762E-15
3373.21164021697  2.817032E-15
3375.11557580434  4.411750E-15
3377.0195113917  4.592244E-15
3378.92344697907  4.055768E-15
3380.82738256644  3.934626E-15
3382.7313181538  3.895942E-15
3384.63525374117  3.233435E-15
3386.53918932854  3.685599E-15
3388.4431249159  3.604946E-15
3390.34706050327  3.566130E-15
3392.25099609064  3.646242E-15
3394.154931678  4.095108E-15
3396.05886726537  3.557361E-15
3397.96280285274  2.969286E-15
3399.8667384401  3.605603E-15
3401.77067402747  4.539303E-15
3403.67460961483  4.471777E-15
3405.5785452022  4.532763E-15
3407.48248078957  4.610052E-15
3409.38641637694  4.637910E-15
3411.2903519643  4.244176E-15
3413.19428755167  4.191311E-15
3415.09822313903  4.789103E-15
3417.0021587264  4.721450E-15
3418.90609431377  4.431741E-15
3420.81002990113  4.669387E-15
3422.7139654885  3.548644E-15
3424.61790107587  3.699677E-15
3426.52183666323  3.751762E-15
3428.4257722506  4.201153E-15
3430.32970783797  5.012789E-15
3432.23364342533  4.200007E-15
3434.1375790127  4.705506E-15
3436.04151460007  5.022290E-15
3437.94545018743  4.354006E-15
3439.8493857748  4.623706E-15
3441.75332136217  4.328500E-15
3443.65725694953  4.188829E-15
3445.5611925369  4.441588E-15
3447.46512812427  5.205484E-15
3449.36906371163  4.493558E-15
3451.272999299  4.746853E-15
3453.17693488637  3.853133E-15
3455.08087047373  4.222886E-15
3456.9848060611  4.326623E-15
3458.88874164846  3.738794E-15
3460.79267723583  4.327373E-15
3462.6966128232  4.820134E-15
3464.60054841056  4.489538E-15
3466.50448399793  4.611313E-15
3468.4084195853  4.803995E-15
3470.31235517266  4.265559E-15
3472.21629076003  4.209517E-15
3474.1202263474  4.550779E-15
3476.02416193476  4.643299E-15
3477.92809752213  3.852016E-15
3479.8320331095  3.823528E-15
3481.73596869686  4.518388E-15
3483.63990428423  4.231192E-15
3485.5438398716  4.283911E-15
3487.44777545896  4.931860E-15
3489.35171104633  5.682429E-15
3491.2556466337  5.437037E-15
3493.15958222106  4.418420E-15
3495.06351780843  4.257868E-15
3496.9674533958  4.392593E-15
3498.87138898316  4.466287E-15
3500.77532457053  4.245682E-15
3502.67926015789  4.843727E-15
3504.58319574526  5.402501E-15
3506.48713133263  5.435614E-15
3508.39106691999  4.729566E-15
3510.29500250736  4.401841E-15
3512.19893809473  4.622786E-15
3514.10287368209  4.456266E-15
3516.00680926946  4.001998E-15
3517.91074485683  4.581122E-15
3519.81468044419  4.617299E-15
3521.71861603156  4.565760E-15
3523.62255161893  4.549986E-15
3525.52648720629  4.129837E-15
3527.43042279366  4.296841E-15
3529.33435838103  4.428962E-15
3531.23829396839  4.534203E-15
3533.14222955576  4.429015E-15
3535.04616514312  4.960368E-15
3536.95010073049  5.427657E-15
3538.85403631786  5.014779E-15
3540.75797190522  4.075729E-15
3542.66190749259  4.695874E-15
3544.56584307996  5.846298E-15
3546.46977866732  5.209848E-15
3548.37371425469  4.730671E-15
3550.27764984206  4.995035E-15
3552.18158542942  4.713419E-15
3554.08552101679  4.423565E-15
3555.98945660416  4.799533E-15
3557.89339219152  5.546887E-15
3559.79732777889  5.127457E-15
3561.70126336626  4.890235E-15
3563.60519895362  5.067958E-15
3565.50913454099  4.857309E-15
3567.41307012836  5.221015E-15
3569.31700571572  4.920746E-15
3571.22094130309  4.461437E-15
3573.12487689046  5.156502E-15
3575.02881247782  5.157641E-15
3576.93274806519  4.914904E-15
3578.83668365256  4.659659E-15
3580.74061923992  4.419879E-15
3582.64455482729  5.129413E-15
3584.54849041465  4.920267E-15
3586.45242600202  4.549047E-15
3588.35636158939  4.985782E-15
3590.26029717675  5.389643E-15
3592.16423276412  5.161730E-15
3594.06816835149  4.607783E-15
3595.97210393885  5.033662E-15
3597.87603952622  5.253925E-15
3599.77997511359  4.783565E-15
3601.68391070095  5.063707E-15
3603.58784628832  5.754550E-15
3605.49178187569  6.148539E-15
3607.39571746305  5.595160E-15
3609.29965305042  5.298327E-15
3611.20358863779  5.431572E-15
3613.10752422515  5.762317E-15
3615.01145981252  5.609129E-15
3616.91539539989  5.307480E-15
3618.81933098725  6.230741E-15
3620.72326657462  6.202736E-15
3622.62720216198  5.351129E-15
3624.53113774935  5.309806E-15
3626.43507333672  5.638966E-15
3628.33900892408  6.219972E-15
3630.24294451145  6.637138E-15
3632.14688009882  6.583877E-15
3634.05081568618  6.539679E-15
3635.95475127355  6.858062E-15
3637.85868686092  6.812302E-15
3639.76262244828  6.588293E-15
3641.66655803565  6.594902E-15
3643.57049362302  6.619407E-15
3645.47442921038  6.417389E-15
3647.37836479775  7.323851E-15
3649.28230038512  7.454422E-15
3651.18623597248  7.319922E-15
3653.09017155985  7.132022E-15
3654.99410714722  7.590338E-15
3656.89804273458  7.440592E-15
3658.80197832195  7.279632E-15
3660.70591390932  7.309078E-15
3662.60984949668  7.384987E-15
3664.51378508405  7.038134E-15
3666.41772067141  6.340234E-15
3668.32165625878  7.202535E-15
3670.22559184615  7.633133E-15
3672.12952743351  7.305459E-15
3674.03346302088  6.536117E-15
3675.93739860825  6.240386E-15
3677.84133419561  6.650829E-15
3679.74526978298  7.104902E-15
3681.64920537035  6.772075E-15
3683.55314095771  6.844006E-15
3685.45707654508  6.919441E-15
3687.36101213245  7.211148E-15
3689.26494771981  7.112474E-15
3691.16888330718  7.373080E-15
3693.07281889455  7.251349E-15
3694.97675448191  7.065860E-15
3696.88069006928  6.893527E-15
3698.78462565665  6.720516E-15
3700.68856124401  6.537286E-15
3702.59249683138  6.408987E-15
3704.49643241875  6.411569E-15
3706.40036800611  5.740282E-15
3708.30430359348  5.503337E-15
3710.20823918084  5.847439E-15
3712.11217476821  6.048648E-15
3714.01611035558  5.489395E-15
3715.92004594294  5.043744E-15
3717.82398153031  4.940556E-15
3719.72791711768  4.896886E-15
3721.63185270504  5.604338E-15
3723.53578829241  5.930736E-15
3725.43972387978  5.607626E-15
3727.34365946714  5.843205E-15
3729.24759505451  5.844930E-15
3731.15153064188  6.021884E-15
3733.05546622924  6.190995E-15
3734.95940181661  5.845645E-15
3736.86333740398  5.579509E-15
3738.76727299134  5.507211E-15
3740.67120857871  5.266530E-15
3742.57514416608  5.133322E-15
3744.47907975344  4.971199E-15
3746.38301534081  5.279715E-15
3748.28695092818  5.225924E-15
3750.19088651554  4.814875E-15
3752.09482210291  4.967616E-15
3753.99875769028  5.338435E-15
3755.90269327764  5.306154E-15
3757.80662886501  5.273475E-15
3759.71056445237  5.325826E-15
3761.61450003974  5.079987E-15
3763.51843562711  5.204415E-15
3765.42237121447  5.174204E-15
3767.32630680184  5.339805E-15
3769.23024238921  5.108673E-15
3771.13417797657  5.460880E-15
3773.03811356394  5.701642E-15
3774.94204915131  5.670070E-15
3776.84598473867  5.463707E-15
3778.74992032604  5.485837E-15
3780.65385591341  5.654467E-15
3782.55779150077  5.788128E-15
3784.46172708814  6.110326E-15
3786.36566267551  5.848702E-15
3788.26959826287  5.895637E-15
3790.17353385024  6.504247E-15
3792.07746943761  6.298125E-15
3793.98140502497  6.256514E-15
3795.88534061234  6.497019E-15
3797.7892761997  6.517037E-15
3799.69321178707  6.244923E-15
3801.59714737444  6.532316E-15
3803.5010829618  6.420237E-15
3805.40501854917  7.157169E-15
3807.30895413654  7.460603E-15
3809.2128897239  7.393103E-15
3811.11682531127  7.577726E-15
3813.02076089864  7.693818E-15
3814.924696486  8.048038E-15
3816.82863207337  8.007149E-15
3818.73256766074  8.347476E-15
3820.6365032481  9.109513E-15
3822.54043883547  9.320169E-15
3824.44437442284  9.012479E-15
3826.3483100102  9.491476E-15
3828.25224559757  9.755095E-15
3830.15618118493  9.605965E-15
3832.0601167723  1.009968E-14
3833.96405235967  1.058817E-14
3835.86798794704  1.066401E-14
3837.7719235344  1.066794E-14
3839.67585912177  1.106895E-14
3841.57979470913  1.157061E-14
3843.4837302965  1.169631E-14
3845.38766588387  1.185826E-14
3847.29160147123  1.219894E-14
3849.1955370586  1.273291E-14
3851.09947264597  1.333623E-14
3853.00340823333  1.369375E-14
3854.9073438207  1.384451E-14
3856.81127940807  1.394401E-14
3858.71521499543  1.430986E-14
3860.6191505828  1.411751E-14
3862.52308617017  1.458252E-14
3864.42702175753  1.498852E-14
3866.3309573449  1.480127E-14
3868.23489293227  1.552172E-14
3870.13882851963  1.581888E-14
3872.042764107  1.577295E-14
3873.94669969437  1.617542E-14
3875.85063528173  1.655474E-14
3877.7545708691  1.677586E-14
3879.65850645647  1.690600E-14
3881.56244204383  1.713568E-14
3883.4663776312  1.741204E-14
3885.37031321856  1.753952E-14
3887.27424880593  1.767988E-14
3889.1781843933  1.771547E-14
3891.08211998066  1.787665E-14
3892.98605556803  1.816340E-14
3894.8899911554  1.849154E-14
3896.79392674276  1.883154E-14
3898.69786233013  1.893974E-14
3900.6017979175  1.922366E-14
3902.50573350486  1.933003E-14
3904.40966909223  1.970277E-14
3906.3136046796  1.963878E-14
3908.21754026696  2.022752E-14
3910.12147585433  2.039561E-14
3912.0254114417  2.059005E-14
3913.92934702906  2.073358E-14
3915.83328261643  2.112921E-14
3917.7372182038  2.138467E-14
3919.64115379116  2.108511E-14
3921.54508937853  2.139152E-14
3923.44902496589  2.186754E-14
3925.35296055326  2.155179E-14
3927.25689614063  2.121513E-14
3929.16083172799  2.107066E-14
3931.06476731536  2.075189E-14
3932.96870290273  2.016403E-14
3934.87263849009  2.048910E-14
3936.77657407746  2.109433E-14
3938.68050966483  2.156086E-14
3940.58444525219  2.166926E-14
3942.48838083956  2.200773E-14
3944.39231642693  2.241049E-14
3946.29625201429  2.254666E-14
3948.20018760166  2.246892E-14
3950.10412318903  2.288042E-14
3952.00805877639  2.295822E-14
3953.91199436376  2.294804E-14
3955.81592995113  2.326271E-14
3957.71986553849  2.283566E-14
3959.62380112586  2.269949E-14
3961.52773671323  2.247962E-14
3963.43167230059  2.257571E-14
3965.33560788796  2.233750E-14
3967.23954347533  2.225164E-14
3969.14347906269  2.220691E-14
3971.04741465006  2.193959E-14
3972.95135023742  2.176885E-14
3974.85528582479  2.211002E-14
3976.75922141216  2.195587E-14
3978.66315699952  2.186326E-14
3980.56709258689  2.194191E-14
3982.47102817426  2.163245E-14
3984.37496376162  2.166554E-14
3986.27889934899  2.202319E-14
3988.18283493636  2.207526E-14
3990.08677052372  2.160162E-14
3991.99070611109  2.099901E-14
3993.89464169846  2.109766E-14
3995.79857728582  2.104484E-14
3997.70251287319  2.066437E-14
3999.60644846056  2.016581E-14
4001.51038404792  1.976329E-14
4003.41431963529  2.003452E-14
4005.31825522265  1.986675E-14
4007.22219081002  1.935097E-14
4009.12612639739  1.931395E-14
4011.03006198476  1.932727E-14
4012.93399757212  1.927602E-14
4014.83793315949  1.923971E-14
4016.74186874685  1.863845E-14
4018.64580433422  1.833152E-14
4020.54973992159  1.834304E-14
4022.45367550895  1.803043E-14
4024.35761109632  1.788458E-14
4026.26154668369  1.790908E-14
4028.16548227105  1.739813E-14
4030.06941785842  1.734470E-14
4031.97335344579  1.737363E-14
4033.87728903315  1.712491E-14
4035.78122462052  1.702213E-14
4037.68516020789  1.670281E-14
4039.58909579525  1.638004E-14
4041.49303138262  1.635924E-14
4043.39696696999  1.611469E-14
4045.30090255735  1.622164E-14
4047.20483814472  1.600950E-14
4049.10877373209  1.568445E-14
4051.01270931945  1.525099E-14
4052.91664490682  1.522516E-14
4054.82058049418  1.561484E-14
4056.72451608155  1.540428E-14
4058.62845166892  1.488080E-14
4060.53238725628  1.470653E-14
4062.43632284365  1.484296E-14
4064.34025843102  1.507394E-14
4066.24419401838  1.497892E-14
4068.14812960575  1.459444E-14
4070.05206519312  1.464573E-14
4071.95600078048  1.454167E-14
4073.85993636785  1.434338E-14
4075.76387195522  1.408601E-14
4077.66780754258  1.419959E-14
4079.57174312995  1.431357E-14
4081.47567871732  1.430403E-14
4083.37961430468  1.408302E-14
4085.28354989205  1.437074E-14
4087.18748547942  1.426680E-14
4089.09142106678  1.382103E-14
4090.99535665415  1.337814E-14
4092.89929224151  1.348712E-14
4094.80322782888  1.332499E-14
4096.70716341625  1.319856E-14
4098.61109900362  1.310360E-14
4100.51503459098  1.298677E-14
4102.41897017835  1.279350E-14
4104.32290576572  1.279984E-14
4106.22684135308  1.275984E-14
4108.13077694045  1.284349E-14
4110.03471252781  1.267429E-14
4111.93864811518  1.255624E-14
4113.84258370255  1.276788E-14
4115.74651928991  1.265226E-14
4117.65045487728  1.244133E-14
4119.55439046465  1.270547E-14
4121.45832605201  1.272371E-14
4123.36226163938  1.256750E-14
4125.26619722675  1.216618E-14
4127.17013281411  1.250798E-14
4129.07406840148  1.269918E-14
4130.97800398885  1.267051E-14
4132.88193957621  1.238424E-14
4134.78587516358  1.265682E-14
4136.68981075095  1.262577E-14
4138.59374633831  1.210048E-14
4140.49768192568  1.228178E-14
4142.40161751305  1.284757E-14
4144.30555310041  1.276483E-14
4146.20948868778  1.262170E-14
4148.11342427514  1.264756E-14
4150.01735986251  1.252699E-14
4151.92129544988  1.258818E-14
4153.82523103724  1.270936E-14
4155.72916662461  1.284548E-14
4157.63310221198  1.329451E-14
4159.53703779934  1.284092E-14
4161.44097338671  1.239234E-14
4163.34490897408  1.270771E-14
4165.24884456144  1.267893E-14
4167.15278014881  1.292179E-14
4169.05671573618  1.251475E-14
4170.96065132354  1.245161E-14
4172.86458691091  1.292370E-14
4174.76852249828  1.305293E-14
4176.67245808564  1.298502E-14
4178.57639367301  1.294059E-14
4180.48032926038  1.274535E-14
4182.38426484774  1.259308E-14
4184.28820043511  1.279756E-14
4186.19213602248  1.277474E-14
4188.09607160984  1.267210E-14
4190.00000719721  1.291910E-14
4191.90394278458  1.284412E-14
4193.80787837194  1.290984E-14
4195.71181395931  1.315543E-14
4197.61574954667  1.290925E-14
4199.51968513404  1.282936E-14
4201.42362072141  1.278940E-14
4203.32755630877  1.269036E-14
4205.23149189614  1.283528E-14
4207.13542748351  1.273865E-14
4209.03936307087  1.285915E-14
4210.94329865824  1.311106E-14
4212.84723424561  1.267711E-14
4214.75116983297  1.280156E-14
4216.65510542034  1.289111E-14
4218.55904100771  1.301655E-14
4220.46297659507  1.290334E-14
4222.36691218244  1.288525E-14
4224.27084776981  1.289404E-14
4226.17478335717  1.269368E-14
4228.07871894454  1.274869E-14
4229.9826545319  1.306316E-14
4231.88659011927  1.333847E-14
4233.79052570664  1.340472E-14
4235.694461294  1.329132E-14
4237.59839688137  1.306347E-14
4239.50233246874  1.349774E-14
4241.4062680561  1.372931E-14
4243.31020364347  1.342960E-14
4245.21413923084  1.347431E-14
4247.1180748182  1.364836E-14
4249.02201040557  1.369303E-14
4250.92594599294  1.384733E-14
4252.8298815803  1.393558E-14
4254.73381716767  1.387451E-14
4256.63775275504  1.376776E-14
4258.5416883424  1.366044E-14
4260.44562392977  1.376342E-14
4262.34955951714  1.423852E-14
4264.2534951045  1.432844E-14
4266.15743069187  1.424485E-14
4268.06136627924  1.410565E-14
4269.9653018666  1.396527E-14
4271.86923745397  1.399652E-14
4273.77317304134  1.403637E-14
4275.6771086287  1.427310E-14
4277.58104421607  1.436705E-14
4279.48497980344  1.458893E-14
4281.3889153908  1.455818E-14
4283.29285097817  1.410171E-14
4285.19678656553  1.416427E-14
4287.1007221529  1.443271E-14
4289.00465774027  1.457500E-14
4290.90859332763  1.429754E-14
4292.812528915  1.410688E-14
4294.71646450237  1.451439E-14
4296.62040008973  1.461788E-14
4298.5243356771  1.463878E-14
4300.42827126447  1.463651E-14
4302.33220685183  1.429015E-14
4304.2361424392  1.401651E-14
4306.14007802657  1.403367E-14
4308.04401361393  1.394573E-14
4309.9479492013  1.384913E-14
4311.85188478866  1.359892E-14
4313.75582037603  1.337986E-14
4315.6597559634  1.361249E-14
4317.56369155077  1.374041E-14
4319.46762713813  1.335542E-14
4321.3715627255  1.325566E-14
4323.27549831286  1.320116E-14
4325.17943390023  1.306868E-14
4327.0833694876  1.293759E-14
4328.98730507496  1.277388E-14
4330.89124066233  1.269988E-14
4332.7951762497  1.279566E-14
4334.69911183706  1.277725E-14
4336.60304742443  1.241829E-14
4338.5069830118  1.230461E-14
4340.41091859916  1.235885E-14
4342.31485418653  1.231277E-14
4344.2187897739  1.236964E-14
4346.12272536126  1.236128E-14
4348.02666094863  1.210569E-14
4349.93059653599  1.195817E-14
4351.83453212336  1.201088E-14
4353.73846771073  1.202950E-14
4355.6424032981  1.209792E-14
4357.54633888546  1.215697E-14
4359.45027447283  1.196662E-14
4361.35421006019  1.201748E-14
4363.25814564756  1.219195E-14
4365.16208123493  1.212030E-14
4367.06601682229  1.209341E-14
4368.96995240966  1.214073E-14
4370.87388799703  1.194643E-14
4372.77782358439  1.204697E-14
4374.68175917176  1.224726E-14
4376.58569475913  1.194689E-14
4378.48963034649  1.186953E-14
4380.39356593386  1.225099E-14
4382.29750152123  1.218307E-14
4384.20143710859  1.195865E-14
4386.10537269596  1.217129E-14
4388.00930828333  1.223205E-14
4389.91324387069  1.193465E-14
4391.81717945806  1.186518E-14
4393.72111504543  1.209990E-14
4395.62505063279  1.231084E-14
4397.52898622016  1.248350E-14
4399.43292180753  1.261158E-14
4401.33685739489  1.282026E-14
4403.24079298226  1.264445E-14
4405.14472856962  1.255994E-14
4407.04866415699  1.301674E-14
4408.95259974436  1.350902E-14
4410.85653533172  1.358715E-14
4412.76047091909  1.347568E-14
4414.66440650646  1.367156E-14
4416.56834209382  1.383291E-14
4418.47227768119  1.373660E-14
4420.37621326856  1.372008E-14
4422.28014885592  1.387747E-14
4424.18408444329  1.423341E-14
4426.08802003066  1.457782E-14
4427.99195561802  1.483425E-14
4429.89589120539  1.495310E-14
4431.79982679276  1.482346E-14
4433.70376238012  1.507149E-14
4435.60769796749  1.533284E-14
4437.51163355486  1.529874E-14
4439.41556914222  1.569531E-14
4441.31950472959  1.607673E-14
4443.22344031695  1.619597E-14
4445.12737590432  1.627000E-14
4447.03131149169  1.641168E-14
4448.93524707905  1.653751E-14
4450.83918266642  1.689953E-14
4452.74311825379  1.718029E-14
4454.64705384115  1.742673E-14
4456.55098942852  1.765620E-14
4458.45492501589  1.796435E-14
4460.35886060325  1.805012E-14
4462.26279619062  1.809863E-14
4464.16673177799  1.852241E-14
4466.07066736535  1.885124E-14
4467.97460295272  1.924130E-14
4469.87853854009  1.956017E-14
4471.78247412745  1.973047E-14
4473.68640971482  1.971258E-14
4475.59034530219  1.986587E-14
4477.49428088955  2.020747E-14
4479.39821647692  2.060905E-14
4481.30215206428  2.094815E-14
4483.20608765165  2.123535E-14
4485.11002323902  2.147407E-14
4487.01395882638  2.155211E-14
4488.91789441375  2.198770E-14
4490.82183000112  2.249494E-14
4492.72576558849  2.274999E-14
4494.62970117585  2.284676E-14
4496.53363676322  2.309937E-14
4498.43757235058  2.351328E-14
4500.34150793795  2.385072E-14
4502.24544352532  2.415788E-14
4504.14937911268  2.452245E-14
4506.05331470005  2.488641E-14
4507.95725028742  2.483605E-14
4509.86118587478  2.497488E-14
4511.76512146215  2.548789E-14
4513.66905704952  2.576914E-14
4515.57299263688  2.609324E-14
4517.47692822425  2.666350E-14
4519.38086381162  2.708711E-14
4521.28479939898  2.722967E-14
4523.18873498635  2.722516E-14
4525.09267057371  2.759076E-14
4526.99660616108  2.806906E-14
4528.90054174845  2.842015E-14
4530.80447733582  2.834087E-14
4532.70841292318  2.831282E-14
4534.61234851055  2.897553E-14
4536.51628409791  2.925212E-14
4538.42021968528  2.930261E-14
4540.32415527265  2.929633E-14
4542.22809086001  2.940786E-14
4544.13202644738  2.962050E-14
4546.03596203475  3.002148E-14
4547.93989762211  3.014117E-14
4549.84383320948  3.031389E-14
4551.74776879685  3.077769E-14
4553.65170438421  3.051474E-14
4555.55563997158  3.084459E-14
4557.45957555895  3.121379E-14
4559.36351114631  3.105436E-14
4561.26744673368  3.123762E-14
4563.17138232105  3.116979E-14
4565.07531790841  3.101064E-14
4566.97925349578  3.096589E-14
4568.88318908314  3.113421E-14
4570.78712467051  3.124382E-14
4572.69106025788  3.111776E-14
4574.59499584524  3.128664E-14
4576.49893143261  3.131388E-14
4578.40286701998  3.115410E-14
4580.30680260734  3.127835E-14
4582.21073819471  3.142165E-14
4584.11467378208  3.137041E-14
4586.01860936944  3.133827E-14
4587.92254495681  3.131764E-14
4589.82648054418  3.091350E-14
4591.73041613154  3.098906E-14
4593.63435171891  3.109667E-14
4595.53828730628  3.054936E-14
4597.44222289364  3.066114E-14
4599.34615848101  3.072875E-14
4601.25009406838  3.057178E-14
4603.15402965574  3.056064E-14
4605.05796524311  3.035086E-14
4606.96190083048  3.005506E-14
4608.86583641784  3.029927E-14
4610.76977200521  3.012364E-14
4612.67370759258  2.996038E-14
4614.57764317994  3.012137E-14
4616.48157876731  3.000857E-14
4618.38551435468  2.953617E-14
4620.28944994204  2.916155E-14
4622.19338552941  2.921316E-14
4624.09732111677  2.901360E-14
4626.00125670414  2.871786E-14
4627.90519229151  2.855934E-14
4629.80912787887  2.837335E-14
4631.71306346624  2.849623E-14
4633.61699905361  2.805705E-14
4635.52093464097  2.776291E-14
4637.42487022834  2.774741E-14
4639.32880581571  2.762001E-14
4641.23274140307  2.762422E-14
4643.13667699044  2.740366E-14
4645.04061257781  2.702753E-14
4646.94454816517  2.702859E-14
4648.84848375254  2.682030E-14
4650.75241933991  2.665088E-14
4652.65635492727  2.633103E-14
4654.56029051464  2.615773E-14
4656.464226102  2.577140E-14
4658.36816168937  2.542821E-14
4660.27209727674  2.518617E-14
4662.17603286411  2.500045E-14
4664.07996845147  2.479784E-14
4665.98390403884  2.457560E-14
4667.8878396262  2.449412E-14
4669.79177521357  2.420660E-14
4671.69571080094  2.397146E-14
4673.5996463883  2.385369E-14
4675.50358197567  2.372014E-14
4677.40751756304  2.324125E-14
4679.3114531504  2.263123E-14
4681.21538873777  2.229844E-14
4683.11932432514  2.225849E-14
4685.0232599125  2.198868E-14
4686.92719549987  2.172736E-14
4688.83113108724  2.135255E-14
4690.7350666746  2.105448E-14
4692.63900226197  2.064688E-14
4694.54293784934  2.041802E-14
4696.4468734367  2.028695E-14
4698.35080902407  1.975751E-14
4700.25474461144  1.940541E-14
4702.1586801988  1.945759E-14
4704.06261578617  1.920679E-14
4705.96655137353  1.899243E-14
4707.8704869609  1.857449E-14
4709.77442254827  1.839788E-14
4711.67835813563  1.816023E-14
4713.582293723  1.803177E-14
4715.48622931037  1.796388E-14
4717.39016489773  1.776979E-14
4719.2941004851  1.748458E-14
4721.19803607247  1.752405E-14
4723.10197165983  1.757523E-14
4725.0059072472  1.700634E-14
4726.90984283457  1.683306E-14
4728.81377842193  1.697160E-14
4730.7177140093  1.683587E-14
4732.62164959667  1.686821E-14
4734.52558518403  1.709216E-14
4736.4295207714  1.698984E-14
4738.33345635877  1.697137E-14
4740.23739194613  1.663517E-14
4742.1413275335  1.675350E-14
4744.04526312086  1.673072E-14
4745.94919870823  1.658892E-14
4747.8531342956  1.687930E-14
4749.75706988297  1.679788E-14
4751.66100547033  1.652176E-14
4753.5649410577  1.663143E-14
4755.46887664506  1.677550E-14
4757.37281223243  1.677725E-14
4759.2767478198  1.668362E-14
4761.18068340716  1.676393E-14
4763.08461899453  1.683229E-14
4764.9885545819  1.690314E-14
4766.89249016926  1.698375E-14
4768.79642575663  1.675447E-14
4770.700361344  1.688363E-14
4772.60429693136  1.666550E-14
4774.50823251873  1.666573E-14
4776.4121681061  1.662400E-14
4778.31610369346  1.657408E-14
4780.22003928083  1.640220E-14
4782.1239748682  1.652663E-14
4784.02791045556  1.629384E-14
4785.93184604293  1.629956E-14
4787.8357816303  1.597900E-14
4789.73971721766  1.589928E-14
4791.64365280503  1.598243E-14
4793.54758839239  1.629426E-14
4795.45152397976  1.652749E-14
4797.35545956713  1.628092E-14
4799.25939515449  1.608424E-14
4801.16333074186  1.606640E-14
4803.06726632923  1.630091E-14
4804.97120191659  1.623994E-14
4806.87513750396  1.654126E-14
4808.77907309133  1.668729E-14
4810.68300867869  1.641445E-14
4812.58694426606  1.631557E-14
4814.49087985343  1.645654E-14
4816.39481544079  1.681548E-14
4818.29875102816  1.694130E-14
4820.20268661553  1.707062E-14
4822.10662220289  1.706121E-14
4824.01055779026  1.701055E-14
4825.91449337763  1.698806E-14
4827.81842896499  1.714729E-14
4829.72236455236  1.742300E-14
4831.62630013972  1.753709E-14
4833.53023572709  1.752097E-14
4835.43417131446  1.758079E-14
4837.33810690183  1.770547E-14
4839.24204248919  1.770436E-14
4841.14597807656  1.787163E-14
4843.04991366393  1.798868E-14
4844.95384925129  1.819787E-14
4846.85778483866  1.807059E-14
4848.76172042602  1.821466E-14
4850.66565601339  1.855956E-14
4852.56959160076  1.851225E-14
4854.47352718812  1.866171E-14
4856.37746277549  1.906427E-14
4858.28139836286  1.937005E-14
4860.18533395022  1.948702E-14
4862.08926953759  1.974891E-14
4863.99320512496  1.996002E-14
4865.89714071232  2.013772E-14
4867.80107629969  2.004870E-14
4869.70501188706  2.018029E-14
4871.60894747442  2.051376E-14
4873.51288306179  2.067384E-14
4875.41681864916  2.065209E-14
4877.32075423652  2.081518E-14
4879.22468982389  2.077282E-14
4881.12862541125  2.096833E-14
4883.03256099862  2.126539E-14
4884.93649658599  2.138077E-14
4886.84043217335  2.145907E-14
4888.74436776072  2.165130E-14
4890.64830334809  2.172647E-14
4892.55223893545  2.199403E-14
4894.45617452282  2.199891E-14
4896.36011011019  2.227193E-14
4898.26404569755  2.235392E-14
4900.16798128492  2.239083E-14
4902.07191687229  2.220818E-14
4903.97585245965  2.210938E-14
4905.87978804702  2.214675E-14
4907.78372363439  2.235365E-14
4909.68765922175  2.224680E-14
4911.59159480912  2.224396E-14
4913.49553039649  2.239219E-14
4915.39946598385  2.213475E-14
4917.30340157122  2.162327E-14
4919.20733715859  2.158080E-14
4921.11127274595  2.147288E-14
4923.01520833332  2.132401E-14
4924.91914392068  2.134409E-14
4926.82307950805  2.123899E-14
4928.72701509542  2.098571E-14
4930.63095068278  2.090584E-14
4932.53488627015  2.073029E-14
4934.43882185752  2.049089E-14
4936.34275744488  2.027504E-14
4938.24669303225  2.010759E-14
4940.15062861962  1.979115E-14
4942.05456420698  1.938962E-14
4943.95849979435  1.953701E-14
4945.86243538172  1.948201E-14
4947.76637096908  1.936458E-14
4949.67030655645  1.918533E-14
4951.57424214382  1.895526E-14
4953.47817773118  1.916043E-14
4955.38211331855  1.892194E-14
4957.28604890592  1.881547E-14
4959.18998449328  1.853031E-14
4961.09392008065  1.844941E-14
4962.99785566802  1.833845E-14
4964.90179125538  1.820361E-14
4966.80572684275  1.830894E-14
4968.70966243012  1.835464E-14
4970.61359801748  1.794818E-14
4972.51753360485  1.770475E-14
4974.42146919221  1.792893E-14
4976.32540477958  1.799321E-14
4978.22934036695  1.785582E-14
4980.13327595431  1.781569E-14
4982.03721154168  1.765970E-14
4983.94114712905  1.737244E-14
4985.84508271641  1.747967E-14
4987.74901830378  1.771910E-14
4989.65295389115  1.781833E-14
4991.55688947851  1.783276E-14
4993.46082506588  1.777634E-14
4995.36476065325  1.782699E-14
4997.26869624061  1.766529E-14
4999.17263182798  1.742395E-14
5001.07656741535  1.757415E-14
5002.98050300271  1.791587E-14
5004.88443859008  1.783155E-14
5006.78837417745  1.776560E-14
5008.69230976481  1.785814E-14
5010.59624535218  1.777501E-14
5012.50018093954  1.784553E-14
5014.40411652691  1.770515E-14
5016.30805211428  1.747048E-14
5018.21198770164  1.764061E-14
5020.11592328901  1.791549E-14
5022.01985887638  1.783525E-14
5023.92379446374  1.766997E-14
5025.82773005111  1.765061E-14
5027.73166563848  1.772892E-14
5029.63560122584  1.769960E-14
5031.53953681321  1.755471E-14
5033.44347240058  1.763893E-14
5035.34740798794  1.783994E-14
5037.25134357531  1.795285E-14
5039.15527916268  1.786748E-14
5041.05921475004  1.777072E-14
5042.96315033741  1.757315E-14
5044.86708592478  1.758920E-14
5046.77102151214  1.754917E-14
5048.67495709951  1.774466E-14
5050.57889268688  1.807109E-14
5052.48282827424  1.779730E-14
5054.38676386161  1.780872E-14
5056.29069944898  1.792001E-14
5058.19463503634  1.767810E-14
5060.09857062371  1.772444E-14
5062.00250621107  1.791715E-14
5063.90644179844  1.797852E-14
5065.81037738581  1.766501E-14
5067.71431297317  1.775146E-14
5069.61824856054  1.802976E-14
5071.52218414791  1.781350E-14
5073.42611973527  1.780380E-14
5075.33005532264  1.786371E-14
5077.23399091001  1.778167E-14
5079.13792649737  1.784102E-14
5081.04186208474  1.787792E-14
5082.94579767211  1.782375E-14
5084.84973325947  1.756933E-14
5086.75366884684  1.758099E-14
5088.65760443421  1.743959E-14
5090.56154002157  1.745358E-14
5092.46547560894  1.763428E-14
5094.36941119631  1.748087E-14
5096.27334678367  1.760990E-14
5098.17728237104  1.749153E-14
5100.0812179584  1.753573E-14
5101.98515354577  1.775781E-14
5103.88908913314  1.770061E-14
5105.7930247205  1.743243E-14
5107.69696030787  1.772727E-14
5109.60089589524  1.813743E-14
5111.5048314826  1.831949E-14
5113.40876706997  1.816993E-14
5115.31270265734  1.812223E-14
5117.2166382447  1.816822E-14
5119.12057383207  1.826981E-14
5121.02450941944  1.829410E-14
5122.9284450068  1.850270E-14
5124.83238059417  1.861033E-14
5126.73631618154  1.862036E-14
5128.6402517689  1.878495E-14
5130.54418735627  1.886290E-14
5132.44812294364  1.893119E-14
5134.352058531  1.907630E-14
5136.25599411837  1.931128E-14
5138.15992970573  1.907782E-14
5140.0638652931  1.917834E-14
5141.96780088047  1.939452E-14
5143.87173646784  1.943925E-14
5145.7756720552  1.972594E-14
5147.67960764257  1.983270E-14
5149.58354322993  1.999136E-14
5151.4874788173  2.011625E-14
5153.39141440467  2.008515E-14
5155.29534999203  2.041982E-14
5157.1992855794  2.054821E-14
5159.10322116677  2.076911E-14
5161.00715675413  2.063851E-14
5162.9110923415  2.109865E-14
5164.81502792887  2.165910E-14
5166.71896351623  2.164217E-14
5168.6228991036  2.165439E-14
5170.52683469097  2.179764E-14
5172.43077027833  2.190448E-14
5174.3347058657  2.199112E-14
5176.23864145307  2.236511E-14
5178.14257704043  2.247071E-14
5180.0465126278  2.290970E-14
5181.95044821517  2.298532E-14
5183.85438380253  2.304795E-14
5185.7583193899  2.332866E-14
5187.66225497726  2.345649E-14
5189.56619056463  2.350029E-14
5191.470126152  2.365790E-14
5193.37406173936  2.375198E-14
5195.27799732673  2.421269E-14
5197.1819329141  2.435904E-14
5199.08586850146  2.486205E-14
5200.98980408883  2.530129E-14
5202.8937396762  2.534033E-14
5204.79767526356  2.529662E-14
5206.70161085093  2.541750E-14
5208.6055464383  2.568905E-14
5210.50948202566  2.602966E-14
5212.41341761303  2.646019E-14
5214.3173532004  2.660658E-14
5216.22128878776  2.655544E-14
5218.12522437513  2.657110E-14
5220.0291599625  2.673109E-14
5221.93309554986  2.703285E-14
5223.83703113723  2.713827E-14
5225.7409667246  2.694583E-14
5227.64490231196  2.720086E-14
5229.54883789933  2.762919E-14
5231.45277348669  2.776360E-14
5233.35670907406  2.785618E-14
5235.26064466143  2.796293E-14
5237.16458024879  2.791802E-14
5239.06851583616  2.812098E-14
5240.97245142353  2.811277E-14
5242.87638701089  2.813833E-14
5244.78032259826  2.816221E-14
5246.68425818563  2.850943E-14
5248.58819377299  2.857265E-14
5250.49212936036  2.868496E-14
5252.39606494773  2.890153E-14
5254.30000053509  2.870746E-14
5256.20393612246  2.870879E-14
5258.10787170983  2.878090E-14
5260.01180729719  2.918991E-14
5261.91574288456  2.918407E-14
5263.81967847193  2.907733E-14
5265.72361405929  2.915667E-14
5267.62754964666  2.918678E-14
5269.53148523403  2.911463E-14
5271.43542082139  2.917150E-14
5273.33935640876  2.923722E-14
5275.24329199613  2.929939E-14
5277.14722758349  2.936461E-14
5279.05116317086  2.925307E-14
5280.95509875823  2.942934E-14
5282.85903434559  2.960662E-14
5284.76296993296  2.939903E-14
5286.66690552032  2.916730E-14
5288.57084110769  2.935895E-14
5290.47477669506  2.959010E-14
5292.37871228242  2.962157E-14
5294.28264786979  2.963838E-14
5296.18658345716  2.965679E-14
5298.09051904452  2.967439E-14
5299.99445463189  2.969200E-14
5301.89839021926  2.970961E-14
5303.80232580662  2.972722E-14
5305.70626139399  2.974483E-14
5307.61019698136  2.976244E-14
5309.51413256872  2.978005E-14
5311.41806815609  2.979766E-14
5313.32200374346  2.981582E-14
5315.22593933082  2.982829E-14
5317.12987491819  2.987117E-14
5319.03381050556  2.998334E-14
5320.93774609292  2.966455E-14
5322.84168168029  2.955709E-14
5324.74561726766  3.003283E-14
5326.64955285502  2.984415E-14
5328.55348844239  2.965483E-14
5330.45742402975  2.993221E-14
5332.36135961712  2.994120E-14
5334.26529520449  2.977042E-14
5336.16923079185  2.975910E-14
5338.07316637922  2.979903E-14
5339.97710196659  2.971803E-14
5341.88103755395  2.946376E-14
5343.78497314132  2.948642E-14
5345.68890872869  2.965154E-14
5347.59284431605  2.973533E-14
5349.49677990342  2.953130E-14
5351.40071549079  2.937916E-14
5353.30465107815  2.945792E-14
5355.20858666552  2.951565E-14
5357.11252225289  2.944071E-14
5359.01645784025  2.965314E-14
5360.92039342762  2.943039E-14
5362.82432901498  2.926077E-14
5364.72826460235  2.953986E-14
5366.63220018972  2.957064E-14
5368.53613577708  2.987733E-14
5370.44007136445  2.970027E-14
5372.34400695182  2.915008E-14
5374.24794253918  2.939754E-14
5376.15187812655  2.968380E-14
5378.05581371392  2.938673E-14
5379.95974930128  2.956864E-14
5381.86368488865  2.985074E-14
5383.76762047602  2.952372E-14
5385.67155606338  2.952977E-14
5387.57549165075  3.001825E-14
5389.47942723812  2.979483E-14
5391.38336282548  2.974259E-14
5393.28729841285  3.003406E-14
5395.19123400022  3.014886E-14
5397.09516958758  3.035273E-14
5398.99910517495  3.034326E-14
5400.90304076232  3.015185E-14
5402.80697634968  3.035168E-14
5404.71091193705  3.062384E-14
5406.61484752441  3.025419E-14
5408.51878311178  3.026537E-14
5410.42271869915  3.049285E-14
5412.32665428652  3.058514E-14
5414.23058987388  3.072227E-14
5416.13452546125  3.086676E-14
5418.03846104861  3.079405E-14
5419.94239663598  3.074551E-14
5421.84633222335  3.129235E-14
5423.75026781071  3.155056E-14
5425.65420339808  3.152088E-14
5427.55813898545  3.160644E-14
5429.46207457281  3.160620E-14
5431.36601016018  3.115608E-14
5433.26994574755  3.161560E-14
5435.17388133491  3.168015E-14
5437.07781692228  3.135987E-14
5438.98175250965  3.140565E-14
5440.88568809701  3.156116E-14
5442.78962368438  3.174684E-14
5444.69355927175  3.149967E-14
5446.59749485911  3.128188E-14
5448.50143044648  3.117697E-14
5450.40536603384  3.117402E-14
5452.30930162121  3.154666E-14
5454.21323720858  3.150306E-14
5456.11717279594  3.136400E-14
5458.02110838331  3.114187E-14
5459.92504397068  3.112804E-14
5461.82897955804  3.115267E-14
5463.73291514541  3.093400E-14
5465.63685073278  3.094230E-14
5467.54078632014  3.098181E-14
5469.44472190751  3.076259E-14
5471.34865749488  3.086105E-14
5473.25259308224  3.089881E-14
5475.15652866961  3.076048E-14
5477.06046425698  3.083908E-14
5478.96439984434  3.103077E-14
5480.86833543171  3.103760E-14
5482.77227101907  3.067863E-14
5484.67620660644  3.067605E-14
5486.58014219381  3.060529E-14
5488.48407778118  3.030691E-14
5490.38801336854  3.028632E-14
5492.29194895591  3.034232E-14
5494.19588454328  3.013240E-14
5496.09982013064  2.960627E-14
5498.00375571801  2.957255E-14
5499.90769130538  2.978759E-14
5501.81162689274  2.978755E-14
5503.71556248011  2.954592E-14
5505.61949806747  2.946242E-14
5507.52343365484  2.955860E-14
5509.42736924221  2.926491E-14
5511.33130482957  2.910765E-14
5513.23524041694  2.925222E-14
5515.13917600431  2.929937E-14
5517.04311159167  2.896582E-14
5518.94704717904  2.862926E-14
5520.85098276641  2.897729E-14
5522.75491835377  2.872990E-14
5524.65885394114  2.844667E-14
5526.56278952851  2.841119E-14
5528.46672511587  2.856443E-14
5530.37066070324  2.885356E-14
5532.27459629061  2.864010E-14
5534.17853187797  2.831726E-14
5536.08246746534  2.810820E-14
5537.9864030527  2.816305E-14
5539.89033864007  2.797962E-14
5541.79427422744  2.776186E-14
5543.6982098148  2.792909E-14
5545.60214540217  2.785259E-14
5547.50608098954  2.773556E-14
5549.4100165769  2.780465E-14
5551.31395216427  2.786153E-14
5553.21788775164  2.770413E-14
5555.121823339  2.791880E-14
5557.02575892637  2.789349E-14
5558.92969451374  2.789803E-14
5560.8336301011  2.769473E-14
5562.73756568847  2.730402E-14
5564.64150127584  2.765860E-14
5566.5454368632  2.782839E-14
5568.44937245057  2.765546E-14
5570.35330803794  2.744355E-14
5572.2572436253  2.767720E-14
5574.16117921267  2.748955E-14
5576.06511480003  2.740923E-14
5577.9690503874  2.718209E-14
5579.87298597477  2.725269E-14
5581.77692156213  2.688368E-14
5583.6808571495  2.675821E-14
5585.58479273687  2.697291E-14
5587.48872832423  2.694298E-14
5589.3926639116  2.680458E-14
5591.29659949897  2.677677E-14
5593.20053508633  2.657255E-14
5595.1044706737  2.683999E-14
5597.00840626107  2.652412E-14
5598.91234184843  2.654211E-14
5600.8162774358  2.634077E-14
5602.72021302317  2.611900E-14
5604.62414861053  2.580559E-14
5606.5280841979  2.562021E-14
5608.43201978527  2.593536E-14
5610.33595537263  2.565580E-14
5612.23989096  2.541508E-14
5614.14382654737  2.550630E-14
5616.04776213473  2.539412E-14
5617.9516977221  2.511834E-14
5619.85563330947  2.484387E-14
5621.75956889683  2.458146E-14
5623.6635044842  2.438397E-14
5625.56744007157  2.454873E-14
5627.47137565893  2.449474E-14
5629.3753112463  2.428988E-14
5631.27924683366  2.428501E-14
5633.18318242103  2.392089E-14
5635.0871180084  2.372809E-14
5636.99105359576  2.339437E-14
5638.89498918313  2.287684E-14
5640.7989247705  2.303466E-14
5642.70286035786  2.298890E-14
5644.60679594523  2.283744E-14
5646.5107315326  2.274073E-14
5648.41466711996  2.251962E-14
5650.31860270733  2.214704E-14
5652.2225382947  2.194076E-14
5654.12647388206  2.186392E-14
5656.03040946943  2.145329E-14
5657.9343450568  2.137386E-14
5659.83828064416  2.152180E-14
5661.74221623153  2.136653E-14
5663.64615181889  2.108261E-14
5665.55008740626  2.080618E-14
5667.45402299363  2.081986E-14
5669.35795858099  2.097055E-14
5671.26189416836  2.034956E-14
5673.16582975573  1.987197E-14
5675.0697653431  2.009179E-14
5676.97370093046  1.983928E-14
5678.87763651783  1.959769E-14
5680.78157210519  1.957803E-14
5682.68550769256  1.953574E-14
5684.58944327993  1.938667E-14
5686.49337886729  1.920228E-14
5688.39731445466  1.905855E-14
5690.30125004203  1.936667E-14
5692.20518562939  1.954497E-14
5694.10912121676  1.918948E-14
5696.01305680413  1.921360E-14
5697.91699239149  1.945971E-14
5699.82092797886  1.928344E-14
5701.72486356623  1.935525E-14
5703.62879915359  1.920681E-14
5705.53273474096  1.911980E-14
5707.43667032832  1.937955E-14
5709.34060591569  1.918725E-14
5711.24454150306  1.933862E-14
5713.14847709042  1.943096E-14
5715.05241267779  1.938873E-14
5716.95634826516  1.973721E-14
5718.86028385252  2.011693E-14
5720.76421943989  2.008405E-14
5722.66815502726  1.993680E-14
5724.57209061462  2.026639E-14
5726.47602620199  2.052116E-14
5728.37996178936  2.061959E-14
5730.28389737673  2.066637E-14
5732.18783296409  2.066425E-14
5734.09176855146  2.091541E-14
5735.99570413882  2.085391E-14
5737.89963972619  2.109623E-14
5739.80357531356  2.136442E-14
5741.70751090092  2.134177E-14
5743.61144648829  2.143589E-14
5745.51538207566  2.138648E-14
5747.41931766302  2.143966E-14
5749.32325325039  2.146618E-14
5751.22718883775  2.169900E-14
5753.13112442512  2.168846E-14
5755.03506001249  2.193820E-14
5756.93899559986  2.201368E-14
5758.84293118722  2.215555E-14
5760.74686677459  2.209866E-14
5762.65080236195  2.211278E-14
5764.55473794932  2.205340E-14
5766.45867353669  2.197232E-14
5768.36260912405  2.227023E-14
5770.26654471142  2.237022E-14
5772.17048029879  2.228915E-14
5774.07441588615  2.242222E-14
5775.97835147352  2.242259E-14
5777.88228706089  2.228565E-14
5779.78622264825  2.236582E-14
5781.69015823562  2.243664E-14
5783.59409382299  2.225200E-14
5785.49802941035  2.274048E-14
5787.40196499772  2.294544E-14
5789.30590058508  2.255890E-14
5791.20983617245  2.238538E-14
5793.11377175982  2.267193E-14
5795.01770734719  2.277523E-14
5796.92164293455  2.248986E-14
5798.82557852192  2.245837E-14
5800.72951410928  2.259284E-14
5802.63344969665  2.277082E-14
5804.53738528402  2.263449E-14
5806.44132087138  2.243607E-14
5808.34525645875  2.244574E-14
5810.24919204612  2.261050E-14
5812.15312763348  2.263053E-14
5814.05706322085  2.266318E-14
5815.96099880822  2.265265E-14
5817.86493439558  2.263310E-14
5819.76886998295  2.261533E-14
5821.67280557032  2.259732E-14
5823.57674115768  2.257931E-14
5825.48067674505  2.256131E-14
5827.38461233242  2.254330E-14
5829.28854791978  2.252590E-14
5831.19248350715  2.250403E-14
5833.09641909452  2.250238E-14
5835.00035468188  2.263795E-14
5836.90429026925  2.272529E-14
5838.80822585661  2.276133E-14
5840.71216144398  2.279289E-14
5842.61609703135  2.281245E-14
5844.52003261871  2.257712E-14
5846.42396820608  2.263246E-14
5848.32790379345  2.285389E-14
5850.23183938081  2.275093E-14
5852.13577496818  2.274773E-14
5854.03971055555  2.292912E-14
5855.94364614291  2.288626E-14
5857.84758173028  2.280040E-14
5859.75151731765  2.280643E-14
5861.65545290501  2.286229E-14
5863.55938849238  2.284548E-14
5865.46332407975  2.284226E-14
5867.36725966711  2.282137E-14
5869.27119525448  2.314681E-14
5871.17513084185  2.325657E-14
5873.07906642921  2.301239E-14
5874.98300201658  2.313651E-14
5876.88693760394  2.301176E-14
5878.79087319131  2.277427E-14
5880.69480877868  2.280103E-14
5882.59874436604  2.247154E-14
5884.50267995341  2.208502E-14
5886.40661554078  2.041310E-14
5888.31055112814  1.724227E-14
5890.21448671551  1.471363E-14
5892.11842230288  1.482635E-14
5894.02235789024  1.560670E-14
5895.92629347761  1.583398E-14
5897.83022906498  1.712146E-14
5899.73416465234  1.999628E-14
5901.63810023971  2.225145E-14
5903.54203582708  2.306089E-14
5905.44597141444  2.284813E-14
5907.34990700181  2.248363E-14
5909.25384258918  2.237123E-14
5911.15777817654  2.249180E-14
5913.06171376391  2.239193E-14
5914.96564935128  2.217941E-14
5916.86958493864  2.240095E-14
5918.77352052601  2.250801E-14
5920.67745611338  2.259743E-14
5922.58139170074  2.205866E-14
5924.48532728811  2.213762E-14
5926.38926287547  2.204552E-14
5928.29319846284  2.201307E-14
5930.19713405021  2.220771E-14
5932.10106963757  2.212490E-14
5934.00500522494  2.183356E-14
5935.90894081231  2.152467E-14
5937.81287639967  2.160427E-14
5939.71681198704  2.176020E-14
5941.62074757441  2.154952E-14
5943.52468316177  2.132031E-14
5945.42861874914  2.152690E-14
5947.33255433651  2.151067E-14
5949.23648992387  2.135560E-14
5951.14042551124  2.150894E-14
5953.04436109861  2.127785E-14
5954.94829668597  2.088702E-14
5956.85223227334  2.088744E-14
5958.75616786071  2.097637E-14
5960.66010344807  2.086987E-14
5962.56403903544  2.051964E-14
5964.4679746228  1.939390E-14
5966.37191021017  1.976174E-14
5968.27584579754  2.076464E-14
5970.17978138491  2.068026E-14
5972.08371697227  2.081690E-14
5973.98765255964  2.061314E-14
5975.891588147  2.016208E-14
5977.79552373437  2.028984E-14
5979.69945932174  2.029962E-14
5981.6033949091  2.026326E-14
5983.50733049647  2.023562E-14
5985.41126608384  2.020710E-14
5987.3152016712  2.017857E-14
5989.21913725857  2.015005E-14
5991.12307284594  2.012153E-14
5993.0270084333  2.009300E-14
5994.93094402067  2.006456E-14
5996.83487960804  2.003607E-14
5998.7388151954  2.000441E-14
6000.64275078277  2.001972E-14
6002.54668637014  2.005476E-14
6004.4506219575  1.961894E-14
6006.35455754487  1.961842E-14
6008.25849313224  1.980609E-14
6010.1624287196  1.978769E-14
6012.06636430697  1.970798E-14
6013.97029989433  1.983776E-14
6015.8742354817  1.970544E-14
6017.77817106907  1.961578E-14
6019.68210665643  1.970492E-14
6021.5860422438  2.010315E-14
6023.48997783117  1.991551E-14
6025.39391341853  1.988602E-14
6027.2978490059  1.939781E-14
6029.20178459327  1.896780E-14
6031.10572018063  2.006077E-14
6033.009655768  2.005430E-14
6034.91359135537  1.953715E-14
6036.81752694273  1.977641E-14
6038.7214625301  1.951478E-14
6040.62539811747  1.936619E-14
6042.52933370483  1.956581E-14
6044.4332692922  1.967649E-14
6046.33720487957  1.949882E-14
6048.24114046693  1.955459E-14
6050.1450760543  1.950831E-14
6052.04901164167  1.959489E-14
6053.95294722903  1.947376E-14
6055.8568828164  1.919386E-14
6057.76081840377  1.897031E-14
6059.66475399113  1.931058E-14
6061.5686895785  1.928546E-14
6063.47262516587  1.929530E-14
6065.37656075323  1.901979E-14
6067.2804963406  1.908441E-14
6069.18443192796  1.914738E-14
6071.08836751533  1.904496E-14
6072.9923031027  1.875937E-14
6074.89623869006  1.892399E-14
6076.80017427743  1.902349E-14
6078.7041098648  1.877380E-14
6080.60804545216  1.883698E-14
6082.51198103953  1.853281E-14
6084.4159166269  1.835651E-14
6086.31985221426  1.836133E-14
6088.22378780163  1.847293E-14
6090.127723389  1.811848E-14
6092.03165897636  1.801811E-14
6093.93559456373  1.816530E-14
6095.8395301511  1.801701E-14
6097.74346573846  1.794451E-14
6099.64740132583  1.797857E-14
6101.55133691319  1.788866E-14
6103.45527250056  1.775113E-14
6105.35920808793  1.775109E-14
6107.26314367529  1.770021E-14
6109.16707926266  1.763896E-14
6111.07101485003  1.750642E-14
6112.97495043739  1.749753E-14
6114.87888602476  1.739437E-14
6116.78282161213  1.723390E-14
6118.68675719949  1.716105E-14
6120.59069278686  1.698061E-14
6122.49462837423  1.675055E-14
6124.39856396159  1.675024E-14
6126.30249954896  1.671305E-14
6128.20643513633  1.662077E-14
6130.11037072369  1.639683E-14
6132.01430631106  1.616587E-14
6133.91824189843  1.611956E-14
6135.82217748579  1.584664E-14
6137.72611307316  1.573390E-14
6139.63004866052  1.569481E-14
6141.53398424789  1.552031E-14
6143.43791983526  1.546080E-14
6145.34185542262  1.523001E-14
6147.24579100999  1.503555E-14
6149.14972659736  1.503604E-14
6151.05366218473  1.495041E-14
6152.95759777209  1.486714E-14
6154.86153335946  1.471186E-14
6156.76546894682  1.453064E-14
6158.66940453419  1.446016E-14
6160.57334012156  1.444999E-14
6162.47727570892  1.415468E-14
6164.38121129629  1.415445E-14
6166.28514688366  1.395158E-14
6168.18908247102  1.399007E-14
6170.09301805839  1.405720E-14
6171.99695364576  1.414424E-14
6173.90088923312  1.389340E-14
6175.80482482049  1.374964E-14
6177.70876040786  1.354286E-14
6179.61269599522  1.344664E-14
6181.51663158259  1.360902E-14
6183.42056716996  1.355977E-14
6185.32450275732  1.334377E-14
6187.22843834469  1.351678E-14
6189.13237393206  1.327333E-14
6191.03630951942  1.335875E-14
6192.94024510679  1.357025E-14
6194.84418069415  1.328187E-14
6196.74811628152  1.328799E-14
6198.65205186889  1.312252E-14
6200.55598745625  1.322713E-14
6202.45992304362  1.338091E-14
6204.36385863099  1.338228E-14
6206.26779421835  1.346754E-14
6208.17172980572  1.361507E-14
6210.07566539309  1.350487E-14
6211.97960098045  1.330756E-14
6213.88353656782  1.305988E-14
6215.78747215519  1.329988E-14
6217.69140774255  1.343260E-14
6219.59534332992  1.352731E-14
6221.49927891728  1.349820E-14
6223.40321450465  1.354232E-14
6225.30715009202  1.383723E-14
6227.21108567938  1.380861E-14
6229.11502126675  1.342586E-14
6231.01895685412  1.365823E-14
6232.92289244148  1.376263E-14
6234.82682802885  1.355102E-14
6236.73076361622  1.363271E-14
6238.63469920358  1.370373E-14
6240.53863479095  1.364735E-14
6242.44257037832  1.373086E-14
6244.34650596568  1.383779E-14
6246.25044155305  1.371092E-14
6248.15437714042  1.357268E-14
6250.05831272778  1.377734E-14
6251.96224831515  1.371303E-14
6253.86618390252  1.364646E-14
6255.77011948988  1.383282E-14
6257.67405507725  1.388906E-14
6259.57799066461  1.373980E-14
6261.48192625198  1.381113E-14
6263.38586183935  1.420027E-14
6265.28979742672  1.407474E-14
6267.19373301408  1.336036E-14
6269.09766860145  1.308094E-14
6271.00160418881  1.328975E-14
6272.90553977618  1.363301E-14
6274.80947536355  1.392185E-14
6276.71341095091  1.380544E-14
6278.61734653828  1.372082E-14
6280.52128212565  1.386596E-14
6282.42521771301  1.394382E-14
6284.32915330038  1.399762E-14
6286.23308888775  1.415167E-14
6288.13702447511  1.423117E-14
6290.04096006248  1.421604E-14
6291.94489564985  1.420045E-14
6293.84883123721  1.419056E-14
6295.75276682458  1.433641E-14
6297.65670241195  1.440106E-14
6299.56063799931  1.419569E-14
6301.46457358668  1.395461E-14
6303.36850917405  1.442187E-14
6305.27244476141  1.455214E-14
6307.17638034878  1.448609E-14
6309.08031593614  1.460704E-14
6310.98425152351  1.472329E-14
6312.88818711088  1.480016E-14
6314.79212269824  1.487053E-14
6316.69605828561  1.485912E-14
6318.59999387298  1.485878E-14
6320.50392946035  1.489672E-14
6322.40786504771  1.492020E-14
6324.31180063508  1.497275E-14
6326.21573622244  1.491535E-14
6328.11967180981  1.534066E-14
6330.02360739718  1.522819E-14
6331.92754298454  1.531599E-14
6333.83147857191  1.535788E-14
6335.73541415928  1.520497E-14
6337.63934974664  1.523092E-14
6339.54328533401  1.534454E-14
6341.44722092138  1.533407E-14
6343.35115650874  1.527378E-14
6345.25509209611  1.535864E-14
6347.15902768348  1.542496E-14
6349.06296327084  1.568919E-14
6350.96689885821  1.571038E-14
6352.87083444557  1.564644E-14
6354.77477003294  1.552057E-14
6356.67870562031  1.571407E-14
6358.58264120767  1.589806E-14
6360.48657679504  1.587325E-14
6362.39051238241  1.569678E-14
6364.29444796977  1.566694E-14
6366.19838355714  1.558334E-14
6368.10231914451  1.543325E-14
6370.00625473187  1.547985E-14
6371.91019031924  1.568210E-14
6373.81412590661  1.553038E-14
6375.71806149397  1.538889E-14
6377.62199708134  1.521524E-14
6379.52593266871  1.520570E-14
6381.42986825607  1.551898E-14
6383.33380384344  1.549241E-14
6385.23773943081  1.511507E-14
6387.14167501817  1.523821E-14
6389.04561060554  1.516613E-14
6390.94954619291  1.508152E-14
6392.85348178027  1.507627E-14
6394.75741736764  1.522788E-14
6396.66135295501  1.541473E-14
6398.56528854237  1.524529E-14
6400.46922412974  1.509188E-14
6402.37315971711  1.492966E-14
6404.27709530447  1.492069E-14
6406.18103089184  1.508044E-14
6408.0849664792  1.504899E-14
6409.98890206657  1.496238E-14
6411.89283765394  1.499141E-14
6413.79677324131  1.506610E-14
6415.70070882867  1.499431E-14
6417.60464441604  1.480337E-14
6419.5085800034  1.472370E-14
6421.41251559077  1.471245E-14
6423.31645117814  1.466931E-14
6425.2203867655  1.471099E-14
6427.12432235287  1.468349E-14
6429.02825794024  1.466955E-14
6430.9321935276  1.475188E-14
6432.83612911497  1.478952E-14
6434.74006470234  1.466390E-14
6436.6440002897  1.457445E-14
6438.54793587707  1.447876E-14
6440.45187146444  1.439210E-14
6442.3558070518  1.439083E-14
6444.25974263917  1.442656E-14
6446.16367822654  1.431717E-14
6448.0676138139  1.446755E-14
6449.97154940127  1.443072E-14
6451.87548498863  1.427279E-14
6453.779420576  1.422696E-14
6455.68335616337  1.425528E-14
6457.58729175073  1.401300E-14
6459.4912273381  1.412869E-14
6461.39516292547  1.408733E-14
6463.29909851283  1.405223E-14
6465.2030341002  1.402892E-14
6467.10696968757  1.400368E-14
6469.01090527493  1.397862E-14
6470.9148408623  1.395355E-14
6472.81877644967  1.392850E-14
6474.72271203703  1.390343E-14
6476.6266476244  1.387881E-14
6478.53058321176  1.385078E-14
6480.43451879913  1.386075E-14
6482.3384543865  1.405780E-14
6484.24238997386  1.419803E-14
6486.14632556123  1.399483E-14
6488.0502611486  1.392322E-14
6489.95419673596  1.411025E-14
6491.85813232333  1.422418E-14
6493.7620679107  1.405359E-14
6495.66600349806  1.406595E-14
6497.56993908543  1.394495E-14
6499.4738746728  1.402706E-14
6501.37781026016  1.411565E-14
6503.28174584753  1.410113E-14
6505.1856814349  1.388837E-14
6507.08961702226  1.385036E-14
6508.99355260963  1.397568E-14
6510.897488197  1.407084E-14
6512.80142378436  1.398649E-14
6514.70535937173  1.399479E-14
6516.6092949591  1.414256E-14
6518.51323054646  1.398293E-14
6520.41716613383  1.378850E-14
6522.3211017212  1.388349E-14
6524.22503730856  1.403950E-14
6526.12897289593  1.402460E-14
6528.03290848329  1.392715E-14
6529.93684407066  1.405011E-14
6531.84077965803  1.406021E-14
6533.7447152454  1.383846E-14
6535.64865083276  1.383745E-14
6537.55258642013  1.381883E-14
6539.45652200749  1.383079E-14
6541.36045759486  1.382066E-14
6543.26439318223  1.376027E-14
6545.16832876959  1.385477E-14
6547.07226435696  1.387516E-14
6548.97619994433  1.393632E-14
6550.88013553169  1.399138E-14
6552.78407111906  1.406128E-14
6554.68800670643  1.395099E-14
6556.59194229379  1.386178E-14
6558.49587788116  1.373657E-14
6560.39981346853  1.401037E-14
6562.30374905589  1.466612E-14
6564.20768464326  1.474092E-14
6566.11162023063  1.463843E-14
6568.01555581799  1.421053E-14
6569.91949140536  1.383894E-14
6571.82342699273  1.381464E-14
6573.72736258009  1.379411E-14
6575.63129816746  1.366311E-14
6577.53523375482  1.354401E-14
6579.43916934219  1.355538E-14
6581.34310492956  1.390166E-14
6583.24704051692  1.410743E-14
6585.15097610429  1.418093E-14
6587.05491169166  1.383356E-14
6588.95884727902  1.378701E-14
6590.86278286639  1.361196E-14
6592.76671845376  1.316580E-14
6594.67065404112  1.321235E-14
6596.57458962849  1.329063E-14
6598.47852521586  1.318978E-14
6600.38246080322  1.324451E-14
6602.28639639059  1.314351E-14
6604.19033197796  1.304472E-14
6606.09426756532  1.294577E-14
6607.99820315269  1.278336E-14
6609.90213874006  1.267115E-14
6611.80607432742  1.276453E-14
6613.71000991479  1.290440E-14
6615.61394550215  1.249803E-14
6617.51788108952  1.268245E-14
6619.42181667689  1.265110E-14
6621.32575226425  1.273904E-14
6623.22968785162  1.276513E-14
6625.13362343899  1.274432E-14
6627.03755902635  1.268934E-14
6628.94149461372  1.232946E-14
6630.84543020109  1.236960E-14
6632.74936578845  1.259740E-14
6634.65330137582  1.254238E-14
6636.55723696319  1.233706E-14
6638.46117255055  1.227152E-14
6640.36510813792  1.239952E-14
6642.26904372529  1.227485E-14
6644.17297931265  1.232254E-14
6646.07691490002  1.245901E-14
6647.98085048739  1.235977E-14
6649.88478607475  1.220217E-14
6651.78872166212  1.199956E-14
6653.69265724948  1.194370E-14
6655.59659283685  1.204399E-14
6657.50052842422  1.216151E-14
6659.40446401159  1.216528E-14
6661.30839959895  1.198106E-14
6663.21233518632  1.194696E-14
6665.11627077368  1.217133E-14
6667.02020636105  1.218498E-14
6668.92414194842  1.201356E-14
6670.82807753578  1.194453E-14
6672.73201312315  1.186485E-14
6674.63594871052  1.168194E-14
6676.53988429789  1.160327E-14
6678.44381988525  1.158803E-14
6680.34775547262  1.150099E-14
6682.25169105998  1.143655E-14
6684.15562664735  1.149940E-14
6686.05956223472  1.163406E-14
6687.96349782208  1.165356E-14
6689.86743340945  1.163312E-14
6691.77136899682  1.145328E-14
6693.67530458418  1.145430E-14
6695.57924017155  1.149816E-14
6697.48317575891  1.139963E-14
6699.38711134628  1.117648E-14
6701.29104693365  1.124983E-14
6703.19498252101  1.127132E-14
6705.09891810838  1.138525E-14
6707.00285369575  1.154066E-14
6708.90678928311  1.148203E-14
6710.81072487048  1.116214E-14
6712.71466045785  1.135523E-14
6714.61859604521  1.137622E-14
6716.52253163258  1.124586E-14
6718.42646721995  1.115240E-14
6720.33040280731  1.108905E-14
6722.23433839468  1.097261E-14
6724.13827398205  1.121005E-14
6726.04220956941  1.121442E-14
6727.94614515678  1.115523E-14
6729.85008074415  1.114381E-14
6731.75401633151  1.112931E-14
6733.65795191888  1.104876E-14
6735.56188750625  1.099729E-14
6737.46582309361  1.099581E-14
6739.36975868098  1.084842E-14
6741.27369426835  1.102265E-14
6743.17762985571  1.126875E-14
6745.08156544308  1.110931E-14
6746.98550103045  1.070392E-14
6748.88943661781  1.070479E-14
6750.79337220518  1.069852E-14
6752.69730779254  1.068391E-14
6754.60124337991  1.078747E-14
6756.50517896728  1.078926E-14
6758.40911455464  1.089286E-14
6760.31305014201  1.102074E-14
6762.21698572938  1.079629E-14
6764.12092131674  1.062853E-14
6766.02485690411  1.071609E-14
6767.92879249148  1.079807E-14
6769.83272807884  1.072260E-14
6771.73666366621  1.065076E-14
6773.64059925358  1.059906E-14
6775.54453484094  1.053802E-14
6777.44847042831  1.048181E-14
6779.35240601568  1.039114E-14
6781.25634160304  1.043972E-14
6783.16027719041  1.050642E-14
6785.06421277777  1.049593E-14
6786.96814836514  1.059487E-14
6788.87208395251  1.064557E-14
6790.77601953987  1.032538E-14
6792.67995512724  1.011604E-14
6794.58389071461  1.037099E-14
6796.48782630198  1.044279E-14
6798.39176188934  1.028268E-14
6800.29569747671  1.017750E-14
6802.19963306407  1.002400E-14
6804.10356865144  1.005455E-14
6806.00750423881  1.005448E-14
6807.91143982617  9.870331E-15
6809.81537541354  9.927329E-15
6811.71931100091  9.952091E-15
6813.62324658827  1.010318E-14
6815.52718217564  9.939064E-15
6817.43111776301  9.654892E-15
6819.33505335037  9.639543E-15
6821.23898893774  9.531762E-15
6823.14292452511  9.617332E-15
6825.04686011247  9.738683E-15
6826.95079569984  9.516508E-15
6828.85473128721  9.544302E-15
6830.75866687457  9.835494E-15
6832.66260246194  9.738180E-15
6834.56653804931  9.459766E-15
6836.47047363667  9.498795E-15
6838.37440922404  9.543914E-15
6840.2783448114  9.480354E-15
6842.18228039877  9.359999E-15
6844.08621598614  9.341704E-15
6845.9901515735  9.327148E-15
6847.89408716087  9.229581E-15
6849.79802274824  9.198858E-15
6851.7019583356  9.109210E-15
6853.60589392297  8.942966E-15
6855.50982951034  8.256003E-15
6857.4137650977  7.530989E-15
6859.31770068507  6.717889E-15
6861.22163627244  6.577174E-15
6863.1255718598  6.924508E-15
6865.02950744717  7.021982E-15
6866.93344303454  7.563274E-15
6868.8373786219  7.884642E-15
6870.74131420927  8.326959E-15
6872.64524979664  8.493458E-15
6874.549185384  8.229638E-15
6876.45312097137  8.062071E-15
6878.35705655873  8.101260E-15
6880.2609921461  8.040047E-15
6882.16492773347  7.902412E-15
6884.06886332083  8.114226E-15
6885.9727989082  8.154757E-15
6887.87673449557  8.131173E-15
6889.78067008293  8.286395E-15
6891.6846056703  8.453080E-15
6893.58854125767  8.584720E-15
6895.49247684503  8.705569E-15
6897.3964124324  8.764978E-15
6899.30034801977  8.779870E-15
6901.20428360713  8.786042E-15
6903.1082191945  8.925109E-15
6905.01215478187  8.993375E-15
6906.91609036923  8.794969E-15
6908.8200259566  8.781960E-15
6910.72396154397  8.982104E-15
6912.62789713133  9.118761E-15
6914.5318327187  9.301643E-15
6916.43576830606  9.285834E-15
6918.33970389343  9.233757E-15
6920.2436394808  9.337113E-15
6922.14757506816  9.417444E-15
6924.05151065553  9.472347E-15
6925.9554462429  9.567196E-15
6927.85938183026  9.558067E-15
6929.76331741763  9.392703E-15
6931.667253005  9.437025E-15
6933.57118859236  9.280335E-15
6935.47512417973  9.160132E-15
6937.3790597671  9.277343E-15
6939.28299535446  9.377125E-15
6941.18693094183  9.397315E-15
6943.0908665292  9.240464E-15
6944.99480211656  9.263871E-15
6946.89873770393  9.302613E-15
6948.8026732913  9.594984E-15
6950.70660887866  9.601306E-15
6952.61054446603  9.439095E-15
6954.5144800534  9.316148E-15
6956.41841564076  9.348829E-15
6958.32235122813  9.438806E-15
6960.2262868155  9.334828E-15
6962.13022240286  9.379755E-15
6964.03415799023  9.444517E-15
6965.93809357759  9.310531E-15
6967.84202916496  9.385047E-15
6969.74596475233  9.378720E-15
6971.64990033969  9.449540E-15
6973.55383592706  9.398047E-15
6975.45777151443  9.326679E-15
6977.36170710179  9.112268E-15
6979.26564268916  9.156459E-15
6981.16957827653  9.320670E-15
6983.07351386389  9.236268E-15
6984.97744945126  9.247394E-15
6986.88138503863  9.032624E-15
6988.78532062599  9.126755E-15
6990.68925621336  9.215652E-15
6992.59319180073  9.182381E-15
6994.49712738809  9.165600E-15
6996.40106297546  9.228821E-15
6998.30499856282  9.159647E-15
7000.20893415019  9.351107E-15
7002.11286973756  9.351571E-15
7004.01680532493  9.075332E-15
7005.92074091229  9.034262E-15
7007.82467649966  9.171404E-15
7009.72861208702  9.165400E-15
7011.63254767439  8.991946E-15
7013.53648326176  8.901775E-15
7015.44041884912  9.007114E-15
7017.34435443649  8.942615E-15
7019.24829002386  9.190646E-15
7021.15222561122  9.322614E-15
7023.05616119859  9.182080E-15
7024.96009678596  8.960337E-15
7026.86403237332  8.812298E-15
7028.76796796069  8.877543E-15
7030.67190354806  8.835658E-15
7032.57583913542  8.829726E-15
7034.47977472279  8.732128E-15
7036.38371031015  8.706519E-15
7038.28764589752  8.830790E-15
7040.19158148489  8.921250E-15
7042.09551707226  8.943788E-15
7043.99945265962  8.971466E-15
7045.90338824699  9.045149E-15
7047.80732383435  9.142819E-15
7049.71125942172  9.133235E-15
7051.61519500909  9.108584E-15
7053.51913059645  9.087306E-15
7055.42306618382  9.065557E-15
7057.32700177119  9.043808E-15
7059.23093735855  9.022060E-15
7061.13487294592  9.000308E-15
7063.03880853329  8.978555E-15
7064.94274412066  8.957199E-15
7066.84667970802  8.933976E-15
7068.75061529539  8.915827E-15
7070.65455088275  9.021863E-15
7072.55848647012  9.307114E-15
7074.46242205749  9.296624E-15
7076.36635764485  8.975869E-15
7078.27029323222  8.866909E-15
7080.17422881959  9.040322E-15
7082.07816440695  8.981985E-15
7083.98209999432  8.923297E-15
7085.88603558169  9.129118E-15
7087.78997116905  8.992895E-15
7089.69390675642  9.247290E-15
7091.59784234379  9.187998E-15
7093.50177793115  9.191310E-15
7095.40571351852  9.116101E-15
7097.30964910589  9.070858E-15
7099.21358469325  9.072281E-15
7101.11752028062  9.354037E-15
7103.02145586798  9.385776E-15
7104.92539145535  9.186224E-15
7106.82932704272  9.183814E-15
7108.73326263008  9.132428E-15
7110.63719821745  9.229244E-15
7112.54113380482  9.458360E-15
7114.44506939218  9.348936E-15
7116.34900497955  9.063293E-15
7118.25294056692  9.138977E-15
7120.15687615428  9.229997E-15
7122.06081174165  9.446097E-15
7123.96474732901  9.253911E-15
7125.86868291638  9.125134E-15
7127.77261850375  9.477415E-15
7129.67655409111  9.466869E-15
7131.58048967848  9.372559E-15
7133.48442526585  9.339320E-15
7135.38836085322  9.375881E-15
7137.29229644058  9.301319E-15
7139.19623202795  9.101296E-15
7141.10016761531  9.144723E-15
7143.00410320268  9.262021E-15
7144.90803879005  9.069878E-15
7146.81197437741  8.948203E-15
7148.71590996478  9.189427E-15
7150.61984555215  9.409437E-15
7152.52378113951  9.353742E-15
7154.42771672688  9.297184E-15
7156.33165231425  9.425416E-15
7158.23558790161  9.297505E-15
7160.13952348898  9.212808E-15
7162.04345907635  9.218643E-15
7163.94739466371  9.222043E-15
7165.85133025108  9.208416E-15
7167.75526583845  9.194734E-15
7169.65920142581  9.181170E-15
7171.56313701318  9.167543E-15
7173.46707260055  9.153915E-15
7175.37100818791  9.140289E-15
7177.27494377528  9.126662E-15
7179.17887936265  9.113035E-15
7181.08281495001  9.099409E-15
7182.98675053738  9.085782E-15
7184.89068612474  9.067275E-15
7186.79462171211  9.257276E-15
7188.69855729948  9.203402E-15
7190.60249288684  8.957080E-15
7192.50642847421  8.884802E-15
7194.41036406158  8.766140E-15
7196.31429964894  8.776939E-15
7198.21823523631  9.010493E-15
7200.12217082368  9.142199E-15
7202.02610641104  9.111624E-15
7203.93004199841  9.186049E-15
7205.83397758578  9.350737E-15
7207.73791317314  9.526828E-15
7209.64184876051  9.580597E-15
7211.54578434788  9.258100E-15
7213.44971993524  9.175686E-15
7215.35365552261  9.341743E-15
7217.25759110998  9.140397E-15
7219.16152669734  9.224844E-15
7221.06546228471  9.078890E-15
7222.96939787208  8.668954E-15
7224.87333345944  8.748812E-15
7226.77726904681  9.078631E-15
7228.68120463417  8.863999E-15
7230.58514022154  8.687219E-15
7232.48907580891  8.670706E-15
7234.39301139627  8.956112E-15
7236.29694698364  8.975527E-15
7238.20088257101  9.062759E-15
7240.10481815837  8.931527E-15
7242.00875374574  8.841869E-15
7243.91268933311  8.924392E-15
7245.81662492047  8.735572E-15
7247.72056050784  8.904990E-15
7249.62449609521  8.876335E-15
7251.52843168257  8.682080E-15
7253.43236726994  8.765675E-15
7255.33630285731  8.722708E-15
7257.24023844467  8.744463E-15
7259.14417403204  8.743495E-15
7261.0481096194  8.751650E-15
7262.95204520677  8.699388E-15
7264.85598079414  8.781337E-15
7266.7599163815  8.863840E-15
7268.66385196887  8.868732E-15
7270.56778755624  9.023873E-15
7272.4717231436  9.046332E-15
7274.37565873097  8.969096E-15
7276.27959431834  8.798401E-15
7278.1835299057  8.630075E-15
7280.08746549307  8.383872E-15
7281.99140108044  8.537936E-15
7283.8953366678  8.620470E-15
7285.79927225517  8.697355E-15
7287.70320784254  8.777485E-15
7289.6071434299  8.857355E-15
7291.51107901727  8.937215E-15
7293.41501460464  9.017054E-15
7295.318950192  9.096914E-15
7297.22288577937  9.191791E-15
7299.12682136674  9.310193E-15
7301.0307569541  9.103940E-15
7302.93469254147  9.103580E-15
7304.83862812883  9.110796E-15
7306.7425637162  9.045583E-15
7308.64649930357  8.829515E-15
7310.55043489094  8.853399E-15
7312.4543704783  9.072696E-15
7314.35830606567  9.055664E-15
7316.26224165303  9.033745E-15
7318.1661772404  9.251590E-15
7320.07011282777  9.539819E-15
7321.97404841513  9.451005E-15
7323.8779840025  9.557358E-15
7325.78191958987  9.479734E-15
7327.68585517723  9.528882E-15
7329.5897907646  9.824788E-15
7331.49372635197  9.481207E-15
7333.39766193933  9.504430E-15
7335.3015975267  9.368242E-15
7337.20553311407  9.274570E-15
7339.10946870143  9.284420E-15
7341.0134042888  9.432957E-15
7342.91733987617  9.345387E-15
7344.82127546353  9.517942E-15
7346.7252110509  9.503744E-15
7348.62914663827  9.364780E-15
7350.53308222563  9.687209E-15
7352.437017813  9.795310E-15
7354.34095340036  9.863885E-15
7356.24488898773  9.878607E-15
7358.1488245751  9.846401E-15
7360.05276016246  9.825880E-15
7361.95669574983  9.681908E-15
7363.8606313372  9.673627E-15
7365.76456692456  9.692983E-15
7367.66850251193  9.601620E-15
7369.5724380993  9.636810E-15
7371.47637368666  9.770695E-15
7373.38030927403  9.372965E-15
7375.2842448614  9.853665E-15
7377.18818044876  9.814194E-15
7379.09211603613  9.857735E-15
7380.9960516235  1.001488E-14
7382.89998721086  1.029764E-14
7384.80392279823  1.010300E-14
7386.7078583856  9.882316E-15
7388.61179397296  1.000210E-14
7390.51572956033  9.826500E-15
7392.4196651477  9.675579E-15
7394.32360073506  9.912233E-15
7396.22753632243  9.869708E-15
7398.1314719098  9.673062E-15
7400.03540749716  9.802190E-15
7401.93934308453  9.573001E-15
7403.84327867189  9.443741E-15
7405.74721425926  9.668534E-15
7407.65114984663  9.978882E-15
7409.55508543399  9.806133E-15
7411.45902102136  9.665767E-15
7413.36295660873  9.667815E-15
7415.26689219609  9.503772E-15
7417.17082778346  9.488673E-15
7419.07476337083  9.379366E-15
7420.97869895819  9.310725E-15
7422.88263454556  9.086489E-15
7424.78657013293  9.140560E-15
7426.69050572029  8.887954E-15
7428.59444130766  8.861409E-15
7430.49837689503  9.050797E-15
7432.40231248239  8.881793E-15
7434.30624806976  8.821902E-15
7436.21018365712  8.775933E-15
7438.11411924449  8.829039E-15
7440.01805483186  8.993582E-15
7441.92199041922  8.870835E-15
7443.82592600659  8.791018E-15
7445.72986159396  8.861637E-15
7447.63379718132  8.786361E-15
7449.53773276869  8.718314E-15
7451.44166835606  8.627845E-15
7453.34560394343  8.334639E-15
7455.24953953079  8.071081E-15
7457.15347511816  7.872562E-15
7459.05741070552  7.942396E-15
7460.96134629289  8.070986E-15
7462.86528188026  8.096590E-15
7464.76921746762  8.151688E-15
7466.67315305499  8.000147E-15
7468.57708864236  7.794883E-15
7470.48102422972  8.006399E-15
7472.38495981709  8.060006E-15
7474.28889540445  7.776634E-15
7476.19283099182  7.763295E-15
7478.09676657919  7.762247E-15
7480.00070216655  7.439565E-15
7481.90463775392  7.227673E-15
7483.80857334129  7.096962E-15
7485.71250892866  7.284763E-15
7487.61644451602  7.288089E-15
7489.52038010339  7.115443E-15
7491.42431569075  7.010251E-15
7493.32825127812  7.159768E-15
7495.23218686549  7.120592E-15
7497.13612245285  7.258935E-15
7499.04005804022  7.242454E-15
7500.94399362759  7.199065E-15
7502.84792921495  7.145639E-15
7504.75186480232  7.023861E-15
7506.65580038969  7.084387E-15
7508.55973597705  7.000838E-15
7510.46367156442  6.904548E-15
7512.36760715179  6.806003E-15
7514.27154273915  6.958348E-15
7516.17547832652  6.856653E-15
7518.07941391389  6.709151E-15
7519.98334950125  6.528482E-15
7521.88728508862  6.601163E-15
7523.79122067598  6.686113E-15
7525.69515626335  7.030244E-15
7527.59909185072  6.818154E-15
7529.50302743808  6.735998E-15
7531.40696302545  6.820681E-15
7533.31089861282  6.862084E-15
7535.21483420018  6.898560E-15
7537.11876978755  6.971264E-15
7539.02270537492  7.066807E-15
7540.92664096228  6.961971E-15
7542.83057654965  7.024185E-15
7544.73451213702  6.631756E-15
7546.63844772438  6.842244E-15
7548.54238331175  6.773738E-15
7550.44631889912  7.020456E-15
7552.35025448648  7.205127E-15
7554.25419007385  7.307929E-15
7556.15812566122  7.040576E-15
7558.06206124858  7.137197E-15
7559.96599683595  7.120251E-15
7561.86993242332  7.154864E-15
7563.77386801068  7.324761E-15
7565.67780359805  7.127341E-15
7567.58173918541  7.355182E-15
7569.48567477278  7.426588E-15
7571.38961036015  7.381278E-15
7573.29354594752  7.462310E-15
7575.19748153488  7.168244E-15
7577.10141712225  6.834745E-15
7579.00535270961  6.619204E-15
7580.90928829698  6.037760E-15
7582.81322388435  5.134809E-15
7584.71715947171  4.124534E-15
7586.62109505908  3.189925E-15
7588.52503064645  2.521186E-15
7590.42896623381  2.164168E-15
7592.33290182118  1.968802E-15
7594.23683740855  1.993179E-15
7596.14077299591  2.034104E-15
7598.04470858328  2.452696E-15
7599.94864417065  3.080882E-15
7601.85257975801  3.730786E-15
7603.75651534538  4.446950E-15
7605.66045093274  4.914895E-15
7607.56438652011  5.000202E-15
7609.46832210748  5.030675E-15
7611.37225769484  5.050378E-15
7613.27619328221  4.367038E-15
7615.18012886958  3.972397E-15
7617.08406445694  3.266872E-15
7618.98800004431  3.038265E-15
7620.89193563168  4.045204E-15
7622.79587121904  4.377351E-15
7624.69980680641  4.616760E-15
7626.60374239378  4.473379E-15
7628.50767798114  4.729033E-15
7630.41161356851  5.042872E-15
7632.31554915588  5.401270E-15
7634.21948474324  5.441105E-15
7636.12342033061  5.619036E-15
7638.02735591798  5.718322E-15
7639.93129150534  5.746113E-15
7641.83522709271  6.244475E-15
7643.73916268008  6.646256E-15
7645.64309826744  6.803327E-15
7647.54703385481  6.946926E-15
7649.45096944218  7.090460E-15
7651.35490502954  7.234110E-15
7653.25884061691  7.377726E-15
7655.16277620427  7.521289E-15
7657.06671179164  7.664889E-15
7658.97064737901  8.058216E-15
7660.87458296637  8.111702E-15
7662.77851855374  7.919743E-15
7664.68245414111  8.158569E-15
7666.58638972847  8.246814E-15
7668.49032531584  8.326172E-15
7670.39426090321  8.410791E-15
7672.29819649057  8.494872E-15
7674.20213207794  8.578953E-15
7676.10606766531  8.663035E-15
7678.01000325267  8.747103E-15
7679.91393884004  8.830825E-15
7681.81787442741  8.915256E-15
7683.72181001477  8.985125E-15
7685.62574560214  9.019569E-15
7687.52968118951  9.303210E-15
7689.43361677687  9.084687E-15
7691.33755236424  8.802543E-15
7693.24148795161  8.988638E-15
7695.14542353897  9.256263E-15
7697.04935912634  9.233716E-15
7698.9532947137  9.173904E-15
7700.85723030107  8.936054E-15
7702.76116588844  8.226350E-15
7704.6651014758  8.842872E-15
7706.56903706317  9.338149E-15
7708.47297265054  9.325374E-15
7710.3769082379  9.432525E-15
7712.28084382527  9.433988E-15
7714.18477941264  9.446544E-15
7716.088715  9.848946E-15
7717.99265058737  9.557197E-15
7719.89658617474  8.580069E-15
7721.8005217621  9.225646E-15
7723.70445734947  8.181867E-15
7725.60839293684  9.330782E-15
7727.5123285242  8.743432E-15
7729.41626411157  9.013423E-15
7731.32019969894  9.648202E-15
7733.2241352863  9.601927E-15
7735.12807087367  9.511657E-15
7737.03200646104  9.424111E-15
7738.9359420484  9.530440E-15
7740.83987763577  9.884227E-15
7742.74381322313  1.005671E-14
7744.6477488105  1.024473E-14
7746.55168439787  1.025299E-14
7748.45561998523  1.016449E-14
7750.3595555726  1.015242E-14
7752.26349115997  1.004255E-14
7754.16742674733  1.013297E-14
7756.0713623347  1.007447E-14
7757.97529792207  9.749279E-15
7759.87923350943  1.005648E-14
7761.7831690968  1.015813E-14
7763.68710468417  9.942661E-15
7765.59104027153  9.780281E-15
7767.4949758589  9.977909E-15
7769.39891144627  1.027579E-14
7771.30284703363  1.046779E-14
7773.206782621  1.016207E-14
7775.11071820836  9.994055E-15
7777.01465379573  1.053196E-14
7778.9185893831  1.065752E-14
7780.82252497047  1.041994E-14
7782.72646055783  1.016477E-14
7784.6303961452  1.023490E-14
7786.53433173256  1.044042E-14
7788.43826731993  1.055698E-14
7790.3422029073  1.026610E-14
7792.24613849466  1.007370E-14
7794.15007408203  1.016799E-14
7796.0540096694  9.887675E-15
7797.95794525676  9.992360E-15
7799.86188084413  1.010362E-14
7801.7658164315  1.010583E-14
7803.66975201886  1.064399E-14
7805.57368760623  1.132787E-14
7807.4776231936  1.109111E-14
7809.38155878096  1.053496E-14
7811.28549436833  1.047816E-14
7813.1894299557  1.067600E-14
7815.09336554306  1.027376E-14
7816.99730113043  9.923833E-15
7818.9012367178  1.007065E-14
7820.80517230516  9.888764E-15
7822.70910789253  1.003878E-14
7824.61304347989  1.012512E-14
7826.51697906726  9.934616E-15
7828.42091465463  1.020688E-14
7830.32485024199  1.054850E-14
7832.22878582936  1.020037E-14
7834.13272141673  1.029463E-14
7836.0366570041  1.051777E-14
7837.94059259146  1.014456E-14
7839.84452817883  1.018967E-14
7841.74846376619  1.045694E-14
7843.65239935356  9.970263E-15
7845.55633494093  9.791991E-15
7847.46027052829  9.863354E-15
7849.36420611566  1.004178E-14
7851.26814170303  9.889211E-15
7853.17207729039  9.611698E-15
7855.07601287776  9.689039E-15
7856.97994846513  9.716208E-15
7858.88388405249  9.953009E-15
7860.78781963986  9.997178E-15
7862.69175522723  9.873931E-15
7864.59569081459  9.953044E-15
7866.49962640196  1.020900E-14
7868.40356198933  1.015353E-14
7870.30749757669  9.790294E-15
7872.21143316406  1.006266E-14
7874.11536875143  1.005477E-14
7876.01930433879  9.544628E-15
7877.92323992616  9.732690E-15
7879.82717551352  9.399218E-15
7881.73111110089  9.127803E-15
7883.63504668826  9.104058E-15
7885.53898227562  9.499419E-15
7887.44291786299  9.163027E-15
7889.34685345036  9.630285E-15
7891.25078903772  9.357053E-15
7893.15472462509  9.640984E-15
7895.05866021246  9.792851E-15
7896.96259579982  9.691338E-15
7898.86653138719  9.528900E-15
7900.77046697455  9.294971E-15
7902.67440256192  9.254217E-15
7904.57833814929  9.391612E-15
7906.48227373666  9.337058E-15
7908.38620932402  9.155126E-15
7910.29014491139  9.257351E-15
7912.19408049876  9.033506E-15
7914.09801608612  8.950250E-15
7916.00195167349  9.074379E-15
7917.90588726085  8.943155E-15
7919.80982284822  9.069375E-15
7921.71375843559  8.945277E-15
7923.61769402295  9.121247E-15
7925.52162961032  8.888421E-15
7927.42556519769  8.874916E-15
7929.32950078505  8.890464E-15
7931.23343637242  8.755306E-15
7933.13737195979  8.737227E-15
7935.04130754715  8.771118E-15
7936.94524313452  8.365825E-15
7938.84917872189  8.227744E-15
7940.75311430925  8.537320E-15
7942.65704989662  8.356268E-15
7944.56098548399  8.121042E-15
7946.46492107135  8.401873E-15
7948.36885665872  8.279916E-15
7950.27279224609  7.944498E-15
7952.17672783345  8.024252E-15
7954.08066342082  8.102300E-15
7955.98459900819  8.004495E-15
7957.88853459555  7.771446E-15
7959.79247018292  7.531681E-15
7961.69640577029  7.580307E-15
7963.60034135765  7.974452E-15
7965.50427694502  7.925507E-15
7967.40821253239  7.458882E-15
7969.31214811975  7.650940E-15
7971.21608370712  7.464809E-15
7973.12001929448  7.216571E-15
7975.02395488185  7.067495E-15
7976.92789046922  6.897022E-15
7978.83182605658  7.000933E-15
7980.73576164395  7.334830E-15
7982.63969723132  6.940321E-15
7984.54363281868  6.877185E-15
7986.44756840605  7.120404E-15
7988.35150399342  6.906126E-15
7990.25543958078  6.889201E-15
7992.15937516815  6.822383E-15
7994.06331075552  6.376644E-15
7995.96724634288  6.185186E-15
7997.87118193025  6.133898E-15
7999.77511751762  6.076557E-15
8001.67905310498  6.096694E-15
8003.58298869235  5.955291E-15
8005.48692427971  5.826762E-15
8007.39085986708  5.791436E-15
8009.29479545445  5.645964E-15
8011.19873104181  5.612486E-15
8013.10266662918  5.732798E-15
8015.00660221655  5.607647E-15
8016.91053780391  5.560460E-15
8018.81447339128  5.390521E-15
8020.71840897865  5.268289E-15
8022.62234456601  5.350681E-15
8024.52628015338  5.367781E-15
8026.43021574075  5.407302E-15
8028.33415132811  5.341526E-15
8030.23808691548  5.259289E-15
8032.14202250284  5.138185E-15
8034.04595809021  5.040024E-15
8035.94989367758  4.530685E-15
8037.85382926494  4.470688E-15
8039.75776485231  4.517000E-15
8041.66170043968  4.574369E-15
8043.56563602704  4.774737E-15
8045.46957161441  4.628306E-15
8047.37350720178  4.553923E-15
8049.27744278914  4.662234E-15
8051.18137837651  4.700347E-15
8053.08531396388  4.485912E-15
8054.98924955124  4.559104E-15
8056.89318513861  4.451831E-15
8058.79712072598  4.224989E-15
8060.70105631335  4.178657E-15
8062.60499190071  4.175527E-15
8064.50892748808  4.064065E-15
8066.41286307544  4.007243E-15
8068.31679866281  4.006902E-15
8070.22073425018  3.872973E-15
8072.12466983754  3.924560E-15
8074.02860542491  4.048848E-15
8075.93254101228  3.640699E-15
8077.83647659964  3.598124E-15
8079.74041218701  3.862247E-15
8081.64434777438  3.901371E-15
8083.54828336174  3.571467E-15
8085.45221894911  3.535017E-15
8087.35615453648  3.737906E-15
8089.26009012384  3.626002E-15
8091.16402571121  3.575212E-15
8093.06796129857  3.494934E-15
8094.97189688594  3.295706E-15
8096.87583247331  3.442162E-15
8098.77976806068  3.295738E-15
8100.68370364804  2.974753E-15
8102.58763923541  3.157267E-15
8104.49157482277  3.322257E-15
8106.39551041014  3.273345E-15
8108.29944599751  3.407120E-15
8110.20338158487  3.523190E-15
8112.10731717224  3.329979E-15
8114.01125275961  3.254998E-15
8115.91518834697  3.284560E-15
8117.81912393434  2.793881E-15
8119.72305952171  2.822218E-15
8121.62699510907  2.626451E-15
8123.53093069644  2.785892E-15
8125.43486628381  3.005167E-15
8127.33880187117  2.753666E-15
8129.24273745854  2.886968E-15
8131.1466730459  2.788208E-15
8133.05060863327  2.899584E-15
8134.95454422064  2.721550E-15
8136.858479808  2.422566E-15
8138.76241539537  2.499002E-15
8140.66635098274  2.616198E-15
8142.5702865701  2.751670E-15
8144.47422215747  2.630804E-15
8146.37815774484  2.604946E-15
8148.2820933322  2.942615E-15
8150.18602891957  3.052620E-15
8152.08996450694  2.808036E-15
8153.9939000943  2.693458E-15
8155.89783568167  2.679118E-15
8157.80177126904  2.671920E-15
8159.7057068564  2.663280E-15
8161.60964244377  2.654640E-15
8163.51357803113  2.646000E-15
8165.4175136185  2.636350E-15
8167.32144920587  2.628719E-15
8169.22538479323  2.620078E-15
8171.1293203806  2.373177E-15
8173.03325596797  2.639816E-15
8174.93719155533  2.831247E-15
8176.8411271427  2.361644E-15
8178.74506273007  2.425864E-15
8180.64899831743  2.541548E-15
8182.5529339048  2.478790E-15
8184.45686949217  2.521435E-15
8186.36080507953  2.093645E-15
8188.2647406669  2.040347E-15
8190.16867625427  2.061318E-15
8192.07261184164  2.088690E-15
8193.976547429  2.233904E-15
8195.88048301637  2.199436E-15
8197.78441860373  2.571004E-15
8199.6883541911  2.330954E-15
8201.59228977847  2.639656E-15
8203.49622536583  2.407375E-15
8205.4001609532  2.558943E-15
8207.30409654056  2.409399E-15
8209.20803212793  2.166353E-15
8211.1119677153  2.028129E-15
8213.01590330267  2.401971E-15
8214.91983889003  2.308951E-15
8216.8237744774  2.448419E-15
8218.72771006477  2.208624E-15
8220.63164565213  1.943210E-15
8222.5355812395  1.771885E-15
8224.43951682686  1.911786E-15
8226.34345241423  2.017189E-15
8228.2473880016  2.275963E-15
8230.15132358897  2.569588E-15
8232.05525917633  2.792375E-15
8233.9591947637  2.198685E-15
8235.86313035106  2.440201E-15
8237.76706593843  2.451777E-15
8239.6710015258  2.679725E-15
8241.57493711316  2.731332E-15
8243.47887270053  2.899934E-15
8245.3828082879  2.733332E-15
8247.28674387526  2.436397E-15
8249.19067946263  2.624127E-15
8251.09461505  2.385439E-15
8252.99855063736  2.943003E-15
8254.90248622473  2.571057E-15
8256.8064218121  2.320121E-15
8258.71035739946  2.350674E-15
8260.61429298683  2.649275E-15
8262.51822857419  2.811273E-15
8264.42216416156  2.380543E-15
8266.32609974893  2.483366E-15
8268.23003533629  2.539061E-15
8270.13397092366  2.759449E-15
8272.03790651103  2.423996E-15
8273.94184209839  3.118942E-15
8275.84577768576  2.631778E-15
8277.74971327313  2.675117E-15
8279.65364886049  2.616625E-15
8281.55758444786  2.856135E-15
8283.46152003523  2.711630E-15
8285.36545562259  3.369094E-15
8287.26939120996  3.186602E-15
8289.17332679733  3.319640E-15
8291.07726238469  3.164518E-15
8292.98119797206  2.963664E-15
8294.88513355942  2.863391E-15
8296.78906914679  3.214892E-15
8298.69300473416  3.503119E-15
8300.59694032152  3.006954E-15
8302.50087590889  3.303588E-15
8304.40481149626  3.507454E-15
8306.30874708362  3.437268E-15
8308.21268267099  3.228624E-15
8310.11661825836  3.237089E-15
8312.02055384572  3.156105E-15
8313.92448943309  3.457213E-15
8315.82842502046  3.233362E-15
8317.73236060782  3.499454E-15
8319.63629619519  3.435590E-15
8321.54023178255  3.699809E-15
8323.44416736992  3.881391E-15
8325.34810295729  3.548690E-15
8327.25203854465  3.626309E-15
8329.15597413202  3.967862E-15
8331.05990971939  3.523626E-15
8332.96384530676  3.795082E-15
8334.86778089412  3.821354E-15
8336.77171648149  4.192223E-15
8338.67565206886  3.775914E-15
8340.57958765622  4.157671E-15
8342.48352324359  4.099776E-15
8344.38745883096  3.382773E-15
8346.29139441832  3.918519E-15
8348.19533000569  3.941315E-15
8350.09926559306  4.418182E-15
8352.00320118042  4.008110E-15
8353.90713676779  4.239318E-15
8355.81107235516  4.283915E-15
8357.71500794252  4.587666E-15
8359.61894352989  4.725299E-15
8361.52287911725  4.403767E-15
8363.42681470462  4.386022E-15
8365.33075029199  4.839247E-15
8367.23468587935  4.650016E-15
8369.13862146672  4.602841E-15
8371.04255705409  4.425623E-15
8372.94649264145  4.465005E-15
8374.85042822882  4.884241E-15
8376.75436381619  4.517811E-15
8378.65829940355  4.327571E-15
8380.56223499092  4.735908E-15
8382.46617057829  5.161984E-15
8384.37010616565  5.345225E-15
8386.27404175302  5.585035E-15
8388.17797734039  5.270631E-15
8390.08191292775  5.219055E-15
8391.98584851512  5.630011E-15
8393.88978410248  5.692716E-15
8395.79371968985  5.547384E-15
8397.69765527722  5.374591E-15
8399.60159086458  5.775981E-15
8401.50552645195  5.339869E-15
8403.40946203932  5.358165E-15
8405.31339762668  5.216756E-15
8407.21733321405  5.226225E-15
8409.12126880142  5.472448E-15
8411.02520438878  5.711436E-15
8412.92913997615  6.161573E-15
8414.83307556352  6.021995E-15
8416.73701115088  5.842685E-15
8418.64094673825  5.157155E-15
8420.54488232562  6.437488E-15
8422.44881791298  6.102914E-15
8424.35275350035  6.222097E-15
8426.25668908772  6.198390E-15
8428.16062467508  5.605753E-15
8430.06456026245  6.030397E-15
8431.96849584981  6.736232E-15
8433.87243143718  5.928138E-15
8435.77636702455  5.805952E-15
8437.68030261191  5.799280E-15
8439.58423819928  5.522384E-15
8441.48817378665  6.318464E-15
8443.39210937401  6.487006E-15
8445.29604496138  5.952864E-15
8447.19998054875  5.879399E-15
8449.10391613611  6.394821E-15
8451.00785172348  6.414668E-15
8452.91178731085  6.559968E-15
8454.81572289821  6.783865E-15
8456.71965848558  6.322345E-15
8458.62359407295  6.076305E-15
8460.52752966031  6.257455E-15
8462.43146524768  6.568685E-15
8464.33540083505  6.789525E-15
8466.23933642241  6.973196E-15
8468.14327200978  6.574361E-15
8470.04720759714  6.873116E-15
8471.95114318451  6.850583E-15
8473.85507877188  6.449720E-15
8475.75901435924  6.352362E-15
8477.66294994661  6.635217E-15
8479.56688553398  6.676720E-15
8481.47082112135  6.637826E-15
8483.37475670871  6.416452E-15
8485.27869229608  6.192773E-15
8487.18262788344  6.606029E-15
8489.08656347081  7.155180E-15
8490.99049905818  6.320368E-15
8492.89443464554  6.193205E-15
8494.79837023291  6.215792E-15
8496.70230582028  6.416945E-15
8498.60624140764  6.974932E-15
8500.51017699501  6.197802E-15
8502.41411258238  6.491560E-15
8504.31804816974  6.455020E-15
8506.22198375711  6.389095E-15
8508.12591934448  6.102630E-15
8510.02985493184  5.894672E-15
8511.93379051921  6.076769E-15
8513.83772610657  6.209176E-15
8515.74166169394  6.286880E-15
8517.64559728131  6.430777E-15
8519.54953286868  6.350200E-15
8521.45346845604  5.678800E-15
8523.35740404341  5.761537E-15
8525.26133963077  6.572957E-15
8527.16527521814  5.991128E-15
8529.06921080551  5.720747E-15
8530.97314639287  6.072349E-15
8532.87708198024  5.803198E-15
8534.78101756761  5.495694E-15
8536.68495315497  5.903756E-15
8538.58888874234  6.155585E-15
8540.49282432971  5.330725E-15
8542.39675991707  5.353965E-15
8544.30069550444  5.377568E-15
8546.20463109181  5.323926E-15
8548.10856667917  5.318214E-15
8550.01250226654  5.786340E-15
8551.9164378539  5.400464E-15
8553.82037344127  6.014177E-15
8555.72430902864  5.764367E-15
8557.62824461601  5.780089E-15
8559.53218020337  5.453136E-15
8561.43611579074  5.449843E-15
8563.34005137811  5.631494E-15
8565.24398696547  5.511150E-15
8567.14792255284  5.293773E-15
8569.0518581402  5.648581E-15
8570.95579372757  5.602071E-15
8572.85972931494  5.322056E-15
8574.76366490231  5.208139E-15
8576.66760048967  5.320626E-15
8578.57153607704  5.430733E-15
8580.4754716644  4.981419E-15
8582.37940725177  4.998677E-15
8584.28334283914  5.323209E-15
8586.1872784265  5.462965E-15
8588.09121401387  4.868562E-15
8589.99514960124  4.755460E-15
8591.8990851886  4.908896E-15
8593.80302077597  4.922781E-15
8595.70695636334  5.409761E-15
8597.6108919507  5.809008E-15
8599.51482753807  5.204090E-15
8601.41876312544  4.412209E-15
8603.3226987128  4.177733E-15
8605.22663430017  4.631298E-15
8607.13056988753  5.300905E-15
8609.0345054749  5.024720E-15
8610.93844106227  4.458212E-15
8612.84237664964  4.352248E-15
8614.746312237  3.966634E-15
8616.65024782437  4.376148E-15
8618.55418341174  4.244077E-15
8620.4581189991  4.690926E-15
8622.36205458647  4.746041E-15
8624.26599017383  4.487108E-15
8626.1699257612  4.492582E-15
8628.07386134857  4.164969E-15
8629.97779693593  4.089057E-15
8631.8817325233  4.372764E-15
8633.78566811067  4.145798E-15
8635.68960369803  4.073940E-15
8637.5935392854  4.024305E-15
8639.49747487277  4.090125E-15
8641.40141046013  4.277110E-15
8643.3053460475  3.808578E-15
8645.20928163487  3.987646E-15
8647.11321722223  4.267395E-15
8649.0171528096  3.954702E-15
8650.92108839697  3.655713E-15
8652.82502398433  3.377669E-15
8654.7289595717  3.203744E-15
8656.63289515906  3.599057E-15
8658.53683074643  3.609237E-15
8660.4407663338  3.130765E-15
8662.34470192116  3.427280E-15
8664.24863750853  3.427213E-15
8666.1525730959  3.750883E-15
8668.05650868326  4.113940E-15
8669.96044427063  3.586329E-15
8671.864379858  3.413158E-15
8673.76831544536  3.386458E-15
8675.67225103273  3.206735E-15
8677.5761866201  2.846043E-15
8679.48012220746  2.717791E-15
8681.38405779483  2.982940E-15
8683.28799338219  3.134120E-15
8685.19192896956  3.021349E-15
8687.09586455693  2.947600E-15
8688.9998001443  3.267613E-15
8690.90373573166  3.479655E-15
8692.80767131903  2.836483E-15
8694.71160690639  2.699281E-15
8696.61554249376  2.389363E-15
8698.51947808113  2.228750E-15
8700.42341366849  2.457660E-15
8702.32734925586  2.811338E-15
8704.23128484323  2.702376E-15
8706.13522043059  2.279321E-15
8708.03915601796  2.168742E-15
8709.94309160533  2.065290E-15
8711.84702719269  2.262597E-15
8713.75096278006  2.506721E-15
8715.65489836743  2.679000E-15
8717.55883395479  2.213069E-15
8719.46276954216  2.567468E-15
8721.36670512952  2.251814E-15
8723.27064071689  2.039381E-15
8725.17457630426  2.326744E-15
8727.07851189163  2.231950E-15
8728.98244747899  2.204798E-15
8730.88638306636  2.293592E-15
8732.79031865372  2.004692E-15
8734.69425424109  1.261680E-15
8736.59818982846  2.103215E-15
8738.50212541582  1.879018E-15
8740.40606100319  2.644562E-15
8742.30999659056  2.195899E-15
8744.21393217792  2.205952E-15
8746.11786776529  2.042868E-15
8748.02180335266  1.852031E-15
