3269.21160177261  0.175492
3271.20502348101  0.0194337
3273.19844518941  0.078873
3275.1918668978  0.0539593
3277.1852886062  -0.0202831
3279.1787103146  0.00786428
3281.172132023  0.0244366
3283.16555373139  0.00413026
3285.15897543979  0.045219
3287.15239714819  0.0473759
3289.14581885659  0.0343524
3291.13924056499  0.0206174
3293.13266227338  0.0590232
3295.12608398178  0.0580084
3297.11950569018  0.0403799
3299.11292739858  0.0550449
3301.10634910698  0.0802453
3303.09977081537  0.0198306
3305.09319252377  -0.0380351
3307.08661423217  0.0981391
3309.08003594057  0.0806101
3311.07345764897  0.0275866
3313.06687935736  0.0245222
3315.06030106576  0.0288185
3317.05372277416  0.0249105
3319.04714448256  0.00545906
3321.04056619096  0.0356454
3323.03398789935  -0.0174854
3325.02740960775  0.0512579
3327.02083131615  0.0408652
3329.01425302455  0.0743243
3331.00767473295  0.0247152
3333.00109644134  -0.010477
3334.99451814974  0.00782403
3336.98793985814  0.0754699
3338.98136156654  0.0420441
3340.97478327494  0.0335078
3342.96820498333  0.072563
3344.96162669173  0.0143101
3346.95504840013  0.0486952
3348.94847010853  0.0506389
3350.94189181693  0.00698874
3352.93531352532  0.00372163
3354.92873523372  0.020418
3356.92215694212  0.0614036
3358.91557865052  0.0488791
3360.90900035891  -0.00141132
3362.90242206731  -0.0238084
3364.89584377571  0.0114431
3366.88926548411  -0.0113164
3368.88268719251  0.0469208
3370.8761089009  0.103926
3372.8695306093  0.0325869
3374.8629523177  0.0249869
3376.8563740261  0.0143276
3378.8497957345  0.014294
3380.84321744289  -0.0480732
3382.83663915129  -9.748950E-4
3384.83006085969  0.0292134
3386.82348256809  0.0477822
3388.81690427649  0.0289332
3390.81032598488  0.0197244
3392.80374769328  -0.00301761
3394.79716940168  0.00999072
3396.79059111008  0.0566458
3398.78401281848  -0.0286823
3400.77743452687  0.0292367
3402.77085623527  0.0494173
3404.76427794367  0.0334517
3406.75769965207  0.0193004
3408.75112136046  0.0568608
3410.74454306886  0.0657238
3412.73796477726  0.0356267
3414.73138648566  0.017345
3416.72480819406  0.030614
3418.71822990245  0.0377749
3420.71165161085  0.0308089
3422.70507331925  0.0194165
3424.69849502765  0.0192468
3426.69191673605  0.039595
3428.68533844444  0.0251408
3430.67876015284  0.0430441
3432.67218186124  0.0276999
3434.66560356964  0.0489237
3436.65902527804  0.0764444
3438.65244698643  0.0292219
3440.64586869483  0.0164359
3442.63929040323  0.0568911
3444.63271211163  0.0912748
3446.62613382003  0.107437
3448.61955552842  0.086871
3450.61297723682  0.0492436
3452.60639894522  0.0251975
3454.59982065362  0.0246463
3456.59324236202  0.0481285
3458.58666407041  0.0368451
3460.58008577881  0.0420759
3462.57350748721  0.053611
3464.56692919561  0.0719439
3466.56035090401  0.059717
3468.5537726124  0.067471
3470.5471943208  0.0759268
3472.5406160292  0.0647226
3474.5340377376  0.0664075
3476.52745944599  0.075058
3478.52088115439  0.0569327
3480.51430286279  0.0438373
3482.50772457119  0.0286605
3484.50114627959  0.0489287
3486.49456798798  0.0464747
3488.48798969638  0.0479132
3490.48141140478  0.0738633
3492.47483311318  0.0595363
3494.46825482158  0.062747
3496.46167652997  0.0611337
3498.45509823837  0.0552269
3500.44851994677  0.0539473
3502.44194165517  0.0602075
3504.43536336356  0.0343797
3506.42878507196  0.0451968
3508.42220678036  0.0587983
3510.41562848876  0.0553683
3512.40905019716  0.0238817
3514.40247190555  0.0314192
3516.39589361395  0.0384413
3518.38931532235  0.0522991
3520.38273703075  0.0497327
3522.37615873915  0.0505681
3524.36958044755  0.0871895
3526.36300215594  0.0586419
3528.35642386434  0.0488667
3530.34984557274  0.0635111
3532.34326728114  0.0504658
3534.33668898953  0.0601709
3536.33011069793  0.0938393
3538.32353240633  0.107053
3540.31695411473  0.0519358
3542.31037582313  0.0675479
3544.30379753152  0.0902972
3546.29721923992  0.0679559
3548.29064094832  0.066434
3550.28406265672  0.0680107
3552.27748436512  0.0157886
3554.27090607351  0.0289243
3556.26432778191  0.0628781
3558.25774949031  0.0806939
3560.25117119871  0.0813643
3562.24459290711  0.0866425
3564.2380146155  0.0915196
3566.2314363239  0.0943411
3568.2248580323  0.0361148
3570.2182797407  0.035879
3572.2117014491  0.052328
3574.20512315749  0.0499179
3576.19854486589  0.0286681
3578.19196657429  0.0575623
3580.18538828269  0.0647161
3582.17880999108  0.0431559
3584.17223169948  0.0501745
3586.16565340788  0.0206876
3588.15907511628  0.0318361
3590.15249682468  0.0552708
3592.14591853308  0.0652073
3594.13934024147  0.0574375
3596.13276194987  0.0350564
3598.12618365827  0.0423925
3600.11960536667  0.0723944
3602.11302707506  0.0619005
3604.10644878346  0.0861203
3606.09987049186  0.0761942
3608.09329220026  0.0746802
3610.08671390866  0.0712391
3612.08013561705  0.0609437
3614.07355732545  0.0573615
3616.06697903385  0.0804253
3618.06040074225  0.101232
3620.05382245065  0.0950188
3622.04724415904  0.0753113
3624.04066586744  0.0716265
3626.03408757584  0.0661638
3628.02750928424  0.0683037
3630.02093099264  0.0771071
3632.01435270103  0.0676729
3634.00777440943  0.0776095
3636.00119611783  0.0685858
3637.99461782623  0.106977
3639.98803953462  0.119969
3641.98146124302  0.101277
3643.97488295142  0.0766818
3645.96830465982  0.0925431
3647.96172636822  0.0828269
3649.95514807661  0.0777308
3651.94856978501  0.0891487
3653.94199149341  0.0929917
3655.93541320181  0.0739872
3657.92883491021  0.0775219
3659.9222566186  0.0834431
3661.915678327  0.0873328
3663.9091000354  0.0809008
3665.9025217438  0.0892486
3667.8959434522  0.0793923
3669.88936516059  0.0662856
3671.88278686899  0.0536924
3673.87620857739  0.0661023
3675.86963028579  0.0676491
3677.86305199419  0.0843869
3679.85647370258  0.0781239
3681.84989541098  0.0733411
3683.84331711938  0.0846155
3685.83673882778  0.0720978
3687.83016053618  0.0686302
3689.82358224457  0.0594498
3691.81700395297  0.0687165
3693.81042566137  0.0635893
3695.80384736977  0.0584982
3697.79726907816  0.0733667
3699.79069078656  0.0654465
3701.78411249496  0.0692605
3703.77753420336  0.0861716
3705.77095591176  0.0928818
3707.76437762015  0.0918
3709.75779932855  0.0821234
3711.75122103695  0.080424
3713.74464274535  0.0989172
3715.73806445375  0.0915388
3717.73148616214  0.0707129
3719.72490787054  0.0692333
3721.71832957894  0.0786513
3723.71175128734  0.0884698
3725.70517299574  0.086602
3727.69859470413  0.0838374
3729.69201641253  0.0879649
3731.68543812093  0.0856904
3733.67885982933  0.0727947
3735.67228153773  0.0629057
3737.66570324612  0.07217
3739.65912495452  0.0933566
3741.65254666292  0.0902592
3743.64596837132  0.0624377
3745.63939007972  0.0753533
3747.63281178811  0.0716295
3749.62623349651  0.076617
3751.61965520491  0.0828469
3753.61307691331  0.0802966
3755.6064986217  0.0806239
3757.5999203301  0.0663881
3759.5933420385  0.0600301
3761.5867637469  0.0593098
3763.5801854553  0.059797
3765.57360716369  0.0603885
3767.56702887209  0.0691758
3769.56045058049  0.0678428
3771.55387228889  0.064911
3773.54729399729  0.074114
3775.54071570568  0.0835276
3777.53413741408  0.063601
3779.52755912248  0.0767156
3781.52098083088  0.0834049
3783.51440253928  0.0704814
3785.50782424767  0.057787
3787.50124595607  0.0469097
3789.49466766447  0.0502212
3791.48808937287  0.058398
3793.48151108127  0.0563388
3795.47493278966  0.0606861
3797.46835449806  0.0540039
3799.46177620646  0.052083
3801.45519791486  0.0495908
3803.44861962325  0.0626926
3805.44204133165  0.0600858
3807.43546304005  0.0902227
3809.42888474845  0.052412
3811.42230645685  0.0453324
3813.41572816524  0.0604642
3815.40914987364  0.0457788
3817.40257158204  0.048635
3819.39599329044  0.0426772
3821.38941499884  0.0385391
3823.38283670723  0.0274323
3825.37625841563  0.048714
3827.36968012403  0.0777249
3829.36310183243  0.0647457
3831.35652354083  0.0646242
3833.34994524922  0.0737816
3835.34336695762  0.0806007
3837.33678866602  0.073551
3839.33021037442  0.066415
3841.32363208282  0.0593375
3843.31705379121  0.0678997
3845.31047549961  0.0636148
3847.30389720801  0.077522
3849.29731891641  0.0758903
3851.29074062481  0.0732199
3853.2841623332  0.07034
3855.2775840416  0.0525807
3857.27100575  0.0696649
3859.2644274584  0.0840173
3861.25784916679  0.0772346
3863.25127087519  0.0815014
3865.24469258359  0.0958957
3867.23811429199  0.0889535
3869.23153600039  0.100712
3871.22495770878  0.0932553
3873.21837941718  0.0906043
3875.21180112558  0.0926241
3877.20522283398  0.104916
3879.19864454238  0.119006
3881.19206625077  0.119488
3883.18548795917  0.125104
3885.17890966757  0.122324
3887.17233137597  0.123186
3889.16575308437  0.128122
3891.15917479276  0.121481
3893.15259650116  0.137111
3895.14601820956  0.162881
3897.13943991796  0.15142
3899.13286162636  0.161868
3901.12628333475  0.159878
3903.11970504315  0.148247
3905.11312675155  0.158092
3907.10654845995  0.174158
3909.09997016835  0.183398
3911.09339187674  0.169111
3913.08681358514  0.171312
3915.08023529354  0.205572
3917.07365700194  0.195303
3919.06707871034  0.197471
3921.06050041873  0.198177
3923.05392212713  0.206694
3925.04734383553  0.216227
3927.04076554393  0.236888
3929.03418725232  0.246895
3931.02760896072  0.2314
3933.02103066912  0.230283
3935.01445237752  0.22425
3937.00787408592  0.248419
3939.00129579431  0.279005
3940.99471750271  0.288786
3942.98813921111  0.274689
3944.98156091951  0.282512
3946.97498262791  0.28753
3948.9684043363  0.304772
3950.9618260447  0.314361
3952.9552477531  0.301136
3954.9486694615  0.30114
3956.9420911699  0.323086
3958.93551287829  0.322601
3960.92893458669  0.314641
3962.92235629509  0.327319
3964.91577800349  0.328707
3966.90919971189  0.309578
3968.90262142028  0.313086
3970.89604312868  0.305612
3972.88946483708  0.3201
3974.88288654548  0.30987
3976.87630825388  0.310838
3978.86972996227  0.318517
3980.86315167067  0.314007
3982.85657337907  0.317842
3984.84999508747  0.305663
3986.84341679587  0.305816
3988.83683850426  0.294174
3990.83026021266  0.310135
3992.82368192106  0.333128
3994.81710362946  0.303978
3996.81052533785  0.292095
3998.80394704625  0.304618
4000.79736875465  0.296122
4002.79079046305  0.28856
4004.78421217145  0.303748
4006.77763387984  0.303352
4008.77105558824  0.315523
4010.76447729664  0.3278
4012.75789900504  0.314194
4014.75132071344  0.313671
4016.74474242183  0.317681
4018.73816413023  0.316931
4020.73158583863  0.3232
4022.72500754703  0.338691
4024.71842925543  0.339913
4026.71185096382  0.335751
4028.70527267222  0.328527
4030.69869438062  0.326238
4032.69211608902  0.320611
4034.68553779742  0.292628
4036.67895950581  0.329384
4038.67238121421  0.357642
4040.66580292261  0.34976
4042.65922463101  0.314736
4044.6526463394  0.299652
4046.6460680478  0.322509
4048.6394897562  0.334909
4050.6329114646  0.315577
4052.626333173  0.312492
4054.61975488139  0.316088
4056.61317658979  0.307906
4058.60659829819  0.29864
4060.60002000659  0.303111
4062.59344171499  0.316519
4064.58686342338  0.325887
4066.58028513178  0.298671
4068.57370684018  0.281517
4070.56712854858  0.28037
4072.56055025697  0.282139
4074.55397196537  0.299616
4076.54739367377  0.280199
4078.54081538217  0.257551
4080.53423709057  0.268864
4082.52765879896  0.25493
4084.52108050736  0.245326
4086.51450221576  0.236749
4088.50792392416  0.26502
4090.50134563256  0.240203
4092.49476734096  0.208371
4094.48818904935  0.20667
4096.48161075775  0.217746
4098.47503246615  0.21943
4100.46845417455  0.222282
4102.46187588294  0.233688
4104.45529759134  0.227368
4106.44871929974  0.2076
4108.44214100814  0.213492
4110.43556271654  0.202234
4112.42898442493  0.199351
4114.42240613333  0.196326
4116.41582784173  0.204047
4118.40924955013  0.211935
4120.40267125853  0.193683
4122.39609296692  0.200665
4124.38951467532  0.224983
4126.38293638372  0.220114
4128.37635809212  0.202727
4130.36977980052  0.200856
4132.36320150891  0.207278
4134.35662321731  0.194854
4136.35004492571  0.179455
4138.34346663411  0.191646
4140.33688834251  0.191725
4142.3303100509  0.178901
4144.3237317593  0.182797
4146.3171534677  0.188632
4148.3105751761  0.176842
4150.3039968845  0.160839
4152.29741859289  0.157523
4154.29084030129  0.164984
4156.28426200969  0.169975
4158.27768371809  0.165228
4160.27110542648  0.1496
4162.26452713488  0.155599
4164.25794884328  0.160965
4166.25137055168  0.156552
4168.24479226008  0.144958
4170.23821396847  0.14468
4172.23163567687  0.153612
4174.22505738527  0.158634
4176.21847909367  0.156253
4178.21190080207  0.152839
4180.20532251046  0.16445
4182.19874421886  0.17118
4184.19216592726  0.163845
4186.18558763566  0.15329
4188.17900934406  0.149322
4190.17243105245  0.1623
4192.16585276085  0.171578
4194.15927446925  0.176361
4196.15269617765  0.181992
4198.14611788605  0.182471
4200.13953959444  0.174587
4202.13296130284  0.172276
4204.12638301124  0.175647
4206.11980471964  0.172768
4208.11322642803  0.179955
4210.10664813643  0.177458
4212.10006984483  0.177832
4214.09349155323  0.180989
4216.08691326163  0.188245
4218.08033497002  0.187405
4220.07375667842  0.174683
4222.06717838682  0.174299
4224.06060009522  0.172598
4226.05402180362  0.17037
4228.04744351201  0.160272
4230.04086522041  0.170482
4232.03428692881  0.19636
4234.02770863721  0.193647
4236.02113034561  0.172058
4238.014552054  0.171186
4240.0079737624  0.17703
4242.0013954708  0.17193
4243.9948171792  0.164389
4245.9882388876  0.168419
4247.98166059599  0.161415
4249.97508230439  0.165599
4251.96850401279  0.171803
4253.96192572119  0.174818
4255.95534742959  0.170047
4257.94876913798  0.186842
4259.94219084638  0.189044
4261.93561255478  0.18311
4263.92903426318  0.182123
4265.92245597157  0.184344
4267.91587767997  0.192136
4269.90929938837  0.19942
4271.90272109677  0.183503
4273.89614280517  0.187698
4275.88956451356  0.186623
4277.88298622196  0.195502
4279.87640793036  0.203587
4281.86982963876  0.215649
4283.86325134716  0.212209
4285.85667305555  0.219366
4287.85009476395  0.220255
4289.84351647235  0.222298
4291.83693818075  0.21192
4293.83035988915  0.208178
4295.82378159754  0.217058
4297.81720330594  0.212541
4299.81062501434  0.208271
4301.80404672274  0.220182
4303.79746843114  0.223512
4305.79089013953  0.225461
4307.78431184793  0.23316
4309.77773355633  0.209457
4311.77115526473  0.213335
4313.76457697313  0.211217
4315.75799868152  0.200146
4317.75142038992  0.201373
4319.74484209832  0.213337
4321.73826380672  0.211625
4323.73168551512  0.20721
4325.72510722351  0.198907
4327.71852893191  0.199309
4329.71195064031  0.20996
4331.70537234871  0.220621
4333.6987940571  0.217445
4335.6922157655  0.193173
4337.6856374739  0.209742
4339.6790591823  0.214898
4341.6724808907  0.20073
4343.66590259909  0.238043
4345.65932430749  0.23844
4347.65274601589  0.207449
4349.64616772429  0.209931
4351.63958943269  0.217459
4353.63301114108  0.21969
4355.62643284948  0.192398
4357.61985455788  0.198703
4359.61327626628  0.227504
4361.60669797468  0.230681
4363.60011968307  0.214674
4365.59354139147  0.206826
4367.58696309987  0.202668
4369.58038480827  0.220881
4371.57380651667  0.238783
4373.56722822506  0.221947
4375.56064993346  0.21721
4377.55407164186  0.213148
4379.54749335026  0.216404
4381.54091505866  0.239692
4383.53433676705  0.210992
4385.52775847545  0.208976
4387.52118018385  0.209437
4389.51460189225  0.206953
4391.50802360064  0.209654
4393.50144530904  0.21098
4395.49486701744  0.206433
4397.48828872584  0.187947
4399.48171043424  0.19366
4401.47513214263  0.199338
4403.46855385103  0.19457
4405.46197555943  0.193982
4407.45539726783  0.200882
4409.44881897623  0.204769
4411.44224068462  0.206797
4413.43566239302  0.207809
4415.42908410142  0.197053
4417.42250580982  0.196458
4419.41592751821  0.194576
4421.40934922661  0.19535
4423.40277093501  0.194802
4425.39619264341  0.204415
4427.38961435181  0.206562
4429.3830360602  0.197092
4431.3764577686  0.206139
4433.369879477  0.207443
4435.3633011854  0.193241
4437.3567228938  0.190759
4439.35014460219  0.196437
4441.34356631059  0.191405
4443.33698801899  0.195498
4445.33040972739  0.205752
4447.32383143579  0.211824
4449.31725314418  0.208773
4451.31067485258  0.195653
4453.30409656098  0.196972
4455.29751826938  0.205831
4457.29093997778  0.212775
4459.28436168617  0.210084
4461.27778339457  0.206569
4463.27120510297  0.217801
4465.26462681137  0.211911
4467.25804851977  0.217511
4469.25147022816  0.210392
4471.24489193656  0.227125
4473.23831364496  0.22754
4475.23173535336  0.218465
4477.22515706176  0.222128
4479.21857877015  0.216542
4481.21200047855  0.217924
4483.20542218695  0.232431
4485.19884389535  0.2436
4487.19226560375  0.240001
4489.18568731214  0.242621
4491.17910902054  0.246505
4493.17253072894  0.255746
4495.16595243734  0.26365
4497.15937414573  0.277175
4499.15279585413  0.272353
4501.14621756253  0.277401
4503.13963927093  0.278203
4505.13306097933  0.281023
4507.12648268772  0.29719
4509.11990439612  0.302004
4511.11332610452  0.300113
4513.10674781292  0.303533
4515.10016952132  0.321907
4517.09359122971  0.352171
4519.08701293811  0.339229
4521.08043464651  0.340117
4523.07385635491  0.358345
4525.06727806331  0.360038
4527.0606997717  0.37846
4529.0541214801  0.391127
4531.0475431885  0.386208
4533.0409648969  0.407145
4535.0343866053  0.410278
4537.02780831369  0.402093
4539.02123002209  0.416667
4541.01465173049  0.440701
4543.00807343889  0.451698
4545.00149514729  0.454333
4546.99491685568  0.469232
4548.98833856408  0.484859
4550.98176027248  0.487777
4552.97518198088  0.484931
4554.96860368927  0.497431
4556.96202539767  0.520277
4558.95544710607  0.533122
4560.94886881447  0.535045
4562.94229052287  0.552442
4564.93571223126  0.552902
4566.92913393966  0.55868
4568.92255564806  0.564138
4570.91597735646  0.569433
4572.90939906486  0.563379
4574.90282077325  0.564571
4576.89624248165  0.552325
4578.88966419005  0.558794
4580.88308589845  0.556952
4582.87650760685  0.557762
4584.86992931524  0.542328
4586.86335102364  0.530381
4588.85677273204  0.540387
4590.85019444044  0.543719
4592.84361614883  0.559852
4594.83703785723  0.573254
4596.83045956563  0.568029
4598.82388127403  0.552234
4600.81730298243  0.563694
4602.81072469082  0.586305
4604.80414639922  0.573096
4606.79756810762  0.561174
4608.79098981602  0.567937
4610.78441152442  0.567702
4612.77783323281  0.569594
4614.77125494121  0.550055
4616.76467664961  0.536634
4618.75809835801  0.52688
4620.75152006641  0.520978
4622.7449417748  0.53077
4624.7383634832  0.522397
4626.7317851916  0.528421
4628.7252069  0.536961
4630.7186286084  0.547046
4632.71205031679  0.554432
4634.70547202519  0.550271
4636.69889373359  0.551429
4638.69231544199  0.556858
4640.68573715039  0.553125
4642.67915885878  0.567711
4644.67258056718  0.56519
4646.66600227558  0.550834
4648.65942398398  0.546277
4650.65284569238  0.538377
4652.64626740077  0.535029
4654.63968910917  0.545746
4656.63311081757  0.537184
4658.62653252597  0.531895
4660.61995423437  0.526082
4662.61337594276  0.51867
4664.60679765116  0.506395
4666.60021935956  0.490976
4668.59364106796  0.492524
4670.58706277635  0.498584
4672.58048448475  0.509793
4674.57390619315  0.4959
4676.56732790155  0.467426
4678.56074960995  0.461864
4680.55417131834  0.461518
4682.54759302674  0.455252
4684.54101473514  0.4497
4686.53443644354  0.443137
4688.52785815194  0.427344
4690.52127986033  0.418328
4692.51470156873  0.423097
4694.50812327713  0.409481
4696.50154498553  0.396503
4698.49496669393  0.396856
4700.48838840232  0.40655
4702.48181011072  0.397647
4704.47523181912  0.385106
4706.46865352752  0.384824
4708.46207523592  0.385176
4710.45549694431  0.384331
4712.44891865271  0.38128
4714.44234036111  0.374989
4716.43576206951  0.346267
4718.4291837779  0.36097
4720.4226054863  0.358987
4722.4160271947  0.368579
4724.4094489031  0.36936
4726.4028706115  0.368903
4728.39629231989  0.365226
4730.38971402829  0.350694
4732.38313573669  0.32862
4734.37655744509  0.33794
4736.36997915349  0.345058
4738.36340086188  0.340674
4740.35682257028  0.332307
4742.35024427868  0.327803
4744.34366598708  0.335647
4746.33708769547  0.330885
4748.33050940387  0.323009
4750.32393111227  0.331718
4752.31735282067  0.324517
4754.31077452907  0.310072
4756.30419623746  0.301056
4758.29761794586  0.306754
4760.29103965426  0.2927
4762.28446136266  0.274802
4764.27788307106  0.276643
4766.27130477946  0.276893
4768.26472648785  0.278254
4770.25814819625  0.28371
4772.25156990465  0.285342
4774.24499161305  0.287278
4776.23841332144  0.280568
4778.23183502984  0.283539
4780.22525673824  0.297531
4782.21867844664  0.296239
4784.21210015504  0.295441
4786.20552186343  0.296055
4788.19894357183  0.300724
4790.19236528023  0.277704
4792.18578698863  0.301481
4794.17920869703  0.323377
4796.17263040542  0.3208
4798.16605211382  0.312259
4800.15947382222  0.303501
4802.15289553062  0.295467
4804.14631723902  0.312546
4806.13973894741  0.321366
4808.13316065581  0.303412
4810.12658236421  0.300563
4812.12000407261  0.29573
4814.113425781  0.302985
4816.1068474894  0.305848
4818.1002691978  0.301588
4820.0936909062  0.298152
4822.0871126146  0.309646
4824.080534323  0.313399
4826.07395603139  0.304892
4828.06737773979  0.297765
4830.06079944819  0.298725
4832.05422115659  0.297791
4834.04764286499  0.301738
4836.04106457338  0.311211
4838.03448628178  0.30417
4840.02790799018  0.293799
4842.02132969858  0.293207
4844.01475140698  0.273786
4846.00817311537  0.270896
4848.00159482377  0.290332
4849.99501653217  0.287781
4851.98843824057  0.279136
4853.98185994896  0.291616
4855.97528165736  0.296699
4857.96870336576  0.286462
4859.96212507416  0.279418
4861.95554678256  0.279579
4863.94896849095  0.2727
4865.94239019935  0.276594
4867.93581190775  0.277559
4869.92923361615  0.271524
4871.92265532455  0.265279
4873.91607703294  0.273841
4875.90949874134  0.287885
4877.90292044974  0.298369
4879.89634215814  0.314008
4881.88976386653  0.308884
4883.88318557493  0.311398
4885.87660728333  0.328886
4887.87002899173  0.346054
4889.86345070013  0.355603
4891.85687240853  0.370326
4893.85029411692  0.373309
4895.84371582532  0.372092
4897.83713753372  0.381944
4899.83055924212  0.3881
4901.82398095052  0.388
4903.81740265891  0.392088
4905.81082436731  0.378946
4907.80424607571  0.372253
4909.79766778411  0.383979
4911.79108949251  0.391403
4913.7845112009  0.385661
4915.7779329093  0.380895
4917.7713546177  0.374833
4919.7647763261  0.368841
4921.75819803449  0.368858
4923.75161974289  0.37573
4925.74504145129  0.373363
4927.73846315969  0.370233
4929.73188486809  0.385151
4931.72530657648  0.38406
4933.71872828488  0.374806
4935.71214999328  0.379709
4937.70557170168  0.39178
4939.69899341008  0.39302
4941.69241511847  0.403123
4943.68583682687  0.401653
4945.67925853527  0.404163
4947.67268024367  0.408771
4949.66610195206  0.403909
4951.65952366046  0.400577
4953.65294536886  0.402955
4955.64636707726  0.404524
4957.63978878566  0.41924
4959.63321049405  0.412484
4961.62663220245  0.395935
4963.62005391085  0.389188
4965.61347561925  0.382388
4967.60689732765  0.370947
4969.60031903604  0.387722
4971.59374074444  0.403483
4973.58716245284  0.401172
4975.58058416124  0.401969
4977.57400586964  0.41763
4979.56742757803  0.411558
4981.56084928643  0.403705
4983.55427099483  0.404431
4985.54769270323  0.400937
4987.54111441163  0.404731
4989.53453612002  0.397805
4991.52795782842  0.382219
4993.52137953682  0.391425
4995.51480124522  0.399769
4997.50822295362  0.37572
4999.50164466201  0.372291
5001.49506637041  0.388803
5003.48848807881  0.401418
5005.48190978721  0.414566
5007.47533149561  0.407039
5009.468753204  0.377501
5011.4621749124  0.36749
5013.4555966208  0.357821
5015.4490183292  0.364355
5017.4424400376  0.358812
5019.43586174599  0.357838
5021.42928345439  0.35244
5023.42270516279  0.351186
5025.41612687119  0.356692
5027.40954857959  0.340271
5029.40297028798  0.32987
5031.39639199638  0.338221
5033.38981370478  0.336178
5035.38323541318  0.357759
5037.37665712157  0.347764
5039.37007882997  0.340029
5041.36350053837  0.33523
5043.35692224677  0.324093
5045.35034395517  0.318613
5047.34376566356  0.313904
5049.33718737196  0.319609
5051.33060908036  0.318716
5053.32403078876  0.311962
5055.31745249716  0.306722
5057.31087420555  0.294185
5059.30429591395  0.275019
5061.29771762235  0.267303
5063.29113933075  0.257096
5065.28456103915  0.250343
5067.27798274754  0.265884
5069.27140445594  0.264994
5071.26482616434  0.239263
5073.25824787274  0.238309
5075.25166958114  0.24687
5077.24509128953  0.239722
5079.23851299793  0.239303
5081.23193470633  0.253315
5083.22535641473  0.262668
5085.21877812312  0.252229
5087.21219983152  0.233649
5089.20562153992  0.246663
5091.19904324832  0.247235
5093.19246495672  0.247527
5095.18588666511  0.261646
5097.17930837351  0.262341
5099.17273008191  0.265299
5101.16615179031  0.270837
5103.15957349871  0.272025
5105.1529952071  0.268148
5107.1464169155  0.270147
5109.1398386239  0.275937
5111.1332603323  0.276689
5113.1266820407  0.293809
5115.12010374909  0.297551
5117.11352545749  0.302973
5119.10694716589  0.319169
5121.10036887429  0.335648
5123.09379058268  0.336428
5125.08721229108  0.338688
5127.08063399948  0.326743
5129.07405570788  0.335945
5131.06747741628  0.359715
5133.06089912467  0.355688
5135.05432083307  0.346855
5137.04774254147  0.352334
5139.04116424987  0.371162
5141.03458595827  0.385093
5143.02800766667  0.389307
5145.02142937506  0.385537
5147.01485108346  0.397439
5149.00827279186  0.403039
5151.00169450026  0.413505
5152.99511620865  0.418817
5154.98853791705  0.422094
5156.98195962545  0.421183
5158.97538133385  0.420736
5160.96880304225  0.421925
5162.96222475064  0.426706
5164.95564645904  0.432533
5166.94906816744  0.430974
5168.94248987584  0.420926
5170.93591158424  0.444119
5172.92933329263  0.467403
5174.92275500103  0.466657
5176.91617670943  0.454396
5178.90959841783  0.455639
5180.90302012623  0.467028
5182.89644183462  0.468277
5184.88986354302  0.465251
5186.88328525142  0.468981
5188.87670695982  0.469006
5190.87012866822  0.484819
5192.86355037661  0.493058
5194.85697208501  0.493685
5196.85039379341  0.48559
5198.84381550181  0.498029
5200.8372372102  0.494753
5202.8306589186  0.494684
5204.824080627  0.505801
5206.8175023354  0.508551
5208.8109240438  0.493896
5210.80434575219  0.485471
5212.79776746059  0.504544
5214.79118916899  0.494714
5216.78461087739  0.480498
5218.77803258579  0.484306
5220.77145429418  0.484117
5222.76487600258  0.483403
5224.75829771098  0.492621
5226.75171941938  0.496737
5228.74514112778  0.497374
5230.73856283617  0.498853
5232.73198454457  0.496035
5234.72540625297  0.484091
5236.71882796137  0.4928
5238.71224966977  0.49414
5240.70567137816  0.499252
5242.69909308656  0.514341
5244.69251479496  0.529282
5246.68593650336  0.534331
5248.67935821175  0.537475
5250.67277992015  0.533813
5252.66620162855  0.523192
5254.65962333695  0.51605
5256.65304504535  0.513993
5258.64646675374  0.511148
5260.63988846214  0.515444
5262.63331017054  0.517644
5264.62673187894  0.52206
5266.62015358734  0.524266
5268.61357529573  0.520376
5270.60699700413  0.51878
5272.60041871253  0.517526
5274.59384042093  0.51474
5276.58726212933  0.510725
5278.58068383772  0.514794
5280.57410554612  0.522489
5282.56752725452  0.522055
5284.56094896292  0.516118
5286.55437067132  0.52065
5288.54779237971  0.532245
5290.54121408811  0.544973
5292.53463579651  0.55006
5294.52805750491  0.554797
5296.5214792133  0.550169
5298.5149009217  0.542546
5300.5083226301  0.536201
5302.5017443385  0.546272
5304.4951660469  0.55635
5306.4885877553  0.56249
5308.48200946369  0.56692
5310.47543117209  0.564698
5312.46885288049  0.56117
5314.46227458889  0.559917
5316.45569629728  0.553157
5318.44911800568  0.55338
5320.44253971408  0.564253
5322.43596142248  0.561461
5324.42938313088  0.556265
5326.42280483927  0.563741
5328.41622654767  0.5759
5330.40964825607  0.589566
5332.40306996447  0.580824
5334.39649167287  0.586007
5336.38991338126  0.592613
5338.38333508966  0.594173
5340.37675679806  0.600429
5342.37017850646  0.599379
5344.36360021486  0.600376
5346.35702192325  0.601861
5348.35044363165  0.605686
5350.34386534005  0.609277
5352.33728704845  0.601779
5354.33070875685  0.594282
5356.32413046525  0.58751
5358.31755217364  0.58075
5360.31097388204  0.577294
5362.30439559044  0.578555
5364.29781729883  0.580332
5366.29123900723  0.582563
5368.28466071563  0.584795
5370.27808242403  0.580272
5372.27150413243  0.574477
5374.26492584082  0.571413
5376.25834754922  0.571466
5378.25176925762  0.572785
5380.24519096602  0.578543
5382.23861267442  0.584302
5384.23203438282  0.581545
5386.22545609121  0.57789
5388.21887779961  0.57236
5390.21229950801  0.565392
5392.20572121641  0.561355
5394.1991429248  0.564022
5396.1925646332  0.566534
5398.1859863416  0.569067
5400.17940805  0.571695
5402.1728297584  0.576531
5404.16625146679  0.582147
5406.15967317519  0.583458
5408.15309488359  0.577617
5410.14651659199  0.571273
5412.13993830039  0.563572
5414.13336000878  0.555872
5416.12678171718  0.553636
5418.12020342558  0.552493
5420.11362513398  0.551087
5422.10704684237  0.549608
5424.10046855077  0.549253
5426.09389025917  0.5536
5428.08731196757  0.557948
5430.08073367597  0.545781
5432.07415538437  0.531592
5434.06757709276  0.522028
5436.06099880116  0.515674
5438.05442050956  0.518118
5440.04784221796  0.543329
5442.04126392635  0.568494
5444.03468563475  0.565105
5446.02810734315  0.560783
5448.02152905155  0.553502
5450.01495075995  0.54537
5452.00837246834  0.537275
5454.00179417674  0.528693
5455.99521588514  0.521294
5457.98863759354  0.527003
5459.98205930194  0.532712
5461.97548101033  0.532606
5463.96890271873  0.531325
5465.96232442713  0.523629
5467.95574613553  0.508118
5469.94916784392  0.495613
5471.94258955232  0.497399
5473.93601126072  0.499184
5475.92943296912  0.495717
5477.92285467752  0.491715
5479.91627638591  0.491278
5481.90969809431  0.493424
5483.90311980271  0.495367
5485.89654151111  0.496282
5487.88996321951  0.497197
5489.8833849279  0.500686
5491.8768066363  0.504222
5493.8702283447  0.513435
5495.8636500531  0.526363
5497.8570717615  0.538359
5499.85049346989  0.548553
5501.84391517829  0.558895
5503.83733688669  0.566382
5505.83075859509  0.57387
5507.82418030349  0.582938
5509.81760201188  0.592613
5511.81102372028  0.599432
5513.80444542868  0.602841
5515.79786713708  0.606705
5517.79128884548  0.613468
5519.78471055387  0.620231
5521.77813226227  0.635547
5523.77155397067  0.65229
5525.76497567907  0.66169
5527.75839738746  0.664898
5529.75181909586  0.668216
5531.74524080426  0.672289
5533.73866251266  0.676361
5535.73208422106  0.679558
5537.72550592945  0.682538
5539.71892763785  0.688999
5541.71234934625  0.697398
5543.70577105465  0.704168
5545.69919276305  0.708446
5547.69261447144  0.712309
5549.68603617984  0.698097
5551.67945788824  0.683834
5553.67287959664  0.67162
5555.66630130504  0.659566
5557.65972301343  0.647497
5559.65314472183  0.635818
5561.64656643023  0.624293
5563.63998813863  0.61481
5565.63340984703  0.605327
5567.62683155542  0.594945
5569.62025326382  0.584263
5571.61367497222  0.571749
5573.60709668062  0.557783
5575.60051838902  0.544985
5577.59394009741  0.53629
5579.58736180581  0.527596
5581.58078351421  0.519431
5583.57420522261  0.511269
5585.567626931  0.497896
5587.5610486394  0.481064
5589.5544703478  0.465024
5591.5478920562  0.45093
5593.5413137646  0.436852
5595.53473547299  0.429552
5597.52815718139  0.422448
5599.52157888979  0.415517
5601.51500059819  0.40836
5603.50842230659  0.403299
5605.50184401498  0.401496
5607.49526572338  0.399129
5609.48868743178  0.392586
5611.48210914018  0.386043
5613.47553084858  0.377428
5615.46895255697  0.368262
5617.46237426537  0.363123
5619.45579597377  0.362253
5621.44921768217  0.362766
5623.44263939057  0.369714
5625.43606109896  0.376661
5627.42948280736  0.372152
5629.42290451576  0.365913
5631.41632622416  0.360444
5633.40974793255  0.355505
5635.40316964095  0.352724
5637.39659134935  0.355944
5639.39001305775  0.359164
5641.38343476615  0.359777
5643.37685647454  0.360492
5645.37027818294  0.360715
5647.36369989134  0.360505
5649.35712159974  0.364126
5651.35054330814  0.374343
5653.34396501653  0.383753
5655.33738672493  0.381157
5657.33080843333  0.37856
5659.32423014173  0.378629
5661.31765185013  0.379384
5663.31107355852  0.379072
5665.30449526692  0.377699
5667.29791697532  0.374967
5669.29133868372  0.365763
5671.28476039212  0.356558
5673.27818210051  0.350203
5675.27160380891  0.344419
5677.26502551731  0.345465
5679.25844722571  0.351457
5681.25186893411  0.353044
5683.2452906425  0.340879
5685.2387123509  0.328715
5687.2321340593  0.323389
5689.2255557677  0.31883
5691.21897747609  0.310324
5693.21239918449  0.29957
5695.20582089289  0.28718
5697.19924260129  0.271326
5699.19266430969  0.255802
5701.18608601809  0.249587
5703.17950772648  0.243371
5705.17292943488  0.236507
5707.16635114328  0.229341
5709.15977285168  0.223685
5711.15319456008  0.219656
5713.14661626847  0.214778
5715.14003797687  0.206008
5717.13345968527  0.197237
5719.12688139367  0.19148
5721.12030310206  0.186215
5723.11372481046  0.179125
5725.10714651886  0.170571
5727.10056822726  0.163414
5729.09398993566  0.160998
5731.08741164405  0.158583
5733.08083335245  0.152722
5735.07425506085  0.146692
5737.06767676925  0.142161
5739.06109847765  0.138405
5741.05452018604  0.136004
5743.04794189444  0.136648
5745.04136360284  0.137231
5747.03478531124  0.131935
5749.02820701964  0.126565
5751.02162872803  0.125089
5753.01505043643  0.126443
5755.00847214483  0.128619
5757.00189385323  0.130842
5758.99531556163  0.132561
5760.98873727002  0.132776
5762.98215897842  0.133146
5764.97558068682  0.134441
5766.96900239522  0.136009
5768.96242410361  0.136385
5770.95584581201  0.135541
5772.94926752041  0.135976
5774.94268922881  0.14172
5776.93611093721  0.147793
5778.9295326456  0.152446
5780.922954354  0.155705
5782.9163760624  0.158453
5784.9097977708  0.160686
5786.9032194792  0.1642
5788.89664118759  0.170413
5790.89006289599  0.176612
5792.88348460439  0.181553
5794.87690631279  0.186529
5796.87032802118  0.195976
5798.86374972958  0.20746
5800.85717143798  0.213801
5802.85059314638  0.211983
5804.84401485478  0.210494
5806.83743656318  0.213489
5808.83085827157  0.216485
5810.82427997997  0.226592
5812.81770168837  0.238599
5814.81112339677  0.245694
5816.80454510517  0.247498
5818.79796681356  0.251524
5820.79138852196  0.266744
5822.78481023036  0.281963
5824.77823193876  0.282531
5826.77165364715  0.280749
5828.76507535555  0.286941
5830.75849706395  0.299237
5832.75191877235  0.310118
5834.74534048075  0.316826
5836.73876218914  0.323534
5838.73218389754  0.323211
5840.72560560594  0.322771
5842.71902731434  0.328031
5844.71244902274  0.336449
5846.70587073113  0.346722
5848.69929243953  0.360104
5850.69271414793  0.373208
5852.68613585633  0.378198
5854.67955756473  0.383188
5856.67297927312  0.397593
5858.66640098152  0.415195
5860.65982268992  0.435159
5862.65324439832  0.457381
5864.64666610672  0.482202
5866.64008781511  0.521483
5868.63350952351  0.560764
5870.62693123191  0.554292
5872.62035294031  0.539416
5874.61377464871  0.534708
5876.6071963571  0.540554
5878.6006180655  0.549352
5880.5940397739  0.564078
5882.5874614823  0.578803
5884.5808831907  0.573109
5886.57430489909  0.566503
5888.56772660749  0.565181
5890.56114831589  0.566489
5892.55457002429  0.56637
5894.54799173268  0.563857
5896.54141344108  0.56187
5898.53483514948  0.572466
5900.52825685788  0.583068
5902.52167856628  0.589049
5904.51510027467  0.592882
5906.50852198307  0.599138
5908.50194369147  0.609281
5910.49536539987  0.618483
5912.48878710826  0.620332
5914.48220881666  0.62218
5916.47563052506  0.630195
5918.46905223346  0.639286
5920.46247394186  0.640099
5922.45589565026  0.633753
5924.44931735865  0.62641
5926.44273906705  0.61474
5928.43616077545  0.60307
5930.42958248385  0.589812
5932.42300419225  0.576429
5934.41642590064  0.569402
5936.40984760904  0.56665
5938.40326931744  0.562912
5940.39669102584  0.555987
5942.39011273424  0.549149
5944.38353444263  0.547512
5946.37695615103  0.545909
5948.37037785943  0.544145
5950.36379956783  0.542586
5952.35722127622  0.540756
5954.35064298462  0.538512
5956.34406469302  0.535537
5958.33748640142  0.52617
5960.33090810982  0.516802
5962.32432981821  0.516491
5964.31775152661  0.518631
5966.31117323501  0.519646
5968.30459494341  0.518967
5970.29801665181  0.517016
5972.2914383602  0.510215
5974.2848600686  0.503415
5976.278281777  0.500518
5978.2717034854  0.498354
5980.26512519379  0.498985
5982.25854690219  0.501097
5984.25196861059  0.501489
5986.24539031899  0.497726
5988.23881202739  0.493962
5990.23223373579  0.486861
5992.22565544418  0.479779
5994.21907715258  0.47552
5996.21249886098  0.472535
5998.20592056938  0.469313
6000.19934227777  0.465654
6002.19276398617  0.462388
6004.18618569457  0.462872
6006.17960740297  0.463356
6008.17302911137  0.457318
6010.16645081976  0.449429
6012.15987252816  0.442592
6014.15329423656  0.437148
6016.14671594496  0.433141
6018.14013765336  0.436559
6020.13355936175  0.439978
6022.12698107015  0.4381
6024.12040277855  0.435324
6026.11382448695  0.426242
6028.10724619535  0.4119
6030.10066790374  0.398396
6032.09408961214  0.387834
6034.08751132054  0.377273
6036.08093302894  0.376091
6038.07435473734  0.375165
6040.06777644573  0.379242
6042.06119815413  0.386311
6044.05461986253  0.391233
6046.04804157093  0.392404
6048.04146327933  0.393148
6050.03488498772  0.384539
6052.02830669612  0.375929
6054.02172840452  0.370803
6056.01515011292  0.366616
6058.00857182131  0.363604
6060.00199352971  0.362269
6061.99541523811  0.360529
6063.98883694651  0.3559
6065.98225865491  0.351271
6067.97568036331  0.35628
6069.9691020717  0.36342
6071.9625237801  0.366381
6073.9559454885  0.3656
6075.9493671969  0.363898
6077.94278890529  0.358996
6079.93621061369  0.354094
6081.92963232209  0.357904
6083.92305403049  0.36241
6085.91647573889  0.36433
6087.90989744728  0.364646
6089.90331915568  0.366017
6091.89674086408  0.369586
6093.89016257248  0.372791
6095.88358428088  0.362659
6097.87700598927  0.352476
6099.87042769767  0.349915
6101.86384940607  0.350239
6103.85727111447  0.352544
6105.85069282286  0.357581
6107.84411453126  0.361915
6109.83753623966  0.36171
6111.83095794806  0.361506
6113.82437965646  0.359635
6115.81780136485  0.357471
6117.81122307325  0.356316
6119.80464478165  0.355974
6121.79806649005  0.355856
6123.79148819845  0.356116
6125.78490990684  0.356376
6127.77833161524  0.360682
6129.77175332364  0.365555
6131.76517503204  0.370511
6133.75859674044  0.375618
6135.75201844883  0.381295
6137.74544015723  0.388572
6139.73886186563  0.395916
6141.73228357403  0.414654
6143.72570528243  0.433548
6145.71912699082  0.44212
6147.71254869922  0.445902
6149.70597040762  0.450478
6151.69939211602  0.456725
6153.69281382442  0.463095
6155.68623553281  0.46874
6157.67965724121  0.474384
6159.67307894961  0.478908
6161.66650065801  0.483279
6163.6599223664  0.489711
6165.6533440748  0.498162
6167.6467657832  0.505027
6169.6401874916  0.503169
6171.6336092  0.501311
6173.62703090839  0.503653
6175.62045261679  0.50702
6177.61387432519  0.510616
6179.60729603359  0.514328
6181.60071774199  0.51822
6183.59413945038  0.521529
6185.58756115878  0.524838
6187.58098286718  0.526647
6189.57440457558  0.528592
6191.56782628398  0.529622
6193.56124799237  0.530055
6195.55466970077  0.532838
6197.54809140917  0.540202
6199.54151311757  0.547749
6201.53493482597  0.558492
6203.52835653436  0.569236
6205.52177824276  0.578833
6207.51519995116  0.587972
6209.50862165956  0.598422
6211.50204336796  0.610946
6213.49546507635  0.624626
6215.48888678475  0.644904
6217.48230849315  0.665182
6219.47573020155  0.68247
6221.46915190994  0.699111
6223.46257361834  0.715241
6225.45599532674  0.731022
6227.44941703514  0.747834
6229.44283874354  0.768313
6231.43626045194  0.788793
6233.42968216033  0.815328
6235.42310386873  0.842279
6237.41652557713  0.868701
6239.40994728553  0.894635
6241.40336899392  0.918406
6243.39679070232  0.938034
6245.39021241072  0.957837
6247.38363411912  0.986391
6249.37705582752  1.01496
6251.37047753591  1.03263
6253.36389924431  1.04594
6255.35732095271  1.061
6257.35074266111  1.07859
6259.34416436951  1.09713
6261.3375860779  1.12208
6263.3310077863  1.14703
6265.3244294947  1.15635
6267.3178512031  1.16214
6269.31127291149  1.16
6271.30469461989  1.15018
6273.29811632829  1.13614
6275.29153803669  1.10564
6277.28495974509  1.07514
6279.27838145349  1.05388
6281.27180316188  1.03318
6283.26522487028  1.02055
6285.25864657868  1.01366
6287.25206828708  1.00732
6289.24548999547  1.00349
6291.23891170387  0.999821
6293.23233341227  0.997866
6295.22575512067  0.995767
6297.21917682907  0.988941
6299.21259853746  0.980062
6301.20602024586  0.970997
6303.19944195426  0.961827
6305.19286366266  0.954111
6307.18628537106  0.960121
6309.17970707945  0.966131
6311.17312878785  0.969655
6313.16655049625  0.972647
6315.15997220465  0.969634
6317.15339391304  0.960253
6319.14681562144  0.953176
6321.14023732984  0.956098
6323.13365903824  0.959021
6325.12708074664  0.968752
6327.12050245503  0.979399
6329.11392416343  0.981987
6331.10734587183  0.978731
6333.10076758023  0.972133
6335.09418928863  0.956527
6337.08761099702  0.940921
6339.08103270542  0.925807
6341.07445441382  0.910565
6343.06787612222  0.893175
6345.06129783062  0.874949
6347.05471953901  0.854855
6349.04814124741  0.831371
6351.04156295581  0.808513
6353.03498466421  0.794967
6355.02840637261  0.78142
6357.021828081  0.776196
6359.0152497894  0.773628
6361.0086714978  0.770958
6363.0020932062  0.768277
6364.9955149146  0.765892
6366.98893662299  0.764655
6368.98235833139  0.763418
6370.97578003979  0.756799
6372.96920174819  0.749112
6374.96262345658  0.737208
6376.95604516498  0.72233
6378.94946687338  0.709929
6380.94288858178  0.704712
6382.93631029018  0.699495
6384.92973199858  0.694472
6386.92315370697  0.689342
6388.91657541537  0.681838
6390.90999712377  0.673276
6392.90341883217  0.666036
6394.89684054056  0.660995
6396.89026224896  0.655974
6398.88368395736  0.651801
6400.87710566576  0.647629
6402.87052737416  0.64145
6404.86394908255  0.634596
6406.85737079095  0.624493
6408.85079249935  0.610273
6410.84421420775  0.598203
6412.83763591615  0.599829
6414.83105762454  0.601454
6416.82447933294  0.604913
6418.81790104134  0.608729
6420.81132274974  0.609182
6422.80474445814  0.606795
6424.79816616654  0.604218
6426.79158787493  0.601289
6428.78500958333  0.59836
6430.77843129173  0.595584
6432.77185300012  0.59264
6434.76527470852  0.590156
6436.75869641692  0.587998
6438.75211812532  0.585606
6440.74553983372  0.582937
6442.73896154212  0.580279
6444.73238325051  0.578895
6446.72580495891  0.577525
6448.71922666731  0.582954
6450.71264837571  0.591015
6452.7060700841  0.597051
6454.6994917925  0.600404
6456.6929135009  0.602686
6458.6863352093  0.59575
6460.6797569177  0.588814
6462.67317862609  0.587256
6464.66660033449  0.586896
6466.66002204289  0.587666
6468.65344375129  0.589657
6470.64686545969  0.591756
6472.64028716808  0.593997
6474.63370887648  0.596239
6476.62713058488  0.604823
6478.62055229328  0.614226
6480.61397400168  0.616785
6482.60739571007  0.614697
6484.60081741847  0.610283
6486.59423912687  0.600386
6488.58766083527  0.590573
6490.58108254367  0.586337
6492.57450425206  0.581996
6494.56792596046  0.576059
6496.56134766886  0.569559
6498.55476937726  0.565496
6500.54819108565  0.565601
6502.54161279405  0.565972
6504.53503450245  0.570362
6506.52845621085  0.574752
6508.52187791925  0.581671
6510.51529962764  0.589155
6512.50872133604  0.591887
6514.50214304444  0.589354
6516.49556475284  0.58679
6518.48898646124  0.584399
6520.48240816963  0.582008
6522.47582987803  0.575793
6524.46925158643  0.568927
6526.46267329483  0.560811
6528.45609500323  0.551668
6530.44951671163  0.544059
6532.44293842002  0.540625
6534.43636012842  0.53719
6536.42978183682  0.535006
6538.42320354521  0.532878
6540.41662525361  0.533395
6542.41004696201  0.535526
6544.40346867041  0.53474
6546.39689037881  0.528358
6548.3903120872  0.522149
6550.3837337956  0.516168
6552.377155504  0.510186
6554.3705772124  0.501309
6556.3639989208  0.491876
6558.3574206292  0.487166
6560.35084233759  0.487966
6562.34426404599  0.488347
6564.33768575439  0.485645
6566.33110746279  0.482942
6568.32452917118  0.476246
6570.31795087958  0.468878
6572.31137258798  0.463011
6574.30479429638  0.458406
6576.29821600478  0.45452
6578.29163771317  0.453529
6580.28505942157  0.452539
6582.27848112997  0.454872
6584.27190283837  0.457262
6586.26532454677  0.457579
6588.25874625517  0.456849
6590.25216796356  0.456291
6592.24558967196  0.456047
6594.23901138036  0.455719
6596.23243308876  0.455677
6598.22585479715  0.455634
6600.21927650555  0.452974
6602.21269821395  0.449115
6604.20611992235  0.444385
6606.19954163074  0.438283
6608.19296333914  0.431564
6610.18638504754  0.421799
6612.17980675594  0.412034
6614.17322846434  0.410121
6616.16665017274  0.409829
6618.16007188113  0.40412
6620.15349358953  0.393299
6622.14691529793  0.38361
6624.14033700633  0.378576
6626.13375871472  0.373542
6628.12718042312  0.372043
6630.12060213152  0.370834
6632.11402383992  0.365834
6634.10744554832  0.358283
6636.10086725671  0.352244
6638.09428896511  0.349849
6640.08771067351  0.34747
6642.08113238191  0.345443
6644.07455409031  0.343408
6646.0679757987  0.339347
6648.0613975071  0.334465
6650.0548192155  0.327313
6652.0482409239  0.316568
6654.0416626323  0.306363
6656.03508434069  0.30199
6658.02850604909  0.297617
6660.02192775749  0.291756
6662.01534946589  0.285537
6664.00877117428  0.28424
6666.00219288268  0.28813
6667.99561459108  0.292352
6669.98903629948  0.297759
6671.98245800788  0.303166
6673.97587971628  0.303577
6675.96930142467  0.303193
6677.96272313307  0.301023
6679.95614484147  0.29782
6681.94956654987  0.295219
6683.94298825826  0.294526
6685.93640996666  0.293834
6687.92983167506  0.286693
6689.92325338346  0.27919
6691.91667509186  0.277734
6693.91009680025  0.279397
6695.90351850865  0.282213
6697.89694021705  0.286563
6699.89036192545  0.290306
6701.88378363385  0.287284
6703.87720534224  0.284262
6705.87062705064  0.281541
6707.86404875904  0.278983
6709.85747046744  0.276186
6711.85089217583  0.272996
6713.84431388423  0.269995
6715.83773559263  0.268754
6717.83115730103  0.267513
6719.82457900943  0.269133
6721.81800071782  0.270985
6723.81142242622  0.27138
6725.80484413462  0.270718
6727.79826584302  0.268361
6729.79168755142  0.261134
6731.78510925982  0.253908
6733.77853096821  0.2524
6735.77195267661  0.25115
6737.76537438501  0.247124
6739.75879609341  0.241667
6741.75221780181  0.23674
6743.7456395102  0.232669
6745.7390612186  0.228738
6747.732482927  0.229536
6749.7259046354  0.230335
6751.71932634379  0.228351
6753.71274805219  0.225243
6755.70616976059  0.221804
6757.69959146899  0.217865
6759.69301317739  0.213745
6761.68643488578  0.209932
6763.67985659418  0.20612
6765.67327830258  0.204711
6767.66670001098  0.203614
6769.66012171937  0.20238
6771.65354342777  0.201287
6773.64696513617  0.201368
6775.64038684457  0.204501
6777.63380855297  0.207634
6779.62723026137  0.206779
6781.62065196976  0.205807
6783.61407367816  0.203857
6785.60749538656  0.201325
6787.60091709496  0.201184
6789.59433880335  0.205892
6791.58776051175  0.210495
6793.58118222015  0.2112
6795.57460392855  0.21189
6797.56802563695  0.212276
6799.56144734535  0.212565
6801.55486905374  0.21296
6803.54829076214  0.213542
6805.54171247054  0.214532
6807.53513417894  0.2175
6809.52855588733  0.220467
6811.52197759573  0.218719
6813.51539930413  0.21598
6815.50882101253  0.216481
6817.50224272093  0.220285
6819.49566442932  0.223328
6821.48908613772  0.223025
6823.48250784612  0.222723
6825.47592955452  0.222116
6827.46935126291  0.221518
6829.46277297131  0.222192
6831.45619467971  0.223673
6833.44961638811  0.224584
6835.44303809651  0.22387
6837.4364598049  0.223123
6839.4298815133  0.221058
6841.4233032217  0.219044
6843.4167249301  0.211536
6845.4101466385  0.20138
6847.40356834689  0.195359
6849.39699005529  0.196272
6851.39041176369  0.197807
6853.38383347209  0.205075
6855.37725518049  0.212343
6857.37067688888  0.20976
6859.36409859728  0.204624
6861.35752030568  0.199998
6863.35094201408  0.195404
6865.34436372248  0.190936
6867.33778543087  0.187723
6869.33120713927  0.184509
6871.32462884767  0.181586
6873.31805055607  0.178734
6875.31147226447  0.177418
6877.30489397286  0.17711
6879.29831568126  0.17725
6881.29173738966  0.178526
6883.28515909806  0.179801
6885.27858080646  0.178121
6887.27200251485  0.176505
6889.26542422325  0.176726
6891.25884593165  0.177862
6893.25226764005  0.181052
6895.24568934845  0.187632
6897.23911105684  0.193724
6899.23253276524  0.193809
6901.22595447364  0.193895
6903.21937618204  0.194579
6905.21279789043  0.195246
6907.20621959883  0.196013
6909.19964130723  0.197148
6911.19306301563  0.198263
6913.18648472403  0.199437
6915.17990643243  0.200611
6917.17332814082  0.199611
6919.16674984922  0.198188
6921.16017155762  0.197677
6923.15359326602  0.197976
6925.14701497441  0.198079
6927.14043668281  0.197298
6929.13385839121  0.196517
6931.12728009961  0.198588
6933.12070180801  0.200808
6935.1141235164  0.198756
6937.1075452248  0.194285
6939.1009669332  0.192757
6941.0943886416  0.197168
6943.08781035  0.201667
6945.0812320584  0.206643
6947.07465376679  0.211619
6949.06807547519  0.213042
6951.06149718359  0.213325
6953.05491889198  0.214082
6955.04834060038  0.2155
6957.04176230878  0.217376
6959.03518401718  0.222792
6961.02860572558  0.228209
6963.02202743397  0.232498
6965.01544914237  0.236517
6967.00887085077  0.241387
6969.00229255917  0.246797
6970.99571426757  0.250041
6972.98913597597  0.246217
6974.98255768436  0.242393
6976.97597939276  0.244961
6978.96940110116  0.247943
6980.96282280955  0.254895
6982.95624451795  0.264427
6984.94966622635  0.273753
6986.94308793475  0.283115
6988.93650964315  0.29249
6990.92993135155  0.300315
6992.92335305994  0.308089
6994.91677476834  0.316588
6996.91019647674  0.325354
6998.90361818514  0.32874
7000.89703989354  0.324161
7002.89046160193  0.319852
7004.88388331033  0.316882
7006.87730501873  0.313912
7008.87072672713  0.3062
7010.86414843553  0.297346
7012.85757014392  0.29186
7014.85099185232  0.289856
7016.84441356072  0.289165
7018.83783526912  0.294245
7020.83125697751  0.299324
7022.82467868591  0.30484
7024.81810039431  0.310252
7026.81152210271  0.314558
7028.80494381111  0.318124
7030.7983655195  0.319981
7032.7917872279  0.31796
7034.7852089363  0.31594
7036.7786306447  0.314061
7038.77205235309  0.312104
7040.76547406149  0.308075
7042.75889576989  0.302918
7044.75231747829  0.296055
7046.74573918669  0.286452
7048.73916089509  0.277472
7050.73258260348  0.278723
7052.72600431188  0.279975
7054.71942602028  0.281351
7056.71284772868  0.282608
7058.70626943708  0.283611
7060.69969114547  0.28417
7062.69311285387  0.28468
7064.68653456227  0.285002
7066.67995627067  0.285324
7068.67337797906  0.283589
7070.66679968746  0.281587
7072.66022139586  0.278138
7074.65364310426  0.273542
7076.64706481266  0.268866
7078.64048652106  0.263886
7080.63390822945  0.258905
7082.62732993785  0.257398
7084.62075164625  0.256137
7086.61417335465  0.253902
7088.60759506304  0.25116
7090.60101677144  0.249447
7092.59443847984  0.24974
7094.58786018824  0.250138
7096.58128189664  0.251778
7098.57470360503  0.253419
7100.56812531343  0.25512
7102.56154702183  0.256822
7104.55496873023  0.258482
7106.54839043863  0.259859
7108.54181214702  0.261007
7110.53523385542  0.261483
7112.52865556382  0.26196
7114.52207727222  0.26159
7116.51549898062  0.261209
7118.50892068901  0.260834
7120.50234239741  0.260207
7122.49576410581  0.260177
7124.48918581421  0.262267
7126.48260752261  0.264357
7128.476029231  0.269035
7130.4694509394  0.273841
7132.4628726478  0.278709
7134.4562943562  0.283602
7136.4497160646  0.287869
7138.44313777299  0.291275
7140.43655948139  0.294612
7142.42998118979  0.292355
7144.42340289819  0.290057
7146.41682460658  0.290097
7148.41024631498  0.290975
7150.40366802338  0.292479
7152.39708973178  0.295029
7154.39051144018  0.297522
7156.38393314857  0.299544
7158.37735485697  0.301566
7160.37077656537  0.304822
7162.36419827377  0.308439
7164.35761998217  0.313481
7166.35104169056  0.319886
7168.34446339896  0.325642
7170.33788510736  0.328661
7172.33130681576  0.33168
7174.32472852416  0.335952
7176.31815023255  0.340396
7178.31157194095  0.348836
7180.30499364935  0.360031
7182.29841535775  0.369913
7184.29183706615  0.376328
7186.28525877454  0.382688
7188.27868048294  0.382166
7190.27210219134  0.381527
7192.26552389974  0.38095
7194.25894560813  0.380527
7196.25236731653  0.381627
7198.24578902493  0.385349
7200.23921073333  0.389513
7202.23263244173  0.397423
7204.22605415012  0.405333
7206.21947585852  0.411751
7208.21289756692  0.417581
7210.20631927532  0.423612
7212.19974098372  0.429855
7214.19316269211  0.43503
7216.18658440051  0.436121
7218.18000610891  0.437212
7220.17342781731  0.438428
7222.1668495257  0.439706
7224.1602712341  0.439989
7226.1536929425  0.439243
7228.1471146509  0.439016
7230.1405363593  0.440386
7232.13395806769  0.441757
7234.12737977609  0.444183
7236.12080148449  0.446735
7238.11422319289  0.44754
7240.10764490129  0.447256
7242.10106660969  0.449838
7244.09448831808  0.457669
7246.08791002648  0.465205
7248.08133173488  0.469668
7250.07475344327  0.474132
7252.06817515167  0.473718
7254.06159686007  0.471574
7256.05501856847  0.472333
7258.04844027687  0.476509
7260.04186198527  0.48083
7262.03528369366  0.485908
7264.02870540206  0.490986
7266.02212711046  0.490944
7268.01554881886  0.490057
7270.00897052726  0.489425
7272.00239223565  0.489076
7273.99581394405  0.48937
7275.98923565245  0.491085
7277.98265736085  0.492801
7279.97607906925  0.501393
7281.96950077764  0.510417
7283.96292248604  0.51593
7285.95634419444  0.519844
7287.94976590284  0.523484
7289.94318761123  0.526464
7291.93660931963  0.529666
7293.93003102803  0.534154
7295.92345273643  0.538643
7297.91687444483  0.54687
7299.91029615323  0.556626
7301.90371786162  0.565328
7303.89713957002  0.572888
7305.89056127842  0.580538
7307.88398298682  0.587833
7309.87740469521  0.595128
7311.87082640361  0.602775
7313.86424811201  0.610568
7315.85766982041  0.612944
7317.85109152881  0.610156
7319.8445132372  0.607619
7321.8379349456  0.605192
7323.831356654  0.602766
7325.8247783624  0.596785
7327.8182000708  0.590649
7329.81162177919  0.587426
7331.80504348759  0.58612
7333.79846519599  0.585569
7335.79188690439  0.586461
7337.78530861279  0.587322
7339.77873032118  0.584318
7341.77215202958  0.581248
7343.76557373798  0.576929
7345.75899544638  0.571975
7347.75241715477  0.566281
7349.74583886317  0.559428
7351.73926057157  0.552292
7353.73268227997  0.542923
7355.72610398837  0.533552
7357.71952569677  0.516714
7359.71294740516  0.498043
7361.70636911356  0.47989
7363.69979082196  0.462127
7365.69321253036  0.444839
7367.68663423875  0.429692
7369.68005594715  0.414543
7371.67347765555  0.402336
7373.66689936395  0.39051
7375.66032107235  0.381059
7377.65374278074  0.37337
7379.64716448914  0.365637
7381.64058619754  0.357743
7383.63400790594  0.349846
7385.62742961434  0.339661
7387.62085132273  0.329433
7389.61427303113  0.317345
7391.60769473953  0.304462
7393.60111644793  0.294487
7395.59453815633  0.288838
7397.58795986472  0.28313
7399.58138157312  0.278635
7401.57480328152  0.274142
7403.56822498992  0.270078
7405.56164669832  0.266188
7407.55506840671  0.262932
7409.54849011511  0.260079
7411.54191182351  0.256561
7413.53533353191  0.250866
7415.52875524031  0.245172
7417.5221769487  0.241649
7419.5155986571  0.238576
7421.5090203655  0.235463
7423.5024420739  0.232133
7425.49586378229  0.229801
7427.48928549069  0.229881
7429.48270719909  0.229962
7431.47612890749  0.228526
7433.46955061589  0.227074
7435.46297232428  0.22616
7437.45639403268  0.225468
7439.44981574108  0.224394
7441.44323744948  0.223351
7443.43665915788  0.222555
7445.43008086627  0.22266
7447.42350257467  0.222765
7449.41692428307  0.222022
7451.41034599147  0.220916
7453.40376769987  0.219252
7455.39718940826  0.216941
7457.39061111666  0.214671
7459.38403282506  0.213262
7461.37745453346  0.211852
7463.37087624185  0.214298
7465.36429795025  0.217424
7467.35771965865  0.22097
7469.35114136705  0.224989
7471.34456307545  0.228901
7473.33798478384  0.232344
7475.33140649224  0.235788
7477.32482820064  0.238859
7479.31824990904  0.241962
7481.31167161744  0.242135
7483.30509332583  0.240784
7485.29851503423  0.239783
7487.29193674263  0.238713
7489.28535845103  0.237646
7491.27878015943  0.235762
7493.27220186782  0.233871
7495.26562357622  0.229772
7497.25904528462  0.22492
7499.25246699302  0.220384
7501.24588870142  0.216379
7503.23931040981  0.212427
7505.23273211821  0.208031
7507.22615382661  0.203636
7509.21957553501  0.202408
7511.21299724341  0.201896
7513.2064189518  0.20134
7515.1998406602  0.201086
7517.1932623686  0.201554
7519.186684077  0.204039
7521.1801057854  0.206524
7523.17352749379  0.206273
7525.16694920219  0.205855
7527.16037091059  0.206893
7529.15379261899  0.208924
7531.14721432739  0.21035
7533.14063603578  0.210295
7535.13405774418  0.210219
7537.12747945258  0.208982
7539.12090116098  0.207749
7541.11432286937  0.211041
7543.10774457777  0.21606
7545.10116628617  0.218223
7547.09458799457  0.216132
7549.08800970297  0.213969
7551.08143141136  0.21131
7553.07485311976  0.208651
7555.06827482816  0.206763
7557.06169653656  0.205118
7559.05511824496  0.203413
7561.04853995335  0.201816
7563.04196166175  0.200088
7565.03538337015  0.197219
7567.02880507855  0.19435
7569.02222678695  0.193131
7571.01564849534  0.192004
7573.00907020374  0.188827
7575.00249191214  0.184453
7576.99591362054  0.180644
7578.98933532893  0.177828
7580.98275703733  0.175012
7582.97617874573  0.175098
7584.96960045413  0.175354
7586.96302216253  0.175118
7588.95644387092  0.174513
7590.94986557932  0.171019
7592.94328728772  0.162624
7594.93670899612  0.154687
7596.93013070452  0.15345
7598.92355241292  0.152213
7600.91697412131  0.147803
7602.91039582971  0.142364
7604.90381753811  0.139721
7606.89723924651  0.140713
7608.8906609549  0.14215
7610.8840826633  0.145726
7612.8775043717  0.149303
7614.8709260801  0.14884
7616.8643477885  0.147595
7618.85776949689  0.14646
7620.85119120529  0.14569
7622.84461291369  0.145421
7624.83803462209  0.146287
7626.83145633049  0.147152
7628.82487803889  0.151623
7630.81829974728  0.15635
7632.81172145568  0.161625
7634.80514316408  0.167146
7636.79856487247  0.171809
7638.79198658087  0.174546
7640.78540828927  0.176953
7642.77882999767  0.177298
7644.77225170607  0.177642
7646.76567341446  0.179742
7648.75909512286  0.182371
7650.75251683126  0.186722
7652.74593853966  0.193205
7654.73936024806  0.198963
7656.73278195646  0.200376
7658.72620366485  0.201788
7660.71962537325  0.203279
7662.71304708165  0.204713
7664.70646879005  0.20983
7666.69989049844  0.218387
7668.69331220684  0.227429
7670.68673391524  0.238383
7672.68015562364  0.249335
7674.67357733204  0.260663
7676.66699904043  0.271984
7678.66042074883  0.277439
7680.65384245723  0.279265
7682.64726416563  0.280981
7684.64068587403  0.282419
7686.63410758242  0.283986
7688.62752929082  0.28759
7690.62095099922  0.29115
7692.61437270762  0.29462
7694.60779441601  0.298005
7696.60121612441  0.300979
7698.59463783281  0.303589
7700.58805954121  0.306896
7702.58148124961  0.315734
7704.574902958  0.324571
7706.5683246664  0.337454
7708.5617463748  0.351537
7710.5551680832  0.366577
7712.5485897916  0.383013
7714.54201149999  0.400674
7716.53543320839  0.423037
7718.52885491679  0.445403
7720.52227662519  0.465593
7722.51569833359  0.485545
7724.50912004198  0.504218
7726.50254175038  0.521931
7728.49596345878  0.537803
7730.48938516718  0.548587
7732.48280687558  0.559371
7734.47622858397  0.569058
7736.46965029237  0.578718
7738.46307200077  0.584393
7740.45649370917  0.588105
7742.44991541756  0.589236
7744.44333712596  0.585959
7746.43675883436  0.583283
7748.43018054276  0.589283
7750.42360225116  0.595283
7752.41702395955  0.607905
7754.41044566795  0.622615
7756.40386737635  0.638569
7758.39728908475  0.656106
7760.39071079315  0.673168
7762.38413250154  0.687858
7764.37755420994  0.702547
7766.37097591834  0.716157
7768.36439762674  0.729399
7770.35781933514  0.735059
7772.35124104354  0.734805
7774.34466275193  0.732879
7776.33808446033  0.725953
7778.33150616873  0.719028
7780.32492787713  0.709667
7782.31834958552  0.700067
7784.31177129392  0.692604
7786.30519300232  0.686497
7788.29861471072  0.684531
7790.29203641912  0.690207
7792.28545812751  0.695595
7794.27887983591  0.695215
7796.27230154431  0.694834
7798.26572325271  0.690901
7800.25914496111  0.685475
7802.2525666695  0.677704
7804.2459883779  0.667036
7806.2394100863  0.656594
7808.2328317947  0.647572
7810.22625350309  0.638549
7812.21967521149  0.621443
7814.21309691989  0.602945
7816.20651862829  0.58621
7818.19994033669  0.570959
7820.19336204508  0.557529
7822.18678375348  0.54889
7824.18020546188  0.54025
7826.17362717028  0.528834
7828.16704887868  0.517529
7830.16047058707  0.507542
7832.15389229547  0.498312
7834.14731400387  0.490851
7836.14073571227  0.487073
7838.13415742067  0.48327
7840.12757912907  0.479647
7842.12100083746  0.47603
7844.11442254586  0.469318
7846.10784425426  0.461393
7848.10126596266  0.455115
7850.09468767105  0.450993
7852.08810937945  0.446501
7854.08153108785  0.439449
7856.07495279625  0.432398
7858.06837450464  0.430541
7860.06179621304  0.429744
7862.05521792144  0.425833
7864.04863962984  0.41921
7866.04206133824  0.413118
7868.03548304663  0.408694
7870.02890475503  0.404271
7872.02232646343  0.396952
7874.01574817183  0.389362
7876.00916988023  0.389909
7878.00259158863  0.395956
7879.99601329702  0.402677
7881.98943500542  0.411216
7883.98285671382  0.419782
7885.97627842222  0.42996
7887.96970013061  0.440143
7889.96312183901  0.442409
7891.95654354741  0.441058
7893.94996525581  0.439473
7895.94338696421  0.437768
7897.9368086726  0.437023
7899.930230381  0.444201
7901.9236520894  0.45138
7903.9170737978  0.447412
7905.9104955062  0.440783
7907.90391721459  0.428094
7909.89733892299  0.408358
7911.89076063139  0.390704
7913.88418233979  0.382017
7915.87760404819  0.373329
7917.87102575658  0.369275
7919.86444746498  0.365921
7921.85786917338  0.359071
7923.85129088178  0.350014
7925.84471259018  0.342284
7927.83813429857  0.337425
7929.83155600697  0.332565
7931.82497771537  0.335398
7933.81839942377  0.33856
7935.81182113216  0.344747
7937.80524284056  0.352352
7939.79866454896  0.353742
7941.79208625736  0.344804
7943.78550796576  0.336088
7945.77892967415  0.328921
7947.77235138255  0.321756
7949.76577309095  0.324005
7951.75919479935  0.329248
7953.75261650775  0.330646
7955.74603821614  0.327446
7957.73945992454  0.323759
7959.73288163294  0.31664
7961.72630334134  0.309522
7963.71972504973  0.30434
7965.71314675813  0.299579
7967.70656846653  0.29079
7969.69999017493  0.278357
7971.69341188333  0.268946
7973.68683359173  0.269595
7975.68025530012  0.270244
7977.67367700852  0.268507
7979.66709871692  0.26672
7981.66052042532  0.264069
7983.65394213372  0.260899
7985.64736384211  0.258958
7987.64078555051  0.259503
7989.63420725891  0.259962
7991.62762896731  0.25639
7993.6210506757  0.252817
7995.6144723841  0.249376
7997.6078940925  0.245907
7999.6013158009  0.245496
8001.5947375093  0.248898
8003.58815921769  0.251231
8005.58158092609  0.246983
8007.57500263449  0.242734
8009.56842434289  0.233995
8011.56184605128  0.224269
8013.55526775968  0.217539
8015.54868946808  0.21351
8017.54211117648  0.209716
8019.53553288488  0.20747
8021.52895459328  0.205223
8023.52237630167  0.204972
8025.51579801007  0.204805
8027.50921971847  0.203275
8029.50264142687  0.201098
8031.49606313527  0.199322
8033.48948484366  0.19809
8035.48290655206  0.196856
8037.47632826046  0.193792
8039.46974996886  0.190694
8041.46317167725  0.185731
8043.45659338565  0.179998
8045.45001509405  0.175834
8047.44343680245  0.174044
8049.43685851085  0.172266
8051.43028021925  0.170895
8053.42370192764  0.169523
8055.41712363604  0.169348
8057.41054534444  0.169415
8059.40396705284  0.169002
8061.39738876123  0.168314
8063.39081046963  0.167345
8065.38423217803  0.165084
8067.37765388643  0.162822
8069.37107559483  0.163703
8071.36449730322  0.164913
8073.35791901162  0.164913
8075.35134072002  0.164046
8077.34476242842  0.162687
8079.33818413681  0.160147
8081.33160584521  0.157619
8083.32502755361  0.160327
8085.31844926201  0.163175
8087.31187097041  0.163625
8089.30529267881  0.162917
8091.2987143872  0.160727
8093.2921360956  0.155917
8095.285557804  0.151045
8097.2789795124  0.147054
8099.27240122079  0.143064
8101.26582292919  0.138325
8103.25924463759  0.133314
8105.25266634599  0.131551
8107.24608805439  0.133543
8109.23950976278  0.135207
8111.23293147118  0.1348
8113.22635317958  0.134393
8115.21977488798  0.134099
8117.21319659638  0.133751
8119.20661830477  0.132263
8121.20004001317  0.13022
8123.19346172157  0.127671
8125.18688342997  0.123276
8127.18030513837  0.118881
8129.17372684676  0.116115
8131.16714855516  0.113346
8133.16057026356  0.11062
8135.15399197196  0.107751
8137.14741368036  0.10532
8139.14083538875  0.104303
8141.13425709715  0.103404
8143.12767880555  0.103098
8145.12110051395  0.102427
8147.11452222234  0.100929
8149.10794393074  0.0999184
8151.10136563914  0.0980053
8153.09478734754  0.0939692
8155.08820905594  0.0898901
8157.08163076434  0.0874249
8159.07505247273  0.0850394
8161.06847418113  0.0789036
8163.06189588953  0.0721563
8165.05531759793  0.0711495
8167.04873930632  0.0754525
8169.04216101472  0.0773237
8171.03558272312  0.0703952
8173.02900443152  0.0633484
8175.02242613992  0.0554845
8177.01584784831  0.0477507
8179.00926955671  0.0444049
8181.00269126511  0.0439593
8182.99611297351  0.0448982
8184.98953468191  0.0490963
8186.9829563903  0.0532738
8188.9763780987  0.0570115
8190.9697998071  0.0608517
8192.96322151549  0.0605752
8194.9566432239  0.0583727
8196.95006493229  0.0550209
8198.94348664069  0.0498734
8200.93690834909  0.0451257
8202.93033005749  0.0442426
8204.92375176588  0.0434577
8206.91717347428  0.042004
8208.91059518268  0.0411417
8210.90401689108  0.0404731
8212.89743859948  0.0398634
8214.89086030788  0.0387585
8216.88428201627  0.036171
8218.87770372467  0.0335835
8220.87112543307  0.035798
8222.86454714147  0.0384171
8224.85796884986  0.0380987
8226.85139055826  0.0359288
8228.84481226666  0.033894
8230.83823397506  0.0319527
8232.83165568346  0.029974
8234.82507739185  0.0291346
8236.81849910025  0.0283914
8238.81192080865  0.0297981
8240.80534251705  0.0320684
8242.79876422544  0.0339648
8244.79218593384  0.0352766
8246.78560764224  0.0369372
8248.77902935064  0.0414586
8250.77245105904  0.0459796
8252.76587276744  0.0447005
8254.75929447583  0.0420549
8256.75271618423  0.0382892
8258.74613789263  0.0333268
8260.73955960103  0.030504
8262.73298130942  0.0355702
8264.72640301782  0.0406372
8266.71982472622  0.0412475
8268.71324643462  0.0414578
8270.70666814302  0.0381303
8272.70008985142  0.0321931
8274.69351155981  0.029396
8276.68693326821  0.0353036
8278.68035497661  0.0412121
8280.673776685  0.0415008
8282.6671983934  0.0415514
8284.6606201018  0.0383988
8286.6540418102  0.0337728
8288.6474635186  0.033032
8290.640885227  0.0385972
8292.63430693539  0.0438337
8294.62772864379  0.0438068
8296.62115035219  0.0437802
8298.61457206059  0.0433798
8300.60799376899  0.043122
8302.60141547738  0.0431371
8304.59483718578  0.0433688
8306.58825889418  0.0441073
8308.58168060258  0.0462654
8310.57510231097  0.0484232
8312.56852401937  0.0449943
8314.56194572777  0.0408466
8316.55536743617  0.0385795
8318.54878914457  0.0380809
8320.54221085296  0.0388141
8322.53563256136  0.0422004
8324.52905426976  0.0455862
8326.52247597816  0.0439845
8328.51589768656  0.042202
8330.50931939495  0.0398065
8332.50274110335  0.0371461
8334.49616281175  0.0352174
8336.48958452015  0.0345431
8338.48300622855  0.0340857
8340.47642793695  0.0367654
8342.46984964534  0.0394455
8344.46327135374  0.0414392
8346.45669306214  0.0432412
8348.45011477054  0.0450489
8350.44353647893  0.0468946
8352.43695818733  0.0489731
8354.43037989573  0.0536543
8356.42380160413  0.0583362
8358.41722331253  0.0590842
8360.41064502092  0.0590087
8362.40406672932  0.0584276
8364.39748843772  0.0571476
8366.39091014612  0.0578252
8368.38433185452  0.0658572
8370.37775356291  0.0738904
8372.37117527131  0.0750866
8374.36459697971  0.0755778
8376.35801868811  0.0711552
8378.3514403965  0.06365
8380.3448621049  0.0590211
8382.3382838133  0.0608826
8384.3317055217  0.0628321
8386.3251272301  0.0672146
8388.31854893849  0.0715954
8390.31197064689  0.073864
8392.30539235529  0.0751703
8394.29881406369  0.0775201
8396.29223577209  0.0815362
8398.28565748049  0.0843791
8400.27907918888  0.079255
8402.27250089728  0.0741315
8404.26592260568  0.0664116
8406.25934431408  0.0578954
8408.25276602247  0.0601467
8410.24618773087  0.0730186
8412.23960943927  0.0847056
8414.23303114767  0.0917702
8416.22645285607  0.0988339
8418.21987456446  0.101435
8420.21329627286  0.103571
8422.20671798126  0.105275
8424.20013968966  0.106724
8426.19356139806  0.109959
8428.18698310645  0.116862
8430.18040481485  0.123715
8432.17382652325  0.1243
8434.16724823165  0.124889
8436.16066994004  0.122966
8438.15409164844  0.119809
8440.14751335684  0.118832
8442.14093506524  0.121739
8444.13435677364  0.124846
8446.12777848203  0.129664
8448.12120019043  0.134483
8450.11462189883  0.141301
8452.10804360723  0.148726
8454.10146531563  0.153725
8456.09488702403  0.155881
8458.08830873242  0.158808
8460.08173044082  0.165638
8462.07515214922  0.172468
8464.06857385762  0.172392
8466.06199556601  0.171361
8468.05541727441  0.173453
8470.04883898281  0.177702
8472.04226069121  0.183895
8474.03568239961  0.195986
8476.029104108  0.208078
8478.0225258164  0.208288
8480.0159475248  0.207854
8482.0093692332  0.209201
8484.0027909416  0.211325
8485.99621264999  0.21545
8487.98963435839  0.224325
8489.98305606679  0.233424
8491.97647777519  0.244015
8493.96989948358  0.254604
8495.96332119198  0.263355
8497.95674290038  0.271591
8499.95016460878  0.283255
8501.94358631718  0.299112
8503.93700802557  0.314449
8505.93042973397  0.32507
8507.92385144237  0.335689
8509.91727315077  0.351679
8511.91069485916  0.368871
8513.90411656756  0.384627
8515.89753827596  0.399298
8517.89095998436  0.413274
8519.88438169276  0.424612
8521.87780340116  0.435951
8523.87122510955  0.449049
8525.86464681795  0.462448
8527.85806852635  0.47132
8529.85149023475  0.477476
8531.84491194314  0.487202
8533.83833365154  0.504005
8535.83175535994  0.520675
8537.82517706834  0.536033
8539.81859877674  0.551397
8541.81202048514  0.56013
8543.80544219353  0.566082
8545.79886390193  0.571247
8547.79228561033  0.575235
8549.78570731873  0.579134
8551.77912902713  0.582624
8553.77255073552  0.586115
8555.76597244392  0.596588
8557.75939415232  0.608552
8559.75281586072  0.614677
8561.74623756911  0.615478
8563.73965927751  0.618794
8565.73308098591  0.630497
8567.72650269431  0.6422
8569.71992440271  0.657134
8571.71334611111  0.672868
8573.7067678195  0.695868
8575.7001895279  0.723618
8577.6936112363  0.750384
8579.6870329447  0.77473
8581.68045465309  0.799066
8583.67387636149  0.827031
8585.66729806989  0.855112
8587.66071977829  0.877923
8589.65414148669  0.898502
8591.64756319508  0.914965
8593.64098490348  0.923839
8595.63440661188  0.932341
8597.62782832028  0.938797
8599.62125002867  0.945253
8601.61467173707  0.95273
8603.60809344547  0.960498
8605.60151515387  0.966824
8607.59493686227  0.971657
8609.58835857067  0.978551
8611.58178027906  0.993969
8613.57520198746  1.00939
8615.56862369586  1.0196
8617.56204540426  1.02938
8619.55546711265  1.0351
8621.54888882105  1.0375
8623.54231052945  1.04141
8625.53573223785  1.04996
8627.52915394625  1.05851
8629.52257565464  1.08215
8631.51599736304  1.10613
8633.50941907144  1.13684
8635.50284077984  1.17108
8637.49626248824  1.20428
8639.48968419663  1.23625
8641.48310590503  1.26773
8643.47652761343  1.28906
8645.46994932183  1.3104
8647.46337103022  1.31831
8649.45679273862  1.3217
8651.45021444702  1.32359
8653.44363615542  1.32363
8655.43705786382  1.32219
8657.43047957222  1.31374
8659.42390128061  1.30529
8661.41732298901  1.28232
8663.41074469741  1.25653
8665.40416640581  1.23354
8667.39758811421  1.2128
8669.3910098226  1.19604
8671.384431531  1.19167
8673.3778532394  1.1873
8675.3712749478  1.19711
8677.36469665619  1.20799
8679.35811836459  1.21918
8681.35154007299  1.23099
8683.34496178139  1.24351
8685.33838348979  1.25662
8687.33180519818  1.26974
8689.32522690658  1.27875
8691.31864861498  1.28775
8693.31207032338  1.27982
8695.30549203178  1.26588
8697.29891374017  1.24765
8699.29233544857  1.22364
8701.28575715697  1.19928
8703.27917886537  1.17134
8705.27260057377  1.14341
8707.26602228216  1.11914
8709.25944399056  1.09578
8711.25286569896  1.07795
8713.24628740736  1.06504
8715.23970911576  1.05159
8717.23313082415  1.03623
8719.22655253255  1.02087
8721.21997424095  1.00399
8723.21339594935  0.987001
8725.20681765775  0.970862
8727.20023936614  0.955311
8729.19366107454  0.939853
8731.18708278294  0.924555
8733.18050449134  0.909854
8735.17392619973  0.902805
8737.16734790813  0.895627
8739.16076961653  0.892228
8741.15419132493  0.89146
8743.14761303333  0.895941
8745.14103474172  0.909443
8747.13445645012  0.924104
8749.12787815852  0.942808
8751.12129986692  0.96151
8753.11472157532  0.943423
8755.10814328371  0.916181
8757.10156499211  0.892267
8759.09498670051  0.871525
8761.08840840891  0.854285
8763.0818301173  0.852681
8765.0752518257  0.851076
8767.0686735341  0.847802
8769.0620952425  0.844134
8771.0555169509  0.840225
8773.0489386593  0.836155
8775.04236036769  0.826904
8777.03578207609  0.804357
8779.02920378449  0.781867
8781.02262549288  0.767214
8783.01604720128  0.752661
8785.00946890968  0.748074
8787.00289061808  0.748587
8788.99631232648  0.749038
8790.98973403488  0.749214
8792.98315574327  0.750468
8794.97657745167  0.763425
8796.96999916007  0.776383
8798.96342086847  0.796175
8800.95684257686  0.818009
8802.95026428526  0.823298
8804.94368599366  0.810944
8806.93710770206  0.797232
8808.93052941046  0.775936
8810.92395111886  0.754638
8812.91737282725  0.734949
8814.91079453565  0.71525
8816.90421624405  0.700584
8818.89763795245  0.689659
8820.89105966085  0.67792
8822.88448136924  0.663272
8824.87790307764  0.648624
8826.87132478604  0.633094
8828.86474649444  0.617923
8830.85816820283  0.608402
8832.85158991123  0.601561
8834.84501161963  0.59213
8836.83843332803  0.577894
8838.83185503643  0.563298
8840.82527674483  0.541149
8842.81869845322  0.519001
8844.81212016162  0.508824
8846.80554187002  0.502855
8848.79896357842  0.490794
8850.79238528681  0.471048
8852.78580699521  0.452472
8854.77922870361  0.440469
8856.77265041201  0.428468
8858.76607212041  0.428938
8860.7594938288  0.431794
8862.7529155372  0.427829
8864.7463372456  0.4185
8866.739758954  0.40784
8868.7331806624  0.392027
8870.72660237079  0.376216
8872.72002407919  0.365297
8874.71344578759  0.354743
8876.70686749599  0.343335
8878.70028920439  0.331194
8880.69371091278  0.316999
8882.68713262118  0.299089
8884.68055432958  0.281938
8886.67397603798  0.281992
8888.66739774637  0.282048
8890.66081945477  0.280263
8892.65424116317  0.277949
8894.64766287157  0.272167
8896.64108457997  0.262026
8898.63450628837  0.251264
8900.62792799676  0.237249
8902.62134970516  0.223231
8904.61477141356  0.219086
8906.60819312196  0.216863
8908.60161483035  0.213069
8910.59503653875  0.207952
8912.58845824715  0.203826
8914.58187995555  0.204066
8916.57530166395  0.204305
8918.56872337234  0.211724
8920.56214508074  0.219749
8922.55556678914  0.224389
8924.54898849754  0.226809
8926.54241020594  0.228372
8928.53583191433  0.228665
8930.52925362273  0.229075
8932.52267533113  0.226304
8934.51609703953  0.223308
8936.50951874793  0.227209
8938.50294045632  0.234036
8940.49636216472  0.238618
8942.48978387312  0.240679
8944.48320558152  0.242808
8946.47662728992  0.244824
8948.47004899831  0.246839
8950.46347070671  0.244724
8952.45689241511  0.24132
8954.45031412351  0.239027
8956.44373583191  0.237726
8958.4371575403  0.23735
8960.4305792487  0.242624
8962.4240009571  0.247898
8964.4174226655  0.248573
8966.41084437389  0.248598
8968.40426608229  0.258653
8970.39768779069  0.275556
8972.39110949909  0.289482
8974.38453120749  0.296467
8976.37795291588  0.303452
8978.37137462428  0.308191
8980.36479633268  0.312444
8982.35821804108  0.313757
8984.35163974948  0.313916
8986.34506145787  0.309392
8988.33848316627  0.298077
8990.33190487467  0.287423
8992.32532658307  0.2823
8994.31874829147  0.277177
8996.31216999986  0.271044
8998.30559170826  0.26452
9000.29901341666  0.258771
9002.29243512506  0.253998
9004.28585683345  0.249948
9006.27927854185  0.248937
9008.27270025025  0.247926
9010.26612195865  0.250181
9012.25954366705  0.252776
9014.25296537544  0.251643
9016.24638708384  0.248093
9018.23980879224  0.242872
9020.23323050064  0.232407
9022.22665220904  0.221942
9024.22007391743  0.220066
9026.21349562583  0.218564
9028.20691733423  0.220049
9030.20033904263  0.223593
9032.19376075103  0.22696
9034.18718245942  0.229428
9036.18060416782  0.232191
9038.17402587622  0.239615
9040.16744758462  0.247038
9042.16086929302  0.25183
9044.15429100141  0.255797
9046.14771270981  0.256508
9048.14113441821  0.253447
9050.13455612661  0.251322
9052.127977835  0.25364
9054.1213995434  0.255957
9056.1148212518  0.254818
9058.1082429602  0.252891
9060.1016646686  0.252525
9062.09508637699  0.253484
9064.08850808539  0.253498
9066.08192979379  0.25125
9068.07535150219  0.249003
9070.06877321058  0.243072
9072.06219491899  0.236932
9074.05561662738  0.235658
9076.04903833578  0.237151
9078.04246004418  0.240128
9080.03588175258  0.246142
9082.02930346097  0.251831
9084.02272516937  0.244297
9086.01614687777  0.236697
9088.00956858617  0.23883
9090.00299029457  0.24484
9091.99641200296  0.251196
9093.98983371136  0.25827
9095.98325541976  0.265585
9097.97667712816  0.27307
9099.97009883655  0.280556
9101.96352054495  0.28583
9103.95694225335  0.290675
9105.95036396175  0.28931
9107.94378567015  0.281777
9109.93720737855  0.27399
9111.93062908694  0.265064
9113.92405079534  0.256139
9115.91747250374  0.249906
9117.91089421214  0.243879
9119.90431592053  0.243667
9121.89773762893  0.247566
9123.89115933733  0.251638
9125.88458104573  0.256704
9127.87800275413  0.261734
9129.87142446253  0.26227
9131.86484617092  0.262751
9133.85826787932  0.263948
9135.85168958772  0.265243
9137.84511129612  0.265667
9139.83853300451  0.264478
9141.83195471291  0.263195
9143.82537642131  0.262065
9145.81879812971  0.260934
9147.81221983811  0.258747
9149.8056415465  0.256123
9151.7990632549  0.256433
9153.7924849633  0.260241
9155.7859066717  0.263848
9157.7793283801  0.265994
9159.77275008849  0.26814
9161.76617179689  0.262193
9163.75959350529  0.255275
9165.75301521369  0.255142
9167.74643692209  0.259629
9169.73985863048  0.260264
9171.73328033888  0.249904
9173.72670204728  0.239543
9175.72012375568  0.22962
9177.71354546407  0.220027
9179.70696717247  0.217912
9181.70038888087  0.219548
9183.69381058927  0.221507
9185.68723229767  0.224532
9187.68065400606  0.228471
9189.67407571446  0.24457
9191.66749742286  0.260669
9193.66091913126  0.273209
9195.65434083966  0.284751
9197.64776254805  0.292866
9199.64118425645  0.296962
9201.63460596485  0.301856
9203.62802767325  0.309078
9205.62144938165  0.3163
9207.61487109004  0.325593
9209.60829279844  0.335581
9211.60171450684  0.342439
9213.59513621524  0.346695
9215.58855792364  0.353625
9217.58197963203  0.369183
9219.57540134043  0.384739
9221.56882304883  0.38971
9223.56224475723  0.393584
9225.55566646563  0.394475
9227.54908817402  0.393801
9229.54250988242  0.390487
9231.53593159082  0.383135
9233.52935329921  0.376829
9235.52277500761  0.387534
9237.51619671601  0.398238
9239.50961842441  0.415549
9241.50304013281  0.435717
9243.49646184121  0.455207
9245.4898835496  0.474021
9247.483305258  0.492642
9249.4767269664  0.509151
9251.4701486748  0.525663
9253.4635703832  0.536586
9255.45699209159  0.546173
9257.45041379999  0.550839
9259.44383550839  0.551416
9261.43725721679  0.551549
9263.43067892519  0.548624
9265.42410063358  0.545699
9267.41752234198  0.536821
9269.41094405038  0.52753
9271.40436575878  0.527425
9273.39778746718  0.533649
9275.39120917557  0.54029
9277.38463088397  0.54738
9279.37805259237  0.55523
9281.37147430077  0.596725
9283.36489600916  0.638331
9285.35831771756  0.646917
9287.35173942596  0.641331
9289.34516113436  0.629692
9291.33858284276  0.608786
9293.33200455115  0.586145
9295.32542625955  0.555968
9297.31884796795  0.525791
9299.31226967635  0.512937
9301.30569138475  0.50416
9303.29911309314  0.502489
9305.29253480154  0.507974
9307.28595650994  0.512692
9309.27937821834  0.511956
9311.27279992674  0.51122
9313.26622163513  0.49766
9315.25964334353  0.482919
9317.25306505193  0.467534
9319.24648676033  0.451652
9321.23990846873  0.437596
9323.23333017712  0.427922
9325.22675188552  0.41825
9327.22017359392  0.412089
9329.21359530232  0.406108
9331.20701701072  0.390565
9333.20043871911  0.370114
9335.19386042751  0.336867
9337.18728213591  0.283865
9339.18070384431  0.237995
9341.17412555271  0.278247
9343.1675472611  0.318504
9345.1609689695  0.385059
9347.1543906779  0.45932
9349.1478123863  0.482041
9351.14123409469  0.445761
9353.13465580309  0.41148
9355.12807751149  0.385988
9357.12149921989  0.360493
9359.11492092829  0.356859
9361.10834263668  0.357179
9363.10176434508  0.354207
9365.09518605348  0.348531
9367.08860776188  0.34121
9369.08202947028  0.330074
9371.07545117867  0.318937
9373.06887288707  0.310023
9375.06229459547  0.301372
9377.05571630387  0.296365
9379.04913801227  0.29289
9381.04255972066  0.290431
9383.03598142906  0.290409
9385.02940313746  0.290903
9387.02282484586  0.301749
9389.01624655425  0.312593
9391.00966826265  0.322619
9393.00308997105  0.332217
9394.99651167945  0.339514
9396.98993338785  0.343824
9398.98335509625  0.347361
9400.97677680464  0.345323
9402.97019851304  0.343285
9404.96362022144  0.340725
9406.95704192984  0.338355
9408.95046363823  0.336567
9410.94388534663  0.334582
9412.93730705503  0.333862
9414.93072876343  0.337485
9416.92415047183  0.341107
9418.91757218022  0.346174
9420.91099388862  0.351676
9422.90441559702  0.345743
9424.89783730542  0.332474
9426.89125901382  0.313783
9428.88468072221  0.284798
9430.87810243061  0.256225
9432.87152413901  0.244716
9434.86494584741  0.233286
9436.85836755581  0.230547
9438.8517892642  0.231309
9440.8452109726  0.231061
9442.838632681  0.22901
9444.8320543894  0.230689
9446.82547609779  0.259953
9448.81889780619  0.289221
9450.81231951459  0.305268
9452.80574122299  0.318307
9454.79916293139  0.30586
9456.79258463979  0.268957
9458.78600634818  0.240255
9460.77942805658  0.242433
9462.77284976498  0.244611
9464.76627147338  0.247767
9466.75969318177  0.251073
9468.75311489017  0.255487
9470.74653659857  0.260704
9472.73995830697  0.26213
9474.73338001537  0.255458
9476.72680172376  0.2488
9478.72022343216  0.232938
9480.71364514056  0.216683
9482.70706684896  0.222505
9484.70048855736  0.23859
9486.69391026575  0.253118
9488.68733197415  0.264432
9490.68075368255  0.273815
9492.67417539095  0.26385
9494.66759709935  0.253886
9496.66101880774  0.255551
9498.65444051614  0.260495
9500.64786222454  0.264177
9502.64128393294  0.266513
9504.63470564133  0.267576
9506.62812734973  0.263102
9508.62154905813  0.258629
9510.61497076653  0.253789
9512.60839247493  0.248784
9514.60181418333  0.244378
9516.59523589172  0.240563
9518.58865760012  0.241039
9520.58207930852  0.251711
9522.57550101692  0.26238
9524.56892272531  0.258918
9526.56234443371  0.255503
9528.55576614211  0.251812
9530.54918785051  0.247791
9532.54260955891  0.247002
9534.5360312673  0.250869
9536.5294529757  0.253221
9538.5228746841  0.239579
9540.5162963925  0.225936
9542.5097181009  0.21008
9544.50313980929  0.193461
9546.49656151769  0.192851
9548.48998322609  0.21075
9550.48340493449  0.225162
9552.47682664288  0.223193
9554.47024835128  0.221223
9556.46367005968  0.217232
9558.45709176808  0.212409
9560.45051347648  0.204098
9562.44393518487  0.193264
9564.43735689327  0.18269
9566.43077860167  0.172619
9568.42420031007  0.162548
9570.41762201847  0.163859
9572.41104372686  0.166128
9574.40446543526  0.173738
9576.39788714366  0.183585
9578.39130885206  0.188942
9580.38473056046  0.187243
9582.37815226886  0.185667
9584.37157397725  0.174531
9586.36499568565  0.163397
9588.35841739405  0.163215
9590.35183910245  0.166961
9592.34526081084  0.172869
9594.33868251924  0.182201
9596.33210422764  0.190302
9598.32552593604  0.190679
9600.31894764444  0.191056
9602.31236935283  0.199464
9604.30579106123  0.209375
9606.29921276963  0.207591
9608.29263447803  0.195404
9610.28605618643  0.188001
9612.27947789482  0.196323
9614.27289960322  0.204645
9616.26632131162  0.213127
9618.25974302002  0.221898
9620.25316472841  0.222794
9622.24658643681  0.218934
9624.24000814521  0.216842
9626.23342985361  0.217653
9628.22685156201  0.218604
9630.22027327041  0.229328
9632.2136949788  0.240162
9634.2071166872  0.246499
9636.2005383956  0.251611
9638.193960104  0.247772
9640.1873818124  0.229601
9642.18080352079  0.214361
9644.17422522919  0.223728
9646.16764693759  0.233094
9648.16106864599  0.243253
9650.15449035438  0.253758
9652.14791206278  0.26035
9654.14133377118  0.262557
9656.13475547958  0.262187
9658.12817718798  0.252067
9660.12159889637  0.241945
9662.11502060477  0.241945
9664.10844231317  0.243295
9666.10186402157  0.240549
9668.09528572997  0.235344
9670.08870743836  0.232494
9672.08212914676  0.234772
9674.07555085516  0.237056
9676.06897256356  0.235121
9678.06239427195  0.232666
9680.05581598035  0.23675
9682.04923768875  0.244761
9684.04265939715  0.251742
9686.03608110555  0.257205
9688.02950281394  0.263004
9690.02292452234  0.265827
9692.01634623074  0.268653
9694.00976793914  0.248157
9696.00318964754  0.220844
9697.99661135594  0.207684
9699.99003306433  0.210776
9701.98345477273  0.214706
9703.97687648113  0.226284
9705.97029818953  0.237859
9707.96371989792  0.237376
9709.95714160632  0.234144
9711.95056331472  0.232923
9713.94398502312  0.233217
9715.93740673152  0.229901
9717.93082843992  0.217808
9719.92425014831  0.205715
9721.91767185671  0.198203
9723.91109356511  0.190973
9725.90451527351  0.186342
9727.8979369819  0.182884
9729.8913586903  0.184963
9731.8847803987  0.197015
9733.8782021071  0.208334
9735.8716238155  0.203992
9737.86504552389  0.19965
9739.85846723229  0.200424
9741.85188894069  0.203266
9743.84531064909  0.203359
9745.83873235748  0.200165
9747.83215406588  0.198646
9749.82557577428  0.20597
9751.81899748268  0.213296
9753.81241919107  0.221586
9755.80584089948  0.229842
9757.79926260787  0.22731
9759.79268431627  0.215664
9761.78610602467  0.205215
9763.77952773307  0.199203
9765.77294944146  0.193189
9767.76637114986  0.189943
9769.75979285826  0.186637
9771.75321456666  0.187389
9773.74663627506  0.190334
9775.74005798345  0.192245
9777.73347969185  0.192704
9779.72690140025  0.192618
9781.72032310865  0.185266
9783.71374481705  0.177971
9785.70716652544  0.172696
9787.70058823384  0.167968
9789.69400994224  0.16582
9791.68743165064  0.166791
9793.68085335904  0.167567
9795.67427506743  0.167085
9797.66769677583  0.166604
9799.66111848423  0.163744
9801.65454019263  0.160117
9803.64796190102  0.153849
9805.64138360942  0.145849
9807.63480531782  0.138311
9809.62822702622  0.133431
9811.62164873462  0.128554
9813.61507044302  0.139932
9815.60849215141  0.15236
9817.60191385981  0.161965
9819.59533556821  0.169744
9821.58875727661  0.175985
9823.582178985  0.179392
9825.5756006934  0.182848
9827.5690224018  0.189222
9829.5624441102  0.195584
9831.5558658186  0.192106
9833.54928752699  0.183985
9835.54270923539  0.185738
9837.53613094379  0.203445
9839.52955265219  0.218196
9841.52297436058  0.204511
9843.51639606898  0.190826
9845.50981777738  0.181681
9847.50323948578  0.173587
9849.49666119418  0.17404
9851.49008290258  0.183726
9853.48350461097  0.189323
9855.47692631937  0.177332
9857.47034802777  0.16534
9859.46376973617  0.161884
9861.45719144456  0.159535
9863.45061315296  0.158762
9865.44403486136  0.158349
9867.43745656976  0.157634
9869.43087827816  0.156881
9871.42429998655  0.156128
9873.41772169495  0.151561
9875.41114340335  0.147149
9877.40456511175  0.151567
9879.39798682015  0.159876
9881.39140852854  0.169386
9883.38483023694  0.181073
9885.37825194534  0.190815
9887.37167365374  0.172475
9889.36509536213  0.154137
9891.35851707053  0.143021
9893.35193877893  0.134326
9895.34536048733  0.12968
9897.33878219573  0.129853
9899.33220390413  0.127465
9901.32562561252  0.112314
9903.31904732092  0.0971631
9905.31246902932  0.0890039
9907.30589073772  0.0821589
9909.29931244612  0.0986677
9911.29273415451  0.133267
9913.28615586291  0.162902
9915.27957757131  0.176682
9917.27299927971  0.190461
9919.2664209881  0.192782
9921.2598426965  0.195164
9923.2532644049  0.201849
9925.2466861133  0.210363
9927.2401078217  0.210692
9929.23352953009  0.194359
9931.22695123849  0.1778
9933.22037294689  0.173482
9935.21379465529  0.169161
9937.20721636369  0.162368
9939.20063807208  0.154271
9941.19405978048  0.155464
9943.18748148888  0.169054
9945.18090319728  0.181989
9947.17432490568  0.190448
9949.16774661407  0.198907
9951.16116832247  0.180404
9953.15459003087  0.155973
9955.14801173927  0.145274
9957.14143344767  0.147804
9959.13485515606  0.153849
9961.12827686446  0.171543
9963.12169857286  0.189236
9965.11512028126  0.194265
9967.10854198966  0.197769
9969.10196369805  0.20386
9971.09538540645  0.212332
9973.08880711485  0.223867
9975.08222882325  0.242787
9977.07565053164  0.261891
9979.06907224004  0.263274
9981.06249394844  0.264124
9983.05591565684  0.250907
9985.04933736524  0.231732
9987.04275907364  0.219859
9989.03618078203  0.220993
9991.02960249043  0.222205
9993.02302419883  0.224728
9995.01644590723  0.227252
9997.00986761562  0.214084
9999.00328932402  0.196789
10000.9967110324  0.190804
10002.9901327408  0.19542
10004.9835544492  0.198383
10006.9769761576  0.194204
10008.970397866  0.190024
10010.9638195744  0.178355
10012.9572412828  0.165929
10014.9506629912  0.172349
10016.9440846996  0.192043
10018.937506408  0.206697
10020.9309281164  0.208228
10022.9243498248  0.209743
10024.9177715332  0.212961
10026.9111932416  0.216576
10028.90461495  0.217499
10030.8980366584  0.217238
10032.8914583668  0.209755
10034.8848800752  0.189628
10036.8783017836  0.1717
10038.871723492  0.17994
10040.8651452004  0.18818
10042.8585669088  0.186253
10044.8519886172  0.181196
10046.8454103256  0.174977
10048.838832034  0.167652
10050.8322537424  0.161638
10052.8256754508  0.162539
10054.8190971592  0.163441
10056.8125188676  0.160933
10058.805940576  0.157908
10060.7993622844  0.155599
10062.7927839928  0.153992
10064.7862057012  0.155576
10066.7796274096  0.166922
10068.773049118  0.178267
10070.7664708263  0.164846
10072.7598925347  0.150059
10074.7533142431  0.147327
10076.7467359515  0.150818
10078.7401576599  0.151169
10080.7335793683  0.147023
10082.7270010767  0.143476
10084.7204227851  0.14447
10086.7138444935  0.145464
10088.7072662019  0.160689
10090.7006879103  0.18078
10092.6941096187  0.180625
10094.6875313271  0.15525
10096.6809530355  0.134669
10098.6743747439  0.142018
10100.6677964523  0.149367
10102.6612181607  0.148889
10104.6546398691  0.146898
10106.6480615775  0.147663
10108.6414832859  0.151417
10110.6349049943  0.154355
10112.6283267027  0.154438
10114.6217484111  0.154522
10116.6151701195  0.143215
10118.6085918279  0.130451
10120.6020135363  0.12317
10122.5954352447  0.118251
10124.5888569531  0.113644
10126.5822786615  0.114052
10128.5757003699  0.114382
10130.5691220783  0.119979
10132.5625437867  0.125622
10134.5559654951  0.157688
10136.5493872035  0.198423
10138.5428089119  0.209442
10140.5362306203  0.179437
10142.5296523287  0.150209
10144.5230740371  0.127253
10146.5164957455  0.104299
10148.5099174539  0.0932466
10150.5033391623  0.086164
10152.4967608707  0.100852
10154.4901825791  0.13378
10156.4836042875  0.156384
10158.4770259959  0.142565
10160.4704477043  0.128748
10162.4638694126  0.106643
10164.4572911211  0.0834482
10166.4507128294  0.0910633
