3107.56972052748  11.5728
3109.56175239961  10.6553
3111.55378427175  9.28885
3113.54581614388  8.50969
3115.53784801601  9.4244
3117.52987988815  11.3069
3119.52191176028  10.0166
3121.51394363241  7.51174
3123.50597550454  8.68065
3125.49800737668  10.4401
3127.49003924881  9.59234
3129.48207112094  11.0144
3131.47410299308  10.7049
3133.46613486521  8.82312
3135.45816673734  8.9344
3137.45019860948  8.78714
3139.44223048161  9.96759
3141.43426235374  9.80463
3143.42629422587  9.25048
3145.41832609801  8.32658
3147.41035797014  9.03575
3149.40238984227  8.90811
3151.39442171441  8.44871
3153.38645358654  8.74951
3155.37848545867  7.92484
3157.37051733081  7.64624
3159.36254920294  8.14229
3161.35458107507  8.03906
3163.3466129472  9.01203
3165.33864481934  9.4007
3167.33067669147  9.48419
3169.3227085636  10.2529
3171.31474043574  9.83599
3173.30677230787  8.90046
3175.29880418  9.04699
3177.29083605214  9.784
3179.28286792427  12.75
3181.2748997964  13.7894
3183.26693166853  9.55573
3185.25896354067  8.56136
3187.2509954128  9.74111
3189.24302728493  9.19313
3191.23505915707  9.39814
3193.2270910292  9.60184
3195.21912290133  9.07719
3197.21115477347  8.62687
3199.2031866456  8.94115
3201.19521851773  8.7875
3203.18725038986  8.09115
3205.179282262  8.374
3207.17131413413  8.73737
3209.16334600626  8.84925
3211.1553778784  9.47662
3213.14740975053  9.65916
3215.13944162266  9.67978
3217.1314734948  9.85468
3219.12350536693  9.70994
3221.11553723906  9.65968
3223.10756911119  9.01466
3225.09960098333  9.32185
3227.09163285546  9.80726
3229.08366472759  9.56113
3231.07569659973  9.83896
3233.06772847186  9.34739
3235.05976034399  9.28275
3237.05179221613  9.16246
3239.04382408826  9.10275
3241.03585596039  9.72
3243.02788783252  8.73079
3245.01991970466  9.32043
3247.01195157679  10.3222
3249.00398344892  9.51437
3250.99601532106  9.89507
3252.98804719319  9.40371
3254.98007906532  9.16463
3256.97211093746  9.9049
3258.96414280959  9.748
3260.95617468172  8.80277
3262.94820655385  9.43902
3264.94023842599  9.45496
3266.93227029812  8.47174
3268.92430217025  9.46874
3270.91633404239  8.81325
3272.90836591452  9.4555
3274.90039778665  9.99259
3276.89242965879  9.9668
3278.88446153092  9.79356
3280.87649340305  9.61113
3282.86852527518  8.68324
3284.86055714732  9.11769
3286.85258901945  9.65043
3288.84462089158  9.30016
3290.83665276372  9.22252
3292.82868463585  9.64285
3294.82071650798  9.41387
3296.81274838012  9.27493
3298.80478025225  9.3428
3300.79681212438  9.90034
3302.78884399651  11.0334
3304.78087586865  10.2579
3306.77290774078  9.45247
3308.76493961291  10.8383
3310.75697148505  9.51903
3312.74900335718  9.19706
3314.74103522931  9.4001
3316.73306710145  9.25825
3318.72509897358  9.02711
3320.71713084571  8.79248
3322.70916271784  10.1773
3324.70119458998  9.79208
3326.69322646211  9.88436
3328.68525833424  9.3188
3330.67729020638  9.02149
3332.66932207851  9.92025
3334.66135395064  8.57809
3336.65338582278  9.43851
3338.64541769491  9.52782
3340.63744956704  8.63601
3342.62948143917  8.93312
3344.62151331131  9.3254
3346.61354518344  8.72183
3348.60557705557  9.06753
3350.59760892771  9.63592
3352.58964079984  9.31309
3354.58167267197  9.40849
3356.57370454411  8.78267
3358.56573641624  8.95686
3360.55776828837  8.83007
3362.5498001605  9.17796
3364.54183203264  9.41699
3366.53386390477  9.24205
3368.5258957769  9.44088
3370.51792764904  9.20253
3372.50995952117  8.52147
3374.5019913933  8.66976
3376.49402326544  8.93441
3378.48605513757  9.11589
3380.4780870097  8.5836
3382.47011888183  9.00709
3384.46215075397  9.45757
3386.4541826261  9.65603
3388.44621449823  9.66426
3390.43824637037  8.99039
3392.4302782425  8.82863
3394.42231011463  8.93259
3396.41434198677  8.7515
3398.4063738589  8.76459
3400.39840573103  9.05425
3402.39043760316  9.22422
3404.3824694753  8.88524
3406.37450134743  8.78053
3408.36653321956  9.00044
3410.3585650917  9.41252
3412.35059696383  9.30147
3414.34262883596  8.8344
3416.3346607081  8.99317
3418.32669258023  9.24447
3420.31872445236  9.48449
3422.31075632449  9.36731
3424.30278819663  8.88678
3426.29482006876  8.80264
3428.28685194089  8.84806
3430.27888381303  8.85757
3432.27091568516  9.13132
3434.26294755729  9.0706
3436.25497942943  9.0146
3438.24701130156  8.89263
3440.23904317369  8.57246
3442.23107504582  9.05898
3444.22310691796  8.86511
3446.21513879009  8.43795
3448.20717066222  8.65812
3450.19920253436  8.68831
3452.19123440649  8.36216
3454.18326627862  8.13201
3456.17529815076  8.19344
3458.16733002289  8.5113
3460.15936189502  8.64807
3462.15139376715  8.67466
3464.14342563929  8.41455
3466.13545751142  8.20654
3468.12748938355  8.42102
3470.11952125569  8.70938
3472.11155312782  8.56382
3474.10358499995  8.25469
3476.09561687209  8.39384
3478.08764874422  8.59635
3480.07968061635  8.86283
3482.07171248848  8.68784
3484.06374436062  8.14851
3486.05577623275  8.11058
3488.04780810488  8.26473
3490.03983997702  8.366
3492.03187184915  8.40737
3494.02390372128  8.41535
3496.01593559341  8.42758
3498.00796746555  8.28694
3499.99999933768  8.11899
3501.99203120981  8.31755
3503.98406308195  8.42658
3505.97609495408  8.04704
3507.96812682621  8.09733
3509.96015869835  8.00416
3511.95219057048  8.13468
3513.94422244261  8.28195
3515.93625431475  8.44382
3517.92828618688  8.37203
3519.92031805901  7.92269
3521.91234993114  7.92567
3523.90438180328  8.15372
3525.89641367541  8.38233
3527.88844554754  8.49067
3529.88047741968  8.71348
3531.87250929181  8.77122
3533.86454116394  8.28144
3535.85657303608  8.38497
3537.84860490821  8.29154
3539.84063678034  8.40904
3541.83266865247  8.2449
3543.82470052461  8.10163
3545.81673239674  7.92238
3547.80876426887  8.83441
3549.80079614101  8.28807
3551.79282801314  7.635
3553.78485988527  8.19517
3555.7768917574  8.23207
3557.76892362954  8.43423
3559.76095550167  8.42342
3561.7529873738  8.18599
3563.74501924594  8.46769
3565.73705111807  8.09786
3567.7290829902  7.82523
3569.72111486234  8.22165
3571.71314673447  7.88952
3573.7051786066  7.93502
3575.69721047874  7.79895
3577.68924235087  7.5879
3579.681274223  7.84198
3581.67330609513  8.08397
3583.66533796727  8.07091
3585.6573698394  7.9594
3587.64940171153  8.01303
3589.64143358367  8.58507
3591.6334654558  7.98191
3593.62549732793  8.00275
3595.61752920006  8.20513
3597.6095610722  8.18385
3599.60159294433  7.80511
3601.59362481646  8.36765
3603.5856566886  8.24296
3605.57768856073  8.33744
3607.56972043286  8.56034
3609.561752305  8.14359
3611.55378417713  8.11981
3613.54581604926  7.66889
3615.53784792139  7.78578
3617.52987979353  8.09518
3619.52191166566  7.81764
3621.51394353779  7.40844
3623.50597540993  7.61406
3625.49800728206  7.73028
3627.49003915419  7.47471
3629.48207102633  7.34837
3631.47410289846  7.47919
3633.46613477059  8.23789
3635.45816664273  8.43374
3637.45019851486  8.28241
3639.44223038699  8.69156
3641.43426225912  8.28647
3643.42629413126  8.42537
3645.41832600339  8.60684
3647.41035787552  8.80185
3649.40238974766  8.26756
3651.39442161979  8.02592
3653.38645349192  7.86554
3655.37848536405  8.259
3657.37051723619  8.23829
3659.36254910832  7.81182
3661.35458098045  7.72597
3663.34661285259  7.72711
3665.33864472472  7.82337
3667.33067659685  8.22204
3669.32270846899  7.85659
3671.31474034112  7.47914
3673.30677221325  7.90144
3675.29880408539  7.91465
3677.29083595752  7.89599
3679.28286782965  7.73943
3681.27489970178  7.44893
3683.26693157392  7.83871
3685.25896344605  7.86262
3687.25099531818  7.59998
3689.24302719032  7.88122
3691.23505906245  7.7618
3693.22709093458  7.95671
3695.21912280672  8.14147
3697.21115467885  7.83535
3699.20318655098  7.70201
3701.19521842311  7.6382
3703.18725029525  7.47196
3705.17928216738  7.65356
3707.17131403951  7.92083
3709.16334591165  7.89406
3711.15537778378  7.95573
3713.14740965591  8.13629
3715.13944152804  7.94134
3717.13147340018  8.11441
3719.12350527231  13.2013
3721.11553714444  29.2405
3723.10756901658  51.3534
3725.09960088871  59.6501
3727.09163276084  44.9129
3729.08366463298  22.6276
3731.07569650511  10.4457
3733.06772837724  8.19662
3735.05976024938  8.29515
3737.05179212151  8.58908
3739.04382399364  8.76419
3741.03585586577  8.47738
3743.02788773791  8.07917
3745.01991961004  7.81147
3747.01195148217  7.97353
3749.00398335431  8.23866
3750.99601522644  8.19775
3752.98804709857  8.66247
3754.9800789707  9.12336
3756.97211084284  9.22922
3758.96414271497  9.17115
3760.9561745871  8.80005
3762.94820645924  8.85955
3764.94023833137  8.51348
3766.9322702035  8.03964
3768.92430207564  7.92038
3770.91633394777  8.2276
3772.9083658199  8.37792
3774.90039769203  9.17094
3776.89242956417  10.0485
3778.8844614363  10.0829
3780.87649330843  9.85629
3782.86852518057  9.83156
3784.8605570527  9.53957
3786.85258892483  9.42414
3788.84462079697  9.00167
3790.8366526691  8.21669
3792.82868454123  8.05949
3794.82071641336  8.07159
3796.8127482855  8.05854
3798.80478015763  8.21782
3800.79681202976  8.93527
3802.7888439019  9.48114
3804.78087577403  9.7492
3806.77290764616  9.9757
3808.7649395183  10.2264
3810.75697139043  10.095
3812.74900326256  10.3405
3814.7410351347  9.86638
3816.73306700683  10.0791
3818.72509887896  9.91278
3820.71713075109  10.0459
3822.70916262323  9.70173
3824.70119449536  9.44637
3826.69322636749  9.05713
3828.68525823963  8.75002
3830.67729011176  8.30523
3832.66932198389  8.43404
3834.66135385602  8.5789
3836.65338572816  8.72809
3838.64541760029  8.80537
3840.63744947242  9.4876
3842.62948134456  9.7607
3844.62151321669  10.1172
3846.61354508882  10.3439
3848.60557696096  10.4084
3850.59760883309  10.5116
3852.58964070522  10.4681
3854.58167257735  10.4158
3856.57370444949  10.6843
3858.56573632162  10.3308
3860.55776819375  10.524
3862.54980006589  11.4835
3864.54183193802  12.6561
3866.53386381015  13.2401
3868.52589568229  12.6284
3870.51792755442  11.5424
3872.50995942655  10.6471
3874.50199129868  10.4216
3876.49402317082  10.3614
3878.48605504295  10.2249
3880.47808691508  9.70956
3882.47011878722  9.63435
3884.46215065935  10.7915
3886.45418253148  11.578
3888.44621440362  11.2179
3890.43824627575  10.0789
3892.43027814788  10.022
3894.42231002001  10.6494
3896.41434189215  10.6708
3898.40637376428  10.8541
3900.39840563641  11.154
3902.39043750855  11.1268
3904.38246938068  11.286
3906.37450125281  11.4264
3908.36653312495  11.1668
3910.35856499708  11.2152
3912.35059686921  11.3678
3914.34262874134  11.1598
3916.33466061348  10.9933
3918.32669248561  11.0025
3920.31872435774  11.2669
3922.31075622988  11.2293
3924.30278810201  11.1414
3926.29481997414  10.9298
3928.28685184628  10.606
3930.27888371841  10.5026
3932.27091559054  10.5918
3934.26294746268  10.8034
3936.25497933481  11.1381
3938.24701120694  11.4278
3940.23904307907  11.1382
3942.23107495121  11.407
3944.22310682334  11.9553
3946.21513869547  11.7327
3948.20717056761  11.3418
3950.19920243974  11.3644
3952.19123431187  11.517
3954.18326618401  11.1707
3956.17529805614  10.9582
3958.16732992827  11.0051
3960.1593618004  10.8461
3962.15139367254  10.6352
3964.14342554467  10.6561
3966.1354574168  11.0811
3968.12748928894  11.4916
3970.11952116107  11.4089
3972.1115530332  10.8289
3974.10358490533  10.5532
3976.09561677747  10.7112
3978.0876486496  10.8469
3980.07968052173  11.2133
3982.07171239387  11.5606
3984.063744266  11.411
3986.05577613813  11.5799
3988.04780801027  11.954
3990.0398398824  11.8896
3992.03187175453  11.6846
3994.02390362667  11.6826
3996.0159354988  11.9206
3998.00796737093  11.6938
3999.99999924306  11.6255
4001.9920311152  11.6377
4003.98406298733  11.5086
4005.97609485946  11.5712
4007.9681267316  11.6456
4009.96015860373  11.295
4011.95219047586  11.1453
4013.94422234799  11.4708
4015.93625422013  11.4677
4017.92828609226  11.4106
4019.92031796439  11.1404
4021.91234983653  10.5325
4023.90438170866  10.388
4025.89641358079  10.7836
4027.88844545293  11.0051
4029.88047732506  11.2737
4031.87250919719  11.7313
4033.86454106933  12.0043
4035.85657294146  11.6317
4037.84860481359  11.1849
4039.84063668572  11.0567
4041.83266855786  11.2263
4043.82470042999  11.2038
4045.81673230212  10.8439
4047.80876417426  10.9191
4049.80079604639  10.7655
4051.79282791852  10.7164
4053.78485979066  10.6226
4055.77689166279  10.3908
4057.76892353492  10.5882
4059.76095540705  10.575
4061.75298727919  10.4902
4063.74501915132  10.8287
4065.73705102345  11.1132
4067.72908289559  10.8517
4069.72111476772  10.5981
4071.71314663985  10.5688
4073.70517851198  10.4172
4075.69721038412  10.3473
4077.68924225625  10.1865
4079.68127412839  10.1969
4081.67330600052  10.1894
4083.66533787265  10.072
4085.65736974478  9.64059
4087.64940161692  9.8373
4089.64143348905  9.5399
4091.63346536118  9.32374
4093.62549723331  8.87223
4095.61752910545  9.06772
4097.60956097758  10.3961
4099.60159284971  11.523
4101.59362472185  11.139
4103.58565659398  9.9388
4105.57768846611  9.08698
4107.56972033825  8.64266
4109.56175221038  9.13454
4111.55378408251  9.2232
4113.54581595465  9.18092
4115.53784782678  9.19716
4117.52987969891  9.2579
4119.52191157104  9.30086
4121.51394344318  9.48162
4123.50597531531  9.3888
4125.49800718744  9.37484
4127.49003905958  9.22123
4129.48207093171  9.42047
4131.47410280384  9.35172
4133.46613467598  9.19634
4135.45816654811  9.35156
4137.45019842024  9.86117
4139.44223029237  8.98274
4141.43426216451  9.24319
4143.42629403664  8.90207
4145.41832590877  9.13522
4147.41035778091  9.45469
4149.40238965304  9.3853
4151.39442152517  9.37106
4153.38645339731  9.31904
4155.37848526944  9.47477
4157.37051714157  9.64315
4159.3625490137  9.11593
4161.35458088584  9.22262
4163.34661275797  9.57737
4165.3386446301  9.47988
4167.33067650224  9.211
4169.32270837437  9.4896
4171.3147402465  8.99985
4173.30677211864  9.01782
4175.29880399077  9.16292
4177.2908358629  9.08462
4179.28286773503  9.19714
4181.27489960717  9.1569
4183.2669314793  9.05769
4185.25896335143  9.03329
4187.25099522357  9.22963
4189.2430270957  8.93646
4191.23505896783  9.2312
4193.22709083996  9.15868
4195.2191227121  9.06076
4197.21115458423  9.27957
4199.20318645636  9.15945
4201.1952183285  9.2032
4203.18725020063  9.0178
4205.17928207276  9.05951
4207.1713139449  9.05417
4209.16334581703  9.2071
4211.15537768916  9.32625
4213.14740956129  9.29431
4215.13944143343  9.17097
4217.13147330556  9.33204
4219.12350517769  9.21509
4221.11553704983  9.10815
4223.10756892196  9.09513
4225.09960079409  9.03563
4227.09163266623  9.27996
4229.08366453836  9.17522
4231.07569641049  8.96734
4233.06772828263  9.05016
4235.05976015476  9.07418
4237.05179202689  9.16936
4239.04382389903  9.27027
4241.03585577116  9.19391
4243.02788764329  9.32148
4245.01991951542  9.13506
4247.01195138756  9.10936
4249.00398325969  8.99316
4250.99601513182  8.99679
4252.98804700396  9.0168
4254.98007887609  9.01171
4256.97211074822  9.12217
4258.96414262035  9.04731
4260.95617449249  8.86875
4262.94820636462  9.11135
4264.94023823675  9.1199
4266.93227010889  8.95821
4268.92430198102  8.96117
4270.91633385315  8.8361
4272.90836572528  8.77057
4274.90039759742  8.99536
4276.89242946955  9.00579
4278.88446134168  8.86346
4280.87649321382  8.94527
4282.86852508595  9.03315
4284.86055695808  8.96455
4286.85258883022  8.88174
4288.84462070235  8.91723
4290.83665257448  8.8746
4292.82868444661  8.83308
4294.82071631875  8.83498
4296.81274819088  8.80489
4298.80478006301  8.77274
4300.79681193515  8.85242
4302.78884380728  8.86539
4304.78087567941  8.80223
4306.77290755155  8.82454
4308.76493942368  8.94492
4310.75697129581  8.94965
4312.74900316794  8.84048
4314.74103504008  8.86887
4316.73306691221  8.88479
4318.72509878435  8.81595
4320.71713065648  8.78084
4322.70916252861  8.59417
4324.70119440074  8.57297
4326.69322627288  8.72602
4328.68525814501  8.62742
4330.67729001714  8.3484
4332.66932188928  8.08968
4334.66135376141  9.13201
4336.65338563354  13.0624
4338.64541750567  15.8244
4340.63744937781  13.0171
4342.62948124994  9.1897
4344.62151312207  8.33283
4346.61354499421  8.58325
4348.60557686634  8.72408
4350.59760873847  8.74534
4352.5896406106  8.98538
4354.58167248274  9.16903
4356.57370435487  9.05596
4358.565736227  9.57774
4360.55776809914  9.85653
4362.54979997127  9.48419
4364.5418318434  9.15513
4366.53386371554  9.01323
4368.52589558767  9.17302
4370.5179274598  9.17017
4372.50995933194  9.08417
4374.50199120407  9.22643
4376.4940230762  9.32843
4378.48605494833  9.13159
4380.47808682047  9.12548
4382.4701186926  9.18274
4384.46215056473  8.91034
4386.45418243687  9.01377
4388.446214309  9.11735
4390.43824618113  9.42017
4392.43027805327  9.19354
4394.4223099254  9.27221
4396.41434179753  9.5317
4398.40637366966  9.4745
4400.3984055418  9.35844
4402.39043741393  9.3908
4404.38246928606  9.26854
4406.3745011582  9.66941
4408.36653303033  9.54396
4410.35856490246  9.62272
4412.3505967746  9.51478
4414.34262864673  9.32757
4416.33466051886  9.46206
4418.32669239099  9.63541
4420.31872426313  9.61525
4422.31075613526  9.66693
4424.30278800739  9.71286
4426.29481987952  9.60754
4428.28685175166  9.65674
4430.27888362379  9.70245
4432.27091549592  9.78363
4434.26294736806  9.96055
4436.25497924019  9.80889
4438.24701111232  9.6403
4440.23904298446  9.70037
4442.23107485659  9.84174
4444.22310672872  9.8862
4446.21513860086  9.99611
4448.20717047299  10.1398
4450.19920234512  10.12
4452.19123421726  10.0718
4454.18326608939  10.1396
4456.17529796152  10.2737
4458.16732983366  10.2127
4460.15936170579  10.2339
4462.15139357792  10.2519
4464.14342545005  10.0989
4466.13545732219  10.2602
4468.12748919432  10.692
4470.11952106645  10.8188
4472.11155293858  10.6588
4474.10358481072  10.3219
4476.09561668285  10.3541
4478.08764855498  10.3904
4480.07968042712  10.4645
4482.07171229925  10.7965
4484.06374417138  10.9179
4486.05577604352  10.8125
4488.04780791565  10.9037
4490.03983978778  10.8563
4492.03187165992  10.9716
4494.02390353205  11.2754
4496.01593540418  11.2362
4498.00796727631  11.139
4499.99999914845  11.1698
4501.99203102058  11.3242
4503.98406289271  11.4499
4505.97609476485  11.517
4507.96812663698  11.5744
4509.96015850911  11.488
4511.95219038124  11.6925
4513.94422225338  11.7313
4515.93625412551  11.678
4517.92828599764  11.6245
4519.92031786978  11.8131
4521.91234974191  11.9371
4523.90438161404  11.8711
4525.89641348618  11.9435
4527.88844535831  12.0717
4529.88047723044  12.18
4531.87250910258  11.9923
4533.86454097471  12.1094
4535.85657284684  12.5404
4537.84860471898  12.579
4539.84063659111  12.5734
4541.83266846324  12.5328
4543.82470033537  12.5084
4545.81673220751  12.501
4547.80876407964  12.5429
4549.80079595177  12.6085
4551.7928278239  12.5915
4553.78485969604  12.6376
4555.77689156817  12.702
4557.76892344031  12.8728
4559.76095531244  12.8439
4561.75298718457  12.5902
4563.7450190567  12.669
4565.73705092884  12.9001
4567.72908280097  12.9073
4569.7211146731  12.8327
4571.71314654523  12.8311
4573.70517841737  13.04
4575.6972102895  13.0014
4577.68924216163  12.7067
4579.68127403377  12.6002
4581.6733059059  12.7256
4583.66533777803  12.8139
4585.65736965017  12.7639
4587.6494015223  12.7023
4589.64143339443  12.7766
4591.63346526657  12.9571
4593.6254971387  12.8642
4595.61752901083  12.813
4597.60956088296  12.7436
4599.6015927551  12.6669
4601.59362462723  12.83
4603.58565649936  13.1445
4605.5776883715  13.4366
4607.56972024363  13.6555
4609.56175211576  13.4226
4611.5537839879  13.7962
4613.54581586003  13.6485
4615.53784773216  13.6786
4617.52987960429  13.6219
4619.52191147643  13.6187
4621.51394334856  13.4971
4623.50597522069  13.4222
4625.49800709283  13.2616
4627.49003896496  13.1735
4629.48207083709  13.2119
4631.47410270923  13.2902
4633.46613458136  13.4485
4635.45816645349  13.3738
4637.45019832562  13.1252
4639.44223019776  13.1069
4641.43426206989  13.0891
4643.42629394202  12.7368
4645.41832581416  12.7028
4647.41035768629  13.1441
4649.40238955842  13.4978
4651.39442143055  13.3966
4653.38645330269  13.3026
4655.37848517482  13.5454
4657.37051704695  13.4685
4659.36254891909  13.0898
4661.35458079122  12.8804
4663.34661266335  12.8819
4665.33864453549  12.7323
4667.33067640762  12.7639
4669.32270827975  13.1249
4671.31474015188  13.0132
4673.30677202402  12.6971
4675.29880389615  12.6823
4677.29083576828  12.7221
4679.28286764042  12.4902
4681.27489951255  12.3918
4683.26693138468  12.7146
4685.25896325682  12.8105
4687.25099512895  12.4364
4689.24302700108  12.2501
4691.23505887322  12.0542
4693.22709074535  12.0158
4695.21912261748  11.8095
4697.21115448961  11.4671
4699.20318636175  11.6009
4701.19521823388  11.4371
4703.18725010601  11.371
4705.17928197815  11.6549
4707.17131385028  11.5104
4709.16334572241  11.6224
4711.15537759455  11.5706
4713.14740946668  11.6179
4715.13944133881  11.6688
4717.13147321094  11.6358
4719.12350508308  11.8675
4721.11553695521  11.7286
4723.10756882734  11.7785
4725.09960069948  12.0822
4727.09163257161  11.9002
4729.08366444374  11.7301
4731.07569631588  11.6315
4733.06772818801  11.6977
4735.05976006014  11.7759
4737.05179193227  11.7292
4739.04382380441  11.4598
4741.03585567654  11.5366
4743.02788754867  11.5539
4745.01991942081  11.5566
4747.01195129294  11.7823
4749.00398316507  11.5783
4750.9960150372  11.7669
4752.98804690934  11.7132
4754.98007878147  11.6525
4756.9721106536  11.6885
4758.96414252574  11.8224
4760.95617439787  11.6503
4762.94820627  11.4981
4764.94023814214  11.4192
4766.93227001427  11.1067
4768.9243018864  11.1758
4770.91633375854  11.6768
4772.90836563067  11.5062
4774.9003975028  11.3465
4776.89242937493  11.5384
4778.88446124707  11.6246
4780.8764931192  12.7805
4782.86852499133  12.5036
4784.86055686347  11.5497
4786.8525887356  11.1984
4788.84462060773  11.1103
4790.83665247986  11.0713
4792.828684352  11.1905
4794.82071622413  11.2847
4796.81274809626  11.2857
4798.8047799684  11.2079
4800.79681184053  10.9903
4802.78884371266  10.7648
4804.7808755848  10.9489
4806.77290745693  11.3747
4808.76493932906  11.3616
4810.7569712012  11.3846
4812.74900307333  11.4178
4814.74103494546  11.1798
4816.73306681759  11.2616
4818.72509868973  11.3918
4820.71713056186  11.2822
4822.70916243399  11.0383
4824.70119430613  11.1208
4826.69322617826  11.1152
4828.68525805039  11.0177
4830.67728992253  11.3027
4832.66932179466  11.2844
4834.66135366679  10.8685
4836.65338553892  10.8838
4838.64541741106  11.0934
4840.63744928319  10.9919
4842.62948115532  10.7972
4844.62151302746  10.5591
4846.61354489959  10.5078
4848.60557677172  10.5739
4850.59760864386  10.4382
4852.58964051599  10.1959
4854.58167238812  12.8115
4856.57370426025  23.5435
4858.56573613239  34.4015
4860.55776800452  30.0539
4862.54979987665  17.4
4864.54183174879  11.2326
4866.53386362092  10.6189
4868.52589549305  10.6677
4870.51792736518  10.518
4872.50995923732  10.8915
4874.50199110945  10.7489
4876.49402298158  10.9974
4878.48605485372  11.146
4880.47808672585  11.1768
4882.47011859798  11.1822
4884.46215047012  11.1462
4886.45418234225  11.0346
4888.44621421438  10.9929
4890.43824608652  11.0653
4892.43027795865  11.1159
4894.42230983078  11.406
4896.41434170292  11.3501
4898.40637357505  10.932
4900.39840544718  10.7361
4902.39043731931  10.9567
4904.38246919145  10.8224
4906.37450106358  10.6614
4908.36653293571  10.6059
4910.35856480784  10.7619
4912.35059667998  10.6787
4914.34262855211  10.5522
4916.33466042424  10.161
4918.32669229638  10.5055
4920.31872416851  10.3651
4922.31075604064  10.3427
4924.30278791278  10.6232
4926.29481978491  10.5642
4928.28685165704  10.4668
4930.27888352917  10.6304
4932.27091540131  10.3179
4934.26294727344  10.2386
4936.25497914557  10.3581
4938.24701101771  10.6246
4940.23904288984  10.8523
4942.23107476197  10.341
4944.22310663411  10.411
4946.21513850624  10.3548
4948.20717037837  10.5494
4950.19920225051  10.6527
4952.19123412264  11.7481
4954.18326599477  18.3726
4956.1752978669  25.4151
4958.16732973904  21.1804
4960.15936161117  13.5867
4962.1513934833  10.8879
4964.14342535544  10.3432
4966.13545722757  10.5225
4968.1274890997  10.5255
4970.11952097184  10.3659
4972.11155284397  10.5854
4974.1035847161  10.5863
4976.09561658823  10.3687
4978.08764846037  9.97158
4980.0796803325  10.2336
4982.07171220463  10.1668
4984.06374407677  10.4269
4986.0557759489  10.0324
4988.04780782103  10.066
4990.03983969316  9.88361
4992.0318715653  10.0378
4994.02390343743  10.0962
4996.01593530956  10.1585
4998.0079671817  10.5113
4999.99999905383  13.5474
5001.99203092596  34.3072
5003.9840627981  55.6891
5005.97609467023  45.105
5007.96812654236  20.2785
5009.9601584145  10.75
5011.95219028663  10.3543
5013.94422215876  10.3311
5015.93625403089  9.87043
5017.92828590303  9.8145
5019.92031777516  9.99493
5021.91234964729  9.95927
5023.90438151943  10.0929
5025.89641339156  10.0384
5027.88844526369  9.9073
5029.88047713583  9.8247
5031.87250900796  9.68292
5033.86454088009  9.60312
5035.85657275222  9.76906
5037.84860462436  9.84933
5039.84063649649  10.1333
5041.83266836862  10.1356
5043.82470024076  9.82546
5045.81673211289  9.74214
5047.80876398502  9.80093
5049.80079585716  9.92508
5051.79282772929  10.0307
5053.78485960142  9.88072
5055.77689147355  9.48044
5057.76892334569  9.65233
5059.76095521782  9.81723
5061.75298708995  9.51294
5063.74501896209  9.61824
5065.73705083422  9.96066
5067.72908270635  9.89023
5069.72111457849  9.67373
5071.71314645062  9.87014
5073.70517832275  9.95642
5075.69721019488  9.54652
5077.68924206702  9.49069
5079.68127393915  9.61236
5081.67330581128  9.4824
5083.66533768342  9.4752
5085.65736955555  9.6234
5087.64940142768  9.96345
5089.64143329982  10.0147
5091.63346517195  9.82469
5093.62549704408  9.76565
5095.61752891621  9.66887
5097.60956078835  9.53701
5099.60159266048  9.61175
5101.59362453261  9.86366
5103.58565640475  10.0261
5105.57768827688  10.0509
5107.56972014901  9.84954
5109.56175202115  9.64089
5111.55378389328  9.94718
5113.54581576541  10.1786
5115.53784763755  10.2459
5117.52987950968  10.0856
5119.52191138181  10.0028
5121.51394325394  9.8325
5123.50597512608  9.75222
5125.49800699821  10.0503
5127.49003887034  10.1351
5129.48207074248  10.2507
5131.47410261461  10.6485
5133.46613448674  10.8316
5135.45816635887  10.6263
5137.45019823101  10.7092
5139.44223010314  10.5138
5141.43426197527  10.382
5143.42629384741  10.5514
5145.41832571954  10.5702
5147.41035759167  10.6387
5149.40238946381  10.6895
5151.39442133594  10.2794
5153.38645320807  10.6912
5155.3784850802  11.0006
5157.37051695234  10.645
5159.36254882447  10.8473
5161.3545806966  10.4904
5163.34661256874  10.2333
5165.33864444087  10.2964
5167.330676313  10.2387
5169.32270818514  10.1372
5171.31474005727  10.2798
5173.3067719294  10.5718
5175.29880380153  10.9096
5177.29083567367  10.9372
5179.2828675458  10.7258
5181.27489941793  10.4788
5183.26693129007  10.626
5185.2589631622  10.6977
5187.25099503433  10.8713
5189.24302690647  10.8009
5191.2350587786  11.0074
5193.22709065073  11.1576
5195.21912252287  11.2855
5197.211154395  11.6453
5199.20318626713  11.486
5201.19521813926  11.0789
5203.1872500114  11.0743
5205.17928188353  10.9365
5207.17131375566  10.8833
5209.1633456278  11.0839
5211.15537749993  11.0864
5213.14740937206  11.1654
5215.1394412442  11.2086
5217.13147311633  11.1877
5219.12350498846  11.0147
5221.11553686059  11.0108
5223.10756873273  11.0776
5225.09960060486  11.2296
5227.09163247699  11.231
5229.08366434913  10.9627
5231.07569622126  10.9423
5233.06772809339  11.043
5235.05975996552  11.0632
5237.05179183766  11.0392
5239.04382370979  11.0357
5241.03585558192  11.216
5243.02788745406  11.2108
5245.01991932619  11.0959
5247.01195119832  10.8794
5249.00398307046  10.7309
5250.99601494259  11.1231
5252.98804681472  11.3818
5254.98007868685  11.462
5256.97211055899  11.4956
5258.96414243112  11.1983
5260.95617430325  11.1339
5262.94820617539  11.2446
5264.94023804752  11.0561
5266.93226991965  10.866
5268.92430179179  11.1464
5270.91633366392  11.4191
5272.90836553605  11.3873
5274.90039740818  11.3659
5276.89242928032  11.3816
5278.88446115245  11.3382
5280.87649302458  11.2814
5282.86852489672  11.428
5284.86055676885  11.5559
5286.85258864098  11.6041
5288.84462051312  11.6351
5290.83665238525  11.4947
5292.82868425738  11.3615
5294.82071612951  11.249
5296.81274800165  11.1983
5298.80477987378  11.405
5300.79681174591  11.5417
5302.78884361805  11.675
5304.78087549018  11.7747
5306.77290736231  11.7251
5308.76493923445  11.8628
5310.75697110658  11.8542
5312.74900297871  11.7087
5314.74103485084  11.7067
5316.73306672298  11.7755
5318.72509859511  11.7667
5320.71713046724  11.7331
5322.70916233938  11.8511
5324.70119421151  11.6642
5326.69322608364  11.3891
5328.68525795578  11.5307
5330.67728982791  11.8747
5332.66932170004  11.9347
5334.66135357218  12.0492
5336.65338544431  11.9917
5338.64541731644  11.6862
5340.63744918857  11.5719
5342.62948106071  11.7132
5344.62151293284  12.026
5346.61354480497  11.7053
5348.60557667711  11.7327
5350.59760854924  11.9929
5352.58964042137  12.0069
5354.5816722935  11.8111
5356.57370416564  11.8585
5358.56573603777  11.9421
5360.5577679099  11.4942
5362.54979978204  11.4229
5364.54183165417  11.7162
5366.5338635263  11.4619
5368.52589539844  10.9925
5370.51792727057  11.7771
5372.5099591427  11.5845
5374.50199101483  11.6376
5376.49402288697  11.5646
5378.4860547591  11.4233
5380.47808663123  11.3206
5382.47011850337  11.2776
5384.4621503755  11.4598
5386.45418224763  11.2604
5388.44621411977  11.2996
5390.4382459919  10.7659
5392.43027786403  11.0896
5394.42230973616  11.2845
5396.4143416083  11.1588
5398.40637348043  11.1563
5400.39840535256  10.9007
5402.3904372247  10.7053
5404.38246909683  10.7847
5406.37450096896  10.829
5408.3665328411  10.8632
5410.35856471323  10.9042
5412.35059658536  10.8188
5414.3426284575  10.6955
5416.33466032963  10.5885
5418.32669220176  10.5106
5420.31872407389  10.5709
5422.31075594603  10.5574
5424.30278781816  10.8053
5426.29481969029  10.4868
5428.28685156243  10.5511
5430.27888343456  10.174
5432.27091530669  9.80355
5434.26294717883  10.0703
5436.25497905096  10.3491
5438.24701092309  10.7627
5440.23904279522  10.9884
5442.23107466736  10.9586
5444.22310653949  10.9827
5446.21513841162  10.9181
5448.20717028376  10.7461
5450.19920215589  10.6625
5452.19123402802  10.6369
5454.18326590016  10.8093
5456.17529777229  10.7904
5458.16732964442  10.7752
5460.15936151655  10.9395
5462.15139338869  11.1553
5464.14342526082  11.1377
5466.13545713295  11.169
5468.12748900509  11.3605
5470.11952087722  11.3399
5472.11155274935  11.2591
5474.10358462148  11.2654
5476.09561649362  11.2093
5478.08764836575  11.2899
5480.07968023788  11.3912
5482.07171211002  11.414
5484.06374398215  11.2754
5486.05577585428  11.1732
5488.04780772642  11.2649
5490.03983959855  11.3628
5492.03187147068  11.3846
5494.02390334281  11.3631
5496.01593521495  11.407
5498.00796708708  11.4014
5499.99999895921  11.3701
5501.99203083135  11.301
5503.98406270348  11.0657
5505.97609457561  11.0521
5507.96812644775  11.2223
5509.96015831988  11.0945
5511.95219019201  10.9735
5513.94422206414  11.0983
5515.93625393628  11.212
5517.92828580841  11.2632
5519.92031768054  11.181
5521.91234955268  11.0519
5523.90438142481  10.8748
5525.89641329694  10.6465
5527.88844516908  10.5056
5529.88047704121  10.5103
5531.87250891334  10.561
5533.86454078547  10.4888
5535.85657265761  10.3014
5537.84860452974  10.1637
5539.84063640187  10.2884
5541.83266827401  10.4013
5543.82470014614  10.3454
5545.81673201827  10.0346
5547.80876389041  9.51303
5549.80079576254  9.47575
5551.79282763467  9.79488
5553.7848595068  10.1477
5555.77689137894  10.3807
5557.76892325107  10.3945
5559.7609551232  10.2414
5561.75298699534  9.97373
5563.74501886747  9.89695
5565.7370507396  9.7454
5567.72908261174  9.63013
5569.72111448387  9.7072
5571.713146356  9.84315
5573.70517822814  9.79633
5575.69721010027  9.76694
5577.6892419724  9.75509
5579.68127384453  9.7956
5581.67330571667  9.82621
5583.6653375888  9.60197
5585.65736946093  9.83609
5587.64940133307  10.0107
5589.6414332052  10.2131
5591.63346507733  10.3017
5593.62549694946  10.401
5595.6175288216  10.357
5597.60956069373  10.5543
5599.60159256586  10.5627
5601.593624438  10.2899
5603.58565631013  10.6584
5605.57768818226  10.624
5607.5697200544  10.6356
5609.56175192653  10.8053
5611.55378379866  10.7598
5613.54581567079  10.794
5615.53784754293  10.6287
5617.52987941506  11.0392
5619.52191128719  11.2438
5621.51394315933  11.3168
5623.50597503146  10.9055
5625.49800690359  11.3197
5627.49003877573  11.1887
5629.48207064786  10.7782
5631.47410251999  11.1459
5633.46613439212  10.9186
5635.45816626426  11.123
5637.45019813639  10.8519
5639.44223000853  11.4508
5641.43426188066  10.9078
5643.42629375279  10.7121
5645.41832562492  11.2647
5647.41035749706  11.0132
5649.40238936919  11.0999
5651.39442124132  10.9796
5653.38645311345  11.0307
5655.37848498559  10.7597
5657.37051685772  10.8108
5659.36254872985  10.8259
5661.35458060199  10.8975
5663.34661247412  10.6558
5665.33864434625  11.251
5667.33067621839  10.9639
5669.32270809052  10.6721
5671.31473996265  10.8341
5673.30677183479  10.9723
5675.29880370692  11.0482
5677.29083557905  10.821
5679.28286745118  10.6619
5681.27489932332  10.789
5683.26693119545  10.7689
5685.25896306758  10.7144
5687.25099493972  10.5938
5689.24302681185  10.7269
5691.23505868398  10.58
5693.22709055612  10.5034
5695.21912242825  10.4346
5697.21115430038  10.5226
5699.20318617251  10.493
5701.19521804465  10.6233
5703.18724991678  10.4646
5705.17928178891  10.3983
5707.17131366104  10.2107
5709.16334553318  10.2233
5711.15537740531  9.83513
5713.14740927744  10.0498
5715.13944114958  10.4325
5717.13147302171  10.3243
5719.12350489384  10.0235
5721.11553676598  9.73292
5723.10756863811  9.69056
5725.09960051024  9.91214
5727.09163238238  10.1374
5729.08366425451  10.1225
5731.07569612664  10.3507
5733.06772799877  10.0719
5735.05975987091  10.0056
5737.05179174304  10.1364
5739.04382361517  9.91412
5741.03585548731  9.95171
5743.02788735944  10.0313
5745.01991923157  10.0023
5747.01195110371  9.90231
5749.00398297584  9.76388
5750.99601484797  9.84389
5752.9880467201  10.0622
5754.98007859224  9.91778
5756.97211046437  9.72192
5758.9641423365  9.66925
5760.95617420864  9.56883
5762.94820608077  9.61223
5764.9402379529  9.79769
5766.93226982504  9.9304
5768.92430169717  9.79947
5770.9163335693  9.56536
5772.90836544143  9.51194
5774.90039731357  9.43887
5776.8924291857  9.36349
5778.88446105783  9.47708
5780.87649292997  9.57211
5782.8685248021  9.71473
5784.86055667423  9.90857
5786.85258854637  9.85009
5788.8446204185  9.696
5790.83665229063  9.90246
5792.82868416276  9.70171
5794.8207160349  9.44258
5796.81274790703  9.75263
5798.80477977916  9.90184
5800.7968116513  9.96896
5802.78884352343  10.0199
5804.78087539556  9.94182
5806.77290726769  10.0785
5808.76493913983  10.4251
5810.75697101196  10.7014
5812.7490028841  10.3155
5814.74103475623  10.2157
5816.73306662836  10.485
5818.72509850049  10.7621
5820.71713037263  10.9584
5822.70916224476  10.9512
5824.70119411689  10.9757
5826.69322598903  10.8627
5828.68525786116  10.8715
5830.67728973329  11.4026
5832.66932160542  11.3862
5834.66135347756  11.1988
5836.65338534969  11.5176
5838.64541722182  11.6724
5840.63744909396  10.983
5842.62948096609  10.7738
5844.62151283822  11.0741
5846.61354471036  11.3848
5848.60557658249  11.8465
5850.59760845462  11.6572
5852.58964032675  11.0099
5854.58167219889  11.2848
5856.57370407102  11.7045
5858.56573594315  11.4545
5860.55776781529  11.4587
5862.54979968742  11.4251
5864.54183155955  11.3922
5866.53386343169  11.3593
5868.52589530382  11.3265
5870.51792717595  11.2937
5872.50995904808  11.261
5874.50199092022  11.2283
5876.49402279235  11.1957
5878.48605466448  11.163
5880.47808653662  11.1303
5882.47011840875  11.1221
5884.46215028088  11.1582
5886.45418215302  10.9068
5888.44621402515  11.0756
5890.43824589728  11.2445
5892.43027776941  10.7854
5894.42230964155  11.512
5896.41434151368  11.3016
5898.40637338581  11.3067
5900.39840525795  11.2726
5902.39043713008  10.6881
5904.38246900221  11.0382
5906.37450087435  10.9903
5908.36653274648  11.0559
5910.35856461861  11.0143
5912.35059649075  11.7266
5914.34262836288  11.1404
5916.33466023501  11.5397
5918.32669210714  11.4506
5920.31872397928  10.799
5922.31075585141  11.0559
5924.30278772354  11.1238
5926.29481959568  11.1642
5928.28685146781  11.1899
5930.27888333994  11.1563
5932.27091521208  11.1964
5934.26294708421  11.0233
5936.25497895634  11.2874
5938.24701082847  11.1203
5940.23904270061  10.9974
5942.23107457274  11.1855
5944.22310644487  11.1785
5946.215138317  11.1234
5948.20717018914  11.0817
5950.19920206127  10.8859
5952.1912339334  11.0963
5954.18326580554  11.2319
5956.17529767767  11.1829
5958.1673295498  10.8874
5960.15936142194  10.9742
5962.15139329407  11.3287
5964.1434251662  11.2356
5966.13545703834  11.0834
5968.12748891047  11.1699
5970.1195207826  11.2933
5972.11155265473  11.19
5974.10358452687  10.9255
5976.095616399  10.9422
5978.08764827113  11.1445
5980.07968014327  11.0664
5982.0717120154  10.9909
5984.06374388753  10.8502
5986.05577575967  10.8735
5988.0478076318  11.0348
5990.03983950393  11.0324
5992.03187137606  10.854
5994.0239032482  10.7024
5996.01593512033  10.7268
5998.00796699246  10.6678
5999.9999988646  10.5541
6001.99203073673  10.3482
6003.98406260886  10.3379
6005.976094481  10.5776
6007.96812635313  10.5746
6009.96015822526  10.3942
6011.95219009739  10.2719
6013.94422196953  10.4183
6015.93625384166  10.3753
6017.92828571379  10.3023
6019.92031758593  10.5815
6021.91234945806  10.4209
6023.90438133019  10.3056
6025.89641320232  10.3287
6027.88844507446  10.3141
6029.88047694659  10.0967
6031.87250881872  9.96719
6033.86454069086  10.095
6035.85657256299  10.0535
6037.84860443512  10.0682
6039.84063630726  9.95321
6041.83266817939  9.90666
6043.82470005152  10.3659
6045.81673192366  10.2788
6047.80876379579  10.2744
6049.80079566792  10.2385
6051.79282754005  10.1449
6053.78485941219  10.3804
6055.77689128432  10.4463
6057.76892315645  10.4
6059.76095502859  10.3754
6061.75298690072  10.1473
6063.74501877285  10.2655
6065.73705064499  10.4766
6067.72908251712  10.4504
6069.72111438925  10.4045
6071.71314626138  10.5397
6073.70517813352  10.4953
6075.69721000565  10.4155
6077.68924187778  10.3261
6079.68127374992  10.2047
6081.67330562205  10.4708
6083.66533749418  10.654
6085.65736936632  10.6993
6087.64940123845  10.5839
6089.64143311058  10.6091
6091.63346498271  10.5292
6093.62549685485  10.6482
6095.61752872698  10.6461
6097.60956059911  10.6973
6099.60159247125  10.479
6101.59362434338  10.4069
6103.58565621551  10.6195
6105.57768808765  10.6814
6107.56971995978  10.5789
6109.56175183191  10.4896
6111.55378370404  10.3645
6113.54581557618  10.3803
6115.53784744831  10.4473
6117.52987932044  10.3615
6119.52191119258  10.3004
6121.51394306471  10.4658
6123.50597493684  10.4013
6125.49800680898  10.1108
6127.49003868111  10.0705
6129.48207055324  10.2763
6131.47410242538  10.3961
6133.46613429751  10.2166
6135.45816616964  10.206
6137.45019804177  10.4796
6139.44222991391  10.5113
6141.43426178604  10.4075
6143.42629365817  10.3936
6145.41832553031  10.3312
6147.41035740244  10.3306
6149.40238927457  10.4671
6151.3944211467  10.381
6153.38645301884  10.2189
6155.37848489097  10.2311
6157.3705167631  10.3312
6159.36254863524  10.3083
6161.35458050737  10.1884
6163.3466123795  10.1294
6165.33864425164  10.099
6167.33067612377  10.2173
6169.3227079959  10.2441
6171.31473986803  10.4274
6173.30677174017  10.5532
6175.2988036123  10.5008
6177.29083548443  10.4138
6179.28286735657  10.3399
6181.2748992287  10.2453
6183.26693110083  10.3191
6185.25896297296  10.3273
6187.2509948451  10.1465
6189.24302671723  10.2067
6191.23505858936  10.2775
6193.2270904615  10.2425
6195.21912233363  10.2184
6197.21115420576  10.2603
6199.2031860779  10.0465
6201.19521795003  10.1184
6203.18724982216  10.0525
6205.1792816943  9.93542
6207.17131356643  9.71001
6209.16334543856  9.82128
6211.15537731069  10.0693
6213.14740918283  10.2663
6215.13944105496  10.3773
6217.13147292709  10.2692
6219.12350479923  10.0201
6221.11553667136  10.0111
6223.10756854349  9.83011
6225.09960041563  10.0807
6227.09163228776  10.0841
6229.08366415989  10.0635
6231.07569603202  9.99649
6233.06772790416  10.1
6235.05975977629  10.3386
6237.05179164842  10.2827
6239.04382352056  10.1498
6241.03585539269  10.0819
6243.02788726482  9.86562
6245.01991913696  9.83322
6247.01195100909  9.95822
6249.00398288122  9.7522
6250.99601475335  9.79504
6252.98804662549  9.92896
6254.98007849762  9.77253
6256.97211036975  9.95926
6258.96414224189  10.0144
6260.95617411402  10.0353
6262.94820598615  10.2465
6264.94023785829  10.1715
6266.93226973042  9.93488
6268.92430160255  9.85454
6270.91633347469  9.90649
6272.90836534682  9.97705
6274.90039721895  10.1587
6276.89242909108  10.3016
6278.88446096322  9.92839
6280.87649283535  9.67588
6282.86852470748  10.0956
6284.86055657961  10.1463
6286.85258845175  9.93974
6288.84462032388  9.95232
6290.83665219602  10.0306
6292.82868406815  10.0194
6294.82071594028  10.3079
6296.81274781241  10.8599
6298.80477968455  11.474
6300.79681155668  11.4984
6302.78884342881  10.6986
6304.78087530095  10.2063
6306.77290717308  10.2501
6308.76493904521  10.2253
6310.75697091734  10.221
6312.74900278948  10.0761
6314.74103466161  10.1434
6316.73306653374  10.1149
6318.72509840588  10.146
6320.71713027801  10.0752
6322.70916215014  10.0746
6324.70119402228  9.84078
6326.69322589441  9.99143
6328.68525776654  10.0058
6330.67728963867  9.95247
6332.66932151081  9.74016
6334.66135338294  10.1272
6336.65338525507  9.96567
6338.64541712721  10.1518
6340.63744899934  10.3276
6342.62948087147  10.285
6344.62151274361  10.2311
6346.61354461574  10.2352
6348.60557648787  10.1004
6350.59760836  10.0544
6352.58964023214  9.84564
6354.58167210427  9.80264
6356.5737039764  9.86029
6358.56573584854  9.891
6360.55776772067  10.5084
6362.5497995928  10.596
6364.54183146494  10.4268
6366.53386333707  10.1073
6368.5258952092  10.1277
6370.51792708134  10.094
6372.50995895347  9.99348
6374.5019908256  10.1165
6376.49402269773  10.1933
6378.48605456987  10.1824
6380.478086442  10.1334
6382.47011831413  10.1139
6384.46215018626  10.2555
6386.4541820584  10.4173
6388.44621393053  10.3416
6390.43824580266  10.0447
6392.4302776748  10.0697
6394.42230954693  10.2018
6396.41434141906  10.0275
6398.4063732912  9.9634
6400.39840516333  10.1489
6402.39043703546  10.3004
6404.38246890759  10.3823
6406.37450077973  10.42
6408.36653265186  10.3085
6410.35856452399  10.2396
6412.35059639613  10.424
6414.34262826826  10.3749
6416.33466014039  10.244
6418.32669201253  10.4187
6420.31872388466  10.4181
6422.31075575679  10.3963
6424.30278762893  10.4235
6426.29481950106  10.5214
6428.28685137319  10.4165
6430.27888324532  10.3368
6432.27091511746  10.2698
6434.26294698959  10.4211
6436.25497886172  10.6405
6438.24701073386  10.2901
6440.23904260599  10.4327
6442.23107447812  10.5932
6444.22310635026  10.5073
6446.21513822239  10.4479
6448.20717009452  10.3576
6450.19920196665  10.2102
6452.19123383879  10.2835
6454.18326571092  10.0663
6456.17529758305  10.3642
6458.16732945518  10.5157
6460.15936132732  10.5241
6462.15139319945  10.386
6464.14342507159  10.2268
6466.13545694372  9.98796
6468.12748881585  10.1447
6470.11952068798  10.1133
6472.11155256012  10.4368
6474.10358443225  10.1549
6476.09561630438  10.31
6478.08764817652  10.4227
6480.07968004865  10.2886
6482.07171192078  10.089
6484.06374379291  10.066
6486.05577566505  10.2344
6488.04780753718  10.1798
6490.03983940932  10.0658
6492.03187128145  10.1871
6494.02390315358  10.1265
6496.01593502571  10.0765
6498.00796689785  10.1429
6499.99999876998  10.3686
6501.99203064211  10.2909
6503.98406251424  10.2172
6505.97609438638  10.1459
6507.96812625851  10.2371
6509.96015813064  10.5103
6511.95219000278  10.3566
6513.94422187491  10.0678
6515.93625374704  10.1533
6517.92828561918  10.418
6519.92031749131  10.4182
6521.91234936344  10.3571
6523.90438123557  10.1811
6525.89641310771  10.1034
6527.88844497984  10.3609
6529.88047685198  10.4499
6531.87250872411  10.4467
6533.86454059624  10.5231
6535.85657246837  10.5894
6537.84860434051  10.6189
6539.84063621264  10.6423
6541.83266808477  11.0236
6543.82469995691  12.3262
6545.81673182904  14.2978
6547.80876370117  15.2435
6549.8007955733  14.2431
6551.79282744544  12.4035
6553.78485931757  11.0709
6555.7768911897  13.3533
6557.76892306184  27.2131
6559.76095493397  54.3317
6561.7529868061  76.2209
6563.74501867824  72.5638
6565.73705055037  48.2499
6567.7290824225  24.974
6569.72111429463  13.7822
6571.71314616677  10.8136
6573.7051780389  10.6447
6575.69720991103  10.9942
6577.68924178317  12.7851
6579.6812736553  17.8521
6581.67330552743  24.1623
6583.66533739957  25.406
6585.6573692717  20.7519
6587.64940114383  15.2101
6589.64143301597  12.1821
6591.6334648881  10.8512
6593.62549676023  10.2523
6595.61752863236  10.2877
6597.60956050449  10.5134
6599.60159237663  10.3834
6601.59362424876  10.4036
6603.58565612089  10.2728
6605.57768799303  10.0938
6607.56971986516  10.1435
6609.56175173729  10.5019
6611.55378360943  10.3513
6613.54581548156  10.5177
6615.53784735369  10.4963
6617.52987922583  10.3875
6619.52191109796  10.4615
6621.51394297009  10.1051
6623.50597484223  10.3885
6625.49800671436  10.4704
6627.49003858649  10.407
6629.48207045862  10.3047
6631.47410233076  10.185
6633.46613420289  10.3884
6635.45816607502  10.3895
6637.45019794716  10.2466
6639.44222981929  10.2019
6641.43426169142  10.33
6643.42629356355  9.94352
6645.41832543569  9.84655
6647.41035730782  10.0233
6649.40238917996  9.95765
6651.39442105209  9.80975
6653.38645292422  9.9491
6655.37848479635  9.82503
6657.37051666849  10.1068
6659.36254854062  9.94527
6661.35458041275  9.61918
6663.34661228489  9.86251
6665.33864415702  9.93692
6667.33067602915  9.78037
6669.32270790128  9.64629
6671.31473977342  9.84713
6673.30677164555  10.35
6675.29880351768  10.4679
6677.29083538982  10.2133
6679.28286726195  10.1185
6681.27489913408  10.1246
6683.26693100621  10.0513
6685.25896287835  10.0001
6687.25099475048  9.75183
6689.24302662261  9.68048
6691.23505849475  10.0936
6693.22709036688  10.0897
6695.21912223901  9.87997
6697.21115411115  9.6787
6699.20318598328  9.47828
6701.19521785541  9.63
6703.18724972755  9.60025
6705.17928159968  9.66636
6707.17131347181  9.69753
6709.16334534394  9.86057
6711.15537721608  11.5986
6713.14740908821  15.3781
6715.13944096034  18.1243
6717.13147283248  17.9434
6719.12350470461  14.8499
6721.11553657674  12.1535
6723.10756844887  10.7591
6725.09960032101  11.1171
6727.09163219314  13.4204
6729.08366406527  15.7014
6731.07569593741  16.5297
6733.06772780954  14.9521
6735.05975968167  12.0534
6737.05179155381  10.9086
6739.04382342594  9.98329
6741.03585529807  9.76863
6743.0278871702  9.49334
6745.01991904234  9.74594
6747.01195091447  9.54781
6749.0039827866  10.0419
6750.99601465874  9.83696
6752.98804653087  9.60948
6754.980078403  9.42943
6756.97211027514  9.934
6758.96414214727  9.61905
6760.9561740194  9.55512
6762.94820589153  9.60028
6764.94023776367  9.71398
6766.9322696358  9.51706
6768.92430150794  9.65097
6770.91633338007  9.49535
6772.9083652522  9.45977
6774.90039712433  9.49194
6776.89242899647  9.45539
6778.8844608686  9.43795
6780.87649274073  9.33772
6782.86852461287  9.33488
6784.860556485  9.32334
6786.85258835713  9.38662
6788.84462022926  9.43243
6790.8366521014  9.41718
6792.82868397353  9.37848
6794.82071584566  9.40805
6796.8127477178  9.29458
6798.80477958993  9.25707
6800.79681146206  9.34794
6802.7888433342  9.46703
6804.78087520633  9.53153
6806.77290707846  9.51678
6808.76493895059  9.56252
6810.75697082273  9.50184
6812.74900269486  9.36161
6814.74103456699  9.36273
6816.73306643913  9.43059
6818.72509831126  9.40171
6820.71713018339  9.37889
6822.70916205553  9.27354
6824.70119392766  9.11891
6826.69322579979  9.32911
6828.68525767192  9.38822
6830.67728954406  9.27877
6832.66932141619  9.20798
6834.66135328832  9.29513
6836.65338516046  9.44005
6838.64541703259  9.39677
6840.63744890472  9.49334
6842.62948077686  9.47943
6844.62151264899  9.28479
6846.61354452112  9.13485
6848.60557639325  8.98491
6850.59760826539  8.91201
6852.58964013752  8.82613
6854.58167200965  8.76179
6856.57370388179  8.87768
6858.56573575392  8.99691
6860.55776762605  9.05656
6862.54979949819  9.03691
6864.54183137032  8.94961
6866.53386324245  8.94517
6868.52589511459  8.86197
6870.51792698672  8.89261
6872.50995885885  8.91593
6874.50199073098  8.9034
6876.49402260312  8.88126
6878.48605447525  8.90251
6880.47808634738  8.79658
6882.47011821951  8.82306
6884.46215009165  8.83929
6886.45418196378  8.93715
6888.44621383592  8.84862
6890.43824570805  8.93213
6892.43027758018  8.78682
6894.42230945231  8.78412
6896.41434132445  8.90129
6898.40637319658  8.88661
6900.39840506871  8.8294
6902.39043694084  8.966
6904.38246881298  8.98389
6906.37450068511  8.83758
6908.36653255724  8.79082
6910.35856442938  8.84111
6912.35059630151  8.87331
6914.34262817364  8.83674
6916.33466004578  8.77897
6918.32669191791  8.72707
6920.31872379004  8.77928
6922.31075566218  8.9176
6924.30278753431  8.91443
6926.29481940644  8.92262
6928.28685127857  8.94233
6930.27888315071  8.85752
6932.27091502284  8.88482
6934.26294689497  8.85132
6936.25497876711  8.77694
6938.24701063924  8.73462
6940.23904251137  8.77795
6942.23107438351  8.76043
6944.22310625564  8.65121
6946.21513812777  8.6802
6948.2071699999  8.6443
6950.19920187204  8.60123
6952.19123374417  8.6923
6954.1832656163  8.67402
6956.17529748844  8.6767
6958.16732936057  8.7251
6960.1593612327  8.64217
6962.15139310483  8.64771
6964.14342497697  8.6862
6966.1354568491  8.66175
6968.12748872123  8.54849
6970.11952059337  8.59117
6972.1115524655  8.61615
6974.10358433763  8.57559
6976.09561620977  8.56566
6978.0876480819  8.56995
6980.07967995403  8.59873
6982.07171182617  8.60259
6984.0637436983  8.52352
6986.05577557043  8.49574
6988.04780744256  8.57109
6990.0398393147  8.54051
6992.03187118683  8.43278
6994.02390305896  8.47836
6996.0159349311  8.347
6998.00796680323  8.22209
6999.99999867536  8.29548
7001.9920305475  8.46902
7003.98406241963  8.4084
7005.97609429176  8.23542
7007.96812616389  8.26732
7009.96015803603  8.37579
7011.95218990816  8.37185
7013.94422178029  8.33271
7015.93625365243  8.33451
7017.92828552456  8.47641
7019.92031739669  8.39363
7021.91234926883  8.34999
7023.90438114096  8.25435
7025.89641301309  8.38768
7027.88844488522  8.39023
7029.88047675736  8.30313
7031.87250862949  8.29883
7033.86454050162  8.38978
7035.85657237376  8.61605
7037.84860424589  8.65078
7039.84063611802  8.62829
7041.83266799016  8.54704
7043.82469986229  8.50252
7045.81673173442  8.40424
7047.80876360655  8.42212
7049.80079547869  8.43533
7051.79282735082  8.51014
7053.78485922295  8.407
7055.77689109509  8.23289
7057.76892296722  8.25697
7059.76095483935  8.37773
7061.75298671149  8.40419
7063.74501858362  8.5072
7065.73705045575  8.49489
7067.72908232788  8.36957
7069.72111420002  8.36255
7071.71314607215  8.33979
7073.70517794428  8.21879
7075.69720981642  8.16721
7077.68924168855  8.19313
7079.68127356068  8.11016
7081.67330543282  8.0492
7083.66533730495  8.12801
7085.65736917708  8.10622
7087.64940104921  8.02892
7089.64143292135  8.07478
7091.63346479348  8.06147
7093.62549666562  7.92701
7095.61752853775  7.8899
7097.60956040988  7.92466
7099.60159228201  7.92614
7101.59362415415  7.91352
7103.58565602628  7.88921
7105.57768789841  7.96907
7107.56971977054  7.97059
7109.56175164268  7.80816
7111.55378351481  7.85844
7113.54581538694  7.99229
7115.53784725908  8.00391
7117.52987913121  8.08299
7119.52191100334  8.02515
7121.51394287547  7.90145
7123.50597474761  7.86349
7125.49800661974  7.98975
7127.49003849187  8.06892
7129.48207036401  8.20679
7131.47410223614  8.34895
7133.46613410827  8.73579
7135.45816598041  8.9968
7137.45019785254  8.66233
7139.44222972467  8.27121
7141.43426159681  8.03864
7143.42629346894  7.9088
7145.41832534107  8.03056
7147.41035721321  7.95357
7149.40238908534  7.98848
7151.39442095747  8.02974
7153.3864528296  7.82403
7155.37848470174  7.80699
7157.37051657387  7.92288
7159.362548446  7.88749
7161.35458031814  7.81849
7163.34661219027  7.90355
7165.3386440624  7.75944
7167.33067593453  7.82233
7169.32270780667  7.80841
7171.3147396788  7.75922
7173.30677155093  7.9507
7175.29880342307  7.81244
7177.2908352952  7.8644
7179.28286716733  7.87189
7181.27489903947  7.7792
7183.2669309116  7.85042
7185.25896278373  7.82958
7187.25099465586  7.81357
7189.243026528  7.72189
7191.23505840013  7.74181
7193.22709027226  7.6719
7195.2191221444  7.74575
7197.21115401653  7.87791
7199.20318588866  7.84105
7201.1952177608  7.74377
7203.18724963293  7.75839
7205.17928150506  7.68948
7207.17131337719  7.46302
7209.16334524933  7.4876
7211.15537712146  7.54445
7213.1474089936  7.7041
7215.13944086573  8.0783
7217.13147273786  8.18677
7219.12350460999  8.07822
7221.11553648213  7.93524
7223.10756835426  7.79762
7225.09960022639  7.80549
7227.09163209853  7.88706
7229.08366397066  7.85411
7231.07569584279  7.8435
7233.06772771492  7.84516
7235.05975958706  7.69186
7237.05179145919  7.59258
7239.04382333132  7.7064
7241.03585520346  7.74072
7243.02788707559  7.60264
7245.01991894772  7.65961
7247.01195081985  7.88345
7249.00398269199  7.96258
7250.99601456412  8.02481
7252.98804643625  7.7825
7254.98007830839  7.77436
7256.97211018052  7.78982
7258.96414205265  7.7999
7260.95617392479  7.77027
7262.94820579692  7.73255
7264.94023766905  7.71318
7266.93226954118  7.69106
7268.92430141332  7.64341
7270.91633328545  7.60115
7272.90836515758  7.59495
7274.90039702972  7.60254
7276.89242890185  7.61038
7278.88446077398  7.62659
7280.87649264612  7.67952
7282.86852451825  7.70302
7284.86055639038  7.59235
7286.85258826251  7.47658
7288.84462013465  7.48176
7290.83665200678  7.51016
7292.82868387891  7.50797
7294.82071575105  7.48753
7296.81274762318  7.42169
7298.80477949531  7.35942
7300.79681136745  7.35411
7302.78884323958  7.3668
7304.78087511171  7.36601
7306.77290698385  7.3858
7308.76493885598  7.46285
7310.75697072811  7.55873
7312.74900260024  7.66386
7314.74103447238  7.74015
7316.73306634451  7.71965
7318.72509821664  7.67079
7320.71713008878  7.64134
7322.70916196091  7.61674
7324.70119383304  7.61077
7326.69322570517  7.59758
7328.68525757731  7.54036
7330.67728944944  7.48152
7332.66932132157  7.47693
7334.66135319371  7.45454
7336.65338506584  7.32659
7338.64541693797  7.19024
7340.63744881011  7.11608
7342.62948068224  7.08479
7344.62151255437  7.13476
7346.6135444265  7.18652
7348.60557629864  7.15957
7350.59760817077  7.09561
7352.5896400429  6.97326
7354.58167191504  6.87601
7356.57370378717  6.93893
7358.5657356593  7.00582
7360.55776753144  6.91849
7362.54979940357  6.81807
7364.5418312757  6.80443
7366.53386314784  6.82598
7368.52589501997  6.8873
7370.5179268921  6.94223
7372.50995876423  6.92131
7374.50199063637  6.89005
7376.4940225085  6.90216
7378.48605438063  6.9185
7380.47808625277  6.92385
7382.4701181249  6.90991
7384.46214999703  6.84188
7386.45418186917  6.77348
7388.4462137413  6.76206
7390.43824561343  6.76309
7392.43027748556  6.74113
7394.4223093577  6.73019
7396.41434122983  6.77291
7398.40637310196  6.81123
7400.3984049741  6.77796
7402.39043684623  6.73993
7404.38246871836  6.75995
7406.37450059049  6.78088
7408.36653246263  6.75661
7410.35856433476  6.72157
7412.35059620689  6.69624
7414.34262807903  6.67066
7416.33465995116  6.63243
7418.32669182329  6.60834
7420.31872369543  6.6504
7422.31075556756  6.68056
7424.30278743969  6.6004
7426.29481931182  6.5154
7428.28685118396  6.52248
7430.27888305609  6.54498
7432.27091492822  6.5236
7434.26294680036  6.51053
7436.25497867249  6.56307
7438.24701054462  6.60841
7440.23904241675  6.55857
7442.23107428889  6.51085
7444.22310616102  6.56799
7446.21513803316  6.6273
7448.20716990529  6.59814
7450.19920177742  6.55252
7452.19123364955  6.54483
7454.18326552169  6.52998
7456.17529739382  6.45774
7458.16732926595  6.39616
7460.15936113809  6.42264
7462.15139301022  6.46206
7464.14342488235  6.46383
7466.13545675448  6.44198
7468.12748862662  6.3626
7470.11952049875  6.29982
7472.11155237088  6.35833
7474.10358424302  6.42421
7476.09561611515  6.40256
7478.08764798728  6.34931
7480.07967985942  6.2628
7482.07171173155  6.19765
7484.06374360368  6.24859
7486.05577547581  6.30911
7488.04780734795  6.28794
7490.03983922008  6.24093
7492.03187109221  6.17238
7494.02390296435  6.12495
7496.01593483648  6.18009
7498.00796670861  6.24086
7499.99999858075  6.21265
7501.99203045288  6.17142
7503.98406232501  6.16643
7505.97609419715  6.17213
7507.96812606928  6.19766
7509.96015794141  6.20219
7511.95218981354  6.12125
7513.94422168568  6.02577
7515.93625355781  5.96273
7517.92828542994  5.92947
7519.92031730208  5.96819
7521.91234917421  6.00915
7523.90438104634  5.96755
7525.89641291848  5.9252
7527.88844479061  5.96424
7529.88047666274  5.99852
7531.87250853487  5.93885
7533.86454040701  5.87568
7535.85657227914  5.8921
7537.84860415127  5.91758
7539.84063602341  5.9008
7541.83266789554  5.87529
7543.82469976767  5.85676
7545.81673163981  5.84001
7547.80876351194  5.8268
7549.80079538407  5.81466
7551.7928272562  5.80141
7553.78485912834  5.78806
7555.77689100047  5.7748
7557.7689228726  5.76156
7559.76095474473  5.74832
7561.75298661687  5.7351
7563.745018489  5.72189
7565.73705036113  5.70869
7567.72908223327  5.69552
7569.7211141054  5.68234
7571.71314597753  5.66919
7573.70517784967  5.65605
7575.6972097218  5.64292
7577.68924159393  5.6298
7579.68127346607  5.61669
7581.6733053382  5.6036
7583.66533721033  5.59053
7585.65736908247  5.57746
7587.6494009546  5.56441
7589.64143282673  5.55137
7591.63346469886  5.53835
7593.625496571  5.52533
7595.61752844313  5.51233
7597.60956031526  5.49935
7599.6015921874  5.48637
7601.59362405953  5.47341
7603.58565593166  5.46046
7605.5776878038  5.44752
7607.56971967593  5.4346
7609.56175154806  5.42169
7611.55378342019  5.40894
7613.54581529232  5.39597
7615.53784716446  5.37981
7617.52987903659  5.36729
7619.52191090873  5.37005
7621.51394278086  5.37251
7623.50597465299  5.35226
7625.49800652513  5.33886
7627.49003839726  5.36085
7629.48207026939  5.39839
7631.47410214152  5.45337
7633.46613401366  5.49793
7635.45816588579  5.49277
7637.45019775792  5.46978
7639.44222963006  5.44612
7641.43426150219  5.4206
7643.42629337432  5.4036
7645.41832524645  5.38224
7647.41035711859  5.33202
7649.40238899072  5.29367
7651.39442086285  5.33031
7653.38645273499  5.35895
7655.37848460712  5.27529
7657.37051647925  5.19834
7659.36254835139  5.24275
7661.35458022352  5.31493
7663.34661209565  5.36035
7665.33864396778  5.39254
7667.33067583992  5.39106
7669.32270771205  5.38982
7671.31473958419  5.4153
7673.30677145632  5.46621
7675.29880332845  5.57221
7677.29083520058  5.67915
7679.28286707272  5.73215
7681.27489894485  5.76309
7683.26693081698  5.76878
7685.25896268911  5.7854
7687.25099456125  5.86853
7689.24302643338  5.96436
7691.23505830551  6.04
7693.22709017765  6.09703
7695.21912204978  6.11048
7697.21115392191  6.11646
7699.20318579405  6.15817
7701.19521766618  6.19188
7703.18724953831  6.18402
7705.17928141044  6.15166
7707.17131328258  6.07519
7709.16334515471  6.01644
7711.15537702684  6.05517
7713.14740889898  6.12464
7715.13944077111  6.18918
7717.13147264324  6.24814
7719.12350451538  6.27285
7721.11553638751  6.30064
7723.10756825964  6.38007
7725.09960013178  6.45297
7727.09163200391  6.46806
7729.08366387604  6.45623
7731.07569574817  6.42103
7733.06772762031  6.38217
7735.05975949244  6.37424
7737.05179136457  6.36189
7739.0438232367  6.30024
7741.03585510884  6.24886
7743.02788698097  6.27354
7745.01991885311  6.31285
7747.01195072524  6.32371
7749.00398259737  6.32454
7750.9960144695  6.32084
7752.98804634164  6.30308
7754.98007821377  6.24841
7756.9721100859  6.19698
7758.96414195804  6.18625
7760.95617383017  6.20008
7762.9482057023  6.25235
7764.94023757443  6.30248
7766.93226944657  6.31055
7768.9243013187  6.28901
7770.91633319083  6.21351
7772.90836506297  6.13985
7774.9003969351  6.13144
7776.89242880723  6.14372
7778.88446067937  6.15999
7780.8764925515  6.17144
7782.86852442363  6.14484
7784.86055629576  6.12703
7786.8525881679  6.16906
7788.84462004003  6.2264
7790.83665191216  6.27106
7792.8286837843  6.3113
7794.82071565643  6.34748
7796.81274752856  6.37216
7798.8047794007  6.37237
7800.79681127283  6.36303
7802.78884314496  6.35748
7804.78087501709  6.34677
7806.77290688923  6.31637
7808.76493876136  6.29411
7810.7569706335  6.30537
7812.74900250563  6.34178
7814.74103437776  6.42543
7816.73306624989  6.50247
7818.72509812203  6.51785
7820.71712999416  6.49714
7822.70916186629  6.43013
7824.70119373843  6.35477
7826.69322561056  6.30993
7828.68525748269  6.28276
7830.67728935482  6.28569
7832.66932122696  6.29186
7834.66135309909  6.27302
7836.65338497122  6.24546
7838.64541684335  6.21221
7840.63744871549  6.17942
7842.62948058762  6.15976
7844.62151245976  6.13932
7846.61354433189  6.10123
7848.60557620402  6.06586
7850.59760807615  6.04627
7852.58963994829  6.04448
7854.58167182042  6.08292
7856.57370369255  6.12154
7858.56573556469  6.12113
7860.55776743682  6.10215
7862.54979930895  6.06774
7864.54183118109  6.02371
7866.53386305322  5.96897
7868.52589492535  5.92456
7870.51792679748  5.92107
7872.50995866962  5.93245
7874.50199054175  5.95321
7876.49402241388  5.96055
7878.48605428602  5.90874
7880.47808615815  5.85207
7882.47011803028  5.83799
7884.46214990241  5.83834
7886.45418177455  5.84538
7888.44621364668  5.85357
7890.43824551881  5.85504
7892.43027739095  5.84817
7894.42230926308  5.82133
7896.41434113521  5.7928
7898.40637300735  5.77784
7900.39840487948  5.77264
7902.39043675161  5.79037
7904.38246862374  5.80214
7906.37450049588  5.77089
7908.36653236801  5.7312
7910.35856424015  5.70701
7912.35059611228  5.68876
7914.34262798441  5.68494
7916.33465985654  5.6725
7918.32669172868  5.6194
7920.31872360081  5.55777
7922.31075547294  5.49878
7924.30278734507  5.46474
7926.29481921721  5.51714
7928.28685108934  5.56507
7930.27888296147  5.50748
7932.27091483361  5.43265
7934.26294670574  5.39878
7936.25497857787  5.38261
7938.24701045001  5.40391
7940.23904232214  5.40908
7942.23107419427  5.32469
7944.2231060664  5.22247
7946.21513793854  5.15396
7948.20716981067  5.09784
7950.1992016828  5.04105
7952.19123355494  5.01369
7954.18326542707  5.06732
7956.1752972992  5.13291
7958.16732917134  5.15405
7960.15936104347  5.14986
7962.1513929156  5.1088
7964.14342478773  5.05415
7966.13545665987  5.0028
7968.127488532  4.95965
7970.11952040413  4.9398
7972.11155227627  4.93364
7974.1035841484  4.94244
7976.09561602053  4.95303
7978.08764789266  4.95777
7980.0796797648  4.94367
7982.07171163693  4.86826
7984.06374350907  4.8007
7986.0557753812  4.82529
7988.04780725333  4.85978
7990.03983912546  4.83493
7992.0318709976  4.8015
7994.02390286973  4.79098
7996.01593474186  4.78409
7998.007966614  4.77372
7999.99999848613  4.75974
8001.99203035826  4.73643
8003.98406223039  4.71116
8005.97609410253  4.68742
8007.96812597466  4.66956
8009.96015784679  4.66793
8011.95218971893  4.67043
8013.94422159106  4.67074
8015.93625346319  4.66413
8017.92828533533  4.63504
8019.92031720746  4.60541
8021.91234907959  4.60207
8023.90438095172  4.59663
8025.89641282386  4.56967
8027.88844469599  4.52485
8029.88047656812  4.43113
8031.87250844026  4.35938
8033.86454031239  4.40522
8035.85657218452  4.47275
8037.84860405666  4.49057
8039.84063592879  4.49107
8041.83266780092  4.46877
8043.82469967305  4.45071
8045.81673154519  4.48292
8047.80876341732  4.51025
8049.80079528945  4.47674
8051.79282716159  4.43082
8053.78485903372  4.39932
8055.77689090585  4.38222
8057.76892277799  4.41049
8059.76095465012  4.43041
8061.75298652225  4.37669
8063.74501839438  4.31078
8065.73705026652  4.27663
8067.72908213865  4.25416
8069.72111401078  4.23937
8071.71314588292  4.23443
8073.70517775505  4.23981
8075.69720962718  4.25592
8077.68924149932  4.29433
8079.68127337145  4.32641
8081.67330524358  4.32284
8083.66533711572  4.29714
8085.65736898785  4.23589
8087.64940085998  4.17978
8089.64143273211  4.17686
8091.63346460425  4.19438
8093.62549647638  4.22651
8095.61752834851  4.25145
8097.60956022065  4.2304
8099.60159209278  4.20194
8101.59362396491  4.19734
8103.58565583704  4.19661
8105.57768770918  4.1881
8107.56971958131  4.18151
8109.56175145344  4.17985
8111.55378332558  4.18876
8113.54581519771  4.23056
8115.53784706984  4.26489
8117.52987894198  4.24646
8119.52191081411  4.21062
8121.51394268624  4.17942
8123.50597455837  4.14198
8125.49800643051  4.08607
8127.49003830264  4.03735
8129.48207017477  4.02549
8131.47410204691  4.02769
8133.46613391904  4.02831
8135.45816579117  4.03849
8137.4501976633  4.07702
8139.44222953544  4.10832
8141.43426140757  4.0915
8143.4262932797  4.05945
8145.41832515184  4.03093
8147.41035702397  4.00173
8149.4023888961  3.96415
8151.39442076824  3.94601
8153.38645264037  3.99431
8155.3784845125  4.05122
8157.37051638464  4.06828
8159.36254825677  4.0685
8161.3545801289  4.04744
8163.34661200104  4.02796
8165.33864387317  4.04449
8167.3306757453  4.06226
8169.32270761743  4.0533
8171.31473948957  4.03454
8173.3067713617  4.0092
8175.29880323383  3.98483
8177.29083510597  3.96082
8179.2828669781  3.96147
8181.27489885023  4.02953
8183.26693072236  4.11623
8185.2589625945  4.19749
8187.25099446663  4.25203
8189.24302633876  4.23021
8191.2350582109  4.18183
8193.22709008303  4.132
8195.21912195516  4.09502
8197.2111538273  4.11534
8199.20318569943  4.13956
8201.19521757156  4.11798
8203.18724944369  4.08575
8205.17928131583  4.04881
8207.17131318796  4.03331
8209.16334506009  4.09513
8211.15537693223  4.16262
8213.14740880436  4.17022
8215.13944067649  4.15828
8217.13147254862  4.14026
8219.12350442076  4.12029
8221.11553629289  4.10762
8223.10756816502  4.10226
8225.09960003716  4.1165
8227.09163190929  4.12763
8229.08366378142  4.11425
8231.07569565356  4.08541
8233.06772752569  4.03474
8235.05975939782  3.98092
8237.05179126995  3.9438
8239.04382314209  3.91387
8241.03585501422  3.87621
8243.02788688635  3.86468
8245.01991875849  3.92816
8247.01195063062  4.01239
8249.00398250275  4.096
8250.99601437489  4.14262
8252.98804624702  4.06016
8254.98007811915  3.97246
8256.97210999129  4.00028
8258.96414186342  4.05885
8260.95617373555  4.11436
8262.94820560768  4.15542
8264.94023747982  4.13889
8266.93226935195  4.11374
8268.92430122408  4.12328
8270.91633309622  4.1389
8272.90836496835  4.1371
8274.90039684048  4.14797
8276.89242871262  4.21906
8278.88446058475  4.28132
8280.87649245688  4.26416
8282.86852432901  4.21952
8284.86055620115  4.16729
8286.85258807328  4.11994
8288.84461994541  4.10667
8290.83665181755  4.10373
8292.82868368968  4.09849
8294.82071556181  4.09139
8296.81274743395  4.07093
8298.80477930608  4.0556
8300.79681117821  4.06902
8302.78884305035  4.08635
8304.78087492248  4.08196
8306.77290679461  4.08164
8308.76493866674  4.10935
8310.75697053888  4.14403
8312.74900241101  4.17672
8314.74103428314  4.20006
8316.73306615528  4.20113
8318.72509802741  4.18556
8320.71712989954  4.12696
8322.70916177168  4.09573
8324.70119364381  4.19576
8326.69322551594  4.31302
8328.68525738807  4.35988
8330.67728926021  4.37212
8332.66932113234  4.34251
8334.66135300447  4.29525
8336.65338487661  4.24723
8338.64541674874  4.20997
8340.63744862087  4.21866
8342.629480493  4.2285
8344.62151236514  4.1914
8346.61354423727  4.15142
8348.6055761094  4.13545
8350.59760798154  4.13984
8352.58963985367  4.18467
8354.5816717258  4.23519
8356.57370359793  4.25951
8358.56573547007  4.27047
8360.5577673422  4.2621
8362.54979921433  4.25138
8364.54183108647  4.24745
8366.5338629586  4.2646
8368.52589483073  4.34802
8370.51792670287  4.4264
8372.509958575  4.42609
8374.50199044713  4.39876
8376.49402231926  4.36523
8378.4860541914  4.33192
8380.47808606353  4.32419
8382.47011793566  4.31352
8384.4621498078  4.2609
8386.45418167993  4.2192
8388.44621355206  4.24783
8390.4382454242  4.29054
8392.43027729633  4.29982
8394.42230916846  4.31263
8396.41434104059  4.36054
8398.40637291273  4.40984
8400.39840478486  4.43201
8402.39043665699  4.44534
8404.38246852913  4.45917
8406.37450040126  4.46821
8408.36653227339  4.46786
8410.35856414553  4.46568
8412.35059601766  4.46806
8414.34262788979  4.47342
8416.33465976193  4.48425
8418.32669163406  4.49634
8420.31872350619  4.50926
8422.31075537833  4.51572
8424.30278725046  4.4845
8426.29481912259  4.47746
8428.28685099472  4.59468
8430.27888286686  4.70514
8432.27091473899  4.67171
8434.26294661112  4.61104
8436.25497848326  4.58016
8438.24701035539  4.59648
8440.23904222752  4.75249
8442.23107409966  4.90973
8444.22310597179  4.92271
8446.21513784392  4.90301
8448.20716971605  4.91215
8450.19920158819  4.93433
8452.19123346032  4.98568
8454.18326533245  5.04472
8456.17529720458  5.10581
8458.16732907672  5.1441
8460.15936094885  5.09925
8462.15139282099  5.05808
8464.14342469312  5.11677
8466.13545656525  5.19025
8468.12748843738  5.21089
8470.11952030952  5.22989
8472.11155218165  5.28388
8474.10358405378  5.34293
8476.09561592592  5.38976
8478.08764779805  5.42822
8480.07967967018  5.45709
8482.07171154231  5.47225
8484.06374341445  5.4735
8486.05577528658  5.44955
8488.04780715871  5.35795
8490.03983903085  5.27966
8492.03187090298  5.31083
8494.02390277511  5.3691
8496.01593464725  5.4066
8498.00796651938  5.43008
8499.99999839151  5.40463
8501.99203026364  5.39085
8503.98406213578  5.46698
8505.97609400791  5.55194
8507.96812588004  5.57486
8509.96015775218  5.5878
8511.95218962431  5.5963
8513.94422149644  5.65027
8515.93625336858  5.87506
8517.92828524071  6.07958
8519.92031711284  6.0618
8521.91234898497  5.97667
8523.90438085711  5.89782
8525.89641272924  5.83404
8527.88844460137  5.84422
8529.88047647351  5.87149
8531.87250834564  5.88172
8533.86454021777  5.87494
8535.8565720899  5.802
8537.84860396204  5.75667
8539.84063583417  5.86253
8541.8326677063  5.99225
8543.82469957844  6.04795
8545.81673145057  6.07724
8547.8087633227  6.07298
8549.80079519484  6.07954
8551.79282706697  6.15698
8553.7848589391  6.25713
8555.77689081124  6.35563
8557.76892268337  6.45086
8559.7609545555  6.535
8561.75298642764  6.59984
8563.74501829977  6.61062
8565.7370501719  6.6286
8567.72908204403  6.72539
8569.72111391617  6.839
8571.7131457883  6.93844
8573.70517766043  7.0149
8575.69720953257  7.03538
8577.6892414047  7.03186
8579.68127327683  7.01979
8581.67330514896  7.00901
8583.6653370211  7.02067
8585.65736889323  7.04067
8587.64940076536  7.07939
8589.6414326375  7.09436
8591.63346450963  7.01105
8593.62549638176  6.92343
8595.6175282539  6.91101
8597.60956012603  6.93624
8599.60159199816  7.01503
8601.5936238703  7.08792
8603.58565574243  7.08528
8605.57768761456  7.04989
8607.56971948669  6.97983
8609.56175135883  6.92146
8611.55378323096  6.93708
8613.54581510309  6.98302
8615.53784697523  7.0546
8617.52987884736  7.1129
8619.52191071949  7.10004
8621.51394259162  7.06103
8623.50597446376  7.01038
8625.49800633589  6.96932
8627.49003820802  6.97999
8629.48207008015  7.00234
8631.47410195229  7.01071
8633.46613382442  7.00995
8635.45816569656  6.9881
8637.45019756869  6.96334
8639.44222944082  6.95633
8641.43426131296  6.94854
8643.42629318509  6.92151
8645.41832505722  6.89574
8647.41035692935  6.89717
8649.40238880149  6.8931
8651.39442067362  6.85684
8653.38645254575  6.79883
8655.37848441788  6.69787
8657.37051629002  6.60954
8659.36254816215  6.60209
8661.35458003428  6.62101
8663.34661190642  6.62861
8665.33864377855  6.64959
8667.33067565068  6.70711
8669.32270752282  6.76741
8671.31473939495  6.797
8673.30677126708  6.81855
8675.29880313922  6.84974
8677.29083501135  6.87004
8679.28286688348  6.86054
8681.27489875561  6.83486
8683.26693062775  6.78606
8685.25896249988  6.74855
8687.25099437201  6.77733
8689.24302624415  6.81168
8691.23505811628  6.79826
8693.22708998841  6.77318
8695.21912186055  6.74685
8697.21115373268  6.73266
8699.20318560481  6.76099
8701.19521747694  6.79785
8703.18724934908  6.82663
8705.17928122121  6.83259
8707.17131309334  6.77396
8709.16334496548  6.70452
8711.15537683761  6.66905
8713.14740870974  6.64885
8715.13944058188  6.65267
8717.13147245401  6.65395
8719.12350432614  6.61502
8721.11553619827  6.57367
8723.10756807041  6.56455
8725.09959994254  6.55797
8727.09163181467  6.53196
8729.08366368681  6.5012
8731.07569555894  6.46125
8733.06772743107  6.43981
8735.05975930321  6.49498
8737.05179117534  6.54307
8739.04382304747  6.50942
8741.03585491961  6.42911
8743.02788679174  6.27132
8745.01991866387  6.13269
8747.011950536  6.13025
8749.00398240814  6.17944
8750.99601428027  6.26598
8752.9880461524  6.32451
8754.98007802453  6.24006
8756.97210989667  6.12789
8758.9641417688  6.05799
8760.95617364094  6.03265
8762.94820551307  6.12115
8764.9402373852  6.21915
8766.93226925733  6.22576
8768.92430112947  6.20192
8770.9163330016  6.16944
8772.90836487373  6.12896
8774.90039674587  6.08684
8776.892428618  6.04996
8778.88446049013  6.0306
8780.87649236226  6.02107
8782.8685242344  6.03347
8784.86055610653  6.02866
8786.85258797866  5.93768
8788.8446198508  5.85048
8790.83665172293  5.85421
8792.82868359506  5.88673
8794.82071546719  5.94536
8796.81274733933  5.96283
8798.80477921146  5.81114
8800.7968110836  5.64603
8802.78884295573  5.60137
8804.78087482786  5.60524
8806.77290669999  5.64841
8808.76493857213  5.70187
8810.75697044426  5.72542
8812.74900231639  5.7392
8814.74103418853  5.75684
8816.73306606066  5.75501
8818.72509793279  5.70089
8820.71712980492  5.63294
8822.70916167706  5.57136
8824.70119354919  5.53058
8826.69322542132  5.55529
8828.68525729346  5.58686
8830.67728916559  5.56402
8832.66932103772  5.53857
8834.66135290986  5.56574
8836.65338478199  5.5751
8838.64541665412  5.49577
8840.63744852625  5.38449
8842.62948039839  5.2627
8844.62151227052  5.15101
8846.61354414265  5.07655
8848.60557601479  5.04368
8850.59760788692  5.08906
8852.58963975905  5.15574
8854.58167163119  5.20494
8856.57370350332  5.22629
8858.56573537545  5.16776
8860.55776724758  5.09909
8862.54979911972  5.09731
8864.54183099185  5.091
8866.53386286398  5.02962
8868.52589473612  4.93628
8870.51792660825  4.7833
8872.50995848038  4.65219
8874.50199035252  4.65325
8876.49402222465  4.68338
8878.48605409678  4.66127
8880.47808596891  4.64097
8882.47011784105  4.65258
8884.46214971318  4.677
8886.45418158531  4.71123
8888.44621345745  4.74358
8890.43824532958  4.75851
8892.43027720171  4.76304
8894.42230907385  4.74937
8896.41434094598  4.74052
8898.40637281811  4.76908
8900.39840469025  4.80228
8902.39043656238  4.8254
8904.38246843451  4.82426
8906.37450030664  4.75036
8908.36653217878  4.6783
8910.35856405091  4.68632
8912.35059592304  4.71605
8914.34262779518  4.72898
8916.33465966731  4.75195
8918.32669153944  4.81403
8920.31872341157  4.87087
8922.31075528371  4.86968
8924.30278715584  4.86173
8926.29481902797  4.88884
8928.28685090011  4.92262
8930.27888277224  4.95182
8932.27091464437  4.97378
8934.2629465165  4.98699
8936.25497838864  4.97718
8938.24701026077  4.90024
8940.23904213291  4.83227
8942.23107400504  4.84775
8944.22310587717  4.90628
8946.2151377493  5.01334
8948.20716962144  5.12424
8950.19920149357  5.19238
8952.1912333657  5.22849
8954.18326523783  5.20534
8956.17529710997  5.17502
8958.1673289821  5.1854
8960.15936085423  5.2199
8962.15139272637  5.29731
8964.1434245985  5.37344
8966.13545647063  5.38884
8968.12748834277  5.40223
8970.1195202149  5.4682
8972.11155208703  5.53773
8974.10358395917  5.58188
8976.0956158313  5.60325
8978.08764770343  5.5781
8980.07967957556  5.54606
8982.0717114477  5.56237
8984.06374331983  5.56245
8986.05577519196  5.48571
8988.0478070641  5.37736
8990.03983893623  5.22028
8992.03187080836  5.1158
8994.0239026805  5.23931
8996.01593455263  5.38035
8998.00796642476  5.33556
8999.9999982969  5.26297
9001.99203016903  5.25874
9003.98406204116  5.27981
9005.97609391329  5.33517
9007.96812578543  5.38571
9009.96015765756  5.37569
9011.95218952969  5.35758
9013.94422140183  5.37777
9015.93625327396  5.39605
9017.92828514609  5.37503
9019.92031701822  5.35395
9021.91234889036  5.36148
9023.90438076249  5.38753
9025.89641263462  5.44877
9027.88844450676  5.50424
9029.88047637889  5.50037
9031.87250825102  5.48683
9033.86454012316  5.51372
9035.85657199529  5.52614
9037.84860386742  5.4477
9039.84063573956  5.38463
9041.83266761169  5.45265
9043.82469948382  5.55021
9045.81673135595  5.60578
9047.80876322809  5.65752
9049.80079510022  5.70512
9051.79282697235  5.77705
9053.78485884449  5.88379
9055.77689071662  6.07157
9057.76892258875  6.44323
9059.76095446088  6.86163
9061.75298633302  7.25291
9063.74501820515  7.55603
9065.73705007728  7.64129
9067.72908194942  7.61398
9069.72111382155  7.53951
9071.71314569368  7.3914
9073.70517756582  7.16373
9075.69720943795  6.86853
9077.68924131008  6.47034
9079.68127318221  6.0867
9081.67330505435  5.84207
9083.66533692648  5.68229
9085.65736879861  5.62922
9087.64940067075  5.60976
9089.64143254288  5.53722
9091.63346441501  5.46938
9093.62549628714  5.45108
9095.61752815928  5.42913
9097.60956003141  5.33136
9099.60159190355  5.25224
9101.59362377568  5.30351
9103.58565564781  5.3676
9105.57768751994  5.33809
9107.56971939207  5.29831
9109.56175126421  5.29356
9111.55378313634  5.31595
9113.54581500848  5.39734
9115.53784688061  5.47957
9117.52987875274  5.49896
9119.52191062487  5.50212
9121.51394249701  5.51604
9123.50597436914  5.52788
9125.49800624127  5.53226
9127.49003811341  5.53684
9129.48206998554  5.56201
9131.47410185767  5.56919
9133.46613372981  5.4954
9135.45816560194  5.42462
9137.45019747407  5.44517
9139.44222934621  5.48236
9141.43426121834  5.48458
9143.42629309047  5.48043
9145.4183249626  5.47307
9147.41035683474  5.47694
9149.40238870687  5.52273
9151.394420579  5.57126
9153.38645245114  5.58536
9155.37848432327  5.59068
9157.3705161954  5.60274
9159.36254806753  5.61064
9161.35457993967  5.60795
9163.3466118118  5.59873
9165.33864368393  5.58916
9167.33067555607  5.56724
9169.3227074282  5.49472
9171.31473930033  5.44611
9173.30677117247  5.52577
9175.2988030446  5.61735
9177.29083491673  5.61853
9179.28286678886  5.5978
9181.274898661  5.57979
9183.26693053313  5.57602
9185.25896240526  5.62454
9187.2509942774  5.68077
9189.24302614953  5.71829
9191.23505802166  5.72828
9193.2270898938  5.6822
9195.21912176593  5.60501
9197.21115363806  5.49379
9199.20318551019  5.39243
9201.19521738233  5.36162
9203.18724925446  5.35442
9205.17928112659  5.35026
9207.17131299873  5.34138
9209.16334487086  5.29309
9211.15537674299  5.25501
9213.14740861513  5.27674
9215.13944048726  5.32337
9217.13147235939  5.3924
9219.12350423152  5.4492
9221.11553610366  5.4355
9223.10756797579  5.41052
9225.09959984792  5.42302
9227.09163172006  5.44169
9229.08366359219  5.45637
9231.07569546432  5.46105
9233.06772733645  5.44107
9235.05975920859  5.40888
9237.05179108072  5.36409
9239.04382295286  5.32534
9241.03585482499  5.32347
9243.02788669712  5.32629
9245.01991856925  5.30815
9247.01195044139  5.28314
9249.00398231352  5.25096
9250.99601418565  5.2234
9252.98804605778  5.20238
9254.98007792992  5.21322
9256.97210980205  5.30077
9258.96414167418  5.41597
9260.95617354632  5.54509
9262.94820541845  5.64142
9264.94023729058  5.62167
9266.93226916272  5.56755
9268.92430103485  5.52327
9270.91633290698  5.5027
9272.90836477912  5.57642
9274.90039665125  5.64094
9276.89242852338  5.57658
9278.88446039551  5.49664
9280.87649226765  5.46729
9282.86852413978  5.49092
9284.86055601191  5.63988
9286.85258788405  5.79828
9288.84461975618  5.85124
9290.83665162831  5.86904
9292.82868350045  5.86753
9294.82071537258  5.87314
9296.81274724471  5.94583
9298.80477911684  6.01411
9300.79681098898  6.02059
9302.78884286111  5.98888
9304.78087473324  5.90887
9306.77290660538  5.81082
9308.76493847751  5.70874
9310.75697034964  5.63462
9312.74900222178  5.64845
9314.74103409391  5.69112
9316.73306596604  5.74078
9318.72509783817  5.76082
9320.71712971031  5.66395
9322.70916158244  5.56044
9324.70119345457  5.53201
9326.69322532671  5.56508
9328.68525719884  5.726
9330.67728907097  5.88845
9332.66932094311  5.93218
9334.66135281524  5.90845
9336.65338468737  5.79442
9338.64541655951  5.6625
9340.63744843164  5.58469
9342.62948030377  5.5388
9344.6215121759  5.54654
9346.61354404804  5.5658
9348.60557592017  5.54641
9350.5976077923  5.53124
9352.58963966444  5.56262
9354.58167153657  5.59157
9356.5737034087  5.5708
9358.56573528083  5.53844
9360.55776715297  5.50674
9362.5497990251  5.49547
9364.54183089723  5.55753
9366.53386276937  5.61889
9368.5258946415  5.61293
9370.51792651363  5.57365
9372.50995838577  5.49528
9374.5019902579  5.41454
9376.49402213003  5.35625
9378.48605400216  5.34527
9380.4780858743  5.4531
9382.47011774643  5.58309
9384.46214961856  5.67403
9386.4541814907  5.70578
9388.44621336283  5.57632
9390.43824523496  5.43762
9392.43027710709  5.44118
9394.42230897923  5.48539
9396.41434085136  5.55463
9398.40637272349  5.57722
9400.39840459563  5.41745
9402.39043646776  5.2267
9404.38246833989  5.12276
9406.37450021203  5.05654
9408.36653208416  5.03735
9410.35856395629  5.03111
9412.35059582843  4.98757
9414.34262770056  4.95829
9416.33465957269  5.0031
9418.32669144482  5.05006
9420.31872331696  5.03211
9422.31075518909  4.99678
9424.30278706122  4.95199
9426.29481893336  4.93364
9428.28685080549  5.01527
9430.27888267762  5.10663
9432.27091454976  5.12378
9434.26294642189  5.12425
9436.25497829402  5.13976
9438.24701016615  5.15327
9440.23904203829  5.16016
9442.23107391042  5.15985
9444.22310578255  5.1446
9446.21513765469  5.12847
9448.20716952682  5.11628
9450.19920139895  5.12425
9452.19123327109  5.20884
9454.18326514322  5.27007
9456.17529701535  5.1833
9458.16732888748  5.06966
9460.15936075962  5.00607
9462.15139263175  4.98232
9464.14342450388  5.04457
9466.13545637602  5.12298
9468.12748824815  5.14593
9470.11952012028  5.16458
9472.11155199242  5.21833
9474.10358386455  5.26602
9476.09561573668  5.26112
9478.08764760881  5.25715
9480.07967948095  5.30326
9482.07171135308  5.3641
9484.06374322521  5.42469
9486.05577509735  5.4814
9488.04780696948  5.50898
9490.03983884161  5.54872
9492.03187071375  5.6569
9494.02390258588  5.76904
9496.01593445801  5.81589
9498.00796633014  5.86645
9499.99999820228  5.9887
9501.99203007441  6.11572
9503.98406194654  6.19584
9505.97609381868  6.25768
9507.96812569081  6.29043
9509.96015756294  6.34485
9511.95218943508  6.4555
9513.94422130721  6.65333
9515.93625317934  6.97667
9517.92828505147  7.44065
9519.92031692361  8.13984
9521.91234879574  8.90572
9523.90438066787  9.65181
9525.89641254001  10.2603
9527.88844441214  10.5725
9529.88047628427  10.6094
9531.87250815641  10.2738
9533.86454002854  9.71439
9535.85657190067  8.9691
9537.8486037728  8.22786
9539.84063564494  7.73196
9541.83266751707  7.38442
9543.8246993892  7.23282
9545.81673126134  7.14259
9547.80876313347  6.9738
9549.8007950056  6.7887
9551.79282687773  6.5769
9553.78485874987  6.38735
9555.776890622  6.27676
9557.76892249413  6.21438
9559.76095436627  6.20894
9561.7529862384  6.21456
9563.74501811053  6.18048
9565.73704998267  6.12843
9567.7290818548  6.03879
9569.72111372693  5.96832
9571.71314559907  5.97749
9573.7051774712  6.03671
9575.69720934333  6.17385
9577.68924121546  6.30004
9579.6812730876  6.31458
9581.67330495973  6.27658
9583.66533683186  6.17888
9585.657368704  6.09295
9587.64940057613  6.1261
9589.64143244826  6.17753
9591.6334643204  6.17494
9593.62549619253  6.15201
9595.61752806466  6.09518
9597.60955993679  6.05497
9599.60159180893  6.11154
9601.59362368106  6.17395
9603.58565555319  6.15443
9605.57768742533  6.12532
9607.56971929746  6.1325
9609.56175116959  6.15675
9611.55378304172  6.21184
9613.54581491386  6.2579
9615.53784678599  6.24208
9617.52987865812  6.21207
9619.52191053026  6.2054
9621.51394240239  6.19543
9623.50597427452  6.15402
9625.49800614666  6.12269
9627.49003801879  6.14637
9629.48206989092  6.18791
9631.47410176306  6.23242
9633.46613363519  6.2671
9635.45816550732  6.25867
9637.45019737945  6.24567
9639.44222925159  6.26991
9641.43426112372  6.28938
9643.42629299585  6.25973
9645.41832486799  6.22904
9647.41035674012  6.22454
9649.40238861225  6.25586
9651.39442048439  6.37606
9653.38645235652  6.49929
9655.37848422865  6.54856
9657.37051610078  6.55437
9659.36254797292  6.50885
9661.35457984505  6.43479
9663.34661171718  6.3473
9665.33864358932  6.25838
9667.33067546145  6.18866
9669.32270733358  6.13062
9671.31473920572  6.09032
9673.30677107785  6.05301
9675.29880294998  5.9871
9677.29083482211  5.94259
9679.28286669425  5.98864
9681.27489856638  6.04351
9683.26693043851  6.02928
9685.25896231064  6.00562
9687.25099418278  5.99585
9689.24302605491  6.01634
9691.23505792705  6.12926
9693.22708979918  6.23856
9695.21912167131  6.2482
9697.21115354344  6.22079
9699.20318541558  6.17511
9701.19521728771  6.12885
9703.18724915984  6.10003
9705.17928103198  6.10642
9707.17131290411  6.19674
9709.16334477624  6.3084
9711.15537664837  6.41711
9713.14740852051  6.47238
9715.13944039264  6.35784
9717.13147226477  6.22091
9719.12350413691  6.18283
9721.11553600904  6.1946
9723.10756788117  6.29304
9725.09959975331  6.3762
9727.09163162544  6.32549
9729.08366349757  6.2216
9731.07569536971  6.0717
9733.06772724184  5.94808
9735.05975911397  5.9779
9737.0517909861  6.02516
9739.04382285824  5.95965
9741.03585473037  5.89402
9743.0278866025  5.9157
9745.01991847464  5.95967
9747.01195034677  5.99044
9749.0039822189  6.0188
9750.99601409104  6.01631
9752.98804596317  6.04947
9754.9800778353  6.22539
9756.97210970743  6.40964
9758.96414157957  6.50016
9760.9561734517  6.52045
9762.94820532383  6.41433
9764.94023719597  6.28697
9766.9322690681  6.26036
9768.92430094023  6.23402
9770.91633281237  6.10819
9772.9083646845  6.00335
9774.90039655663  6.05743
9776.89242842876  6.12477
9778.8844603009  6.07208
9780.87649217303  6.00574
