2652.3	8.4288e-18
2654.8	5.3647e-18
2657.4	5.9472e-18
2659.9	4.8548e-18
2662.5	2.887e-18
2665	2.8398e-18
2667.6	6.1922e-18
2670.1	6.4865e-18
2672.7	-1.9545e-18
2675.2	2.1662e-18
2677.8	-2.3384e-18
2680.4	-1.9185e-18
2682.9	1.8843e-18
2685.5	4.699e-18
2688	2.3902e-18
2690.6	1.7821e-18
2693.1	1.819e-18
2695.7	3.4481e-18
2698.2	3.8644e-18
2700.8	2.0977e-18
2703.3	7.3318e-18
2705.9	6.0231e-18
2708.4	7.4931e-18
2711	1.6406e-18
2713.5	1.2689e-17
2716.1	4.9802e-18
2718.7	4.3732e-18
2721.2	5.1372e-18
2723.8	6.0751e-18
2726.3	5.0954e-18
2728.9	5.3935e-18
2731.4	1.1082e-18
2734	5.8259e-18
2736.5	5.4571e-18
2739.1	-9.5819e-19
2741.6	-5.9027e-19
2744.2	1.8597e-18
2746.7	7.558e-19
2749.3	5.9923e-18
2751.8	8.1453e-18
2754.4	4.1544e-18
2756.9	3.8054e-18
2759.5	5.2327e-18
2762.1	-3.9134e-19
2764.6	5.6551e-18
2767.2	7.0504e-18
2769.7	6.9841e-18
2772.3	-4.8087e-19
2774.8	2.6969e-18
2777.4	2.5391e-18
2779.9	2.0674e-18
2782.5	3.3051e-18
2785	1.206e-18
2787.6	2.0934e-18
2790.1	4.9532e-18
2792.7	3.8119e-18
2795.2	7.0409e-19
2797.8	2.6596e-18
2800.4	-6.9651e-19
2802.9	4.3152e-18
2805.5	6.5768e-18
2808	3.5956e-18
2810.6	-3.0621e-18
2813.1	3.7662e-18
2815.7	1.4345e-18
2818.2	6.7756e-18
2820.8	7.9534e-18
2823.3	8.1895e-18
2825.9	3.2933e-18
2828.4	1.2096e-18
2831	6.5439e-18
2833.5	-2.5281e-18
2836.1	4.6988e-18
2838.7	3.3832e-18
2841.2	-1.8343e-18
2843.8	2.2181e-18
2846.3	5.4493e-18
2848.9	-4.2664e-19
2851.4	-7.112e-19
2854	2.2399e-18
2856.5	2.4185e-19
2859.1	6.2866e-18
2861.6	5.6088e-18
2864.2	4.556e-18
2866.7	4.1289e-18
2869.3	3.8593e-18
2871.8	1.8813e-18
2874.4	5.6362e-18
2876.9	4.6447e-18
2879.5	5.306e-18
2882.1	2.9284e-18
2884.6	4.1857e-19
2887.2	4.9692e-18
2889.7	3.9841e-18
2892.3	2.2404e-18
2894.8	6.7979e-18
2897.4	4.0469e-18
2899.9	1.9465e-18
2902.5	5.6995e-18
2905	1.0084e-18
2907.6	6.107e-18
2910.1	4.6798e-18
2912.7	6.8028e-18
2915.2	4.0347e-18
2917.8	2.9331e-18
2920.4	2.9789e-18
2922.9	4.1569e-18
2925.5	3.6782e-18
2928	4.5256e-18
2930.6	6.965e-18
2933.1	2.0484e-18
2935.7	6.8195e-18
2938.2	3.9834e-18
2940.8	5.6998e-18
2943.3	1.5496e-18
2945.9	3.7672e-18
2948.4	6.8512e-18
2951	3.7485e-18
2953.5	6.0238e-18
2956.1	1.4458e-18
2958.6	3.5558e-18
2961.2	4.9956e-18
2963.8	6.0394e-18
2966.3	5.3122e-18
2968.9	4.9498e-18
2971.4	5.2898e-18
2974	-6.2272e-19
2976.5	2.2538e-18
2979.1	4.5969e-18
2981.6	1.2042e-18
2984.2	4.1134e-18
2986.7	3.1674e-18
2989.3	5.0197e-18
2991.8	2.8687e-18
2994.4	4.9925e-18
2996.9	3.3482e-18
2999.5	6.131e-19
3002.1	4.4904e-18
3004.6	3.3374e-18
3007.2	2.6954e-18
3009.7	1.6105e-18
3012.3	4.0791e-18
3014.8	3.6985e-18
3017.4	2.9912e-18
3019.9	4.1774e-18
3022.5	2.5781e-18
3025	5.4789e-18
3027.6	3.8174e-18
3030.1	4.374e-18
3032.7	2.8097e-18
3035.2	3.3247e-18
3037.8	4.3038e-18
3040.4	4.3702e-18
3042.9	2.0798e-18
3045.5	1.5798e-18
3048	3.6193e-18
3050.6	4.2356e-18
3053.1	4.3431e-18
3055.7	1.1525e-18
3058.2	4.7974e-18
3060.8	5.6025e-18
3063.3	5.6147e-18
3065.9	5.181e-18
3068.4	3.938e-18
3071	3.7921e-18
3073.5	3.599e-18
3076.1	4.6699e-18
3078.6	2.7355e-18
3081.2	3.0889e-18
3083.8	5.8489e-18
3086.3	5.8184e-18
3088.9	4.4645e-18
3091.4	2.9391e-18
3094	3.015e-18
3096.5	3.4065e-18
3099.1	3.982e-18
3101.6	5.0775e-18
3104.2	4.0523e-18
3106.7	3.4666e-18
3109.3	5.151e-18
3111.8	1.8334e-18
3114.4	2.484e-18
3116.9	2.5955e-18
3119.5	1.4259e-18
3122.1	4.0906e-18
3124.6	1.83e-18
3127.2	1.9518e-18
3129.7	2.3985e-18
3132.3	3.1701e-18
3134.8	2.6495e-18
3137.4	9.8529e-19
3139.9	2.5782e-18
3142.5	4.5394e-18
3145	2.6968e-18
3147.6	3.0659e-18
3150.1	4.3948e-18
3152.7	3.7082e-18
3155.2	3.0619e-18
3157.8	6.1365e-18
3160.3	2.9843e-18
3162.9	3.8024e-18
3165.5	1.8721e-18
3168	3.632e-18
3170.6	3.9099e-18
3173.1	3.657e-18
3175.7	4.652e-18
3178.2	5.2264e-18
3180.8	4.0921e-18
3183.3	5.0594e-18
3185.9	7.243e-18
3188.4	3.7983e-18
3191	5.3932e-18
3193.5	4.2825e-18
3196.1	3.7859e-18
3198.6	4.3408e-18
3201.2	2.4343e-18
3203.8	2.0072e-18
3206.3	3.364e-18
3208.9	3.3576e-18
3211.4	3.0778e-18
3214	2.9091e-18
3216.5	4.2722e-18
3219.1	5.6098e-18
3221.6	6.6487e-18
3224.2	3.1661e-18
3226.7	4.3733e-18
3229.3	3.5742e-19
3231.8	1.3437e-18
3234.4	3.5048e-18
3236.9	6.2887e-18
3239.5	3.8167e-18
3242.1	3.0756e-18
3244.6	4.4741e-18
3247.2	2.8258e-18
3249.7	4.1567e-18
3252.3	1.92e-18
3254.8	4.4856e-18
3257.4	4.7672e-18
3259.9	3.7187e-18
3262.5	4.3413e-18
3265	1.4313e-18
3267.6	3.83e-18
3270.1	2.7947e-18
3272.7	4.6983e-18
3275.2	5.007e-18
3277.8	4.0001e-18
3280.3	2.2131e-18
3282.9	4.7254e-18
3285.5	3.9037e-18
3288	4.9237e-18
3290.6	4.8754e-18
3293.1	4.0153e-18
3295.7	2.1652e-18
3298.2	3.6427e-18
3300.8	6.5242e-18
3303.3	3.9715e-18
3305.9	2.5396e-18
3308.4	4.9484e-18
3311	3.8001e-18
3313.5	3.4106e-18
3316.1	3.4656e-18
3318.6	5.0723e-18
3321.2	4.9847e-18
3323.8	5.4215e-18
3326.3	3.3608e-18
3328.9	4.7749e-18
3331.4	4.6674e-18
3334	3.2969e-18
3336.5	3.5168e-18
3339.1	4.163e-18
3341.6	3.9783e-18
3344.2	5.3788e-18
3346.7	4.9603e-18
3349.3	4.5073e-18
3351.8	4.181e-18
3354.4	4.2391e-18
3356.9	3.742e-18
3359.5	5.2337e-18
3362	3.7607e-18
3364.6	3.914e-18
3367.2	4.7182e-18
3369.7	4.5673e-18
3372.3	4.0799e-18
3374.8	6.4126e-18
3377.4	3.5128e-18
3379.9	3.7119e-18
3382.5	5.1147e-18
3385	4.1009e-18
3387.6	5.589e-18
3390.1	5.4021e-18
3392.7	4.5271e-18
3395.2	4.0286e-18
3397.8	4.1398e-18
3400.3	4.2576e-18
3402.9	3.5512e-18
3405.5	3.4276e-18
3408	3.888e-18
3410.6	4.2778e-18
3413.1	4.6793e-18
3415.7	3.7956e-18
3418.2	3.4456e-18
3420.8	3.9466e-18
3423.3	5.1644e-18
3425.9	5.8165e-18
3428.4	4.8588e-18
3431	4.8122e-18
3433.5	4.3857e-18
3436.1	4.831e-18
3438.6	4.5058e-18
3441.2	5.7542e-18
3443.8	4.6723e-18
3446.3	4.7123e-18
3448.9	4.8461e-18
3451.4	4.1961e-18
3454	2.8702e-18
3456.5	5.4385e-18
3459.1	6.0905e-18
3461.6	5.8796e-18
3464.2	5.7243e-18
3466.7	5.22e-18
3469.3	4.4343e-18
3471.8	4.4695e-18
3474.4	5.5112e-18
3476.9	4.4901e-18
3479.5	5.3432e-18
3482	4.284e-18
3484.6	5.1145e-18
3487.2	4.3989e-18
3489.7	4.2759e-18
3492.3	4.9505e-18
3494.8	4.3584e-18
3497.4	5.2514e-18
3499.9	4.3987e-18
3502.5	5.9101e-18
3505	4.0857e-18
3507.6	2.8558e-18
3510.1	5.3875e-18
3512.7	6.4342e-18
3515.2	7.2566e-18
3517.8	5.4681e-18
3520.3	6.6738e-18
3522.9	4.6041e-18
3525.5	4.4107e-18
3528	5.6565e-18
3530.6	5.8345e-18
3533.1	7.6351e-18
3535.7	5.1193e-18
3538.2	4.7485e-18
3540.8	3.1685e-18
3543.3	6.1453e-18
3545.9	4.8269e-18
3548.4	4.6552e-18
3551	4.0039e-18
3553.5	4.569e-18
3556.1	4.2394e-18
3558.6	4.6735e-18
3561.2	6.36e-18
3563.7	4.3952e-18
3566.3	4.67e-18
3568.9	4.0566e-18
3571.4	4.347e-18
3574	6.0588e-18
3576.5	4.822e-18
3579.1	3.937e-18
3581.6	6.6095e-18
3584.2	6.4093e-18
3586.7	4.3781e-18
3589.3	5.4028e-18
3591.8	4.4253e-18
3594.4	4.297e-18
3596.9	5.2696e-18
3599.5	6.0669e-18
3602	6.5363e-18
3604.6	5.3643e-18
3607.2	4.9582e-18
3609.7	6.5397e-18
3612.3	5.0974e-18
3614.8	3.6008e-18
3617.4	6.3865e-18
3619.9	5.4527e-18
3622.5	5.5978e-18
3625	3.4183e-18
3627.6	4.5252e-18
3630.1	4.8531e-18
3632.7	4.4371e-18
3635.2	5.0121e-18
3637.8	6.3762e-18
3640.3	3.3059e-18
3642.9	5.016e-18
3645.5	3.5238e-18
3648	5.9784e-18
3650.6	5.5446e-18
3653.1	5.4546e-18
3655.7	6.4081e-18
3658.2	5.7929e-18
3660.8	5.6479e-18
3663.3	4.7927e-18
3665.9	6.0301e-18
3668.4	5.8287e-18
3671	5.1335e-18
3673.5	4.6584e-18
3676.1	4.9559e-18
3678.6	5.7933e-18
3681.2	6.0241e-18
3683.7	4.6662e-18
3686.3	5.3435e-18
3688.9	5.8862e-18
3691.4	5.6904e-18
3694	5.737e-18
3696.5	6.7147e-18
3699.1	5.3693e-18
3701.6	5.849e-18
3704.2	5.7609e-18
3706.7	5.5763e-18
3709.3	7.1401e-18
3711.8	6.3447e-18
3714.4	5.8222e-18
3716.9	7.4477e-18
3719.5	7.1329e-18
3722	8.0911e-18
3724.6	1.0167e-17
3727.2	1.2298e-17
3729.7	1.171e-17
3732.3	8.0728e-18
3734.8	5.5704e-18
3737.4	5.6198e-18
3739.9	3.593e-18
3742.5	4.9523e-18
3745	6.6739e-18
3747.6	4.7875e-18
3750.1	6.0019e-18
3752.7	5.1641e-18
3755.2	5.601e-18
3757.8	7.9747e-18
3760.3	6.3622e-18
3762.9	7.3703e-18
3765.4	5.3699e-18
3768	4.119e-18
3770.6	4.4931e-18
3773.1	7.9095e-18
3775.7	5.0882e-18
3778.2	6.4086e-18
3780.8	6.0277e-18
3783.3	5.1292e-18
3785.9	5.3765e-18
3788.4	4.3535e-18
3791	4.8353e-18
3793.5	3.7498e-18
3796.1	4.719e-18
3798.6	2.9656e-18
3801.2	4.3308e-18
3803.7	5.2688e-18
3806.3	3.9014e-18
3808.9	5.7017e-18
3811.4	5.3326e-18
3814	5.6131e-18
3816.5	5.8799e-18
3819.1	4.2699e-18
3821.6	4.9831e-18
3824.2	5.6953e-18
3826.7	3.7803e-18
3829.3	2.3886e-18
3831.8	6.2266e-18
3834.4	4.2521e-18
3836.9	5.8081e-18
3839.5	5.6056e-18
3842	5.6588e-18
3844.6	5.0552e-18
3847.2	5.5217e-18
3849.7	5.346e-18
3852.3	6.2766e-18
3854.8	5.8999e-18
3857.4	6.5172e-18
3859.9	5.273e-18
3862.5	8.4428e-18
3865	6.3431e-18
3867.6	9.2231e-18
3870.1	5.9148e-18
3872.7	7.2153e-18
3875.2	8.2683e-18
3877.8	4.336e-18
3880.3	8.7243e-18
3882.9	8.1074e-18
3885.4	7.128e-18
3888	9.2023e-18
3890.6	7.7823e-18
3893.1	4.8924e-18
3895.7	8.1297e-18
3898.2	7.9847e-18
3900.8	8.4252e-18
3903.3	6.2107e-18
3905.9	6.0734e-18
3908.4	7.6754e-18
3911	9.3935e-18
3913.5	8.3456e-18
3916.1	7.9153e-18
3918.6	8.3167e-18
3921.2	7.3418e-18
3923.7	8.6286e-18
3926.3	6.3738e-18
3928.9	7.7906e-18
3931.4	8.5235e-18
3934	9.0713e-18
3936.5	7.2368e-18
3939.1	5.7549e-18
3941.6	7.7799e-18
3944.2	7.8379e-18
3946.7	8.036e-18
3949.3	8.1439e-18
3951.8	8.3688e-18
3954.4	7.6096e-18
3956.9	6.965e-18
3959.5	9.2297e-18
3962	8.3858e-18
3964.6	8.6857e-18
3967.1	7.195e-18
3969.7	9.2231e-18
3972.3	6.6055e-18
3974.8	8.8457e-18
3977.4	7.8559e-18
3979.9	9.564e-18
3982.5	7.3853e-18
3985	9.6929e-18
3987.6	9.789e-18
3990.1	7.6728e-18
3992.7	9.2979e-18
3995.2	7.8359e-18
3997.8	7.5168e-18
4000.3	9.2455e-18
4002.9	8.8966e-18
4005.4	9.6812e-18
4008	7.6167e-18
4010.6	7.4797e-18
4013.1	8.0957e-18
4015.7	9.9095e-18
4018.2	8.8817e-18
4020.8	8.1757e-18
4023.3	9.9212e-18
4025.9	8.6678e-18
4028.4	9.6679e-18
4031	8.5396e-18
4033.5	8.776e-18
4036.1	7.3338e-18
4038.6	8.1232e-18
4041.2	7.2296e-18
4043.7	7.5272e-18
4046.3	7.2637e-18
4048.9	8.5037e-18
4051.4	8.6593e-18
4054	7.1132e-18
4056.5	8.2103e-18
4059.1	6.5005e-18
4061.6	6.371e-18
4064.2	6.9176e-18
4066.7	7.4105e-18
4069.3	8.2698e-18
4071.8	8.7409e-18
4074.4	1.0207e-17
4076.9	6.6733e-18
4079.5	6.936e-18
4082	7.5843e-18
4084.6	7.1738e-18
4087.1	8.2428e-18
4089.7	6.2767e-18
4092.3	7.5585e-18
4094.8	8.3498e-18
4097.4	7.5134e-18
4099.9	8.0593e-18
4102.5	7.5385e-18
4105	7.8459e-18
4107.6	6.4719e-18
4110.1	5.8015e-18
4112.7	9.2838e-18
4115.2	8.3106e-18
4117.8	7.2412e-18
4120.3	6.0205e-18
4122.9	7.359e-18
4125.4	7.2305e-18
4128	8.0087e-18
4130.6	7.2237e-18
4133.1	5.4553e-18
4135.7	6.5824e-18
4138.2	8.0588e-18
4140.8	6.1298e-18
4143.3	8.9848e-18
4145.9	6.8306e-18
4148.4	6.4397e-18
4151	7.4267e-18
4153.5	6.0145e-18
4156.1	6.7554e-18
4158.6	5.6838e-18
4161.2	6.1444e-18
4163.7	7.0619e-18
4166.3	6.9259e-18
4168.8	6.4951e-18
4171.4	5.0282e-18
4174	7.1261e-18
4176.5	4.7827e-18
4179.1	5.2005e-18
4181.6	8.9312e-18
4184.2	5.7897e-18
4186.7	5.816e-18
4189.3	6.7573e-18
4191.8	6.0971e-18
4194.4	6.841e-18
4196.9	5.1501e-18
4199.5	6.6672e-18
4202	7.1932e-18
4204.6	5.825e-18
4207.1	6.9833e-18
4209.7	6.8363e-18
4212.3	6.9387e-18
4214.8	4.7132e-18
4217.4	5.1993e-18
4219.9	6.667e-18
4222.5	6.8953e-18
4225	3.948e-18
4227.6	5.1621e-18
4230.1	5.9432e-18
4232.7	6.7752e-18
4235.2	7.8452e-18
4237.8	6.561e-18
4240.3	7.0993e-18
4242.9	5.1314e-18
4245.4	5.2756e-18
4248	4.737e-18
4250.6	7.7412e-18
4253.1	8.251e-18
4255.7	7.0854e-18
4258.2	7.7028e-18
4260.8	5.7209e-18
4263.3	6.4258e-18
4265.9	6.2718e-18
4268.4	7.3305e-18
4271	5.9889e-18
4273.5	5.8045e-18
4276.1	6.1743e-18
4278.6	5.3982e-18
4281.2	7.7293e-18
4283.7	7.9614e-18
4286.3	6.7311e-18
4288.8	5.5463e-18
4291.4	6.7192e-18
4294	8.3474e-18
4296.5	7.8983e-18
4299.1	6.1101e-18
4301.6	6.2511e-18
4304.2	7.856e-18
4306.7	6.0554e-18
4309.3	4.809e-18
4311.8	5.9788e-18
4314.4	8.6971e-18
4316.9	6.0205e-18
4319.5	5.3026e-18
4322	6.1624e-18
4324.6	7.6223e-18
4327.1	6.0032e-18
4329.7	5.5022e-18
4332.3	7.4588e-18
4334.8	7.9024e-18
4337.4	8.0119e-18
4339.9	7.8694e-18
4342.5	8.1294e-18
4345	8.2987e-18
4347.6	6.8294e-18
4350.1	6.3472e-18
4352.7	7.1506e-18
4355.2	8.186e-18
4357.8	7.1498e-18
4360.3	7.6541e-18
4362.9	6.8668e-18
4365.4	5.5117e-18
4368	5.9533e-18
4370.5	7.8764e-18
4373.1	5.3246e-18
4375.7	6.6931e-18
4378.2	5.3878e-18
4380.8	6.597e-18
4383.3	7.6529e-18
4385.9	8.1064e-18
4388.4	6.7566e-18
4391	7.329e-18
4393.5	7.4119e-18
4396.1	6.514e-18
4398.6	6.3304e-18
4401.2	9.1951e-18
4403.7	7.4311e-18
4406.3	5.2598e-18
4408.8	8.5554e-18
4411.4	8.3698e-18
4414	6.9365e-18
4416.5	8.9535e-18
4419.1	5.8204e-18
4421.6	5.4026e-18
4424.2	4.9014e-18
4426.7	3.884e-18
4429.3	1.1811e-17
4431.8	5.7046e-18
4434.4	1.684e-17
4436.9	1.3333e-17
4439.5	6.0797e-18
4442	4.2028e-18
4444.6	3.5118e-18
4447.1	5.3459e-18
4449.7	5.5572e-18
4452.3	5.4125e-18
4454.8	8.2639e-18
4457.4	9.9516e-18
4459.9	9.841e-18
4462.5	5.9623e-18
4465	6.4891e-18
4467.6	8.0701e-18
4470.1	6.1742e-18
4472.7	7.0145e-18
4475.2	6.658e-18
4477.8	8.234e-18
4480.3	7.7893e-18
4482.9	7.8446e-18
4485.4	6.4585e-18
4488	7.2947e-18
4490.5	7.7442e-18
4493.1	7.6491e-18
4495.7	7.7812e-18
4498.2	8.2096e-18
4500.8	8.9047e-18
4503.3	8.6404e-18
4505.9	7.1695e-18
4508.4	9.0283e-18
4511	7.5767e-18
4513.5	9.4512e-18
4516.1	7.4362e-18
4518.6	9.1214e-18
4521.2	9.7121e-18
4523.7	8.4453e-18
4526.3	8.8004e-18
4528.8	8.784e-18
4531.4	8.502e-18
4534	8.2641e-18
4536.5	9.4337e-18
4539.1	1.114e-17
4541.6	6.2954e-18
4544.2	1.0289e-17
4546.7	7.4284e-18
4549.3	1.0076e-17
4551.8	9.7799e-18
4554.4	8.9503e-18
4556.9	9.8557e-18
4559.5	8.7888e-18
4562	1.0421e-17
4564.6	8.4335e-18
4567.1	8.3433e-18
4569.7	9.9238e-18
4572.2	9.6277e-18
4574.8	1.0431e-17
4577.4	1.0348e-17
4579.9	9.7888e-18
4582.5	8.7623e-18
4585	9.0864e-18
4587.6	9.133e-18
4590.1	1.0367e-17
4592.7	1.0122e-17
4595.2	9.8824e-18
4597.8	8.633e-18
4600.3	9.9676e-18
4602.9	9.6827e-18
4605.4	1.1045e-17
4608	1.0098e-17
4610.5	8.2046e-18
4613.1	1.0266e-17
4615.7	8.6864e-18
4618.2	1.0665e-17
4620.8	8.1818e-18
4623.3	1.0378e-17
4625.9	9.3613e-18
4628.4	1.0292e-17
4631	9.3261e-18
4633.5	8.0199e-18
4636.1	9.1938e-18
4638.6	9.3873e-18
4641.2	1.1405e-17
4643.7	1.0603e-17
4646.3	8.8992e-18
4648.8	8.4644e-18
4651.4	8.2328e-18
4653.9	1.0398e-17
4656.5	8.8444e-18
4659.1	9.1269e-18
4661.6	9.6407e-18
4664.2	8.8919e-18
4666.7	8.861e-18
4669.3	1.0929e-17
4671.8	8.1692e-18
4674.4	7.8544e-18
4676.9	6.4718e-18
4679.5	6.5404e-18
4682	5.5021e-18
4684.6	1.1111e-17
4687.1	8.2658e-18
4689.7	1.1716e-17
4692.2	8.5261e-18
4694.8	6.8654e-18
4697.4	8.0971e-18
4699.9	9.3383e-18
4702.5	7.6825e-18
4705	9.9497e-18
4707.6	1.0417e-17
4710.1	7.6793e-18
4712.7	7.7556e-18
4715.2	5.9063e-18
4717.8	7.8977e-18
4720.3	7.7916e-18
4722.9	6.9466e-18
4725.4	7.4835e-18
4728	9.2669e-18
4730.5	5.2549e-18
4733.1	8.337e-18
4735.7	7.4298e-18
4738.2	7.2999e-18
4740.8	8.0725e-18
4743.3	7.5465e-18
4745.9	1.0809e-17
4748.4	7.2801e-18
4751	6.2588e-18
4753.5	7.1571e-18
4756.1	7.2988e-18
4758.6	6.733e-18
4761.2	7.3752e-18
4763.7	4.7338e-18
4766.3	7.3083e-18
4768.8	8.5999e-18
4771.4	9.0671e-18
4773.9	7.6845e-18
4776.5	5.0281e-18
4779.1	7.1911e-18
4781.6	6.6954e-18
4784.2	6.4923e-18
4786.7	6.8748e-18
4789.3	8.0286e-18
4791.8	7.5457e-18
4794.4	6.6691e-18
4796.9	8.4225e-18
4799.5	8.0756e-18
4802	6.5587e-18
4804.6	8.3664e-18
4807.1	8.0328e-18
4809.7	7.467e-18
4812.2	7.4545e-18
4814.8	8.9707e-18
4817.4	7.1793e-18
4819.9	8.0307e-18
4822.5	7.1633e-18
4825	7.3692e-18
4827.6	7.6339e-18
4830.1	7.8325e-18
4832.7	1.0172e-17
4835.2	7.6716e-18
4837.8	8.0193e-18
4840.3	6.568e-18
4842.9	7.1969e-18
4845.4	9.0138e-18
4848	7.0236e-18
4850.5	7.9053e-18
4853.1	7.2602e-18
4855.6	7.7163e-18
4858.2	9.5704e-18
4860.8	8.3743e-18
4863.3	9.3276e-18
4865.9	7.309e-18
4868.4	8.6286e-18
4871	7.5549e-18
4873.5	8.5608e-18
4876.1	6.987e-18
4878.6	7.1128e-18
4881.2	8.1343e-18
4883.7	8.2508e-18
4886.3	7.7029e-18
4888.8	8.8082e-18
4891.4	7.9033e-18
4893.9	8.4739e-18
4896.5	8.2867e-18
4899.1	8.0168e-18
4901.6	7.5204e-18
4904.2	8.2035e-18
4906.7	8.3147e-18
4909.3	7.6018e-18
4911.8	7.8834e-18
4914.4	8.2898e-18
4916.9	9.4648e-18
4919.5	8.3728e-18
4922	6.9839e-18
4924.6	7.8744e-18
4927.1	6.6517e-18
4929.7	8.3126e-18
4932.2	7.2702e-18
4934.8	7.2723e-18
4937.4	8.192e-18
4939.9	8.4014e-18
4942.5	8.4984e-18
4945	7.3901e-18
4947.6	7.3856e-18
4950.1	8.151e-18
4952.7	9.5231e-18
4955.2	7.7706e-18
4957.8	1.002e-17
4960.3	1.1161e-17
4962.9	9.4573e-18
4965.4	7.8705e-18
4968	8.5474e-18
4970.5	8.2082e-18
4973.1	7.5281e-18
4975.6	7.7831e-18
4978.2	9.1805e-18
4980.8	7.4748e-18
4983.3	7.653e-18
4985.9	7.1936e-18
4988.4	6.1013e-18
4991	7.8299e-18
4993.5	7.1806e-18
4996.1	6.9644e-18
4998.6	8.1839e-18
5001.2	6.5207e-18
5003.7	1.0034e-17
5006.3	1.5063e-17
5008.8	1.3225e-17
5011.4	9.4956e-18
5013.9	7.8149e-18
5016.5	8.029e-18
5019.1	8.1269e-18
5021.6	7.0963e-18
5024.2	8.2859e-18
5026.7	6.2031e-18
5029.3	8.224e-18
5031.8	6.5633e-18
5034.4	6.7937e-18
5036.9	6.5753e-18
5039.5	7.3027e-18
5042	6.4028e-18
5044.6	7.1108e-18
5047.1	5.6878e-18
5049.7	6.6601e-18
5052.2	6.7236e-18
5054.8	8.4572e-18
5057.3	6.8037e-18
5059.9	8.4918e-18
5062.5	6.5566e-18
5065	6.955e-18
5067.6	6.618e-18
5070.1	7.2845e-18
5072.7	7.7933e-18
5075.2	7.5894e-18
5077.8	9.2053e-18
5080.3	7.154e-18
5082.9	7.5129e-18
5085.4	7.1014e-18
5088	7.9785e-18
5090.5	8.3038e-18
5093.1	8.1593e-18
5095.6	7.7411e-18
5098.2	6.5719e-18
5100.8	7.4566e-18
5103.3	7.9553e-18
5105.9	7.2293e-18
5108.4	8.1098e-18
5111	7.7337e-18
5113.5	7.3428e-18
5116.1	7.6088e-18
5118.6	7.8539e-18
5121.2	8.5168e-18
5123.7	8.7203e-18
5126.3	7.6407e-18
5128.8	7.7164e-18
5131.4	8.956e-18
5133.9	7.1889e-18
5136.5	7.7404e-18
5139.1	8.5005e-18
5141.6	7.4989e-18
5144.2	9.4035e-18
5146.7	8.8216e-18
5149.3	7.1496e-18
5151.8	7.4923e-18
5154.4	8.56e-18
5156.9	7.7506e-18
5159.5	7.8623e-18
5162	7.2138e-18
5164.6	6.9596e-18
5167.1	8.9177e-18
5169.7	8.7416e-18
5172.2	8.5669e-18
5174.8	8.8883e-18
5177.3	8.4866e-18
5179.9	7.9602e-18
5182.5	8.785e-18
5185	8.6579e-18
5187.6	7.5738e-18
5190.1	9.1196e-18
5192.7	8.0994e-18
5195.2	8.3729e-18
5197.8	9.2569e-18
5200.3	7.8098e-18
5202.9	8.57e-18
5205.4	8.3144e-18
5208	8.87e-18
5210.5	7.6393e-18
5213.1	9.2646e-18
5215.6	7.4899e-18
5218.2	9.0574e-18
5220.8	9.0307e-18
5223.3	8.0049e-18
5225.9	8.3667e-18
5228.4	9.7447e-18
5231	8.5979e-18
5233.5	9.864e-18
5236.1	9.8574e-18
5238.6	9.8218e-18
5241.2	8.3762e-18
5243.7	8.9589e-18
5246.3	8.3842e-18
5248.8	8.4402e-18
5251.4	8.5755e-18
5253.9	8.9709e-18
5256.5	9.4668e-18
5259	9.0308e-18
5261.6	1.0288e-17
5264.2	8.7868e-18
5266.7	9.7485e-18
5269.3	9.3871e-18
5271.8	8.6723e-18
5274.4	1.0728e-17
5276.9	8.3074e-18
5279.5	9.1963e-18
5282	8.612e-18
5284.6	9.1857e-18
5287.1	9.9245e-18
5289.7	8.7162e-18
5292.2	9.7858e-18
5294.8	8.872e-18
5297.3	8.9183e-18
5299.9	9.7814e-18
5302.5	1.0333e-17
5305	8.9158e-18
5307.6	8.513e-18
5310.1	9.6999e-18
5312.7	1.002e-17
5315.2	9.5431e-18
5317.8	8.8136e-18
5320.3	1.0658e-17
5322.9	8.2754e-18
5325.4	9.85e-18
5328	9.5366e-18
5330.5	8.7577e-18
5333.1	1.0695e-17
5335.6	9.5441e-18
5338.2	1.04e-17
5340.8	9.9104e-18
5343.3	9.4351e-18
5345.9	9.5655e-18
5348.4	1.0106e-17
5351	8.9662e-18
5353.5	8.2612e-18
5356.1	9.3451e-18
5358.6	8.805e-18
5361.2	9.4517e-18
5363.7	9.5559e-18
5366.3	8.7801e-18
5368.8	1.0115e-17
5371.4	9.2969e-18
5373.9	8.1409e-18
5376.5	9.5466e-18
5379	8.4697e-18
5381.6	8.7862e-18
5384.2	9.9119e-18
5386.7	8.6599e-18
5389.3	8.8268e-18
5391.8	9.1786e-18
5394.4	8.6481e-18
5396.9	8.2839e-18
5399.5	8.2001e-18
5402	9.5195e-18
5404.6	9.1611e-18
5407.1	8.333e-18
5409.7	8.3895e-18
5412.2	8.6924e-18
5414.8	8.8211e-18
5417.3	9.9822e-18
5419.9	9.5358e-18
5422.5	8.6475e-18
5425	9.8012e-18
5427.6	8.3949e-18
5430.1	1.0002e-17
5432.7	9.4996e-18
5435.2	8.4153e-18
5437.8	9.4112e-18
5440.3	9.2796e-18
5442.9	9.192e-18
5445.4	8.143e-18
5448	9.0602e-18
5450.5	9.0784e-18
5453.1	8.9758e-18
5455.6	7.6033e-18
5458.2	7.5425e-18
5460.7	8.0677e-18
5463.3	6.8532e-18
5465.9	9.0247e-18
5468.4	8.3708e-18
5471	7.8068e-18
5473.5	7.875e-18
5476.1	7.8859e-18
5478.6	7.5256e-18
5481.2	8.7289e-18
5483.7	8.4035e-18
5486.3	8.1709e-18
5488.8	8.5968e-18
5491.4	8.916e-18
5493.9	9.4361e-18
5496.5	8.2474e-18
5499	7.3897e-18
5501.6	8.5533e-18
5504.2	8.359e-18
5506.7	8.9257e-18
5509.3	7.7218e-18
5511.8	7.5341e-18
5514.4	8.0388e-18
5516.9	8.5151e-18
5519.5	7.7315e-18
5522	7.5163e-18
5524.6	7.6782e-18
5527.1	8.4337e-18
5529.7	8.2482e-18
5532.2	7.5155e-18
5534.8	7.8193e-18
5537.3	8.0122e-18
5539.9	6.8885e-18
5542.5	7.2172e-18
5545	5.7268e-18
5547.6	9.3496e-18
5550.1	8.1027e-18
5552.7	7.7903e-18
5555.2	7.7522e-18
5557.8	6.5835e-18
5560.3	6.8646e-18
5562.9	8.463e-18
5565.4	7.8887e-18
5568	7.8601e-18
5570.5	7.6778e-18
5573.1	6.7638e-18
5575.6	6.6686e-18
5578.2	6.7845e-18
5580.7	5.8577e-18
5583.3	7.2137e-18
5585.9	6.572e-18
5588.4	5.805e-18
5591	7.173e-18
5593.5	7.4647e-18
5596.1	6.5728e-18
5598.6	7.3938e-18
5601.2	6.7256e-18
5603.7	6.2396e-18
5606.3	7.1292e-18
5608.8	6.8357e-18
5611.4	6.033e-18
5613.9	6.7415e-18
5616.5	5.7607e-18
5619	6.894e-18
5621.6	7.5065e-18
5624.2	6.9332e-18
5626.7	6.7897e-18
5629.3	6.7603e-18
5631.8	6.9869e-18
5634.4	6.5786e-18
5636.9	5.4399e-18
5639.5	6.0385e-18
5642	6.1034e-18
5644.6	5.6022e-18
5647.1	6.2514e-18
5649.7	5.2475e-18
5652.2	5.9449e-18
5654.8	5.7049e-18
5657.3	5.287e-18
5659.9	6.7355e-18
5662.4	6.3727e-18
5665	5.9298e-18
5667.6	5.4757e-18
5670.1	5.9421e-18
5672.7	5.772e-18
5675.2	6.2305e-18
5677.8	5.8757e-18
5680.3	4.1288e-18
5682.9	5.134e-18
5685.4	4.7949e-18
5688	5.9027e-18
5690.5	5.6101e-18
5693.1	5.8526e-18
5695.6	5.7335e-18
5698.2	5.7004e-18
5700.7	4.8396e-18
5703.3	4.7808e-18
5705.9	6.3173e-18
5708.4	6.3996e-18
5711	5.6794e-18
5713.5	4.4933e-18
5716.1	5.1565e-18
5718.6	5.4114e-18
5721.2	4.4114e-18
5723.7	6.1737e-18
5726.3	5.1991e-18
5728.8	4.3826e-18
5731.4	4.6304e-18
5733.9	4.8079e-18
5736.5	4.9146e-18
5739	5.1891e-18
5741.6	4.3402e-18
5744.2	4.8943e-18
5746.7	4.7089e-18
5749.3	4.8705e-18
5751.8	3.5389e-18
5754.4	4.5535e-18
5756.9	3.313e-18
5759.5	5.9575e-18
5762	4.3901e-18
5764.6	3.672e-18
5767.1	4.3955e-18
5769.7	4.9308e-18
5772.2	5.5534e-18
5774.8	5.1914e-18
5777.3	5.0135e-18
5779.9	3.5996e-18
5782.4	2.9163e-18
5785	3.9728e-18
5787.6	6.0741e-18
5790.1	5.8121e-18
5792.7	6.0373e-18
5795.2	5.6084e-18
5797.8	5.9937e-18
5800.3	5.6857e-18
5802.9	5.4721e-18
5805.4	5.6017e-18
5808	3.7354e-18
5810.5	4.1735e-18
5813.1	3.8199e-18
5815.6	4.3466e-18
5818.2	6.1177e-18
5820.7	5.2902e-18
5823.3	3.7108e-18
5825.9	4.8261e-18
5828.4	4.1391e-18
5831	3.945e-18
5833.5	4.2161e-18
5836.1	5.8703e-18
5838.6	4.9791e-18
5841.2	5.4674e-18
5843.7	5.7768e-18
5846.3	4.055e-18
5848.8	3.804e-18
5851.4	4.2036e-18
5853.9	4.5736e-18
5856.5	2.6774e-18
5859	5.5275e-18
5861.6	5.5808e-18
5864.1	6.0684e-18
5866.7	6.085e-18
5869.3	4.3149e-18
5871.8	4.9288e-18
5874.4	5.8638e-18
5876.9	3.5463e-18
5879.5	5.8549e-18
5882	4.2948e-18
5884.6	5.4149e-18
5887.1	5.081e-18
5889.7	5.7003e-18
5892.2	5.6662e-18
5894.8	5.7353e-18
5897.3	4.8559e-18
5899.9	4.3049e-18
5902.4	5.2995e-18
5905	5.2895e-18
5907.6	4.7891e-18
5910.1	6.121e-18
5912.7	6.5757e-18
5915.2	6.1322e-18
5917.8	6.8983e-18
5920.3	6.3646e-18
5922.9	4.6345e-18
5925.4	5.6837e-18
5928	4.4412e-18
5930.5	5.9185e-18
5933.1	5.3447e-18
5935.6	5.7739e-18
5938.2	4.4659e-18
5940.7	6.0824e-18
5943.3	5.3811e-18
5945.9	5.749e-18
5948.4	6.4086e-18
5951	4.2331e-18
5953.5	6.122e-18
5956.1	5.9856e-18
5958.6	5.1241e-18
5961.2	5.6266e-18
5963.7	5.468e-18
5966.3	4.5207e-18
5968.8	5.9198e-18
5971.4	5.8198e-18
5973.9	5.4232e-18
5976.5	3.373e-18
5979	5.591e-18
5981.6	5.6937e-18
5984.1	5.8885e-18
5986.7	5.6166e-18
5989.3	5.0608e-18
5991.8	5.7506e-18
5994.4	4.9771e-18
5996.9	4.6833e-18
5999.5	5.3228e-18
6002	5.1831e-18
6004.6	4.7476e-18
6007.1	4.9797e-18
6009.7	5.9899e-18
6012.2	5.3847e-18
6014.8	4.4463e-18
6017.3	5.652e-18
6019.9	6.7371e-18
6022.4	5.5824e-18
6025	5.8586e-18
6027.6	4.9745e-18
6030.1	4.9874e-18
6032.7	5.8566e-18
6035.2	5.4101e-18
6037.8	3.839e-18
6040.3	6.0636e-18
6042.9	4.2109e-18
6045.4	5.8987e-18
6048	3.5666e-18
6050.5	5.5226e-18
6053.1	5.3254e-18
6055.6	5.8556e-18
6058.2	5.6206e-18
6060.7	6.4023e-18
6063.3	7.1103e-18
6065.8	5.3735e-18
6068.4	5.0289e-18
6071	3.5484e-18
6073.5	5.6571e-18
6076.1	4.7964e-18
6078.6	5.5973e-18
6081.2	5.0275e-18
6083.7	5.1948e-18
6086.3	5.9653e-18
6088.8	4.9785e-18
6091.4	6.035e-18
6093.9	5.9104e-18
6096.5	6.2692e-18
6099	4.9275e-18
6101.6	5.2411e-18
6104.1	5.3623e-18
6106.7	5.1425e-18
6109.3	5.8623e-18
6111.8	6.4568e-18
6114.4	5.6568e-18
6116.9	6.4148e-18
6119.5	6.3702e-18
6122	6.1154e-18
6124.6	5.1125e-18
6127.1	5.5936e-18
6129.7	3.3445e-18
6132.2	9.724e-18
6134.8	5.7475e-18
6137.3	8.7866e-18
6139.9	7.6899e-18
6142.4	6.4932e-18
6145	6.5729e-18
6147.6	6.7822e-18
6150.1	7.0972e-18
6152.7	6.4384e-18
6155.2	7.7611e-18
6157.8	6.4858e-18
6160.3	8.3302e-18
6162.9	6.2217e-18
6165.4	6.001e-18
6168	5.6248e-18
6170.5	6.125e-18
6173.1	7.969e-18
6175.6	6.4748e-18
6178.2	6.8748e-18
6180.7	7.9864e-18
6183.3	4.9199e-18
6185.8	6.602e-18
6188.4	6.7447e-18
6191	5.2375e-18
6193.5	4.5024e-18
6196.1	7.1578e-18
6198.6	6.5842e-18
6201.2	7.9119e-18
6203.7	7.5127e-18
6206.3	7.2655e-18
6208.8	7.104e-18
6211.4	6.6261e-18
6213.9	6.5919e-18
6216.5	5.6034e-18
6219	5.7803e-18
6221.6	6.417e-18
6224.1	8.6878e-18
6226.7	7.8388e-18
6229.3	6.5587e-18
6231.8	7.4112e-18
6234.4	5.5339e-18
6236.9	5.9896e-18
6239.5	4.7509e-18
6242	6.0325e-18
6244.6	7.2307e-18
6247.1	6.4355e-18
6249.7	7.0912e-18
6252.2	6.4368e-18
6254.8	7.2619e-18
6257.3	6.8682e-18
6259.9	7.1174e-18
6262.4	7.1981e-18
6265	6.0924e-18
6267.5	4.8446e-18
6270.1	6.2392e-18
6272.7	5.8827e-18
6275.2	6.8572e-18
6277.8	6.9879e-18
6280.3	7.7149e-18
6282.9	6.7842e-18
6285.4	5.6299e-18
6288	3.1374e-18
6290.5	7.8589e-18
6293.1	5.383e-18
6295.6	5.1656e-18
6298.2	6.8673e-18
6300.7	7.0409e-18
6303.3	5.6541e-18
6305.8	6.6823e-18
6308.4	6.8555e-18
6311	7.1452e-18
6313.5	6.427e-18
6316.1	5.3226e-18
6318.6	6.5927e-18
6321.2	7.8933e-18
6323.7	7.807e-18
6326.3	6.9996e-18
6328.8	4.4452e-18
6331.4	3.195e-18
6333.9	6.6038e-18
6336.5	6.8559e-18
6339	6.0332e-18
6341.6	5.0303e-18
6344.1	6.8829e-18
6346.7	7.9857e-18
6349.3	5.6268e-18
6351.8	3.6765e-18
6354.4	6.9044e-18
6356.9	4.7697e-18
6359.5	7.371e-18
6362	7.3847e-18
6364.6	6.8977e-18
6367.1	6.6868e-18
6369.7	5.1468e-18
6372.2	6.4735e-18
6374.8	5.8559e-18
6377.3	4.69e-18
6379.9	6.1137e-18
6382.4	7.7407e-18
6385	7.4052e-18
6387.5	6.7254e-18
6390.1	7.3812e-18
6392.7	7.3557e-18
6395.2	6.1829e-18
6397.8	5.5568e-18
6400.3	5.3973e-18
6402.9	6.2656e-18
6405.4	7.6474e-18
6408	6.5612e-18
6410.5	5.9444e-18
6413.1	7.7978e-18
6415.6	8.1425e-18
6418.2	6.2947e-18
6420.7	7.1494e-18
6423.3	7.3678e-18
6425.8	5.3625e-18
6428.4	7.4012e-18
6431	5.1902e-18
6433.5	5.9492e-18
6436.1	6.4523e-18
6438.6	5.9403e-18
6441.2	6.716e-18
6443.7	6.9799e-18
6446.3	7.1616e-18
6448.8	6.9961e-18
6451.4	6.4775e-18
6453.9	6.491e-18
6456.5	6.8767e-18
6459	7.0853e-18
6461.6	6.7219e-18
6464.1	6.6151e-18
6466.7	6.2173e-18
6469.2	5.8627e-18
6471.8	5.5561e-18
6474.4	6.9173e-18
6476.9	6.488e-18
6479.5	6.8056e-18
6482	7.1411e-18
6484.6	6.5376e-18
6487.1	7.1323e-18
6489.7	6.5673e-18
6492.2	6.0618e-18
6494.8	7.2865e-18
6497.3	6.4246e-18
6499.9	7.0485e-18
6502.4	7.2464e-18
6505	7.5568e-18
6507.5	7.3974e-18
6510.1	7.636e-18
6512.7	7.5804e-18
6515.2	7.1798e-18
6517.8	7.0026e-18
6520.3	6.4114e-18
6522.9	7.1116e-18
6525.4	6.8949e-18
6528	6.8682e-18
6530.5	7.3836e-18
6533.1	5.4903e-18
6535.6	6.374e-18
6538.2	6.5566e-18
6540.7	7.1522e-18
6543.3	6.5537e-18
6545.8	7.1549e-18
6548.4	6.6934e-18
6551	7.4971e-18
6553.5	6.414e-18
6556.1	5.8914e-18
6558.6	8.0899e-18
6561.2	1.286e-17
6563.7	1.6796e-17
6566.3	1.3685e-17
6568.8	8.5552e-18
6571.4	7.0981e-18
6573.9	5.2379e-18
6576.5	4.5964e-18
6579	4.8284e-18
6581.6	6.0806e-18
6584.1	7.9018e-18
6586.7	7.6145e-18
6589.2	5.309e-18
6591.8	5.7541e-18
6594.4	6.5468e-18
6596.9	5.5396e-18
6599.5	5.062e-18
6602	7.3109e-18
6604.6	5.7991e-18
6607.1	5.516e-18
6609.7	6.3613e-18
6612.2	6.7931e-18
6614.8	7.4029e-18
6617.3	6.9746e-18
6619.9	6.0629e-18
6622.4	5.9774e-18
6625	5.647e-18
6627.5	3.8907e-18
6630.1	5.5348e-18
6632.7	7.7083e-18
6635.2	4.7454e-18
6637.8	5.0596e-18
6640.3	4.3847e-18
6642.9	6.6097e-18
6645.4	5.6805e-18
6648	6.3694e-18
6650.5	5.8172e-18
6653.1	6.9941e-18
6655.6	7.2002e-18
6658.2	5.3704e-18
6660.7	4.1768e-18
6663.3	5.2567e-18
6665.8	6.0025e-18
6668.4	7.0134e-18
6670.9	5.405e-18
6673.5	4.7542e-18
6676.1	4.7409e-18
6678.6	4.9561e-18
6681.2	5.5846e-18
6683.7	5.4667e-18
6686.3	4.5603e-18
6688.8	3.4872e-18
6691.4	3.3944e-18
6693.9	7.2715e-18
6696.5	6.2244e-18
6699	6.0046e-18
6701.6	5.16e-18
6704.1	5.9693e-18
6706.7	6.3495e-18
6709.2	7.5313e-18
6711.8	7.1461e-18
6714.4	5.0602e-18
6716.9	3.7106e-18
6719.5	5.9212e-18
6722	5.916e-18
6724.6	5.229e-18
6727.1	6.166e-18
6729.7	5.26e-18
6732.2	4.9894e-18
6734.8	6.4515e-18
6737.3	7.0409e-18
6739.9	5.9108e-18
6742.4	5.3123e-18
6745	5.1491e-18
6747.5	4.4662e-18
6750.1	2.7617e-18
6752.7	4.2833e-18
6755.2	5.7774e-18
6757.8	2.5492e-18
6760.3	5.0705e-18
6762.9	5.2496e-18
6765.4	5.8939e-18
6768	6.638e-18
6770.5	5.5685e-18
6773.1	4.7614e-18
6775.6	5.5922e-18
6778.2	5.3323e-18
6780.7	5.3981e-18
6783.3	3.8934e-18
6785.8	4.5165e-18
6788.4	5.9086e-18
6790.9	5.0187e-18
6793.5	3.2093e-18
6796.1	4.1674e-18
6798.6	5.0847e-18
6801.2	6.4746e-18
6803.7	5.1833e-18
6806.3	4.2828e-18
6808.8	4.7104e-18
6811.4	4.2211e-18
6813.9	4.6905e-18
6816.5	4.9465e-18
6819	4.8103e-18
6821.6	4.3858e-18
6824.1	4.324e-18
6826.7	4.3973e-18
6829.2	4.5592e-18
6831.8	3.3052e-18
6834.4	4.9786e-18
6836.9	4.4463e-18
6839.5	3.9842e-18
6842	3.9228e-18
6844.6	3.7115e-18
6847.1	6.8139e-18
6849.7	6.1555e-18
6852.2	5.0134e-18
6854.8	5.8625e-18
6857.3	5.5117e-18
6859.9	1.8483e-18
6862.4	6.3599e-18
6865	3.0556e-18
6867.5	5.4917e-18
6870.1	6.2852e-18
6872.6	3.6777e-18
6875.2	7.2216e-18
6877.8	4.8746e-18
6880.3	4.1655e-18
6882.9	3.2838e-18
6885.4	4.7415e-18
6888	2.3588e-18
6890.5	4.4228e-18
6893.1	4.9916e-18
6895.6	5.4427e-18
6898.2	2.4014e-18
6900.7	4.898e-18
6903.3	3.9812e-18
6905.8	3.0621e-18
6908.4	5.0536e-18
6910.9	4.9971e-18
6913.5	3.7865e-18
6916.1	4.4528e-18
6918.6	4.641e-18
6921.2	6.0297e-18
6923.7	5.9377e-18
6926.3	7.1583e-18
6928.8	4.9867e-18
6931.4	5.1321e-18
6933.9	4.863e-18
6936.5	4.6483e-18
6939	4.6491e-18
6941.6	4.4614e-18
6944.1	4.878e-18
6946.7	5.2222e-18
6949.2	4.4034e-18
6951.8	4.388e-18
6954.4	4.9007e-18
6956.9	4.6061e-18
6959.5	2.9898e-18
6962	7.652e-18
6964.6	6.9764e-18
6967.1	1.9416e-18
6969.7	2.5509e-18
6972.2	6.9049e-18
6974.8	4.8835e-18
6977.3	6.4977e-18
6979.9	2.2678e-18
6982.4	5.1015e-18
6985	6.2926e-18
6987.5	6.1305e-18
6990.1	4.3515e-18
6992.6	5.7079e-18
6995.2	6.1516e-18
6997.8	5.168e-18
7000.3	3.3375e-18
7002.9	4.4087e-18
7005.4	3.8827e-18
7008	4.3492e-18
7010.5	4.7438e-18
7013.1	7.2519e-18
7015.6	6.0032e-18
7018.2	8.2067e-19
7020.7	3.4893e-18
7023.3	4.1273e-18
7025.8	2.8352e-18
7028.4	4.3426e-18
7030.9	6.4128e-18
7033.5	3.6554e-18
7036.1	3.8133e-18
7038.6	5.3304e-18
7041.2	5.443e-18
7043.7	4.8449e-18
7046.3	1.2309e-18
7048.8	5.3718e-18
7051.4	3.7901e-18
7053.9	6.7368e-18
7056.5	6.6628e-18
7059	5.7499e-18
7061.6	2.6617e-18
7064.1	2.8032e-18
7066.7	-6.8298e-19
7069.2	6.5757e-18
7071.8	5.363e-18
7074.3	3.1472e-18
7076.9	3.2023e-18
7079.5	-5.5076e-19
7082	5.1641e-18
7084.6	6.607e-18
7087.1	6.5099e-18
7089.7	2.1424e-18
7092.2	3.0072e-19
7094.8	2.4952e-18
7097.3	4.8939e-18
7099.9	5.1006e-18
7102.4	5.5379e-18
7105	2.5803e-18
7107.5	2.4996e-18
7110.1	4.9278e-18
7112.6	3.9281e-18
7115.2	5.7824e-18
7117.8	4.0413e-18
7120.3	2.7267e-18
7122.9	3.3056e-18
7125.4	5.4753e-18
7128	6.2896e-18
7130.5	5.7942e-18
7133.1	4.9859e-18
7135.6	4.9187e-18
7138.2	4.8562e-18
7140.7	1.8126e-18
7143.3	2.0459e-18
7145.8	5.0555e-18
7148.4	5.3943e-18
7150.9	6.9804e-18
7153.5	4.4524e-18
7156.1	5.3903e-18
7158.6	3.3916e-18
7161.2	7.0677e-18
7163.7	7.755e-18
7166.3	5.9111e-18
7168.8	5.29e-18
7171.4	5.1358e-18
7173.9	6.4537e-18
7176.5	5.8969e-18
7179	4.2471e-18
7181.6	3.8813e-18
7184.1	5.8019e-18
7186.7	5.2592e-18
7189.2	5.3862e-18
7191.8	6.7432e-18
7194.3	6.5858e-18
7196.9	7.6174e-18
7199.5	7.609e-18
7202	7.428e-18
7204.6	6.5374e-18
7207.1	6.7559e-18
7209.7	5.6716e-18
7212.2	5.8624e-18
7214.8	6.5672e-18
7217.3	6.2896e-18
7219.9	5.6243e-18
7222.4	5.9193e-18
7225	6.0763e-18
7227.5	6.2618e-18
7230.1	4.8387e-18
7232.6	6.8055e-18
7235.2	7.5686e-18
7237.8	6.8007e-18
7240.3	8.2854e-18
7242.9	8.299e-18
7245.4	7.0647e-18
7248	6.4438e-18
7250.5	6.7199e-18
7253.1	5.6252e-18
7255.6	5.3558e-18
7258.2	6.0925e-18
7260.7	6.7434e-18
7263.3	5.939e-18
7265.8	6.0111e-18
7268.4	7.0917e-18
7270.9	6.2531e-18
7273.5	6.237e-18
7276	6.0064e-18
7278.6	6.9621e-18
7281.2	6.0567e-18
7283.7	7.0865e-18
7286.3	7.834e-18
7288.8	7.6944e-18
7291.4	8.0075e-18
7293.9	6.7427e-18
7296.5	7.0094e-18
7299	6.9537e-18
7301.6	7.1578e-18
7304.1	6.1205e-18
7306.7	6.4684e-18
7309.2	6.5919e-18
7311.8	7.0539e-18
7314.3	6.6159e-18
7316.9	7.756e-18
7319.5	7.0678e-18
7322	5.8225e-18
7324.6	6.8858e-18
7327.1	6.3079e-18
7329.7	7.2006e-18
7332.2	6.8567e-18
7334.8	6.4441e-18
7337.3	8.2734e-18
7339.9	6.9072e-18
7342.4	7.178e-18
7345	8.4516e-18
7347.5	7.7423e-18
7350.1	6.2186e-18
7352.6	6.161e-18
7355.2	6.6195e-18
7357.8	7.2075e-18
7360.3	7.0388e-18
7362.9	6.3872e-18
7365.4	6.6653e-18
7368	6.5426e-18
7370.5	6.818e-18
7373.1	6.6856e-18
7375.6	6.3221e-18
7378.2	5.9274e-18
7380.7	5.0578e-18
7383.3	5.255e-18
7385.8	5.8114e-18
7388.4	5.2105e-18
7390.9	7.3667e-18
7393.5	7.3445e-18
7396	1.2879e-17
7398.6	1.3419e-17
7401.2	1.2505e-17
7403.7	1.1283e-17
7406.3	1.4463e-17
7408.8	7.5073e-18
7411.4	1.2412e-17
7413.9	7.764e-18
7416.5	4.548e-18
7419	6.2315e-18
7421.6	6.342e-18
7424.1	5.0865e-18
7426.7	5.946e-18
7429.2	8.361e-18
7431.8	6.152e-18
7434.3	6.7745e-18
7436.9	6.4973e-18
7439.5	7.6756e-18
7442	5.2949e-18
7444.6	5.345e-18
7447.1	2.8126e-18
7449.7	1.2776e-17
7452.2	6.0803e-18
7454.8	1.2622e-17
7457.3	9.5865e-18
7459.9	1.8168e-18
7462.4	4.8401e-18
7465	4.0588e-18
7467.5	5.3791e-18
7470.1	1.9389e-18
7472.6	2.9279e-18
7475.2	6.2065e-18
7477.7	4.7517e-18
7480.3	5.9436e-18
7482.9	4.1823e-18
7485.4	5.3065e-18
7488	8.0319e-18
7490.5	3.392e-18
7493.1	3.8678e-18
7495.6	6.2454e-18
7498.2	9.131e-18
7500.7	7.6971e-18
7503.3	7.5242e-18
7505.8	3.3455e-18
7508.4	2.8393e-18
7510.9	3.4966e-18
7513.5	4.5983e-18
7516	6.856e-18
7518.6	2.7779e-18
7521.2	3.8034e-18
7523.7	3.9081e-18
7526.3	4.3883e-18
7528.8	9.8715e-18
7531.4	7.3168e-18
7533.9	8.7835e-18
7536.5	1.4523e-18
7539	2.3914e-18
7541.6	5.3737e-18
7544.1	5.0558e-18
7546.7	5.492e-18
7549.2	6.3176e-19
7551.8	1.9865e-18
7554.3	6.1687e-18
7556.9	-1.2607e-18
7559.5	4.8623e-18
7562	7.0178e-18
7564.6	8.5207e-18
7567.1	4.5334e-18
7569.7	6.7129e-19
7572.2	2.2061e-18
7574.8	3.5435e-18
7577.3	2.974e-18
7579.9	3.9355e-18
7582.4	4.6041e-18
7585	4.5084e-18
7587.5	4.2976e-18
7590.1	-8.776e-19
7592.6	2.0621e-18
7595.2	2.2583e-18
7597.7	3.2049e-18
7600.3	4.8138e-18
7602.9	6.0356e-18
7605.4	4.5821e-18
7608	2.4344e-18
7610.5	4.4264e-18
7613.1	5.4007e-18
7615.6	5.4151e-18
7618.2	3.7262e-18
7620.7	3.4841e-18
7623.3	4.5803e-18
7625.8	4.0989e-18
7628.4	3.8006e-18
7630.9	3.2529e-18
7633.5	4.8238e-19
7636	1.0787e-18
7638.6	2.3351e-18
7641.2	4.799e-18
7643.7	3.7522e-18
7646.3	2.6486e-18
7648.8	3.9079e-18
7651.4	3.4668e-18
7653.9	5.7572e-18
7656.5	3.9334e-18
7659	4.5363e-18
7661.6	4.5879e-18
7664.1	4.6324e-18
7666.7	3.1461e-18
7669.2	4.1041e-18
7671.8	2.4919e-18
7674.3	2.8824e-18
7676.9	3.0269e-18
7679.4	4.5636e-18
7682	2.1111e-18
7684.6	4.179e-18
7687.1	5.3025e-18
7689.7	6.3998e-18
7692.2	4.7026e-18
7694.8	3.8164e-18
7697.3	5.0299e-18
7699.9	4.9038e-18
7702.4	4.654e-18
7705	4.6907e-18
7707.5	4.0576e-18
7710.1	3.4213e-18
7712.6	4.1872e-18
7715.2	5.0684e-18
7717.7	3.6987e-18
7720.3	4.7243e-18
7722.9	5.1729e-18
7725.4	7.3605e-18
7728	3.5669e-18
7730.5	4.27e-18
7733.1	5.7377e-18
7735.6	5.015e-18
7738.2	4.2534e-18
7740.7	6.2973e-18
7743.3	6.0942e-18
7745.8	5.3845e-18
7748.4	4.9954e-18
7750.9	5.2261e-18
7753.5	7.4946e-18
7756	5.712e-18
7758.6	5.5896e-18
7761.2	5.3319e-18
7763.7	5.2689e-18
7766.3	5.999e-18
7768.8	5.2056e-18
7771.4	5.2868e-18
7773.9	5.3321e-18
7776.5	4.1045e-18
7779	5.3371e-18
7781.6	4.8948e-18
7784.1	9.6046e-18
7786.7	1.6435e-18
7789.2	4.0936e-18
7791.8	4.0224e-18
7794.3	5.0297e-18
7796.9	4.6026e-18
7799.4	4.8363e-18
7802	5.1786e-18
7804.6	7.7869e-18
7807.1	5.5812e-18
7809.7	5.8715e-18
7812.2	5.5768e-18
7814.8	4.7659e-18
7817.3	5.7368e-18
7819.9	5.7322e-18
7822.4	4.4365e-18
7825	2.9146e-18
7827.5	4.3139e-18
7830.1	7.8139e-18
7832.6	6.6153e-18
7835.2	7.1572e-18
7837.7	6.0935e-18
7840.3	5.007e-18
7842.9	1.5199e-18
7845.4	6.1188e-18
7848	3.7018e-18
7850.5	7.1519e-19
7853.1	6.6725e-18
7855.6	4.9549e-18
7858.2	4.3065e-18
7860.7	4.1179e-18
7863.3	6.2125e-18
7865.8	7.8201e-18
7868.4	3.6061e-18
7870.9	6.291e-18
7873.5	6.4325e-18
7876	5.9216e-18
7878.6	3.7556e-18
7881.1	8.9613e-18
7883.7	2.8744e-18
7886.3	6.8714e-18
7888.8	7.5924e-18
7891.4	5.3348e-18
7893.9	4.9416e-18
7896.5	4.9208e-18
7899	7.5151e-18
7901.6	1.7669e-17
7904.1	-2.4785e-19
7906.7	8.2869e-18
7909.2	4.9441e-18
7911.8	4.7336e-18
7914.3	3.4837e-18
7916.9	-2.6489e-18
7919.4	1.1397e-18
7922	4.9089e-19
7924.6	9.2627e-19
7927.1	3.2506e-18
7929.7	2.5007e-18
7932.2	3.4939e-18
7934.8	4.2745e-18
7937.3	4.9224e-18
7939.9	3.8338e-18
7942.4	3.3239e-18
7945	2.2493e-18
7947.5	3.0845e-18
7950.1	2.4016e-18
7952.6	2.2048e-18
7955.2	4.4523e-18
7957.7	3.2522e-18
7960.3	-2.5251e-18
7962.9	4.0678e-18
7965.4	4.6466e-18
7968	2.9221e-18
7970.5	2.4759e-18
7973.1	3.5855e-18
7975.6	4.3578e-18
7978.2	2.5093e-18
7980.7	2.5286e-19
7983.3	2.3712e-18
7985.8	3.3182e-18
7988.4	6.8642e-18
7990.9	1.5108e-18
7993.5	-1.5442e-19
7996	2.4767e-18
7998.6	4.7492e-18
8001.1	2.2362e-18
8003.7	-1.0282e-19
8006.3	1.3609e-18
8008.8	7.4124e-18
8011.4	6.0287e-18
8013.9	2.2263e-18
8016.5	5.8224e-19
8019	7.6009e-19
8021.6	7.6881e-19
8024.1	1.0704e-18
8026.7	6.1593e-19
8029.2	3.2066e-18
8031.8	3.6981e-18
8034.3	2.3186e-18
8036.9	5.2625e-18
8039.4	3.1247e-18
8042	1.4582e-18
8044.6	6.2751e-18
8047.1	4.1997e-18
8049.7	-3.6996e-19
8052.2	1.9638e-18
8054.8	4.496e-18
8057.3	2.0775e-18
8059.9	2.8389e-18
8062.4	1.9472e-19
8065	2.3178e-18
8067.5	-3.474e-18
8070.1	2.1028e-18
8072.6	3.4436e-18
8075.2	4.8557e-18
8077.7	1.4309e-18
8080.3	6.5017e-18
8082.8	8.5683e-18
8085.4	1.4952e-18
8088	4.0847e-18
8090.5	4.7816e-19
8093.1	-3.8088e-18
8095.6	1.0255e-17
8098.2	-3.0334e-18
8100.7	-5.0096e-19
8103.3	1.6102e-18
8105.8	2.2395e-18
8108.4	1.403e-18
8110.9	-2.7861e-19
8113.5	5.944e-18
8116	6.5569e-20
8118.6	3.802e-18
8121.1	-1.831e-18
8123.7	9.9858e-19
8126.3	-5.8411e-19
8128.8	-2.3302e-18
8131.4	5.3663e-18
8133.9	-2.9022e-18
8136.5	-3.1032e-18
8139	-3.6935e-18
8141.6	-3.4538e-18
8144.1	-7.5921e-18
8146.7	-6.4109e-18
8149.2	-6.0982e-18
8151.8	-9.9793e-19
8154.3	-2.1034e-18
8156.9	-6.0859e-18
8159.4	2.4662e-18
8162	-4.821e-18
8164.6	8.4813e-18
8167.1	-1.3829e-18
8169.7	6.3997e-18
8172.2	-1.9143e-18
8174.8	9.9216e-18
8177.3	1.5802e-18
8179.9	-5.179e-18
8182.4	-1.7793e-18
8185	1.5926e-18
8187.5	7.5214e-18
8190.1	4.8291e-18
8192.6	-1.3614e-18
8195.2	1.1826e-18
8197.7	6.0524e-19
8200.3	-1.789e-18
8202.8	-3.6283e-18
8205.4	-1.6828e-18
