3231.5	1.9889e-16
3233.3	1.9073e-16
3235	1.8255e-16
3236.8	1.8173e-16
3238.5	1.8092e-16
3240.3	1.7099e-16
3242	1.6106e-16
3243.8	1.6559e-16
3245.5	1.7012e-16
3247.2	1.8517e-16
3249	2.0022e-16
3250.7	1.9247e-16
3252.5	1.847e-16
3254.2	1.7275e-16
3256	1.6078e-16
3257.7	1.5993e-16
3259.5	1.5908e-16
3261.2	1.6757e-16
3263	1.7606e-16
3264.7	1.7715e-16
3266.4	1.7824e-16
3268.2	1.9713e-16
3269.9	2.1604e-16
3271.7	1.9421e-16
3273.4	1.7234e-16
3275.2	1.6708e-16
3276.9	1.6185e-16
3278.7	1.7134e-16
3280.4	1.8086e-16
3282.2	1.8285e-16
3283.9	1.8484e-16
3285.7	1.8424e-16
3287.4	1.8364e-16
3289.1	1.7398e-16
3290.9	1.6432e-16
3292.6	1.6573e-16
3294.4	1.6715e-16
3296.1	1.6179e-16
3297.9	1.5642e-16
3299.6	1.6273e-16
3301.4	1.6906e-16
3303.1	1.7355e-16
3304.9	1.7804e-16
3306.6	1.7419e-16
3308.4	1.7033e-16
3310.1	1.6901e-16
3311.8	1.677e-16
3313.6	1.7645e-16
3315.3	1.8522e-16
3317.1	1.7773e-16
3318.8	1.702e-16
3320.6	1.6986e-16
3322.3	1.6952e-16
3324.1	1.7285e-16
3325.8	1.7619e-16
3327.6	1.7106e-16
3329.3	1.6591e-16
3331	1.6983e-16
3332.8	1.7377e-16
3334.5	1.6624e-16
3336.3	1.5868e-16
3338	1.6123e-16
3339.8	1.6379e-16
3341.5	1.6205e-16
3343.3	1.603e-16
3345	1.5659e-16
3346.8	1.5288e-16
3348.5	1.5792e-16
3350.3	1.6297e-16
3352	1.6017e-16
3353.7	1.5736e-16
3355.5	1.5423e-16
3357.2	1.511e-16
3359	1.4891e-16
3360.7	1.4673e-16
3362.5	1.4684e-16
3364.2	1.4695e-16
3366	1.5243e-16
3367.7	1.5792e-16
3369.5	1.585e-16
3371.2	1.5907e-16
3372.9	1.5863e-16
3374.7	1.5819e-16
3376.4	1.5584e-16
3378.2	1.5348e-16
3379.9	1.4967e-16
3381.7	1.4586e-16
3383.4	1.4492e-16
3385.2	1.4399e-16
3386.9	1.5155e-16
3388.7	1.5914e-16
3390.4	1.5692e-16
3392.2	1.5466e-16
3393.9	1.544e-16
3395.6	1.5415e-16
3397.4	1.5304e-16
3399.1	1.5193e-16
3400.9	1.5141e-16
3402.6	1.5089e-16
3404.4	1.4726e-16
3406.1	1.4361e-16
3407.9	1.4363e-16
3409.6	1.4366e-16
3411.4	1.4332e-16
3413.1	1.4297e-16
3414.9	1.4235e-16
3416.6	1.4172e-16
3418.3	1.4313e-16
3420.1	1.4455e-16
3421.8	1.4628e-16
3423.6	1.4802e-16
3425.3	1.4348e-16
3427.1	1.3893e-16
3428.8	1.4211e-16
3430.6	1.4532e-16
3432.3	1.4412e-16
3434.1	1.4291e-16
3435.8	1.4086e-16
3437.5	1.388e-16
3439.3	1.3749e-16
3441	1.3619e-16
3442.8	1.3683e-16
3444.5	1.3748e-16
3446.3	1.3831e-16
3448	1.3913e-16
3449.8	1.3763e-16
3451.5	1.3611e-16
3453.3	1.39e-16
3455	1.4192e-16
3456.8	1.3851e-16
3458.5	1.3508e-16
3460.2	1.3633e-16
3462	1.3759e-16
3463.7	1.3541e-16
3465.5	1.3323e-16
3467.2	1.3206e-16
3469	1.309e-16
3470.7	1.3228e-16
3472.5	1.3366e-16
3474.2	1.3152e-16
3476	1.2936e-16
3477.7	1.2531e-16
3479.4	1.2124e-16
3481.2	1.2262e-16
3482.9	1.2402e-16
3484.7	1.247e-16
3486.4	1.2538e-16
3488.2	1.2509e-16
3489.9	1.2479e-16
3491.7	1.2544e-16
3493.4	1.261e-16
3495.2	1.279e-16
3496.9	1.297e-16
3498.7	1.2563e-16
3500.4	1.2153e-16
3502.1	1.1735e-16
3503.9	1.1316e-16
3505.6	1.1344e-16
3507.4	1.1374e-16
3509.1	1.1723e-16
3510.9	1.2074e-16
3512.6	1.2058e-16
3514.4	1.204e-16
3516.1	1.2093e-16
3517.9	1.2145e-16
3519.6	1.201e-16
3521.4	1.1873e-16
3523.1	1.1869e-16
3524.8	1.1865e-16
3526.6	1.16e-16
3528.3	1.1334e-16
3530.1	1.1534e-16
3531.8	1.1737e-16
3533.6	1.1757e-16
3535.3	1.1776e-16
3537.1	1.1789e-16
3538.8	1.1801e-16
3540.6	1.196e-16
3542.3	1.2119e-16
3544	1.1654e-16
3545.8	1.1186e-16
3547.5	1.1538e-16
3549.3	1.1895e-16
3551	1.1717e-16
3552.8	1.1537e-16
3554.5	1.1862e-16
3556.3	1.2191e-16
3558	1.1856e-16
3559.8	1.1517e-16
3561.5	1.1532e-16
3563.3	1.1548e-16
3565	1.1799e-16
3566.7	1.2052e-16
3568.5	1.1818e-16
3570.2	1.1582e-16
3572	1.1275e-16
3573.7	1.0968e-16
3575.5	1.1119e-16
3577.2	1.1273e-16
3579	1.1071e-16
3580.7	1.0867e-16
3582.5	1.1266e-16
3584.2	1.1668e-16
3585.9	1.1383e-16
3587.7	1.1094e-16
3589.4	1.11e-16
3591.2	1.1108e-16
3592.9	1.135e-16
3594.7	1.1594e-16
3596.4	1.1395e-16
3598.2	1.1194e-16
3599.9	1.1322e-16
3601.7	1.1452e-16
3603.4	1.1389e-16
3605.2	1.1324e-16
3606.9	1.1417e-16
3608.6	1.1511e-16
3610.4	1.1593e-16
3612.1	1.1674e-16
3613.9	1.1889e-16
3615.6	1.2104e-16
3617.4	1.1983e-16
3619.1	1.186e-16
3620.9	1.1876e-16
3622.6	1.1892e-16
3624.4	1.1901e-16
3626.1	1.1909e-16
3627.9	1.2102e-16
3629.6	1.2295e-16
3631.3	1.2247e-16
3633.1	1.2197e-16
3634.8	1.1767e-16
3636.6	1.1334e-16
3638.3	1.1587e-16
3640.1	1.1845e-16
3641.8	1.1788e-16
3643.6	1.1729e-16
3645.3	1.1344e-16
3647.1	1.0956e-16
3648.8	1.1127e-16
3650.5	1.1301e-16
3652.3	1.1658e-16
3654	1.2017e-16
3655.8	1.1818e-16
3657.5	1.1615e-16
3659.3	1.1428e-16
3661	1.1241e-16
3662.8	1.1366e-16
3664.5	1.1493e-16
3666.3	1.1371e-16
3668	1.1247e-16
3669.8	1.1386e-16
3671.5	1.1527e-16
3673.2	1.15e-16
3675	1.1472e-16
3676.7	1.1143e-16
3678.5	1.0811e-16
3680.2	1.0965e-16
3682	1.1123e-16
3683.7	1.113e-16
3685.5	1.1135e-16
3687.2	1.1179e-16
3689	1.1223e-16
3690.7	1.1237e-16
3692.4	1.125e-16
3694.2	1.1037e-16
3695.9	1.0823e-16
3697.7	1.0545e-16
3699.4	1.0266e-16
3701.2	1.0065e-16
3702.9	9.8653e-17
3704.7	1.0195e-16
3706.4	1.053e-16
3708.2	1.0687e-16
3709.9	1.0843e-16
3711.7	1.0749e-16
3713.4	1.0654e-16
3715.1	1.0735e-16
3716.9	1.0817e-16
3718.6	1.0761e-16
3720.4	1.0703e-16
3722.1	1.0736e-16
3723.9	1.0769e-16
3725.6	1.0932e-16
3727.4	1.1096e-16
3729.1	1.1078e-16
3730.9	1.1059e-16
3732.6	1.1069e-16
3734.4	1.1079e-16
3736.1	1.0873e-16
3737.8	1.0666e-16
3739.6	1.0893e-16
3741.3	1.1123e-16
3743.1	1.1271e-16
3744.8	1.1418e-16
3746.6	1.1349e-16
3748.3	1.1279e-16
3750.1	1.1248e-16
3751.8	1.1217e-16
3753.6	1.1111e-16
3755.3	1.1004e-16
3757	1.0928e-16
3758.8	1.0852e-16
3760.5	1.0898e-16
3762.3	1.0946e-16
3764	1.0953e-16
3765.8	1.0961e-16
3767.5	1.0953e-16
3769.3	1.0946e-16
3771	1.0845e-16
3772.8	1.0742e-16
3774.5	1.0801e-16
3776.3	1.086e-16
3778	1.0755e-16
3779.7	1.0648e-16
3781.5	1.0587e-16
3783.2	1.0526e-16
3785	1.0567e-16
3786.7	1.0608e-16
3788.5	1.067e-16
3790.2	1.0732e-16
3792	1.0507e-16
3793.7	1.0279e-16
3795.5	1.029e-16
3797.2	1.0303e-16
3798.9	1.0349e-16
3800.7	1.0395e-16
3802.4	1.0278e-16
3804.2	1.0159e-16
3805.9	9.8847e-17
3807.7	9.6089e-17
3809.4	9.9062e-17
3811.2	1.0209e-16
3812.9	1.0247e-16
3814.7	1.0283e-16
3816.4	1.0161e-16
3818.2	1.0036e-16
3819.9	9.987e-17
3821.6	9.9383e-17
3823.4	9.9527e-17
3825.1	9.9677e-17
3826.9	9.6133e-17
3828.6	9.2554e-17
3830.4	9.2947e-17
3832.1	9.3379e-17
3833.9	9.5339e-17
3835.6	9.7315e-17
3837.4	9.5872e-17
3839.1	9.4396e-17
3840.9	9.4255e-17
3842.6	9.4126e-17
3844.3	9.2754e-17
3846.1	9.1369e-17
3847.8	9.0351e-17
3849.6	8.9337e-17
3851.3	8.9417e-17
3853.1	8.9509e-17
3854.8	9.1361e-17
3856.6	9.323e-17
3858.3	9.38e-17
3860.1	9.4357e-17
3861.8	9.3328e-17
3863.5	9.2282e-17
3865.3	9.098e-17
3867	8.9675e-17
3868.8	9.0356e-17
3870.5	9.1056e-17
3872.3	9.4245e-17
3874	9.7458e-17
3875.8	9.7839e-17
3877.5	9.819e-17
3879.3	9.5073e-17
3881	9.1921e-17
3882.8	9.2348e-17
3884.5	9.2812e-17
3886.2	9.4882e-17
3888	9.6969e-17
3889.7	9.594e-17
3891.5	9.4878e-17
3893.2	9.4705e-17
3895	9.4542e-17
3896.7	9.3261e-17
3898.5	9.1968e-17
3900.2	9.0757e-17
3902	8.9547e-17
3903.7	9.0913e-17
3905.4	9.2306e-17
3907.2	9.1536e-17
3908.9	9.0744e-17
3910.7	9.1246e-17
3912.4	9.1763e-17
3914.2	9.1648e-17
3915.9	9.1526e-17
3917.7	9.1023e-17
3919.4	9.0517e-17
3921.2	9.3054e-17
3922.9	9.5624e-17
3924.7	9.5451e-17
3926.4	9.5247e-17
3928.1	9.4122e-17
3929.9	9.2987e-17
3931.6	9.3182e-17
3933.4	9.3392e-17
3935.1	9.3268e-17
3936.9	9.3141e-17
3938.6	9.2842e-17
3940.4	9.2541e-17
3942.1	9.3561e-17
3943.9	9.4596e-17
3945.6	9.4827e-17
3947.3	9.5048e-17
3949.1	9.5944e-17
3950.8	9.6849e-17
3952.6	9.7391e-17
3954.3	9.7929e-17
3956.1	9.8029e-17
3957.8	9.8123e-17
3959.6	9.814e-17
3961.3	9.8155e-17
3963.1	9.7539e-17
3964.8	9.6916e-17
3966.6	9.6564e-17
3968.3	9.6215e-17
3970	9.6227e-17
3971.8	9.6243e-17
3973.5	9.4815e-17
3975.3	9.337e-17
3977	9.511e-17
3978.8	9.6887e-17
3980.5	9.6343e-17
3982.3	9.5772e-17
3984	9.5363e-17
3985.8	9.4956e-17
3987.5	9.2712e-17
3989.3	9.0446e-17
3991	9.0109e-17
3992.7	8.9795e-17
3994.5	9.0546e-17
3996.2	9.131e-17
3998	9.0944e-17
3999.7	9.0564e-17
4001.5	9.0932e-17
4003.2	9.1309e-17
4005	8.9552e-17
4006.7	8.7768e-17
4008.5	8.8262e-17
4010.2	8.8784e-17
4011.9	8.9567e-17
4013.7	9.0353e-17
4015.4	8.9069e-17
4017.2	8.7761e-17
4018.9	8.7005e-17
4020.7	8.6257e-17
4022.4	8.5877e-17
4024.2	8.5502e-17
4025.9	8.1699e-17
4027.7	7.7853e-17
4029.4	7.8113e-17
4031.2	7.8426e-17
4032.9	8.224e-17
4034.6	8.6099e-17
4036.4	8.3254e-17
4038.1	8.0324e-17
4039.9	8.0886e-17
4041.6	8.1493e-17
4043.4	8.0787e-17
4045.1	8.0063e-17
4046.9	8.0188e-17
4048.6	8.0324e-17
4050.4	7.8601e-17
4052.1	7.6855e-17
4053.8	7.4974e-17
4055.6	7.3091e-17
4057.3	7.2867e-17
4059.1	7.2664e-17
4060.8	7.3902e-17
4062.6	7.516e-17
4064.3	7.451e-17
4066.1	7.3836e-17
4067.8	7.4322e-17
4069.6	7.4823e-17
4071.3	7.4341e-17
4073.1	7.3845e-17
4074.8	7.325e-17
4076.5	7.2655e-17
4078.3	7.3202e-17
4080	7.3765e-17
4081.8	7.4401e-17
4083.5	7.5038e-17
4085.3	7.4123e-17
4087	7.3188e-17
4088.8	7.1853e-17
4090.5	7.0512e-17
4092.3	7.1653e-17
4094	7.2828e-17
4095.8	7.1908e-17
4097.5	7.096e-17
4099.2	7.1026e-17
4101	7.1106e-17
4102.7	7.2593e-17
4104.5	7.4099e-17
4106.2	7.377e-17
4108	7.3416e-17
4109.7	7.235e-17
4111.5	7.1274e-17
4113.2	7.3207e-17
4115	7.5181e-17
4116.7	7.4347e-17
4118.4	7.3474e-17
4120.2	7.2865e-17
4121.9	7.226e-17
4123.7	7.2002e-17
4125.4	7.1748e-17
4127.2	7.2079e-17
4128.9	7.2418e-17
4130.7	7.1796e-17
4132.4	7.1161e-17
4134.2	7.1604e-17
4135.9	7.2062e-17
4137.7	7.2842e-17
4139.4	7.3627e-17
4141.1	7.4117e-17
4142.9	7.4603e-17
4144.6	7.5641e-17
4146.4	7.6686e-17
4148.1	7.616e-17
4149.9	7.5611e-17
4151.6	7.5435e-17
4153.4	7.5265e-17
4155.1	7.5607e-17
4156.9	7.5956e-17
4158.6	7.5216e-17
4160.3	7.4461e-17
4162.1	7.4079e-17
4163.8	7.3702e-17
4165.6	7.4928e-17
4167.3	7.6178e-17
4169.1	7.8799e-17
4170.8	8.1441e-17
4172.6	8.1081e-17
4174.3	8.0677e-17
4176.1	8.005e-17
4177.8	7.9418e-17
4179.6	7.9546e-17
4181.3	7.9685e-17
4183	8.0013e-17
4184.8	8.0343e-17
4186.5	7.9088e-17
4188.3	7.7809e-17
4190	7.7343e-17
4191.8	7.689e-17
4193.5	7.6822e-17
4195.3	7.6761e-17
4197	7.5279e-17
4198.8	7.3776e-17
4200.5	7.4615e-17
4202.3	7.5489e-17
4204	7.5693e-17
4205.7	7.5887e-17
4207.5	7.5927e-17
4209.2	7.5965e-17
4211	7.6488e-17
4212.7	7.7018e-17
4214.5	7.8097e-17
4216.2	7.9183e-17
4218	7.8804e-17
4219.7	7.8403e-17
4221.5	7.7989e-17
4223.2	7.7576e-17
4224.9	7.8055e-17
4226.7	7.8547e-17
4228.4	7.7838e-17
4230.2	7.711e-17
4231.9	7.6271e-17
4233.7	7.543e-17
4235.4	7.5177e-17
4237.2	7.4933e-17
4238.9	7.6654e-17
4240.7	7.8406e-17
4242.4	7.5974e-17
4244.2	7.3475e-17
4245.9	7.3204e-17
4247.6	7.2968e-17
4249.4	7.1712e-17
4251.1	7.0439e-17
4252.9	7.0625e-17
4254.6	7.0834e-17
4256.4	7.162e-17
4258.1	7.2416e-17
4259.9	7.3774e-17
4261.6	7.5141e-17
4263.4	7.523e-17
4265.1	7.5299e-17
4266.8	7.4914e-17
4268.6	7.4522e-17
4270.3	7.355e-17
4272.1	7.2568e-17
4273.8	7.2177e-17
4275.6	7.1794e-17
4277.3	7.0923e-17
4279.1	7.0044e-17
4280.8	7.0371e-17
4282.6	7.0718e-17
4284.3	7.0493e-17
4286.1	7.0259e-17
4287.8	6.982e-17
4289.5	6.9377e-17
4291.3	6.9811e-17
4293	7.026e-17
4294.8	7.0031e-17
4296.5	6.9792e-17
4298.3	6.9708e-17
4300	6.9626e-17
4301.8	7.0746e-17
4303.5	7.1886e-17
4305.3	7.1515e-17
4307	7.1118e-17
4308.8	7.0476e-17
4310.5	6.983e-17
4312.2	6.8961e-17
4314	6.8089e-17
4315.7	6.7881e-17
4317.5	6.7683e-17
4319.2	6.6535e-17
4321	6.5372e-17
4322.7	6.5638e-17
4324.5	6.5929e-17
4326.2	6.5909e-17
4328	6.5883e-17
4329.7	6.5486e-17
4331.4	6.5082e-17
4333.2	6.521e-17
4334.9	6.5348e-17
4336.7	6.5921e-17
4338.4	6.6501e-17
4340.2	6.6851e-17
4341.9	6.7196e-17
4343.7	6.6801e-17
4345.4	6.6392e-17
4347.2	6.4631e-17
4348.9	6.2847e-17
4350.7	6.0413e-17
4352.4	5.7968e-17
4354.1	6.03e-17
4355.9	6.2715e-17
4357.6	6.4304e-17
4359.4	6.5879e-17
4361.1	6.4435e-17
4362.9	6.2938e-17
4364.6	6.492e-17
4366.4	6.6965e-17
4368.1	6.815e-17
4369.9	6.9321e-17
4371.6	6.7252e-17
4373.3	6.5125e-17
4375.1	6.6288e-17
4376.8	6.751e-17
4378.6	6.7016e-17
4380.3	6.6492e-17
4382.1	6.5325e-17
4383.8	6.4145e-17
4385.6	6.4453e-17
4387.3	6.4787e-17
4389.1	6.5425e-17
4390.8	6.6067e-17
4392.6	6.6653e-17
4394.3	6.7237e-17
4396	6.6498e-17
4397.8	6.5734e-17
4399.5	6.6384e-17
4401.3	6.706e-17
4403	6.6992e-17
4404.8	6.691e-17
4406.5	6.7135e-17
4408.3	6.7366e-17
4410	6.8187e-17
4411.8	6.902e-17
4413.5	6.8474e-17
4415.3	6.7901e-17
4417	6.6722e-17
4418.7	6.5532e-17
4420.5	6.7208e-17
4422.2	6.8939e-17
4424	7.018e-17
4425.7	7.1411e-17
4427.5	7.0861e-17
4429.2	7.0277e-17
4431	6.9871e-17
4432.7	6.9468e-17
4434.5	7.0834e-17
4436.2	7.2232e-17
4437.9	7.3213e-17
4439.7	7.4186e-17
4441.4	7.2352e-17
4443.2	7.0465e-17
4444.9	7.1336e-17
4446.7	7.226e-17
4448.4	7.2855e-17
4450.2	7.3443e-17
4451.9	7.1418e-17
4453.7	6.9342e-17
4455.4	6.9556e-17
4457.2	6.9814e-17
4458.9	7.1481e-17
4460.6	7.3175e-17
4462.4	7.2534e-17
4464.1	7.1847e-17
4465.9	7.1424e-17
4467.6	7.1006e-17
4469.4	7.0921e-17
4471.1	7.0841e-17
4472.9	6.9659e-17
4474.6	6.8455e-17
4476.4	6.8329e-17
4478.1	6.8223e-17
4479.8	6.8604e-17
4481.6	6.8994e-17
4483.3	7.1573e-17
4485.1	7.4195e-17
4486.8	7.4995e-17
4488.6	7.5759e-17
4490.3	7.4309e-17
4492.1	7.2815e-17
4493.8	7.3254e-17
4495.6	7.373e-17
4497.3	7.3876e-17
4499.1	7.4016e-17
4500.8	7.4574e-17
4502.5	7.5141e-17
4504.3	7.5145e-17
4506	7.5138e-17
4507.8	7.4479e-17
4509.5	7.3807e-17
4511.3	7.4953e-17
4513	7.6135e-17
4514.8	7.6359e-17
4516.5	7.6562e-17
4518.3	7.6934e-17
4520	7.7309e-17
4521.8	7.7448e-17
4523.5	7.7582e-17
4525.2	7.6225e-17
4527	7.4838e-17
4528.7	7.436e-17
4530.5	7.3902e-17
4532.2	7.2827e-17
4534	7.1739e-17
4535.7	7.1439e-17
4537.5	7.1155e-17
4539.2	7.1854e-17
4541	7.2572e-17
4542.7	7.2875e-17
4544.4	7.3168e-17
4546.2	7.5127e-17
4547.9	7.7121e-17
4549.7	7.7545e-17
4551.4	7.7937e-17
4553.2	7.6056e-17
4554.9	7.4129e-17
4556.7	7.4419e-17
4558.4	7.4755e-17
4560.2	7.4228e-17
4561.9	7.3684e-17
4563.7	7.5393e-17
4565.4	7.7149e-17
4567.1	7.6212e-17
4568.9	7.5219e-17
4570.6	7.2861e-17
4572.4	7.0474e-17
4574.1	7.2605e-17
4575.9	7.4831e-17
4577.6	7.4301e-17
4579.4	7.3714e-17
4581.1	7.5391e-17
4582.9	7.7116e-17
4584.6	7.6461e-17
4586.3	7.5755e-17
4588.1	7.4202e-17
4589.8	7.2631e-17
4591.6	7.1882e-17
4593.3	7.1151e-17
4595.1	6.7364e-17
4596.8	6.3512e-17
4598.6	6.658e-17
4600.3	6.9797e-17
4602.1	7.2514e-17
4603.8	7.5219e-17
4605.6	7.6028e-17
4607.3	7.6795e-17
4609	7.6202e-17
4610.8	7.558e-17
4612.5	7.2505e-17
4614.3	6.9376e-17
4616	6.9784e-17
4617.8	7.027e-17
4619.5	7.1885e-17
4621.3	7.3525e-17
4623	7.4054e-17
4624.8	7.4559e-17
4626.5	7.4876e-17
4628.3	7.519e-17
4630	7.4978e-17
4631.7	7.4754e-17
4633.5	7.4842e-17
4635.2	7.4938e-17
4637	7.3216e-17
4638.7	7.1454e-17
4640.5	7.1119e-17
4642.2	7.0816e-17
4644	6.9835e-17
4645.7	6.8839e-17
4647.5	7.0111e-17
4649.2	7.1433e-17
4650.9	6.9905e-17
4652.7	6.8313e-17
4654.4	6.7789e-17
4656.2	6.7289e-17
4657.9	6.7127e-17
4659.7	6.6972e-17
4661.4	6.8124e-17
4663.2	6.9305e-17
4664.9	7.0934e-17
4666.7	7.2573e-17
4668.4	7.2457e-17
4670.2	7.2302e-17
4671.9	7.2061e-17
4673.6	7.1818e-17
4675.4	7.1145e-17
4677.1	7.0463e-17
4678.9	7.0979e-17
4680.6	7.1522e-17
4682.4	7.1829e-17
4684.1	7.213e-17
4685.9	7.1817e-17
4687.6	7.1489e-17
4689.4	7.1922e-17
4691.1	7.2371e-17
4692.8	7.1247e-17
4694.6	7.0086e-17
4696.3	6.9592e-17
4698.1	6.9113e-17
4699.8	6.8068e-17
4701.6	6.701e-17
4703.3	6.7835e-17
4705.1	6.8703e-17
4706.8	6.9159e-17
4708.6	6.9605e-17
4710.3	7.0218e-17
4712.1	7.0835e-17
4713.8	7.0117e-17
4715.5	6.9367e-17
4717.3	6.9696e-17
4719	7.0049e-17
4720.8	7.0083e-17
4722.5	7.011e-17
4724.3	7.068e-17
4726	7.1263e-17
4727.8	7.0563e-17
4729.5	6.9834e-17
4731.3	6.8612e-17
4733	6.7378e-17
4734.8	6.912e-17
4736.5	7.0932e-17
4738.2	7.1873e-17
4740	7.2794e-17
4741.7	7.1968e-17
4743.5	7.11e-17
4745.2	7.1176e-17
4747	7.1274e-17
4748.7	7.0798e-17
4750.5	7.0308e-17
4752.2	6.9766e-17
4754	6.9224e-17
4755.7	6.9169e-17
4757.4	6.9126e-17
4759.2	6.8615e-17
4760.9	6.8093e-17
4762.7	6.6722e-17
4764.4	6.5331e-17
4766.2	6.515e-17
4767.9	6.4997e-17
4769.7	6.6544e-17
4771.4	6.8131e-17
4773.2	6.7407e-17
4774.9	6.6627e-17
4776.7	6.5111e-17
4778.4	6.3577e-17
4780.1	6.4063e-17
4781.9	6.4599e-17
4783.6	6.6075e-17
4785.4	6.7574e-17
4787.1	6.5581e-17
4788.9	6.3503e-17
4790.6	6.2262e-17
4792.4	6.1042e-17
4794.1	6.0818e-17
4795.9	6.0619e-17
4797.6	6.1796e-17
4799.3	6.3006e-17
4801.1	6.3654e-17
4802.8	6.4287e-17
4804.6	6.563e-17
4806.3	6.699e-17
4808.1	6.4767e-17
4809.8	6.2455e-17
4811.6	6.2143e-17
4813.3	6.1881e-17
4815.1	6.1696e-17
4816.8	6.1512e-17
4818.6	6.1788e-17
4820.3	6.2075e-17
4822	6.1983e-17
4823.8	6.1882e-17
4825.5	6.1717e-17
4827.3	6.1549e-17
4829	6.1869e-17
4830.8	6.2201e-17
4832.5	6.1948e-17
4834.3	6.1681e-17
4836	6.0785e-17
4837.8	5.9873e-17
4839.5	5.9662e-17
4841.3	5.9469e-17
4843	5.9771e-17
4844.7	6.0086e-17
4846.5	6.0111e-17
4848.2	6.0128e-17
4850	6.168e-17
4851.7	6.3272e-17
4853.5	6.43e-17
4855.2	6.5314e-17
4857	6.4213e-17
4858.7	6.3059e-17
4860.5	6.2811e-17
4862.2	6.2585e-17
4863.9	6.1552e-17
4865.7	6.0497e-17
4867.4	6.1734e-17
4869.2	6.303e-17
4870.9	6.1125e-17
4872.7	5.9139e-17
4874.4	5.8997e-17
4876.2	5.8904e-17
4877.9	5.7721e-17
4879.7	5.651e-17
4881.4	5.6058e-17
4883.2	5.5625e-17
4884.9	5.7259e-17
4886.6	5.8946e-17
4888.4	5.8827e-17
4890.1	5.866e-17
4891.9	5.8132e-17
4893.6	5.7595e-17
4895.4	5.9524e-17
4897.1	6.1518e-17
4898.9	6.2168e-17
4900.6	6.2782e-17
4902.4	5.9851e-17
4904.1	5.6826e-17
4905.8	5.5664e-17
4907.6	5.4551e-17
4909.3	5.308e-17
4911.1	5.1601e-17
4912.8	5.3206e-17
4914.6	5.4893e-17
4916.3	5.4618e-17
4918.1	5.4291e-17
4919.8	5.6875e-17
4921.6	5.9537e-17
4923.3	5.9758e-17
4925.1	5.9915e-17
4926.8	5.8095e-17
4928.5	5.6222e-17
4930.3	5.6756e-17
4932	5.7355e-17
4933.8	5.7499e-17
4935.5	5.7631e-17
4937.3	5.7835e-17
4939	5.8039e-17
4940.8	5.8229e-17
4942.5	5.8418e-17
4944.3	5.9381e-17
4946	6.0364e-17
4947.8	5.9174e-17
4949.5	5.7925e-17
4951.2	5.8315e-17
4953	5.875e-17
4954.7	5.8272e-17
4956.5	5.7769e-17
4958.2	5.6735e-17
4960	5.5686e-17
4961.7	5.89e-17
4963.5	6.2229e-17
4965.2	6.2392e-17
4967	6.2469e-17
4968.7	6.0541e-17
4970.4	5.8557e-17
4972.2	5.8041e-17
4973.9	5.7566e-17
4975.7	5.7269e-17
4977.4	5.6977e-17
4979.2	5.8116e-17
4980.9	5.9294e-17
4982.7	6.003e-17
4984.4	6.0754e-17
4986.2	6.0011e-17
4987.9	5.9227e-17
4989.7	5.7915e-17
4991.4	5.6589e-17
4993.1	5.7685e-17
4994.9	5.8847e-17
4996.6	5.9216e-17
4998.4	5.9562e-17
5000.1	5.8244e-17
5001.9	5.6881e-17
5003.6	5.9868e-17
5005.4	6.2977e-17
5007.1	6.4904e-17
5008.9	6.6797e-17
5010.6	6.7016e-17
5012.3	6.7189e-17
5014.1	6.5937e-17
5015.8	6.4644e-17
5017.6	6.164e-17
5019.3	5.8588e-17
5021.1	5.7619e-17
5022.8	5.6709e-17
5024.6	5.6626e-17
5026.3	5.6567e-17
5028.1	5.7111e-17
5029.8	5.7673e-17
5031.6	5.8079e-17
5033.3	5.8481e-17
5035	5.8663e-17
5036.8	5.884e-17
5038.5	5.7016e-17
5040.3	5.5135e-17
5042	5.4865e-17
5043.8	5.4642e-17
5045.5	5.2997e-17
5047.3	5.1311e-17
5049	5.3093e-17
5050.8	5.4975e-17
5052.5	5.5971e-17
5054.3	5.6941e-17
5056	5.4949e-17
5057.7	5.2873e-17
5059.5	5.3268e-17
5061.2	5.3733e-17
5063	5.3833e-17
5064.7	5.3923e-17
5066.5	5.42e-17
5068.2	5.4483e-17
5070	5.4459e-17
5071.7	5.4426e-17
5073.5	5.445e-17
5075.2	5.4476e-17
5076.9	5.4042e-17
5078.7	5.3596e-17
5080.4	5.4624e-17
5082.2	5.5695e-17
5083.9	5.598e-17
5085.7	5.6241e-17
5087.4	5.477e-17
5089.2	5.3248e-17
5090.9	5.2513e-17
5092.7	5.1801e-17
5094.4	5.1569e-17
5096.2	5.1351e-17
5097.9	5.1589e-17
5099.6	5.1841e-17
5101.4	5.1372e-17
5103.1	5.0881e-17
5104.9	5.1303e-17
5106.6	5.1751e-17
5108.4	5.2967e-17
5110.1	5.4206e-17
5111.9	5.4496e-17
5113.6	5.4759e-17
5115.4	5.4819e-17
5117.1	5.4873e-17
5118.8	5.3158e-17
5120.6	5.139e-17
5122.3	5.1287e-17
5124.1	5.1233e-17
5125.8	5.0778e-17
5127.6	5.0311e-17
5129.3	5.0847e-17
5131.1	5.1412e-17
5132.8	5.2569e-17
5134.6	5.3743e-17
5136.3	5.4565e-17
5138.1	5.5377e-17
5139.8	5.5889e-17
5141.5	5.6392e-17
5143.3	5.6027e-17
5145	5.5636e-17
5146.8	5.4637e-17
5148.5	5.3619e-17
5150.3	5.3599e-17
5152	5.3608e-17
5153.8	5.288e-17
5155.5	5.213e-17
5157.3	5.1576e-17
5159	5.1027e-17
5160.8	5.2309e-17
5162.5	5.3646e-17
5164.2	5.466e-17
5166	5.5663e-17
5167.7	5.5064e-17
5169.5	5.4415e-17
5171.2	5.2339e-17
5173	5.022e-17
5174.7	5.016e-17
5176.5	5.0163e-17
5178.2	5.0646e-17
5180	5.1143e-17
5181.7	5.1787e-17
5183.4	5.2436e-17
5185.2	5.2472e-17
5186.9	5.2489e-17
5188.7	5.1297e-17
5190.4	5.0067e-17
5192.2	5.0589e-17
5193.9	5.1165e-17
5195.7	5.1556e-17
5197.4	5.1941e-17
5199.2	5.1182e-17
5200.9	5.0388e-17
5202.7	4.9838e-17
5204.4	4.9296e-17
5206.1	5.0321e-17
5207.9	5.1394e-17
5209.6	4.9643e-17
5211.4	4.7804e-17
5213.1	4.9026e-17
5214.9	5.0344e-17
5216.6	4.9691e-17
5218.4	4.8977e-17
5220.1	4.9581e-17
5221.9	5.0227e-17
5223.6	5.0174e-17
5225.3	5.0098e-17
5227.1	4.8708e-17
5228.8	4.7276e-17
5230.6	4.7302e-17
5232.3	4.7374e-17
5234.1	4.8656e-17
5235.8	4.9976e-17
5237.6	4.9968e-17
5239.3	4.9919e-17
5241.1	4.8603e-17
5242.8	4.7246e-17
5244.6	4.7718e-17
5246.3	4.8248e-17
5248	4.8218e-17
5249.8	4.817e-17
5251.5	4.7438e-17
5253.3	4.6685e-17
5255	4.5721e-17
5256.8	4.4751e-17
5258.5	4.471e-17
5260.3	4.4699e-17
5262	4.5729e-17
5263.8	4.6791e-17
5265.5	4.7125e-17
5267.3	4.7436e-17
5269	4.7232e-17
5270.7	4.7011e-17
5272.5	4.6731e-17
5274.2	4.6448e-17
5276	4.6505e-17
5277.7	4.6573e-17
5279.5	4.5927e-17
5281.2	4.5258e-17
5283	4.4535e-17
5284.7	4.381e-17
5286.5	4.4032e-17
5288.2	4.4284e-17
5289.9	4.4255e-17
5291.7	4.4216e-17
5293.4	4.4722e-17
5295.2	4.5246e-17
5296.9	4.5282e-17
5298.7	4.5304e-17
5300.4	4.4831e-17
5302.2	4.4342e-17
5303.9	4.5377e-17
5305.7	4.6463e-17
5307.4	4.6489e-17
5309.2	4.648e-17
5310.9	4.603e-17
5312.6	4.5566e-17
5314.4	4.5285e-17
5316.1	4.501e-17
5317.9	4.3929e-17
5319.6	4.2822e-17
5321.4	4.3328e-17
5323.1	4.3887e-17
5324.9	4.5397e-17
5326.6	4.6939e-17
5328.4	4.5107e-17
5330.1	4.3164e-17
5331.8	4.2544e-17
5333.6	4.1969e-17
5335.3	4.2501e-17
5337.1	4.3071e-17
5338.8	4.3442e-17
5340.6	4.3806e-17
5342.3	4.3591e-17
5344.1	4.3356e-17
5345.8	4.3458e-17
5347.6	4.3571e-17
5349.3	4.362e-17
5351.1	4.3666e-17
5352.8	4.4507e-17
5354.5	4.5375e-17
5356.3	4.4138e-17
5358	4.283e-17
5359.8	4.2153e-17
5361.5	4.1497e-17
5363.3	4.1545e-17
5365	4.1617e-17
5366.8	4.1779e-17
5368.5	4.1944e-17
5370.3	4.3229e-17
5372	4.4552e-17
5373.8	4.4794e-17
5375.5	4.4999e-17
5377.2	4.375e-17
5379	4.2452e-17
5380.7	4.2175e-17
5382.5	4.1932e-17
5384.2	4.325e-17
5386	4.4622e-17
5387.7	4.4839e-17
5389.5	4.5018e-17
5391.2	4.3512e-17
5393	4.195e-17
5394.7	4.1401e-17
5396.4	4.0886e-17
5398.2	4.1343e-17
5399.9	4.1833e-17
5401.7	4.128e-17
5403.4	4.0691e-17
5405.2	4.1529e-17
5406.9	4.2416e-17
5408.7	4.1977e-17
5410.4	4.1492e-17
5412.2	4.4155e-17
5413.9	4.6925e-17
5415.7	4.491e-17
5417.4	4.273e-17
5419.1	4.304e-17
5420.9	4.3437e-17
5422.6	4.1929e-17
5424.4	4.0355e-17
5426.1	4.0315e-17
5427.9	4.0329e-17
5429.6	4.0939e-17
5431.4	4.1569e-17
5433.1	4.1321e-17
5434.9	4.1042e-17
5436.6	4.0984e-17
5438.3	4.0933e-17
5440.1	4.1438e-17
5441.8	4.1961e-17
5443.6	4.2539e-17
5445.3	4.3119e-17
5447.1	4.3436e-17
5448.8	4.3744e-17
5450.6	4.3496e-17
5452.3	4.3229e-17
5454.1	4.2549e-17
5455.8	4.1855e-17
5457.6	4.078e-17
5459.3	3.9691e-17
5461	3.9523e-17
5462.8	3.9387e-17
5464.5	3.9219e-17
5466.3	3.905e-17
5468	3.9809e-17
5469.8	4.0601e-17
5471.5	4.0958e-17
5473.3	4.1301e-17
5475	4.047e-17
5476.8	3.9598e-17
5478.5	3.9447e-17
5480.3	3.9322e-17
5482	3.937e-17
5483.7	3.9424e-17
5485.5	4.0603e-17
5487.2	4.1822e-17
5489	4.1918e-17
5490.7	4.1974e-17
5492.5	4.0414e-17
5494.2	3.8795e-17
5496	3.9472e-17
5497.7	4.0231e-17
5499.5	4.0567e-17
5501.2	4.0887e-17
5502.9	4.0897e-17
5504.7	4.0894e-17
5506.4	4.0986e-17
5508.2	4.1082e-17
5509.9	4.0788e-17
5511.7	4.0481e-17
5513.4	4.0006e-17
5515.2	3.9526e-17
5516.9	4.024e-17
5518.7	4.0998e-17
5520.4	4.0783e-17
5522.2	4.0534e-17
5523.9	4.0298e-17
5525.6	4.0063e-17
5527.4	4.1096e-17
5529.1	4.2174e-17
5530.9	4.1138e-17
5532.6	4.0025e-17
5534.4	3.9259e-17
5536.1	3.8505e-17
5537.9	3.8104e-17
5539.6	3.7716e-17
5541.4	3.7953e-17
5543.1	3.8214e-17
5544.8	3.9013e-17
5546.6	3.9832e-17
5548.3	4.0544e-17
5550.1	4.1253e-17
5551.8	4.0752e-17
5553.6	4.0206e-17
5555.3	3.9548e-17
5557.1	3.8886e-17
5558.8	3.9081e-17
5560.6	3.9308e-17
5562.3	3.9445e-17
5564.1	3.9579e-17
5565.8	3.9696e-17
5567.5	3.9813e-17
5569.3	4.0253e-17
5571	4.0705e-17
5572.8	4.0149e-17
5574.5	3.9556e-17
5576.3	3.9095e-17
5578	3.864e-17
5579.8	3.7338e-17
5581.5	3.6005e-17
5583.3	3.6783e-17
5585	3.764e-17
5586.8	3.8786e-17
5588.5	3.9943e-17
5590.2	4.1815e-17
5592	4.3715e-17
5593.7	4.3738e-17
5595.5	4.3692e-17
5597.2	4.2268e-17
5599	4.0793e-17
5600.7	3.9897e-17
5602.5	3.9023e-17
5604.2	3.8771e-17
5606	3.8543e-17
5607.7	3.959e-17
5609.4	4.0684e-17
5611.2	4.057e-17
5612.9	4.0412e-17
5614.7	3.9562e-17
5616.4	3.8686e-17
5618.2	3.8341e-17
5619.9	3.8016e-17
5621.7	3.7892e-17
5623.4	3.7776e-17
5625.2	3.6762e-17
5626.9	3.5714e-17
5628.7	3.6862e-17
5630.4	3.8093e-17
5632.1	3.972e-17
5633.9	4.1362e-17
5635.6	4.2227e-17
5637.4	4.3062e-17
5639.1	4.2219e-17
5640.9	4.1312e-17
5642.6	3.7766e-17
5644.4	3.4119e-17
5646.1	3.355e-17
5647.9	3.3098e-17
5649.6	3.5872e-17
5651.3	3.8769e-17
5653.1	3.9448e-17
5654.8	4.0042e-17
5656.6	3.7541e-17
5658.3	3.4921e-17
5660.1	3.6022e-17
5661.8	3.7265e-17
5663.6	3.8228e-17
5665.3	3.9179e-17
5667.1	3.9874e-17
5668.8	4.0559e-17
5670.6	3.8142e-17
5672.3	3.5605e-17
5674	3.6265e-17
5675.8	3.7048e-17
5677.5	3.6949e-17
5679.3	3.6816e-17
5681	3.6549e-17
5682.8	3.6278e-17
5684.5	3.6067e-17
5686.3	3.5859e-17
5688	3.6e-17
5689.8	3.6155e-17
5691.5	3.7054e-17
5693.3	3.7982e-17
5695	3.8276e-17
5696.7	3.8545e-17
5698.5	3.7659e-17
5700.2	3.6727e-17
5702	3.5925e-17
5703.7	3.5128e-17
5705.5	3.5265e-17
5707.2	3.5439e-17
5709	3.6546e-17
5710.7	3.769e-17
5712.5	3.7362e-17
5714.2	3.6976e-17
5715.9	3.6835e-17
5717.7	3.6703e-17
5719.4	3.5284e-17
5721.2	3.3815e-17
5722.9	3.2415e-17
5724.7	3.1017e-17
5726.4	3.2571e-17
5728.2	3.4241e-17
5729.9	3.4039e-17
5731.7	3.3762e-17
5733.4	3.3543e-17
5735.2	3.3327e-17
5736.9	3.414e-17
5738.6	3.4994e-17
5740.4	3.5233e-17
5742.1	3.5449e-17
5743.9	3.5824e-17
5745.6	3.6206e-17
5747.4	3.5408e-17
5749.1	3.4563e-17
5750.9	3.4883e-17
5752.6	3.5249e-17
5754.4	3.5991e-17
5756.1	3.6747e-17
5757.8	3.9296e-17
5759.6	4.1917e-17
5761.3	3.9272e-17
5763.1	3.6416e-17
5764.8	3.3038e-17
5766.6	2.964e-17
5768.3	2.9709e-17
5770.1	2.9918e-17
5771.8	3.142e-17
5773.6	3.2973e-17
5775.3	3.3048e-17
5777.1	3.3062e-17
5778.8	3.2236e-17
5780.5	3.1376e-17
5782.3	3.2687e-17
5784	3.4086e-17
5785.8	3.3465e-17
5787.5	3.2763e-17
5789.3	3.2633e-17
5791	3.2525e-17
5792.8	3.3456e-17
5794.5	3.4429e-17
5796.3	3.37e-17
5798	3.2902e-17
5799.7	3.3523e-17
5801.5	3.4202e-17
5803.2	3.3103e-17
5805	3.1931e-17
5806.7	3.2278e-17
5808.5	3.2686e-17
5810.2	3.3501e-17
5812	3.4333e-17
5813.7	3.4368e-17
5815.5	3.4371e-17
5817.2	3.2842e-17
5819	3.1251e-17
5820.7	3.1973e-17
5822.4	3.2789e-17
5824.2	3.3717e-17
5825.9	3.4649e-17
5827.7	3.3803e-17
5829.4	3.2884e-17
5831.2	3.2781e-17
5832.9	3.2711e-17
5834.7	3.3847e-17
5836.4	3.5032e-17
5838.2	3.4753e-17
5839.9	3.4414e-17
5841.7	3.322e-17
5843.4	3.1992e-17
5845.1	3.1322e-17
5846.9	3.0676e-17
5848.6	3.1651e-17
5850.4	3.2694e-17
5852.1	3.3048e-17
5853.9	3.3374e-17
5855.6	3.2107e-17
5857.4	3.0773e-17
5859.1	3.1676e-17
5860.9	3.2672e-17
5862.6	3.1233e-17
5864.3	2.9692e-17
5866.1	2.813e-17
5867.8	2.6566e-17
5869.6	2.8632e-17
5871.3	3.085e-17
5873.1	3.0855e-17
5874.8	3.0768e-17
5876.6	3.0296e-17
5878.3	2.9807e-17
5880.1	3.0664e-17
5881.8	3.1578e-17
5883.6	3.182e-17
5885.3	3.2034e-17
5887	3.2602e-17
5888.8	3.3184e-17
5890.5	3.3155e-17
5892.3	3.3101e-17
5894	3.1951e-17
5895.8	3.0755e-17
5897.5	3.086e-17
5899.3	3.102e-17
5901	2.8434e-17
5902.8	2.5732e-17
5904.5	2.617e-17
5906.2	2.6742e-17
5908	2.8463e-17
5909.7	3.0233e-17
5911.5	2.9541e-17
5913.2	2.8744e-17
5915	2.8529e-17
5916.7	2.8339e-17
5918.5	2.9864e-17
5920.2	3.1462e-17
5922	2.9478e-17
5923.7	2.734e-17
5925.5	2.6326e-17
5927.2	2.5359e-17
5928.9	2.7546e-17
5930.7	2.9867e-17
5932.4	2.9805e-17
5934.2	2.9641e-17
5935.9	3.1468e-17
5937.7	3.3379e-17
5939.4	3.2795e-17
5941.2	3.2104e-17
5942.9	3.0156e-17
5944.7	2.8154e-17
5946.4	2.9419e-17
5948.2	3.0825e-17
5949.9	2.9687e-17
5951.6	2.844e-17
5953.4	2.9471e-17
5955.1	3.0599e-17
5956.9	3.117e-17
5958.6	3.1716e-17
5960.4	3.1262e-17
5962.1	3.0766e-17
5963.9	3.0034e-17
5965.6	2.9291e-17
5967.4	2.9482e-17
5969.1	2.9712e-17
5970.8	2.9742e-17
5972.6	2.9764e-17
5974.3	2.8329e-17
5976.1	2.6831e-17
5977.8	2.6981e-17
5979.6	2.7202e-17
5981.3	2.7715e-17
5983.1	2.8241e-17
5984.8	2.9376e-17
5986.6	3.0539e-17
5988.3	3.0838e-17
5990.1	3.1099e-17
5991.8	3.0003e-17
5993.5	2.8847e-17
5995.3	2.9685e-17
5997	3.0611e-17
5998.8	3.028e-17
6000.5	2.9894e-17
6002.3	2.7079e-17
6004	2.4158e-17
6005.8	2.136e-17
6007.5	1.8567e-17
6009.3	1.8948e-17
6011	1.9468e-17
6012.7	2.2384e-17
6014.5	2.5405e-17
6016.2	2.5895e-17
6018	2.6273e-17
6019.7	2.6814e-17
6021.5	2.7362e-17
6023.2	2.714e-17
6025	2.6884e-17
6026.7	2.5551e-17
6028.5	2.4171e-17
6030.2	2.3536e-17
6032	2.2934e-17
6033.7	2.2484e-17
6035.4	2.2042e-17
6037.2	2.174e-17
6038.9	2.1444e-17
6040.7	2.1453e-17
6042.4	2.1476e-17
6044.2	2.2584e-17
6045.9	2.3741e-17
6047.7	2.4522e-17
6049.4	2.5286e-17
6051.2	2.4241e-17
6052.9	2.3114e-17
6054.7	2.4362e-17
6056.4	2.5715e-17
6058.1	2.6603e-17
6059.9	2.747e-17
6061.6	2.7712e-17
6063.4	2.7926e-17
6065.1	2.909e-17
6066.9	3.0296e-17
6068.6	3.0299e-17
6070.4	3.0247e-17
6072.1	2.7547e-17
6073.9	2.4729e-17
6075.6	2.332e-17
6077.3	2.1975e-17
6079.1	2.3149e-17
6080.8	2.4436e-17
6082.6	2.5347e-17
6084.3	2.6241e-17
6086.1	2.6577e-17
6087.8	2.6887e-17
6089.6	2.6275e-17
6091.3	2.5621e-17
6093.1	2.427e-17
6094.8	2.2887e-17
6096.6	2.1097e-17
6098.3	1.9288e-17
6100	2.2632e-17
6101.8	2.621e-17
6103.5	2.707e-17
6105.3	2.7807e-17
6107	2.5084e-17
6108.8	2.2204e-17
6110.5	2.0725e-17
6112.3	1.9311e-17
6114	1.9067e-17
6115.8	1.8877e-17
6117.5	2.0627e-17
6119.2	2.2465e-17
6121	2.3622e-17
6122.7	2.4749e-17
6124.5	2.5135e-17
6126.2	2.5488e-17
6128	2.5785e-17
6129.7	2.6079e-17
6131.5	2.42e-17
6133.2	2.2222e-17
6135	2.2141e-17
6136.7	2.2147e-17
6138.5	2.2098e-17
6140.2	2.2046e-17
6141.9	2.3554e-17
6143.7	2.5135e-17
6145.4	2.5728e-17
6147.2	2.6276e-17
6148.9	2.5572e-17
6150.7	2.4811e-17
6152.4	2.3149e-17
6154.2	2.1445e-17
6155.9	2.1478e-17
6157.7	2.1591e-17
6159.4	2.1756e-17
6161.2	2.1923e-17
6162.9	2.0984e-17
6164.6	1.9994e-17
6166.4	2.0391e-17
6168.1	2.0852e-17
6169.9	2.4093e-17
6171.6	2.7465e-17
6173.4	2.609e-17
6175.1	2.4493e-17
6176.9	2.2177e-17
6178.6	1.9827e-17
6180.4	2.1081e-17
6182.1	2.2503e-17
6183.8	2.2126e-17
6185.6	2.1664e-17
6187.3	2.1305e-17
6189.1	2.0951e-17
6190.8	2.1771e-17
6192.6	2.2645e-17
6194.3	2.2846e-17
6196.1	2.3014e-17
6197.8	2.4058e-17
6199.6	2.5143e-17
6201.3	2.5517e-17
6203.1	2.5858e-17
6204.8	2.5236e-17
6206.5	2.4569e-17
6208.3	2.5342e-17
6210	2.6184e-17
6211.8	2.4256e-17
6213.5	2.2198e-17
6215.3	2.2072e-17
6217	2.2037e-17
6218.8	2.3171e-17
6220.5	2.4361e-17
6222.3	2.5245e-17
6224	2.6115e-17
6225.7	2.4943e-17
6227.5	2.3673e-17
6229.2	2.3487e-17
6231	2.3354e-17
6232.7	2.333e-17
6234.5	2.3311e-17
6236.2	2.2912e-17
6238	2.2494e-17
6239.7	2.1833e-17
6241.5	2.116e-17
6243.2	2.1756e-17
6245	2.2413e-17
6246.7	2.2254e-17
6248.4	2.2055e-17
6250.2	2.1752e-17
6251.9	2.1445e-17
6253.7	2.1173e-17
6255.4	2.0902e-17
6257.2	1.9668e-17
6258.9	1.8388e-17
6260.7	1.9492e-17
6262.4	2.071e-17
6264.2	2.1464e-17
6265.9	2.2196e-17
6267.7	2.3001e-17
6269.4	2.381e-17
6271.1	2.4156e-17
6272.9	2.448e-17
6274.6	2.448e-17
6276.4	2.4465e-17
6278.1	2.3423e-17
6279.9	2.2331e-17
6281.6	2.1798e-17
6283.4	2.1291e-17
6285.1	2.0788e-17
6286.9	2.0285e-17
6288.6	2.0617e-17
6290.3	2.0989e-17
6292.1	2.2384e-17
6293.8	2.3828e-17
6295.6	2.424e-17
6297.3	2.4602e-17
6299.1	2.4867e-17
6300.8	2.5127e-17
6302.6	2.5944e-17
6304.3	2.6789e-17
6306.1	2.5998e-17
6307.8	2.5127e-17
6309.6	2.3279e-17
6311.3	2.1382e-17
6313	1.987e-17
6314.8	1.8377e-17
6316.5	1.9154e-17
6318.3	2.0042e-17
6320	2.1668e-17
6321.8	2.333e-17
6323.5	2.2256e-17
6325.3	2.1048e-17
6327	2.1876e-17
6328.8	2.2804e-17
6330.5	2.1731e-17
6332.2	2.056e-17
6334	2.1457e-17
6335.7	2.2457e-17
6337.5	2.1737e-17
6339.2	2.0931e-17
6341	2.0604e-17
6342.7	2.0301e-17
6344.5	2.1334e-17
6346.2	2.2433e-17
6348	2.1667e-17
6349.7	2.081e-17
6351.5	2.045e-17
6353.2	2.0114e-17
6354.9	2.0628e-17
6356.7	2.1184e-17
6358.4	2.1653e-17
6360.2	2.2118e-17
6361.9	2.1656e-17
6363.7	2.1147e-17
6365.4	2.0716e-17
6367.2	2.0289e-17
6368.9	2.1319e-17
6370.7	2.2421e-17
6372.4	2.217e-17
6374.2	2.1853e-17
6375.9	2.1476e-17
6377.6	2.1096e-17
6379.4	2.1923e-17
6381.1	2.281e-17
6382.9	2.2144e-17
6384.6	2.1399e-17
6386.4	2.053e-17
6388.1	1.9655e-17
6389.9	1.9642e-17
6391.6	1.9672e-17
6393.4	2.092e-17
6395.1	2.2229e-17
6396.8	2.2121e-17
6398.6	2.1942e-17
6400.3	2.1522e-17
6402.1	2.1089e-17
6403.8	2.1278e-17
6405.6	2.1498e-17
6407.3	2.1469e-17
6409.1	2.1427e-17
6410.8	2.0767e-17
6412.6	2.0074e-17
6414.3	2.0335e-17
6416.1	2.0643e-17
6417.8	2.1907e-17
6419.5	2.322e-17
6421.3	2.3796e-17
6423	2.4334e-17
6424.8	2.4094e-17
6426.5	2.3814e-17
6428.3	2.2749e-17
6430	2.1645e-17
6431.8	2.1344e-17
6433.5	2.1084e-17
6435.3	2.1332e-17
6437	2.1606e-17
6438.7	2.062e-17
6440.5	1.957e-17
6442.2	2.0564e-17
6444	2.1662e-17
6445.7	2.2889e-17
6447.5	2.4122e-17
6449.2	2.4705e-17
6451	2.5254e-17
6452.7	2.701e-17
6454.5	2.8828e-17
6456.2	2.8631e-17
6458	2.8331e-17
6459.7	2.5157e-17
6461.4	2.1835e-17
6463.2	2.0949e-17
6464.9	2.0188e-17
6466.7	2.028e-17
6468.4	2.0416e-17
6470.2	2.0107e-17
6471.9	1.9775e-17
6473.7	2.0701e-17
6475.4	2.1692e-17
6477.2	2.1876e-17
6478.9	2.2018e-17
6480.7	2.2297e-17
6482.4	2.2584e-17
6484.1	2.2106e-17
6485.9	2.1588e-17
6487.6	2.1168e-17
6489.4	2.0752e-17
6491.1	2.2218e-17
6492.9	2.3782e-17
6494.6	1.8835e-17
6496.4	1.355e-17
6498.1	8.2373e-18
6499.9	2.9234e-18
6501.6	7.6624e-18
6503.3	1.2925e-17
6505.1	1.6547e-17
6506.8	2.0084e-17
6508.6	2.1126e-17
6510.3	2.2038e-17
6512.1	2.3577e-17
6513.8	2.5148e-17
6515.6	2.3824e-17
6517.3	2.2349e-17
6519.1	2.1748e-17
6520.8	2.1192e-17
6522.6	2.0396e-17
6524.3	1.9587e-17
6526	1.856e-17
6527.8	1.7521e-17
6529.5	1.8192e-17
6531.3	1.8954e-17
6533	2.0815e-17
6534.8	2.2734e-17
6536.5	2.5134e-17
6538.3	2.756e-17
6540	2.6859e-17
6541.8	2.5993e-17
6543.5	2.2785e-17
6545.2	1.9453e-17
6547	2.0994e-17
6548.7	2.2793e-17
6550.5	2.2165e-17
6552.2	2.1408e-17
6554	1.9675e-17
6555.7	1.789e-17
6557.5	2.2187e-17
6559.2	2.6807e-17
6561	2.7564e-17
6562.7	2.8115e-17
6564.5	2.4529e-17
6566.2	2.0724e-17
6567.9	2.004e-17
6569.7	1.9523e-17
6571.4	1.9305e-17
6573.2	1.9104e-17
6574.9	1.9379e-17
6576.7	1.968e-17
6578.4	2.1504e-17
6580.2	2.341e-17
6581.9	2.2325e-17
6583.7	2.1081e-17
6585.4	2.047e-17
6587.2	1.9892e-17
6588.9	2.0266e-17
6590.6	2.069e-17
6592.4	1.9806e-17
6594.1	1.8852e-17
6595.9	1.8542e-17
6597.6	1.8268e-17
6599.4	1.8422e-17
6601.1	1.8598e-17
6602.9	1.873e-17
6604.6	1.886e-17
6606.4	2.027e-17
6608.1	2.1749e-17
6609.8	2.1622e-17
6611.6	2.1408e-17
6613.3	2.0636e-17
6615.1	1.9833e-17
6616.8	2.2326e-17
6618.6	2.4997e-17
6620.3	2.4621e-17
6622.1	2.408e-17
6623.8	2.0527e-17
6625.6	1.6812e-17
6627.3	1.6993e-17
6629.1	1.7385e-17
6630.8	1.7636e-17
6632.5	1.7879e-17
6634.3	1.8577e-17
6636	1.93e-17
6637.8	2.0305e-17
6639.5	2.1327e-17
6641.3	2.0869e-17
6643	2.0331e-17
6644.8	2.0853e-17
6646.5	2.1432e-17
6648.3	2.119e-17
6650	2.0904e-17
6651.7	2.0237e-17
6653.5	1.955e-17
6655.2	2.0217e-17
6657	2.0957e-17
6658.7	2.1719e-17
6660.5	2.2483e-17
6662.2	2.0861e-17
6664	1.9108e-17
6665.7	1.8152e-17
6667.5	1.7239e-17
6669.2	1.7501e-17
6671	1.7828e-17
6672.7	1.8804e-17
6674.4	1.9816e-17
6676.2	2.0889e-17
6677.9	2.1965e-17
6679.7	2.267e-17
6681.4	2.3354e-17
6683.2	2.254e-17
6684.9	2.1643e-17
6686.7	2.1113e-17
6688.4	2.0603e-17
6690.2	1.9718e-17
6691.9	1.8811e-17
6693.7	1.8972e-17
6695.4	1.9193e-17
6697.1	1.8898e-17
6698.9	1.8575e-17
6700.6	1.9067e-17
6702.4	1.9605e-17
6704.1	2.023e-17
6705.9	2.0859e-17
6707.6	2.0711e-17
6709.4	2.0519e-17
6711.1	2.1057e-17
6712.9	2.1636e-17
6714.6	2.4024e-17
6716.3	2.6513e-17
6718.1	2.6485e-17
6719.8	2.6317e-17
6721.6	2.4599e-17
6723.3	2.2794e-17
6725.1	2.2119e-17
6726.8	2.1506e-17
6728.6	1.8121e-17
6730.3	1.4582e-17
6732.1	1.4136e-17
6733.8	1.3864e-17
6735.6	1.67e-17
6737.3	1.971e-17
6739	2.1168e-17
6740.8	2.2539e-17
6742.5	2.2952e-17
6744.3	2.3311e-17
6746	2.2307e-17
6747.8	2.1225e-17
6749.5	2.0337e-17
6751.3	1.946e-17
6753	1.9535e-17
6754.8	1.9663e-17
6756.5	1.8087e-17
6758.2	1.6416e-17
6760	1.6311e-17
6761.7	1.6295e-17
6763.5	1.7993e-17
6765.2	1.9788e-17
6767	1.9873e-17
6768.7	1.986e-17
6770.5	1.9276e-17
6772.2	1.866e-17
6774	2.0045e-17
6775.7	2.1544e-17
6777.5	2.2325e-17
6779.2	2.3066e-17
6780.9	2.2116e-17
6782.7	2.107e-17
6784.4	2.1272e-17
6786.2	2.1544e-17
6787.9	2.0531e-17
6789.7	1.9445e-17
6791.4	1.8266e-17
6793.2	1.7082e-17
6794.9	1.7582e-17
6796.7	1.8179e-17
6798.4	1.9821e-17
6800.2	2.1523e-17
6801.9	2.0392e-17
6803.6	1.91e-17
6805.4	1.93e-17
6807.1	1.9586e-17
6808.9	2.0266e-17
6810.6	2.0969e-17
6812.4	1.9686e-17
6814.1	1.8289e-17
6815.9	1.7394e-17
6817.6	1.6526e-17
6819.4	1.3307e-17
6821.1	9.9526e-18
6822.8	1.0386e-17
6824.6	1.1036e-17
6826.3	1.5652e-17
6828.1	2.0495e-17
6829.8	2.447e-17
6831.6	2.8395e-17
6833.3	2.5186e-17
6835.1	2.1566e-17
6836.8	1.8994e-17
6838.6	1.6483e-17
6840.3	1.7356e-17
6842.1	1.8425e-17
6843.8	1.6774e-17
6845.5	1.4965e-17
6847.3	1.6441e-17
6849	1.8108e-17
6850.8	1.8602e-17
6852.5	1.9027e-17
6854.3	1.8692e-17
6856	1.8313e-17
6857.8	1.9692e-17
6859.5	2.1173e-17
6861.3	2.1003e-17
6863	2.0738e-17
6864.7	2.4513e-17
6866.5	2.8524e-17
6868.2	3.31e-17
6870	3.7709e-17
6871.7	3.7549e-17
6873.5	3.7111e-17
6875.2	2.8337e-17
6877	1.9077e-17
6878.7	1.4265e-17
6880.5	9.712e-18
6882.2	9.8819e-18
6884	1.0328e-17
6885.7	1.1891e-17
6887.4	1.352e-17
6889.2	1.7421e-17
6890.9	2.1455e-17
6892.7	2.2162e-17
6894.4	2.2674e-17
6896.2	2.1032e-17
6897.9	1.9264e-17
6899.7	2.2729e-17
6901.4	2.6501e-17
6903.2	2.4969e-17
6904.9	2.3125e-17
6906.7	1.9624e-17
6908.4	1.6025e-17
6910.1	1.2928e-17
6911.9	9.8609e-18
6913.6	9.9007e-18
6915.4	1.0124e-17
6917.1	1.588e-17
6918.9	2.1963e-17
6920.6	2.3667e-17
6922.4	2.5112e-17
6924.1	2.3993e-17
6925.9	2.2723e-17
6927.6	1.8432e-17
6929.3	1.3963e-17
6931.1	1.1926e-17
6932.8	1.0034e-17
6934.6	1.1189e-17
6936.3	1.2524e-17
6938.1	1.0889e-17
6939.8	9.0769e-18
6941.6	8.4108e-18
6943.3	7.8128e-18
6945.1	1.1254e-17
6946.8	1.4936e-17
6948.6	1.9348e-17
6950.3	2.3804e-17
6952	2.0471e-17
6953.8	1.6673e-17
6955.5	1.4547e-17
6957.3	1.252e-17
6959	1.7194e-17
6960.8	2.2269e-17
6962.5	2.4439e-17
6964.3	2.6435e-17
6966	2.3666e-17
6967.8	2.0612e-17
6969.5	1.7138e-17
6971.2	1.3638e-17
6973	1.0243e-17
6974.7	6.8555e-18
6976.5	3.7409e-18
6978.2	6.4264e-19
6980	1.0856e-17
6981.7	2.1869e-17
6983.5	2.4151e-17
6985.2	2.5908e-17
6987	2.6068e-17
6988.7	2.6131e-17
6990.5	2.6486e-17
6992.2	2.6858e-17
6993.9	2.5999e-17
6995.7	2.5065e-17
6997.4	2.441e-17
6999.2	2.3772e-17
7000.9	1.9685e-17
7002.7	1.5389e-17
7004.4	1.2407e-17
7006.2	9.5049e-18
7007.9	1.1402e-17
7009.7	1.359e-17
7011.4	1.6322e-17
7013.2	1.9087e-17
7014.9	1.8562e-17
7016.6	1.7838e-17
7018.4	1.806e-17
7020.1	1.8339e-17
7021.9	1.9694e-17
7023.6	2.1114e-17
7025.4	1.7811e-17
7027.1	1.4221e-17
7028.9	1.4233e-17
7030.6	1.4464e-17
7032.4	1.5654e-17
7034.1	1.6903e-17
7035.8	1.5776e-17
7037.6	1.4505e-17
7039.3	1.3982e-17
7041.1	1.3505e-17
7042.8	1.3947e-17
7044.6	1.4445e-17
7046.3	1.9126e-17
7048.1	2.4063e-17
7049.8	2.2571e-17
7051.6	2.0684e-17
7053.3	1.6242e-17
7055.1	1.1644e-17
7056.8	1.1524e-17
7058.5	1.1678e-17
7060.3	1.3548e-17
7062	1.5524e-17
7063.8	1.6203e-17
7065.5	1.6803e-17
7067.3	1.7493e-17
7069	1.819e-17
7070.8	1.8931e-17
7072.5	1.9675e-17
7074.3	2.0329e-17
7076	2.0978e-17
7077.7	2.1734e-17
7079.5	2.2496e-17
7081.2	2.1705e-17
7083	2.0818e-17
7084.7	1.9286e-17
7086.5	1.7715e-17
7088.2	1.5468e-17
7090	1.318e-17
7091.7	1.3722e-17
7093.5	1.4439e-17
7095.2	1.6166e-17
7097	1.7956e-17
7098.7	1.9065e-17
7100.4	2.0132e-17
7102.2	1.9291e-17
7103.9	1.8332e-17
7105.7	1.7695e-17
7107.4	1.7079e-17
7109.2	1.8346e-17
7110.9	1.973e-17
7112.7	1.8269e-17
7114.4	1.6632e-17
7116.2	1.5205e-17
7117.9	1.379e-17
7119.7	1.4073e-17
7121.4	1.4461e-17
7123.1	1.5663e-17
7124.9	1.6915e-17
7126.6	1.7905e-17
7128.4	1.8878e-17
7130.1	1.9366e-17
7131.9	1.9823e-17
7133.6	2.1258e-17
7135.4	2.2754e-17
7137.1	2.2126e-17
7138.9	2.1365e-17
7140.6	2.0416e-17
7142.3	1.9455e-17
7144.1	1.8487e-17
7145.8	1.7519e-17
7147.6	1.7552e-17
7149.3	1.7648e-17
7151.1	1.725e-17
7152.8	1.6821e-17
7154.6	1.6417e-17
7156.3	1.6015e-17
7158.1	1.7164e-17
7159.8	1.8412e-17
7161.6	1.9413e-17
7163.3	2.0398e-17
7165	2.0878e-17
7166.8	2.1325e-17
7168.5	2.0743e-17
7170.3	2.0095e-17
7172	1.9682e-17
7173.8	1.9284e-17
7175.5	1.9255e-17
7177.3	1.9249e-17
