1000.  0.
1002.5  0.
1005.  0.
1007.5  0.
1010.  0.
1012.5  0.
1015.  0.
1017.5  0.
1020.  0.
1022.5  0.
1025.  0.
1027.5  0.
1030.  0.
1032.5  0.
1035.  0.
1037.5  0.
1040.  0.
1042.5  0.
1045.  0.
1047.5  0.
1050.  0.
1052.5  0.
1055.  0.
1057.5  0.
1060.  0.
1062.5  0.
1065.  0.
1067.5  0.
1070.  0.
1072.5  0.
1075.  0.
1077.5  0.
1080.  0.
1082.5  0.
1085.  0.
1087.5  0.
1090.  0.
1092.5  0.
1095.  0.
1097.5  0.
1100.  0.
1102.5  0.
1105.  0.
1107.5  0.
1110.  0.
1112.5  0.
1115.  0.
1117.5  0.
1120.  0.
1122.5  0.
1125.  0.
1127.5  0.
1130.  0.
1132.5  0.
1135.  0.
1137.5  0.
1140.  0.
1142.5  0.
1145.  0.
1147.5  6.298447E-17
1150.  3.207149E-15
1152.5  4.287850E-13
1155.  -2.799642E-13
1157.5  -4.431110E-14
1160.  -2.626313E-13
1162.5  6.682662E-14
1165.  1.422926E-13
1167.5  -3.420215E-15
1170.  1.707649E-14
1172.5  -3.030601E-14
1175.  -1.869933E-13
1177.5  3.953149E-14
1180.  6.678837E-14
1182.5  2.765608E-13
1185.  2.828718E-13
1187.5  1.911435E-13
1190.  1.777150E-13
1192.5  -1.244798E-14
1195.  -2.532992E-14
1197.5  -4.115335E-14
1200.  -2.834150E-14
1202.5  -2.451011E-14
1205.  -1.294190E-13
1207.5  -1.027586E-13
1210.  3.490388E-13
1212.5  1.233266E-12
1215.  1.164646E-12
1217.5  1.150607E-12
1220.  7.166720E-13
1222.5  1.079118E-13
1225.  1.904891E-15
1227.5  3.152395E-14
1230.  2.759635E-14
1232.5  5.857913E-14
1235.  5.444178E-14
1237.5  -2.712406E-14
1240.  2.771800E-15
1242.5  1.865864E-14
1245.  4.016971E-14
1247.5  7.211700E-14
1250.  3.854179E-14
1252.5  8.201380E-15
1255.  4.386026E-14
1257.5  1.642103E-14
1260.  -5.541911E-15
1262.5  8.128793E-14
1265.  3.156720E-15
1267.5  7.724725E-14
1270.  1.557149E-14
1272.5  3.454672E-14
1275.  6.873742E-14
1277.5  1.303087E-14
1280.  4.637988E-14
1282.5  1.194833E-13
1285.  6.026619E-14
1287.5  5.839297E-14
1290.  6.999206E-14
1292.5  5.022918E-14
1295.  4.983877E-14
1297.5  8.633652E-14
1300.  3.825682E-14
1302.5  -2.495105E-14
1305.  -1.231534E-14
1307.5  4.433700E-14
1310.  2.080105E-14
1312.5  1.438890E-14
1315.  6.258484E-14
1317.5  6.365856E-14
1320.  6.943946E-14
1322.5  -3.193562E-15
1325.  2.856130E-14
1327.5  4.465148E-14
1330.  4.057539E-14
1332.5  5.293936E-14
1335.  1.934959E-14
1337.5  5.649004E-14
1340.  5.247927E-14
1342.5  2.371091E-14
1345.  2.178140E-14
1347.5  1.412781E-14
1350.  1.698578E-16
1352.5  3.743748E-14
1355.  6.878494E-14
1357.5  2.514257E-14
1360.  6.365287E-14
1362.5  6.827698E-14
1365.  2.370385E-14
1367.5  7.629783E-14
1370.  6.130761E-14
1372.5  1.763839E-14
1375.  2.247169E-14
1377.5  2.676098E-14
1380.  2.532968E-14
1382.5  7.060932E-14
1385.  2.701315E-14
1387.5  5.208009E-14
1390.  4.993929E-14
1392.5  -4.414604E-15
1395.  9.789228E-15
1397.5  1.115144E-14
1400.  5.092954E-14
1402.5  5.198381E-14
1405.  3.763557E-14
1407.5  1.550290E-14
1410.  2.207824E-14
1412.5  9.908641E-15
1415.  9.186169E-15
1417.5  3.616639E-14
1420.  1.874864E-14
1422.5  1.515800E-14
1425.  2.686056E-14
1427.5  2.869989E-14
1430.  7.949112E-15
1432.5  4.372759E-14
1435.  -4.476518E-16
1437.5  -3.925099E-15
1440.  3.201163E-14
1442.5  6.891593E-15
1445.  1.601905E-14
1447.5  3.470183E-14
1450.  2.268127E-14
1452.5  2.500084E-14
1455.  8.919923E-15
1457.5  4.388812E-14
1460.  3.797506E-15
1462.5  4.642062E-15
1465.  4.028079E-14
1467.5  1.653469E-14
1470.  1.582027E-14
1472.5  -1.219473E-14
1475.  -2.240180E-15
1477.5  3.856077E-14
1480.  2.554582E-14
1482.5  4.376188E-14
1485.  8.417283E-14
1487.5  3.567872E-14
1490.  -1.172942E-14
1492.5  1.719750E-14
1495.  1.347431E-14
1497.5  3.442278E-14
1500.  4.504307E-14
1502.5  2.866616E-14
1505.  2.845386E-14
1507.5  1.767849E-14
1510.  2.192690E-14
1512.5  1.706619E-14
1515.  3.366665E-14
1517.5  5.165762E-14
1520.  2.391379E-14
1522.5  3.444892E-14
1525.  9.727670E-15
1527.5  -5.616598E-15
1530.  -1.295707E-14
1532.5  1.859020E-14
1535.  1.462953E-14
1537.5  2.129469E-14
1540.  3.790348E-14
1542.5  -1.146341E-15
1545.  2.924389E-14
1547.5  2.223523E-14
1550.  1.466304E-14
1552.5  5.180656E-15
1555.  2.537917E-14
1557.5  4.241715E-14
1560.  3.551980E-14
1562.5  3.910537E-14
1565.  3.683341E-14
1567.5  4.202299E-14
1570.  3.045320E-14
1572.5  5.098153E-15
1575.  5.065320E-14
1577.5  3.759778E-14
1580.  1.439038E-14
1582.5  9.459971E-15
1585.  1.115048E-14
1587.5  5.206946E-15
1590.  1.477379E-14
1592.5  5.356840E-14
1595.  2.502949E-14
1597.5  2.282584E-14
1600.  1.711749E-14
1602.5  1.839661E-14
1605.  6.082090E-15
1607.5  6.226663E-15
1610.  2.947480E-14
1612.5  7.047376E-15
1615.  1.906281E-14
1617.5  1.125919E-14
1620.  2.912029E-14
1622.5  2.285020E-14
1625.  8.223025E-15
1627.5  6.419178E-15
1630.  4.857027E-15
1632.5  5.684109E-15
1635.  6.695301E-15
1637.5  1.412815E-14
1640.  1.622195E-14
1642.5  -8.050257E-15
1645.  1.775322E-14
1647.5  2.474408E-14
1650.  9.474879E-15
1652.5  2.059212E-14
1655.  2.305894E-14
1657.5  1.975791E-14
1660.  1.997058E-14
1662.5  1.604739E-14
1665.  2.942815E-14
1667.5  1.304257E-14
1670.  2.195891E-14
1672.5  2.771722E-14
1675.  3.378722E-14
1677.5  5.782883E-14
1680.  3.865780E-14
1682.5  6.004930E-15
1685.  1.315907E-14
1687.5  4.260106E-15
1690.  1.328372E-15
1692.5  6.686805E-15
1695.  3.752386E-14
1697.5  2.873015E-14
1700.  3.018701E-14
1702.5  5.686537E-14
1705.  2.575862E-14
1707.5  1.628912E-14
1710.  -1.286898E-15
1712.5  2.379308E-14
1715.  3.609449E-15
1717.5  2.810076E-14
1720.  3.040726E-14
1722.5  3.363688E-14
1725.  2.155458E-14
1727.5  2.137600E-14
1730.  1.434367E-14
1732.5  1.359683E-14
1735.  7.576675E-15
1737.5  1.195845E-14
1740.  6.824103E-15
1742.5  1.904618E-14
1745.  3.564005E-14
1747.5  4.013265E-14
1750.  1.637117E-14
1752.5  -1.041512E-14
1755.  -2.145056E-15
1757.5  1.827986E-14
1760.  1.512878E-14
1762.5  1.789827E-14
1765.  1.429167E-14
1767.5  1.363272E-14
1770.  3.926016E-14
1772.5  4.427123E-14
1775.  3.432319E-14
1777.5  2.199711E-14
1780.  1.497307E-14
1782.5  2.674405E-14
1785.  3.639624E-14
1787.5  2.419617E-14
1790.  2.490521E-14
1792.5  2.887601E-14
1795.  2.475901E-14
1797.5  2.745687E-14
1800.  1.059327E-14
1802.5  2.403924E-14
1805.  1.334741E-14
1807.5  2.677495E-14
1810.  3.431006E-14
1812.5  4.057592E-14
1815.  2.691555E-14
1817.5  3.045993E-14
1820.  4.193770E-14
1822.5  3.920028E-14
1825.  3.742962E-14
1827.5  2.131856E-14
1830.  1.140217E-14
1832.5  1.302281E-14
1835.  1.447752E-14
1837.5  1.969135E-14
1840.  1.260181E-14
1842.5  1.672602E-14
1845.  3.410663E-14
1847.5  3.597023E-14
1850.  3.006694E-14
1852.5  1.914388E-14
1855.  1.358546E-14
1857.5  2.030528E-14
1860.  1.692997E-14
1862.5  2.129862E-14
1865.  1.891960E-14
1867.5  2.597064E-14
1870.  3.589732E-14
1872.5  3.450576E-14
1875.  3.731297E-14
1877.5  3.799008E-14
1880.  3.001803E-14
1882.5  1.204336E-14
1885.  1.372291E-14
1887.5  1.596242E-14
1890.  2.974771E-14
1892.5  2.447773E-14
1895.  2.609649E-14
1897.5  2.810789E-14
1900.  4.452895E-14
1902.5  4.623366E-14
1905.  3.464794E-14
1907.5  2.055286E-14
1910.  7.453774E-15
1912.5  2.007134E-14
1915.  2.192520E-14
1917.5  2.008016E-14
1920.  1.844219E-14
1922.5  1.874764E-14
1925.  1.697172E-14
1927.5  2.853571E-14
1930.  3.887297E-14
1932.5  3.670437E-14
1935.  2.980379E-14
1937.5  1.920456E-14
1940.  1.807329E-14
1942.5  1.935200E-14
1945.  2.185783E-14
1947.5  2.252890E-14
1950.  1.624051E-14
1952.5  1.795953E-14
1955.  2.593621E-14
1957.5  3.140530E-14
1960.  3.686165E-14
1962.5  3.727109E-14
1965.  3.420561E-14
1967.5  2.384996E-14
1970.  2.790717E-14
1972.5  2.641514E-14
1975.  2.365379E-14
1977.5  3.127296E-14
1980.  4.084176E-14
1982.5  3.898713E-14
1985.  4.349618E-14
1987.5  8.076908E-14
1990.  -3.468247E-15
1992.5  3.430659E-14
1995.  5.547537E-14
1997.5  -4.435180E-14
2000.  1.696088E-14
2002.5  3.389850E-14
2005.  2.985728E-14
2007.5  -5.054049E-15
2010.  -9.151069E-15
2012.5  3.631289E-14
2015.  2.105505E-14
2017.5  4.468807E-14
2020.  2.449286E-14
2022.5  2.897506E-14
2025.  2.159442E-14
2027.5  4.193339E-15
2030.  -3.562839E-15
2032.5  3.908504E-14
2035.  4.731689E-14
2037.5  -6.043404E-15
2040.  -1.513618E-14
2042.5  -4.543695E-15
2045.  1.855458E-14
2047.5  6.765605E-14
2050.  4.583493E-14
2052.5  8.878776E-14
2055.  1.032421E-13
2057.5  1.046300E-13
2060.  4.985918E-14
2062.5  3.466965E-14
2065.  5.232648E-14
2067.5  6.966694E-14
2070.  1.221522E-14
2072.5  5.828274E-14
2075.  8.837732E-14
2077.5  1.076553E-13
2080.  4.369857E-14
2082.5  5.283239E-14
2085.  3.078425E-14
2087.5  2.277177E-14
2090.  3.757059E-14
2092.5  6.895659E-14
2095.  4.225117E-14
2097.5  -1.649920E-14
2100.  2.118725E-14
2102.5  2.855568E-14
2105.  3.751666E-14
2107.5  3.822393E-14
2110.  6.878687E-14
2112.5  -1.852549E-14
2115.  1.164392E-14
2117.5  1.565905E-14
2120.  9.340802E-14
2122.5  2.967584E-14
2125.  3.506307E-14
2127.5  4.602473E-14
2130.  -2.254886E-14
2132.5  1.248352E-14
2135.  4.619155E-14
2137.5  -5.483592E-16
2140.  3.052190E-14
2142.5  3.007153E-14
2145.  1.214174E-14
2147.5  6.373941E-14
2150.  1.223783E-14
2152.5  2.208021E-14
2155.  3.231805E-14
2157.5  2.612106E-14
2160.  1.760335E-14
2162.5  3.018040E-14
2165.  6.622018E-14
2167.5  2.826615E-14
2170.  2.134500E-14
2172.5  -7.485065E-15
2175.  9.865017E-14
2177.5  4.890559E-14
2180.  2.736035E-15
2182.5  4.236447E-14
2185.  5.295203E-14
2187.5  1.232815E-14
2190.  3.100141E-14
2192.5  1.218940E-14
2195.  -3.956505E-14
2197.5  2.104732E-15
2200.  -5.869900E-15
2202.5  -3.218331E-14
2205.  2.237250E-15
2207.5  -2.778171E-15
2210.  1.958747E-14
2212.5  3.889743E-14
2215.  3.644534E-14
2217.5  -1.545702E-14
2220.  -1.716823E-14
2222.5  2.163169E-14
2225.  5.076641E-14
2227.5  9.941898E-15
2230.  3.884782E-14
2232.5  2.781630E-14
2235.  -1.876483E-14
2237.5  -1.197121E-14
2240.  -2.259308E-14
2242.5  -2.794318E-14
2245.  1.925109E-14
2247.5  2.303121E-14
2250.  -4.686917E-15
2252.5  -1.476366E-14
2255.  -2.180102E-14
2257.5  -1.048408E-14
2260.  1.908567E-14
2262.5  -1.176524E-15
2265.  1.594454E-15
2267.5  9.082812E-15
2270.  1.129625E-15
2272.5  -9.036809E-15
2275.  -4.752461E-15
2277.5  -1.899324E-14
2280.  -6.639686E-15
2282.5  3.656362E-14
2285.  2.148133E-14
2287.5  3.256254E-14
2290.  -5.827379E-15
2292.5  2.934887E-14
2295.  4.327407E-14
2297.5  3.845303E-14
2300.  -1.379756E-14
2302.5  2.123298E-14
2305.  4.144259E-14
2307.5  9.057450E-15
2310.  1.160628E-14
2312.5  -2.418548E-16
2315.  2.185826E-14
2317.5  1.865461E-14
2320.  2.257281E-14
2322.5  1.095931E-14
2325.  1.786441E-14
2327.5  3.004989E-14
2330.  1.310710E-14
2332.5  2.926160E-15
2335.  7.803178E-15
2337.5  3.833052E-14
2340.  1.083812E-14
2342.5  3.978027E-14
2345.  1.999779E-14
2347.5  1.225841E-14
2350.  1.331976E-14
2352.5  5.074868E-15
2355.  2.899886E-14
2357.5  2.618087E-14
2360.  7.057715E-15
2362.5  8.977595E-15
2365.  2.607117E-14
2367.5  4.576996E-14
2370.  5.257433E-14
2372.5  4.071508E-14
2375.  5.818267E-14
2377.5  3.287915E-14
2380.  3.370245E-14
2382.5  5.188539E-14
2385.  1.374150E-14
2387.5  1.825772E-14
2390.  4.170648E-14
2392.5  3.498872E-14
2395.  4.107312E-14
2397.5  3.302935E-14
2400.  1.972455E-14
2402.5  2.149545E-14
2405.  2.191066E-14
2407.5  2.568386E-14
2410.  3.696253E-14
2412.5  1.196319E-14
2415.  8.966343E-15
2417.5  1.719377E-14
2420.  2.149399E-14
2422.5  2.880935E-14
2425.  2.216382E-14
2427.5  2.223424E-14
2430.  2.639524E-14
2432.5  1.669088E-14
2435.  1.286963E-14
2437.5  8.700794E-15
2440.  2.371919E-14
2442.5  1.963309E-14
2445.  2.926164E-14
2447.5  3.263844E-14
2450.  2.395050E-14
2452.5  1.692441E-14
2455.  1.122968E-14
2457.5  2.374783E-14
2460.  2.884615E-14
2462.5  7.150213E-15
2465.  1.870781E-14
2467.5  3.305134E-14
2470.  2.062584E-14
2472.5  7.247110E-15
2475.  1.129604E-14
2477.5  1.701658E-14
2480.  2.835939E-14
2482.5  2.699395E-14
2485.  3.652438E-14
2487.5  4.072185E-14
2490.  1.744407E-14
2492.5  1.369355E-14
2495.  1.828760E-14
2497.5  1.384681E-14
2500.  3.705292E-14
2502.5  2.661432E-14
2505.  2.034610E-14
2507.5  3.076574E-14
2510.  3.119313E-14
2512.5  1.709340E-14
2515.  2.447923E-14
2517.5  2.835507E-14
2520.  1.161074E-14
2522.5  1.377454E-14
2525.  2.684420E-14
2527.5  2.641213E-14
2530.  1.985063E-14
2532.5  2.645518E-14
2535.  2.982190E-14
2537.5  2.573840E-14
2540.  1.952313E-14
2542.5  1.989430E-14
2545.  1.729579E-14
2547.5  2.662035E-14
2550.  2.783050E-14
2552.5  2.462124E-14
2555.  3.419397E-14
2557.5  3.472269E-14
2560.  2.954181E-14
2562.5  3.191347E-14
2565.  3.392733E-14
2567.5  3.076778E-14
2570.  3.760565E-14
2572.5  3.528184E-14
2575.  4.229947E-14
2577.5  3.198579E-14
2580.  2.876586E-14
2582.5  3.960844E-14
2585.  3.528785E-14
2587.5  3.129815E-14
2590.  2.469244E-14
2592.5  4.291711E-14
2595.  4.964000E-14
2597.5  5.041818E-14
2600.  2.453923E-14
2602.5  2.670194E-14
2605.  5.159433E-14
2607.5  5.121217E-14
2610.  4.392564E-14
2612.5  3.749586E-14
2615.  5.258013E-14
2617.5  4.472890E-14
2620.  5.805508E-14
2622.5  4.709863E-14
2625.  4.848758E-14
2627.5  4.328004E-14
2630.  3.239327E-14
2632.5  2.832680E-14
2635.  4.542609E-14
2637.5  4.528615E-14
2640.  4.968363E-14
2642.5  6.043232E-14
2645.  6.085127E-14
2647.5  5.829375E-14
2650.  6.189094E-14
2652.5  5.038764E-14
2655.  5.525705E-14
2657.5  7.463833E-14
2660.  7.864536E-14
2662.5  6.688596E-14
2665.  7.989135E-14
2667.5  9.801896E-14
2670.  8.290910E-14
2672.5  8.619970E-14
2675.  8.759043E-14
2677.5  7.610661E-14
2680.  8.465345E-14
2682.5  1.092139E-13
2685.  7.840269E-14
2687.5  7.793419E-14
2690.  9.352646E-14
2692.5  1.039863E-13
2695.  1.171847E-13
2697.5  1.093435E-13
2700.  1.095383E-13
2702.5  1.078180E-13
2705.  1.225986E-13
2707.5  1.241329E-13
2710.  1.257015E-13
2712.5  1.292253E-13
2715.  1.299030E-13
2717.5  1.366739E-13
2720.  1.433923E-13
2722.5  1.609666E-13
2725.  1.593871E-13
2727.5  1.630904E-13
2730.  1.772321E-13
2732.5  1.565134E-13
2735.  1.668830E-13
2737.5  1.845363E-13
2740.  1.907980E-13
2742.5  1.978830E-13
2745.  2.016670E-13
2747.5  1.999893E-13
2750.  2.225158E-13
2752.5  2.143678E-13
2755.  2.213357E-13
2757.5  2.534538E-13
2760.  2.511873E-13
2762.5  2.663320E-13
2765.  2.610692E-13
2767.5  2.693582E-13
2770.  2.732232E-13
2772.5  3.158795E-13
2775.  3.331057E-13
2777.5  3.257804E-13
2780.  3.576453E-13
2782.5  4.040148E-13
2785.  4.469972E-13
2787.5  4.422979E-13
2790.  3.817894E-13
2792.5  3.810400E-13
2795.  3.641972E-13
2797.5  2.899465E-13
2800.  2.419462E-13
2802.5  3.126221E-13
2805.  3.375266E-13
2807.5  4.509523E-13
2810.  5.849707E-13
2812.5  7.061714E-13
2815.  7.435577E-13
2817.5  7.958771E-13
2820.  8.027433E-13
2822.5  7.717741E-13
2825.  8.245757E-13
2827.5  9.048866E-13
2830.  9.813231E-13
2832.5  1.012455E-12
2835.  1.051026E-12
2837.5  1.058929E-12
2840.  1.085205E-12
2842.5  1.082119E-12
2845.  1.086759E-12
2847.5  1.124298E-12
2850.  1.089188E-12
2852.5  9.820801E-13
2855.  9.521667E-13
2857.5  1.009887E-12
2860.  1.087203E-12
2862.5  1.114986E-12
2865.  1.043224E-12
2867.5  1.005927E-12
2870.  1.024202E-12
2872.5  9.811437E-13
2875.  8.953579E-13
2877.5  9.015392E-13
2880.  8.356643E-13
2882.5  8.387079E-13
2885.  7.970171E-13
2887.5  8.088939E-13
2890.  8.322548E-13
2892.5  7.617106E-13
2895.  7.194168E-13
2897.5  7.679948E-13
2900.  7.837531E-13
2902.5  7.877421E-13
2905.  7.306801E-13
2907.5  7.335428E-13
2910.  7.274986E-13
2912.5  6.938786E-13
2915.  6.692466E-13
2917.5  6.421506E-13
2920.  6.958400E-13
2922.5  7.090980E-13
2925.  6.985773E-13
2927.5  6.346690E-13
2930.  6.233595E-13
2932.5  6.486430E-13
2935.  6.278916E-13
2937.5  6.133113E-13
2940.  6.419578E-13
2942.5  6.470652E-13
2945.  6.776810E-13
2947.5  6.487607E-13
2950.  6.103596E-13
2952.5  5.927568E-13
2955.  6.471179E-13
2957.5  6.989063E-13
2960.  6.703292E-13
2962.5  6.520572E-13
2965.  6.732254E-13
2967.5  6.654510E-13
2970.  6.684435E-13
2972.5  6.546003E-13
2975.  6.210426E-13
2977.5  5.954567E-13
2980.  5.627141E-13
2982.5  5.580132E-13
2985.  5.461016E-13
2987.5  5.351413E-13
2990.  5.444076E-13
2992.5  5.494211E-13
2995.  5.654588E-13
2997.5  6.019580E-13
3000.  6.318246E-13
3002.5  5.933886E-13
3005.  5.527992E-13
3007.5  5.572628E-13
3010.  6.311420E-13
3012.5  6.485293E-13
3015.  6.272252E-13
3017.5  6.762375E-13
3020.  7.832945E-13
3022.5  7.808101E-13
3025.  8.062004E-13
3027.5  8.360903E-13
3030.  8.814045E-13
3032.5  8.887684E-13
3035.  9.056753E-13
3037.5  9.659326E-13
3040.  1.056380E-12
3042.5  1.157597E-12
3045.  1.220385E-12
3047.5  1.289537E-12
3050.  1.278889E-12
3052.5  1.265758E-12
3055.  1.266943E-12
3057.5  1.266436E-12
3060.  1.266765E-12
3062.5  1.275487E-12
3065.  1.378619E-12
3067.5  1.419558E-12
3070.  1.345829E-12
3072.5  1.289344E-12
3075.  1.336025E-12
3077.5  1.349627E-12
3080.  1.275919E-12
3082.5  1.363948E-12
3085.  1.377438E-12
3087.5  1.314073E-12
3090.  1.320356E-12
3092.5  1.238286E-12
3095.  1.217096E-12
3097.5  1.241020E-12
3100.  1.242617E-12
3102.5  1.206249E-12
3105.  1.225386E-12
3107.5  1.268677E-12
3110.  1.298504E-12
3112.5  1.240443E-12
3115.  1.222035E-12
3117.5  1.229642E-12
3120.  1.167448E-12
3122.5  1.137724E-12
3125.  1.050642E-12
3127.5  1.032606E-12
3130.  1.059330E-12
3132.5  1.017845E-12
3135.  1.017182E-12
3137.5  1.009510E-12
3140.  9.097823E-13
3142.5  8.765498E-13
3145.  8.803584E-13
3147.5  9.139985E-13
3150.  9.079522E-13
3152.5  8.531861E-13
3155.  8.363782E-13
3157.5  8.344685E-13
3160.  8.695215E-13
3162.5  9.603416E-13
3165.  9.742996E-13
3167.5  1.065935E-12
3170.  1.132119E-12
3172.5  1.094834E-12
3175.  1.128749E-12
3177.5  1.195195E-12
3180.  1.271628E-12
3182.5  1.403147E-12
3185.  1.538863E-12
3187.5  1.700875E-12
3190.  1.807654E-12
3192.5  1.817313E-12
3195.  1.827140E-12
3197.5  1.916923E-12
3200.  2.138404E-12
3202.5  2.126890E-12
3205.  2.074552E-12
3207.5  2.139343E-12
3210.  2.102945E-12
3212.5  2.016516E-12
3215.  1.987871E-12
3217.5  1.932923E-12
3220.  1.935021E-12
3222.5  2.012033E-12
3225.  1.935877E-12
3227.5  1.857983E-12
3230.  1.749637E-12
3232.5  1.638358E-12
3235.  1.583095E-12
3237.5  1.522501E-12
3240.  1.477376E-12
3242.5  1.414377E-12
3245.  1.291246E-12
3247.5  1.211268E-12
3250.  1.175887E-12
3252.5  1.194518E-12
3255.  1.199773E-12
3257.5  1.168891E-12
3260.  1.195191E-12
3262.5  1.225433E-12
3265.  1.169649E-12
3267.5  1.137609E-12
3270.  1.165918E-12
3272.5  1.235756E-12
3275.  1.290004E-12
3277.5  1.241480E-12
3280.  1.263560E-12
3282.5  1.275552E-12
3285.  1.303843E-12
3287.5  1.364968E-12
3290.  1.413183E-12
3292.5  1.465208E-12
3295.  1.534160E-12
3297.5  1.616436E-12
3300.  1.722960E-12
3302.5  0.
3305.  0.
3307.5  0.
3310.  0.
3312.5  0.
3315.  0.
3317.5  0.
3320.  0.
3322.5  0.
3325.  0.
3327.5  0.
3330.  0.
3332.5  0.
3335.  0.
3337.5  0.
3340.  0.
3342.5  0.
3345.  0.
3347.5  0.
3350.  0.
3352.5  0.
3355.  0.
3357.5  0.
3360.  0.
3362.5  0.
3365.  0.
3367.5  0.
3370.  0.
3372.5  0.
3375.  0.
3377.5  0.
3380.  0.
3382.5  0.
3385.  0.
3387.5  0.
3390.  0.
3392.5  0.
3395.  0.
3397.5  0.
3400.  0.
3402.5  0.
3405.  0.
3407.5  0.
3410.  0.
3412.5  0.
3415.  0.
3417.5  0.
3420.  0.
3422.5  0.
3425.  0.
3427.5  0.
3430.  0.
3432.5  0.
3435.  0.
3437.5  0.
3440.  0.
3442.5  0.
3445.  0.
3447.5  0.
3450.  0.
3452.5  0.
3455.  0.
3457.5  0.
3460.  0.
3462.5  0.
3465.  0.
3467.5  0.
3470.  0.
3472.5  0.
3475.  0.
3477.5  0.
3480.  0.
3482.5  0.
3485.  0.
3487.5  0.
3490.  0.
3492.5  0.
3495.  0.
3497.5  0.
3500.  0.
3502.5  0.
3505.  0.
3507.5  0.
3510.  0.
3512.5  0.
3515.  0.
3517.5  0.
3520.  0.
3522.5  0.
3525.  0.
3527.5  0.
3530.  0.
3532.5  0.
3535.  0.
3537.5  0.
3540.  0.
3542.5  0.
3545.  0.
3547.5  0.
3550.  0.
3552.5  0.
3555.  0.
3557.5  0.
3560.  0.
3562.5  0.
3565.  0.
3567.5  0.
3570.  0.
3572.5  0.
3575.  0.
3577.5  0.
3580.  0.
3582.5  0.
3585.  0.
3587.5  0.
3590.  0.
3592.5  0.
3595.  0.
3597.5  0.
3600.  2.424356E-18
3602.5  2.423770E-18
3605.  2.423185E-18
3607.5  2.422600E-18
3610.  2.422016E-18
3612.5  2.421431E-18
3615.  2.420848E-18
3617.5  2.420265E-18
3620.  2.419682E-18
3622.5  2.419098E-18
3625.  2.418516E-18
3627.5  2.417933E-18
3630.  2.417351E-18
3632.5  2.416769E-18
3635.  2.416186E-18
3637.5  2.415604E-18
3640.  2.415021E-18
3642.5  2.414438E-18
3645.  2.413856E-18
3647.5  2.413273E-18
3650.  2.412690E-18
3652.5  2.412107E-18
3655.  2.411523E-18
3657.5  2.410938E-18
3660.  2.410354E-18
3662.5  2.409769E-18
3665.  -1.072308E-13
3667.5  3.103098E-14
3670.  5.147692E-13
3672.5  3.649143E-13
3675.  3.143461E-13
3677.5  4.288320E-14
3680.  -8.117358E-14
3682.5  9.245618E-13
3685.  1.003376E-12
3687.5  -8.208210E-13
3690.  -3.098954E-13
3692.5  9.265726E-13
3695.  5.757506E-13
3697.5  7.828031E-14
3700.  -7.255516E-14
3702.5  6.198316E-13
3705.  2.383375E-13
3707.5  2.155782E-13
3710.  2.710768E-13
3712.5  5.532858E-13
3715.  6.758216E-13
3717.5  -5.318329E-13
3720.  4.091436E-13
3722.5  8.062590E-13
3725.  7.501689E-13
3727.5  4.662977E-13
3730.  1.055223E-12
3732.5  8.419477E-13
3735.  5.729645E-13
3737.5  -8.072109E-13
3740.  7.221259E-13
3742.5  1.117467E-12
3745.  1.664839E-13
3747.5  1.555372E-13
3750.  1.436302E-13
3752.5  -6.510460E-15
3755.  -9.052713E-14
3757.5  1.128129E-12
3760.  1.740454E-13
3762.5  7.062791E-13
3765.  8.353266E-13
3767.5  1.062474E-12
3770.  8.980443E-13
3772.5  1.054488E-12
3775.  7.844212E-13
3777.5  1.116382E-12
3780.  1.369876E-12
3782.5  1.740761E-12
3785.  8.734738E-13
3787.5  7.440163E-13
3790.  9.590524E-13
3792.5  6.310328E-13
3795.  6.134016E-13
3797.5  9.518407E-13
3800.  1.267949E-12
3802.5  1.135187E-12
3805.  7.699487E-13
3807.5  1.271654E-12
3810.  1.231713E-12
3812.5  2.328583E-12
3815.  1.751247E-12
3817.5  1.318055E-12
3820.  2.367164E-12
3822.5  1.715154E-12
3825.  1.875715E-12
3827.5  1.223076E-12
3830.  2.633983E-12
3832.5  2.211120E-12
3835.  1.428889E-12
3837.5  2.744227E-12
3840.  2.000988E-12
3842.5  2.488153E-12
3845.  2.399785E-12
3847.5  2.483568E-12
3850.  2.686715E-12
3852.5  3.564306E-12
3855.  2.962862E-12
3857.5  2.838456E-12
3860.  3.613972E-12
3862.5  4.610278E-12
3865.  3.232356E-12
3867.5  4.118863E-12
3870.  4.626590E-12
3872.5  4.936830E-12
3875.  5.639954E-12
3877.5  4.950227E-12
3880.  5.699251E-12
3882.5  6.826080E-12
3885.  6.875840E-12
3887.5  6.967043E-12
3890.  7.458319E-12
3892.5  8.658386E-12
3895.  8.927084E-12
3897.5  9.286848E-12
3900.  9.758495E-12
3902.5  1.066361E-11
3905.  1.116771E-11
3907.5  1.260419E-11
3910.  1.363985E-11
3912.5  1.458363E-11
3915.  1.426665E-11
3917.5  1.513685E-11
3920.  1.633785E-11
3922.5  1.838203E-11
3925.  1.764294E-11
3927.5  1.928931E-11
3930.  1.989004E-11
3932.5  1.975081E-11
3935.  2.010148E-11
3937.5  2.222170E-11
3940.  2.338119E-11
3942.5  2.483661E-11
3945.  2.653257E-11
3947.5  2.661230E-11
3950.  2.748537E-11
3952.5  2.782932E-11
3955.  2.819033E-11
3957.5  3.059164E-11
3960.  2.979580E-11
3962.5  3.118513E-11
3965.  2.961978E-11
3967.5  2.728705E-11
3970.  2.824484E-11
3972.5  2.841879E-11
3975.  2.781653E-11
3977.5  2.791754E-11
3980.  2.738266E-11
3982.5  2.504235E-11
3985.  2.517720E-11
3987.5  2.522076E-11
3990.  2.352337E-11
3992.5  2.227989E-11
3995.  2.037001E-11
3997.5  2.098739E-11
4000.  2.294942E-11
4002.5  2.156652E-11
4005.  2.127016E-11
4007.5  2.274180E-11
4010.  2.350190E-11
4012.5  2.409601E-11
4015.  2.404149E-11
4017.5  2.537828E-11
4020.  2.542811E-11
4022.5  2.709431E-11
4025.  2.914218E-11
4027.5  3.242081E-11
4030.  3.149287E-11
4032.5  3.222264E-11
4035.  3.577921E-11
4037.5  3.801247E-11
4040.  3.769182E-11
4042.5  4.030404E-11
4045.  4.390028E-11
4047.5  4.439897E-11
4050.  4.481037E-11
4052.5  4.453090E-11
4055.  4.591396E-11
4057.5  4.695330E-11
4060.  4.752615E-11
4062.5  4.933761E-11
4065.  4.965469E-11
4067.5  4.969915E-11
4070.  5.078447E-11
4072.5  5.108769E-11
4075.  4.804875E-11
4077.5  4.605430E-11
4080.  4.589365E-11
4082.5  4.591903E-11
4085.  4.569750E-11
4087.5  4.527934E-11
4090.  4.466819E-11
4092.5  4.169030E-11
4095.  4.315269E-11
4097.5  4.407368E-11
4100.  4.221928E-11
4102.5  3.878433E-11
4105.  3.710708E-11
4107.5  3.551081E-11
4110.  3.294608E-11
4112.5  3.153664E-11
4115.  3.042071E-11
4117.5  2.682204E-11
4120.  2.609707E-11
4122.5  2.374107E-11
4125.  2.031349E-11
4127.5  1.922552E-11
4130.  1.769869E-11
4132.5  1.643360E-11
4135.  1.613438E-11
4137.5  1.467219E-11
4140.  1.319302E-11
4142.5  1.205707E-11
4145.  1.227032E-11
4147.5  1.248629E-11
4150.  1.158166E-11
4152.5  1.229853E-11
4155.  1.256924E-11
4157.5  1.220252E-11
4160.  1.344475E-11
4162.5  1.303868E-11
4165.  1.415166E-11
4167.5  1.412826E-11
4170.  1.405558E-11
4172.5  1.463014E-11
4175.  1.469483E-11
4177.5  1.634181E-11
4180.  1.797146E-11
4182.5  1.788470E-11
4185.  1.767903E-11
4187.5  1.811049E-11
4190.  2.039073E-11
4192.5  2.137920E-11
4195.  2.215202E-11
4197.5  2.373212E-11
4200.  2.410438E-11
4202.5  2.303126E-11
4205.  2.350925E-11
4207.5  2.289718E-11
4210.  2.311682E-11
4212.5  2.241798E-11
4215.  2.213667E-11
4217.5  2.142507E-11
4220.  2.229425E-11
4222.5  2.146188E-11
4225.  2.039810E-11
4227.5  1.973098E-11
4230.  2.005086E-11
4232.5  2.098795E-11
4235.  2.078141E-11
4237.5  1.839844E-11
4240.  1.892524E-11
4242.5  1.943037E-11
4245.  2.048300E-11
4247.5  2.009987E-11
4250.  1.959096E-11
4252.5  1.899025E-11
4255.  2.043049E-11
4257.5  1.994179E-11
4260.  2.077273E-11
4262.5  2.169815E-11
4265.  2.237794E-11
4267.5  2.266599E-11
4270.  2.306307E-11
4272.5  2.395186E-11
4275.  2.388707E-11
4277.5  2.552408E-11
4280.  2.643436E-11
4282.5  2.543899E-11
4285.  2.559057E-11
4287.5  2.685226E-11
4290.  2.815702E-11
4292.5  2.718870E-11
4295.  2.721447E-11
4297.5  2.709454E-11
4300.  2.705320E-11
4302.5  2.693715E-11
4305.  2.562286E-11
4307.5  2.454910E-11
4310.  2.354307E-11
4312.5  2.424820E-11
4315.  2.454449E-11
4317.5  2.326946E-11
4320.  2.377011E-11
4322.5  2.512885E-11
4325.  2.431691E-11
4327.5  2.368243E-11
4330.  2.425857E-11
4332.5  2.602045E-11
4335.  2.683037E-11
4337.5  2.620315E-11
4340.  2.741125E-11
4342.5  2.830173E-11
4345.  2.773531E-11
4347.5  2.767321E-11
4350.  2.880961E-11
4352.5  3.013446E-11
4355.  3.113207E-11
4357.5  2.987882E-11
4360.  2.927102E-11
4362.5  2.999150E-11
4365.  2.902378E-11
4367.5  3.000854E-11
4370.  3.129901E-11
4372.5  3.045623E-11
4375.  2.971906E-11
4377.5  3.091653E-11
4380.  3.096842E-11
4382.5  3.088549E-11
4385.  3.182165E-11
4387.5  3.151107E-11
4390.  3.215479E-11
4392.5  3.254374E-11
4395.  3.150768E-11
4397.5  3.250165E-11
4400.  3.375836E-11
4402.5  3.467570E-11
4405.  3.440646E-11
4407.5  3.430464E-11
4410.  3.699871E-11
4412.5  3.786532E-11
4415.  3.845842E-11
4417.5  3.881835E-11
4420.  3.945866E-11
4422.5  4.005978E-11
4425.  4.107941E-11
4427.5  4.053529E-11
4430.  3.961075E-11
4432.5  3.774563E-11
4435.  3.801312E-11
4437.5  4.037339E-11
4440.  4.091463E-11
4442.5  3.968757E-11
4445.  3.948143E-11
4447.5  3.802515E-11
4450.  3.645339E-11
4452.5  3.495646E-11
4455.  3.395291E-11
4457.5  3.298230E-11
4460.  3.254714E-11
4462.5  3.142005E-11
4465.  3.083995E-11
4467.5  2.964917E-11
4470.  2.687175E-11
4472.5  2.613552E-11
4475.  2.620670E-11
4477.5  2.554705E-11
4480.  2.515561E-11
4482.5  2.428424E-11
4485.  2.451875E-11
4487.5  2.509913E-11
4490.  2.589285E-11
4492.5  2.570953E-11
4495.  2.443181E-11
4497.5  2.581088E-11
4500.  2.755501E-11
4502.5  2.815724E-11
4505.  2.932580E-11
4507.5  2.948532E-11
4510.  3.135351E-11
4512.5  3.322714E-11
4515.  3.468819E-11
4517.5  3.638429E-11
4520.  3.740040E-11
4522.5  3.970537E-11
4525.  4.270156E-11
4527.5  4.576145E-11
4530.  4.859003E-11
4532.5  5.149805E-11
4535.  5.599042E-11
4537.5  6.174049E-11
4540.  6.778501E-11
4542.5  7.312414E-11
4545.  8.041600E-11
4547.5  8.931390E-11
4550.  9.330756E-11
4552.5  9.457386E-11
4555.  9.768812E-11
4557.5  1.011601E-10
4560.  1.037988E-10
4562.5  1.040625E-10
4565.  1.030012E-10
4567.5  1.019826E-10
4570.  1.042227E-10
4572.5  1.029427E-10
4575.  1.026056E-10
4577.5  1.037826E-10
4580.  1.067958E-10
4582.5  1.109300E-10
4585.  1.115078E-10
4587.5  1.136808E-10
4590.  1.164141E-10
4592.5  1.173319E-10
4595.  1.149311E-10
4597.5  1.139749E-10
4600.  1.134048E-10
4602.5  1.131379E-10
4605.  1.123243E-10
4607.5  1.112750E-10
4610.  1.101688E-10
4612.5  1.116584E-10
4615.  1.126524E-10
4617.5  1.157911E-10
4620.  1.181088E-10
4622.5  1.192926E-10
4625.  1.215565E-10
4627.5  1.265068E-10
4630.  1.286794E-10
4632.5  1.299332E-10
4635.  1.317693E-10
4637.5  1.359352E-10
4640.  1.338102E-10
4642.5  1.297473E-10
4645.  1.302366E-10
4647.5  1.327820E-10
4650.  1.309963E-10
4652.5  1.311604E-10
4655.  1.320837E-10
4657.5  1.292640E-10
4660.  1.295760E-10
4662.5  1.276654E-10
4665.  1.257676E-10
4667.5  1.264473E-10
4670.  1.257277E-10
4672.5  1.225646E-10
4675.  1.203137E-10
4677.5  1.189186E-10
4680.  1.169506E-10
4682.5  1.164258E-10
4685.  1.155738E-10
4687.5  1.144965E-10
4690.  1.127172E-10
4692.5  1.086039E-10
4695.  1.041389E-10
4697.5  1.026128E-10
4700.  1.003295E-10
4702.5  9.617493E-11
4705.  9.312206E-11
4707.5  8.915098E-11
4710.  8.532826E-11
4712.5  7.895619E-11
4715.  7.646844E-11
4717.5  7.499330E-11
4720.  7.073783E-11
4722.5  6.766245E-11
4725.  6.658977E-11
4727.5  6.425947E-11
4730.  6.171702E-11
4732.5  6.222199E-11
4735.  6.249038E-11
4737.5  6.104313E-11
4740.  6.069948E-11
4742.5  6.174981E-11
4745.  6.321172E-11
4747.5  6.221920E-11
4750.  6.142269E-11
4752.5  6.571946E-11
4755.  7.197524E-11
4757.5  7.634419E-11
4760.  7.912077E-11
4762.5  8.241094E-11
4765.  8.656654E-11
4767.5  8.955480E-11
4770.  9.183450E-11
4772.5  9.487187E-11
4775.  9.951717E-11
4777.5  1.012375E-10
4780.  1.034747E-10
4782.5  1.037772E-10
4785.  1.045488E-10
4787.5  1.038980E-10
4790.  9.894430E-11
4792.5  9.479778E-11
4795.  9.234804E-11
4797.5  9.036751E-11
4800.  8.916442E-11
4802.5  8.850139E-11
4805.  8.575518E-11
4807.5  8.802825E-11
4810.  8.951153E-11
4812.5  8.534468E-11
4815.  8.483596E-11
4817.5  8.366700E-11
4820.  8.288878E-11
4822.5  8.390075E-11
4825.  7.961254E-11
4827.5  7.798479E-11
4830.  7.789572E-11
4832.5  7.523624E-11
4835.  7.234034E-11
4837.5  7.017976E-11
4840.  6.808874E-11
4842.5  6.560105E-11
4845.  6.479352E-11
4847.5  6.236631E-11
4850.  6.101961E-11
4852.5  6.129942E-11
4855.  6.116060E-11
4857.5  5.945049E-11
4860.  5.860636E-11
4862.5  6.141750E-11
4865.  6.281417E-11
4867.5  6.332684E-11
4870.  6.649133E-11
4872.5  6.883081E-11
4875.  7.442084E-11
4877.5  8.283892E-11
4880.  8.970134E-11
4882.5  9.515607E-11
4885.  1.043867E-10
4887.5  1.153860E-10
4890.  1.212243E-10
4892.5  1.243773E-10
4895.  1.295712E-10
4897.5  1.351733E-10
4900.  1.357438E-10
4902.5  1.416481E-10
4905.  1.516019E-10
4907.5  1.570227E-10
4910.  1.583404E-10
4912.5  1.628986E-10
4915.  1.638649E-10
4917.5  1.643237E-10
4920.  1.662323E-10
4922.5  1.661177E-10
4925.  1.602342E-10
4927.5  1.590942E-10
4930.  1.546449E-10
4932.5  1.458035E-10
4935.  1.391500E-10
4937.5  1.325153E-10
4940.  1.263142E-10
4942.5  1.210950E-10
4945.  1.149514E-10
4947.5  1.080603E-10
4950.  1.038705E-10
4952.5  1.022620E-10
4955.  9.974223E-11
4957.5  9.542917E-11
4960.  9.468588E-11
4962.5  9.821494E-11
4965.  1.004575E-10
4967.5  1.034724E-10
4970.  1.056381E-10
4972.5  1.106171E-10
4975.  1.131688E-10
4977.5  1.175879E-10
4980.  1.268058E-10
4982.5  1.360778E-10
4985.  1.386454E-10
4987.5  1.389198E-10
4990.  1.460938E-10
4992.5  1.507180E-10
4995.  1.536908E-10
4997.5  1.567635E-10
5000.  1.578876E-10
5002.5  1.640986E-10
5005.  1.706488E-10
5007.5  1.669392E-10
5010.  1.621288E-10
5012.5  1.654472E-10
5015.  1.658036E-10
5017.5  1.597215E-10
5020.  1.588011E-10
5022.5  1.575454E-10
5025.  1.545942E-10
5027.5  1.532332E-10
5030.  1.530739E-10
5032.5  1.464610E-10
5035.  1.426010E-10
5037.5  1.421486E-10
5040.  1.408190E-10
5042.5  1.334884E-10
5045.  1.300661E-10
5047.5  1.291818E-10
5050.  1.274593E-10
5052.5  1.270108E-10
5055.  1.229840E-10
5057.5  1.180220E-10
5060.  1.126629E-10
5062.5  1.090073E-10
5065.  1.051271E-10
5067.5  1.002245E-10
5070.  9.687127E-11
5072.5  9.116666E-11
5075.  8.606255E-11
5077.5  8.385371E-11
5080.  7.956178E-11
5082.5  7.236182E-11
5085.  6.911545E-11
5087.5  6.550065E-11
5090.  6.186455E-11
5092.5  5.941547E-11
5095.  5.724997E-11
5097.5  5.588911E-11
5100.  5.238521E-11
5102.5  5.257948E-11
5105.  5.361996E-11
5107.5  5.141518E-11
5110.  5.117961E-11
5112.5  5.343018E-11
5115.  5.420888E-11
5117.5  5.492262E-11
5120.  5.762188E-11
5122.5  5.974947E-11
5125.  6.094433E-11
5127.5  6.323343E-11
5130.  6.569357E-11
5132.5  6.817959E-11
5135.  7.122908E-11
5137.5  7.379954E-11
5140.  7.658459E-11
5142.5  8.000899E-11
5145.  8.325363E-11
5147.5  8.489521E-11
5150.  8.695236E-11
5152.5  8.610049E-11
5155.  8.901531E-11
5157.5  9.171740E-11
5160.  9.299668E-11
5162.5  9.150893E-11
5165.  9.087713E-11
5167.5  9.095741E-11
5170.  9.264333E-11
5172.5  9.615607E-11
5175.  9.942096E-11
5177.5  1.022489E-10
5180.  1.044952E-10
5182.5  1.061487E-10
5185.  1.075080E-10
5187.5  1.100366E-10
5190.  1.132769E-10
5192.5  1.116660E-10
5195.  1.127040E-10
5197.5  1.134256E-10
5200.  1.116123E-10
5202.5  1.120092E-10
5205.  1.133487E-10
5207.5  1.118507E-10
5210.  1.104106E-10
5212.5  1.112408E-10
5215.  1.148959E-10
5217.5  1.159706E-10
5220.  1.137622E-10
5222.5  1.142837E-10
5225.  1.151615E-10
5227.5  1.168250E-10
5230.  1.158658E-10
5232.5  1.164876E-10
5235.  1.168867E-10
5237.5  1.141274E-10
5240.  1.124749E-10
5242.5  1.085473E-10
5245.  1.043185E-10
5247.5  1.036455E-10
5250.  1.038539E-10
5252.5  1.035872E-10
5255.  1.011713E-10
5257.5  1.004720E-10
5260.  1.019133E-10
5262.5  1.000439E-10
5265.  9.937605E-11
5267.5  1.027209E-10
5270.  1.023137E-10
5272.5  1.021797E-10
5275.  1.051722E-10
5277.5  1.045257E-10
5280.  1.089052E-10
5282.5  1.161594E-10
5285.  1.162143E-10
5287.5  1.155100E-10
5290.  1.177133E-10
5292.5  1.211373E-10
5295.  1.213485E-10
5297.5  1.162574E-10
5300.  1.128748E-10
5302.5  1.165643E-10
5305.  1.221776E-10
5307.5  1.246296E-10
5310.  1.236147E-10
5312.5  1.241595E-10
5315.  1.279698E-10
5317.5  1.286175E-10
5320.  1.298438E-10
5322.5  1.320435E-10
5325.  1.342710E-10
5327.5  1.346210E-10
5330.  1.346627E-10
5332.5  1.345901E-10
5335.  1.350249E-10
5337.5  1.345080E-10
5340.  1.340825E-10
5342.5  1.342358E-10
5345.  1.346932E-10
5347.5  1.368189E-10
5350.  1.370854E-10
5352.5  1.361838E-10
5355.  1.364373E-10
5357.5  1.353703E-10
5360.  1.332745E-10
5362.5  1.353103E-10
5365.  1.346423E-10
5367.5  1.347473E-10
5370.  1.356158E-10
5372.5  1.349143E-10
5375.  1.347105E-10
5377.5  1.353555E-10
5380.  1.371454E-10
5382.5  1.417282E-10
5385.  1.447261E-10
5387.5  1.454723E-10
5390.  1.481931E-10
5392.5  1.517749E-10
5395.  1.502683E-10
5397.5  1.537391E-10
5400.  1.570500E-10
5402.5  1.572169E-10
5405.  1.576027E-10
5407.5  1.589376E-10
5410.  1.621092E-10
5412.5  1.664937E-10
5415.  1.671057E-10
5417.5  1.644022E-10
5420.  1.611287E-10
5422.5  1.619627E-10
5425.  1.628666E-10
5427.5  1.602256E-10
5430.  1.597823E-10
5432.5  1.579675E-10
5435.  1.554080E-10
5437.5  1.559757E-10
5440.  1.548734E-10
5442.5  1.529971E-10
5445.  1.521356E-10
5447.5  1.469494E-10
5450.  1.440627E-10
5452.5  1.384371E-10
5455.  1.363483E-10
5457.5  1.376144E-10
5460.  1.338004E-10
5462.5  1.275107E-10
5465.  1.256045E-10
5467.5  1.254755E-10
5470.  1.263731E-10
5472.5  1.301319E-10
5475.  1.335937E-10
5477.5  1.374928E-10
5480.  1.370576E-10
5482.5  1.409294E-10
5485.  1.438560E-10
5487.5  1.449215E-10
5490.  1.488465E-10
5492.5  1.530087E-10
5495.  1.520139E-10
5497.5  1.525879E-10
5500.  1.565062E-10
5502.5  1.578509E-10
5505.  1.593609E-10
5507.5  1.643369E-10
5510.  1.659125E-10
5512.5  1.643079E-10
5515.  1.631304E-10
5517.5  1.617608E-10
5520.  1.681675E-10
5522.5  1.643019E-10
5525.  1.665903E-10
5527.5  1.673256E-10
5530.  1.634594E-10
5532.5  1.591951E-10
5535.  1.587082E-10
5537.5  1.619069E-10
5540.  1.622202E-10
5542.5  1.619548E-10
5545.  1.637556E-10
5547.5  1.607440E-10
5550.  1.573746E-10
5552.5  1.560844E-10
5555.  1.580820E-10
5557.5  1.579754E-10
5560.  1.565569E-10
5562.5  1.567848E-10
5565.  1.557757E-10
5567.5  1.511487E-10
5570.  1.485203E-10
5572.5  1.472388E-10
5575.  1.421214E-10
5577.5  1.433008E-10
5580.  1.435827E-10
5582.5  1.358662E-10
5585.  1.299528E-10
5587.5  1.294936E-10
5590.  1.258760E-10
5592.5  1.240754E-10
5595.  1.213859E-10
5597.5  1.161670E-10
5600.  1.181130E-10
5602.5  1.221775E-10
5605.  1.209125E-10
5607.5  1.195539E-10
5610.  1.183658E-10
5612.5  1.239855E-10
5615.  1.272617E-10
5617.5  1.268237E-10
5620.  1.281241E-10
5622.5  1.331390E-10
5625.  1.354562E-10
5627.5  1.377584E-10
5630.  1.380815E-10
5632.5  1.394613E-10
5635.  1.415703E-10
5637.5  1.438415E-10
5640.  1.500685E-10
5642.5  1.508960E-10
5645.  1.528720E-10
5647.5  1.535014E-10
5650.  1.500618E-10
5652.5  1.531385E-10
5655.  1.547080E-10
5657.5  1.570513E-10
5660.  1.578140E-10
5662.5  1.572181E-10
5665.  1.553338E-10
5667.5  1.553405E-10
5670.  1.542168E-10
5672.5  1.567615E-10
5675.  1.536724E-10
5677.5  1.540193E-10
5680.  1.543474E-10
5682.5  1.555002E-10
5685.  1.517158E-10
5687.5  1.456755E-10
5690.  1.503913E-10
5692.5  1.490393E-10
5695.  1.442302E-10
5697.5  1.411991E-10
5700.  1.413943E-10
5702.5  1.413090E-10
5705.  1.371149E-10
5707.5  1.354936E-10
5710.  1.342342E-10
5712.5  1.302808E-10
5715.  1.288338E-10
5717.5  1.247434E-10
5720.  1.227615E-10
5722.5  1.205802E-10
5725.  1.205197E-10
5727.5  1.196995E-10
5730.  1.147457E-10
5732.5  1.123002E-10
5735.  1.077586E-10
5737.5  1.085968E-10
5740.  1.050479E-10
5742.5  1.072402E-10
5745.  1.031673E-10
5747.5  9.862431E-11
5750.  9.511897E-11
5752.5  9.318887E-11
5755.  9.230736E-11
5757.5  9.026292E-11
5760.  9.085354E-11
5762.5  8.762500E-11
5765.  8.430600E-11
5767.5  8.410336E-11
5770.  7.979582E-11
5772.5  7.906158E-11
5775.  7.834799E-11
5777.5  7.733263E-11
5780.  7.600188E-11
5782.5  7.626547E-11
5785.  7.364150E-11
5787.5  7.351070E-11
5790.  7.348529E-11
5792.5  7.387706E-11
5795.  7.139186E-11
5797.5  7.030106E-11
5800.  7.262647E-11
5802.5  7.269270E-11
5805.  7.118339E-11
5807.5  7.079864E-11
5810.  6.957988E-11
5812.5  6.807737E-11
5815.  7.030789E-11
5817.5  7.325747E-11
5820.  7.611761E-11
5822.5  7.491812E-11
5825.  8.201474E-11
5827.5  8.564096E-11
5830.  9.125713E-11
5832.5  9.597462E-11
5835.  1.034694E-10
5837.5  1.092897E-10
5840.  1.157119E-10
5842.5  1.273944E-10
5845.  1.296485E-10
5847.5  1.324871E-10
5850.  1.425203E-10
5852.5  1.463609E-10
5855.  1.493120E-10
5857.5  1.560363E-10
5860.  1.594104E-10
5862.5  1.659781E-10
5865.  1.699769E-10
5867.5  1.715678E-10
5870.  1.747219E-10
5872.5  1.769545E-10
5875.  1.798047E-10
5877.5  1.814248E-10
5880.  1.836665E-10
5882.5  1.851916E-10
5885.  1.857028E-10
5887.5  1.823335E-10
5890.  1.764292E-10
5892.5  1.767258E-10
5895.  1.753167E-10
5897.5  1.791749E-10
5900.  1.843441E-10
5902.5  1.869411E-10
5905.  1.899509E-10
5907.5  1.884228E-10
5910.  1.851961E-10
5912.5  1.828654E-10
5915.  1.770878E-10
5917.5  1.758437E-10
5920.  1.761380E-10
5922.5  1.770561E-10
5925.  1.766702E-10
5927.5  1.783349E-10
5930.  1.784522E-10
5932.5  1.796787E-10
5935.  1.843737E-10
5937.5  1.786051E-10
5940.  1.726560E-10
5942.5  1.695452E-10
5945.  1.729926E-10
5947.5  1.762613E-10
5950.  1.765387E-10
5952.5  1.741480E-10
5955.  1.694413E-10
5957.5  1.658292E-10
5960.  1.654533E-10
5962.5  1.716389E-10
5965.  1.710116E-10
5967.5  1.653322E-10
5970.  1.643235E-10
5972.5  1.653765E-10
5975.  1.665442E-10
5977.5  1.661820E-10
5980.  1.646128E-10
5982.5  1.655051E-10
5985.  1.674331E-10
5987.5  1.621913E-10
5990.  1.610424E-10
5992.5  1.618913E-10
5995.  1.620469E-10
5997.5  1.562954E-10
6000.  1.551016E-10
6002.5  1.610593E-10
6005.  1.598136E-10
6007.5  1.548232E-10
6010.  1.526859E-10
6012.5  1.540492E-10
6015.  1.511953E-10
6017.5  1.515753E-10
6020.  1.504108E-10
6022.5  1.460716E-10
6025.  1.371841E-10
6027.5  1.329758E-10
6030.  1.306204E-10
6032.5  1.244061E-10
6035.  1.187190E-10
6037.5  1.119905E-10
6040.  1.059834E-10
6042.5  1.005083E-10
6045.  9.257638E-11
6047.5  9.014317E-11
6050.  8.766199E-11
6052.5  8.322798E-11
6055.  7.809226E-11
6057.5  7.369196E-11
6060.  7.238894E-11
6062.5  7.209621E-11
6065.  7.254722E-11
6067.5  6.922737E-11
6070.  7.110555E-11
6072.5  7.384022E-11
6075.  7.907300E-11
6077.5  8.753432E-11
6080.  9.039755E-11
6082.5  9.567223E-11
6085.  9.854519E-11
6087.5  1.041708E-10
6090.  1.105136E-10
6092.5  1.206038E-10
6095.  1.252346E-10
6097.5  1.271387E-10
6100.  1.270915E-10
6102.5  1.337294E-10
6105.  1.407543E-10
6107.5  1.429852E-10
6110.  1.483175E-10
6112.5  1.545233E-10
6115.  1.550899E-10
6117.5  1.564993E-10
6120.  1.636805E-10
6122.5  1.651340E-10
6125.  1.642355E-10
6127.5  1.704859E-10
6130.  1.759742E-10
6132.5  1.694037E-10
6135.  1.695247E-10
6137.5  1.743374E-10
6140.  1.735145E-10
6142.5  1.741068E-10
6145.  1.730769E-10
6147.5  1.723512E-10
6150.  1.707622E-10
6152.5  1.682817E-10
6155.  1.674198E-10
6157.5  1.612353E-10
6160.  1.574710E-10
6162.5  1.582951E-10
6165.  1.545404E-10
6167.5  1.540522E-10
6170.  1.486639E-10
6172.5  1.463550E-10
6175.  1.497172E-10
6177.5  1.481492E-10
6180.  1.459874E-10
6182.5  1.467601E-10
6185.  1.487693E-10
6187.5  1.443230E-10
6190.  1.497938E-10
6192.5  1.481865E-10
6195.  1.474898E-10
6197.5  1.503092E-10
6200.  1.468613E-10
6202.5  1.467673E-10
6205.  1.495973E-10
6207.5  1.529398E-10
6210.  1.484244E-10
6212.5  1.513035E-10
6215.  1.563637E-10
6217.5  1.560482E-10
6220.  1.554862E-10
6222.5  1.555201E-10
6225.  1.540609E-10
6227.5  1.586679E-10
6230.  1.579311E-10
6232.5  1.553987E-10
6235.  1.544666E-10
6237.5  1.526426E-10
6240.  1.492680E-10
6242.5  1.544187E-10
6245.  1.588070E-10
6247.5  1.572629E-10
6250.  1.550910E-10
6252.5  1.531446E-10
6255.  1.547262E-10
6257.5  1.540022E-10
6260.  1.516959E-10
6262.5  1.480336E-10
6265.  1.483443E-10
6267.5  1.514964E-10
6270.  1.464888E-10
6272.5  1.397698E-10
6275.  1.359506E-10
6277.5  1.296759E-10
6280.  1.300558E-10
6282.5  1.284615E-10
6285.  1.262410E-10
6287.5  1.283803E-10
6290.  1.273548E-10
6292.5  1.228318E-10
6295.  1.212247E-10
6297.5  1.198360E-10
6300.  1.163718E-10
6302.5  1.144597E-10
6305.  1.114516E-10
6307.5  1.041837E-10
6310.  1.015894E-10
6312.5  9.653148E-11
6315.  9.054842E-11
6317.5  8.527884E-11
6320.  8.128514E-11
6322.5  7.247195E-11
6325.  6.676758E-11
6327.5  6.247042E-11
6330.  5.803750E-11
6332.5  5.298400E-11
6335.  4.505512E-11
6337.5  4.192767E-11
6340.  3.773316E-11
6342.5  3.401915E-11
6345.  3.265761E-11
6347.5  2.869829E-11
6350.  2.636942E-11
6352.5  2.408261E-11
6355.  2.241649E-11
6357.5  2.146067E-11
6360.  2.017195E-11
6362.5  1.870453E-11
6365.  2.031917E-11
6367.5  1.844283E-11
6370.  1.838016E-11
6372.5  1.974736E-11
6375.  1.816421E-11
6377.5  1.796109E-11
6380.  2.016509E-11
6382.5  2.166664E-11
6385.  2.263154E-11
6387.5  2.278621E-11
6390.  2.272653E-11
6392.5  2.513371E-11
6395.  2.334673E-11
6397.5  2.392465E-11
6400.  2.292093E-11
6402.5  2.381247E-11
6405.  2.410920E-11
6407.5  2.524160E-11
6410.  2.525935E-11
6412.5  2.651831E-11
6415.  2.921135E-11
6417.5  3.191606E-11
6420.  3.247969E-11
6422.5  3.284685E-11
6425.  3.478233E-11
6427.5  3.793471E-11
6430.  4.267195E-11
6432.5  4.702913E-11
6435.  4.810894E-11
6437.5  5.381540E-11
6440.  5.843297E-11
6442.5  6.209781E-11
6445.  6.761305E-11
6447.5  7.089400E-11
6450.  6.949970E-11
6452.5  7.334804E-11
6455.  7.809917E-11
6457.5  7.753594E-11
6460.  7.850861E-11
6462.5  7.922556E-11
6465.  8.151581E-11
6467.5  8.392783E-11
6470.  8.759078E-11
6472.5  8.667814E-11
6475.  9.306796E-11
6477.5  1.001729E-10
6480.  1.042179E-10
6482.5  1.087445E-10
6485.  1.193464E-10
6487.5  1.322004E-10
6490.  1.402293E-10
6492.5  1.475911E-10
6495.  1.542055E-10
6497.5  1.632303E-10
6500.  1.777762E-10
6502.5  1.878619E-10
6505.  1.994996E-10
6507.5  2.061496E-10
6510.  2.026718E-10
6512.5  2.056218E-10
6515.  2.088672E-10
6517.5  2.191161E-10
6520.  2.271223E-10
6522.5  2.307812E-10
6525.  2.386766E-10
6527.5  2.433325E-10
6530.  2.465574E-10
6532.5  2.543094E-10
6535.  2.667075E-10
6537.5  2.660616E-10
6540.  2.719260E-10
6542.5  2.723114E-10
6545.  2.631362E-10
6547.5  2.660702E-10
6550.  2.684602E-10
6552.5  2.862232E-10
6555.  2.858774E-10
6557.5  2.797165E-10
6560.  2.804932E-10
6562.5  2.829396E-10
6565.  2.891467E-10
6567.5  2.884308E-10
6570.  2.725016E-10
6572.5  2.757803E-10
6575.  2.858749E-10
6577.5  2.856621E-10
6580.  2.799107E-10
6582.5  2.809666E-10
6585.  2.780771E-10
6587.5  2.781193E-10
6590.  2.756565E-10
6592.5  2.673019E-10
6595.  2.633134E-10
6597.5  2.591706E-10
6600.  2.585127E-10
6602.5  2.566534E-10
6605.  2.547866E-10
6607.5  2.513477E-10
6610.  2.546467E-10
6612.5  2.524074E-10
6615.  2.467185E-10
6617.5  2.466475E-10
6620.  2.420828E-10
6622.5  2.433356E-10
6625.  2.393870E-10
6627.5  2.371578E-10
6630.  2.368027E-10
6632.5  2.388268E-10
6635.  2.360306E-10
6637.5  2.243404E-10
6640.  2.219301E-10
6642.5  2.225885E-10
6645.  2.246726E-10
6647.5  2.302786E-10
6650.  2.155448E-10
6652.5  2.115495E-10
6655.  2.234473E-10
6657.5  2.189643E-10
6660.  2.102688E-10
6662.5  2.119814E-10
6665.  2.168935E-10
6667.5  2.104705E-10
6670.  2.074017E-10
6672.5  2.012757E-10
6675.  2.082051E-10
6677.5  2.072946E-10
6680.  2.090483E-10
6682.5  2.069298E-10
6685.  2.055777E-10
6687.5  1.989424E-10
6690.  1.995272E-10
6692.5  1.972391E-10
6695.  2.003648E-10
6697.5  1.950161E-10
6700.  1.941694E-10
6702.5  1.958933E-10
6705.  1.924268E-10
6707.5  1.891897E-10
6710.  1.881415E-10
6712.5  1.894745E-10
6715.  1.835734E-10
6717.5  1.873166E-10
6720.  1.797178E-10
6722.5  1.836499E-10
6725.  1.854228E-10
6727.5  1.757944E-10
6730.  1.720478E-10
6732.5  1.734650E-10
6735.  1.748149E-10
6737.5  1.736496E-10
6740.  1.707854E-10
6742.5  1.677601E-10
6745.  1.714089E-10
6747.5  1.686721E-10
6750.  1.673868E-10
6752.5  1.649211E-10
6755.  1.577120E-10
6757.5  1.607896E-10
6760.  1.588809E-10
6762.5  1.626726E-10
6765.  1.550095E-10
6767.5  1.605607E-10
6770.  1.614840E-10
6772.5  1.556513E-10
6775.  1.543397E-10
6777.5  1.548085E-10
6780.  1.537097E-10
6782.5  1.456244E-10
6785.  1.535227E-10
6787.5  1.481981E-10
6790.  1.441671E-10
6792.5  1.433461E-10
6795.  1.456833E-10
6797.5  1.448089E-10
6800.  1.421270E-10
6802.5  1.477111E-10
6805.  1.482418E-10
6807.5  1.433026E-10
6810.  1.471632E-10
6812.5  1.410769E-10
6815.  1.367309E-10
6817.5  1.420169E-10
6820.  1.457147E-10
6822.5  1.388741E-10
6825.  1.423132E-10
6827.5  1.482735E-10
6830.  1.400444E-10
6832.5  1.335158E-10
6835.  1.350309E-10
6837.5  1.373253E-10
6840.  1.335832E-10
6842.5  1.347363E-10
6845.  1.367313E-10
6847.5  1.325569E-10
6850.  1.328422E-10
6852.5  1.323516E-10
6855.  1.332041E-10
6857.5  1.327887E-10
6860.  1.385583E-10
6862.5  1.390673E-10
6865.  1.212774E-10
6867.5  9.870867E-11
6870.  8.810275E-11
6872.5  9.344792E-11
6875.  1.036937E-10
6877.5  1.200020E-10
6880.  1.247137E-10
6882.5  1.180065E-10
6885.  1.089140E-10
6887.5  1.028172E-10
6890.  1.079662E-10
6892.5  1.101646E-10
6895.  1.087841E-10
6897.5  1.125141E-10
6900.  1.183056E-10
6902.5  1.102239E-10
6905.  1.177720E-10
6907.5  1.208426E-10
6910.  1.143854E-10
6912.5  1.167700E-10
6915.  1.202025E-10
6917.5  1.271823E-10
6920.  1.232989E-10
6922.5  1.107472E-10
6925.  1.165849E-10
6927.5  1.171069E-10
6930.  1.144201E-10
6932.5  1.225374E-10
6935.  1.188123E-10
6937.5  1.096844E-10
6940.  1.063613E-10
6942.5  1.049922E-10
6945.  1.141929E-10
6947.5  1.166418E-10
6950.  1.144261E-10
6952.5  1.152735E-10
6955.  1.164501E-10
6957.5  1.125050E-10
6960.  1.113180E-10
6962.5  1.220080E-10
6965.  1.261727E-10
6967.5  1.261838E-10
6970.  1.276357E-10
6972.5  1.250033E-10
6975.  1.242092E-10
6977.5  1.247030E-10
6980.  1.226476E-10
6982.5  1.207373E-10
6985.  1.192817E-10
6987.5  1.136997E-10
6990.  1.146883E-10
6992.5  1.131665E-10
6995.  1.157470E-10
6997.5  1.108242E-10
7000.  1.185054E-10
7002.5  1.211398E-10
7005.  1.146707E-10
7007.5  1.140947E-10
7010.  1.116549E-10
7012.5  1.047571E-10
7015.  1.176353E-10
7017.5  1.112923E-10
7020.  1.092709E-10
7022.5  1.059057E-10
7025.  1.035232E-10
7027.5  1.016068E-10
7030.  1.175085E-10
7032.5  1.183608E-10
7035.  1.154124E-10
7037.5  1.044338E-10
7040.  1.151783E-10
7042.5  1.102297E-10
7045.  1.104830E-10
7047.5  1.056634E-10
7050.  1.058015E-10
7052.5  9.306551E-11
7055.  1.059455E-10
7057.5  1.030692E-10
7060.  1.195737E-10
7062.5  1.080708E-10
7065.  1.065963E-10
7067.5  1.147716E-10
7070.  1.096294E-10
7072.5  1.084586E-10
7075.  1.067311E-10
7077.5  1.095555E-10
7080.  1.026803E-10
7082.5  1.015330E-10
7085.  1.057275E-10
7087.5  1.058461E-10
7090.  1.068422E-10
7092.5  1.068585E-10
7095.  1.001859E-10
7097.5  1.058633E-10
7100.  9.974713E-11
7102.5  1.037065E-10
7105.  1.024040E-10
7107.5  1.017318E-10
7110.  9.532844E-11
7112.5  9.641623E-11
7115.  1.065902E-10
7117.5  1.042818E-10
7120.  1.052731E-10
7122.5  9.619956E-11
7125.  9.174287E-11
7127.5  9.371964E-11
7130.  1.001886E-10
7132.5  9.358265E-11
7135.  9.118246E-11
7137.5  9.517683E-11
7140.  9.401349E-11
7142.5  9.320225E-11
7145.  9.209025E-11
7147.5  8.599617E-11
7150.  9.315829E-11
7152.5  9.374659E-11
7155.  9.931581E-11
7157.5  9.649408E-11
7160.  9.009354E-11
7162.5  9.004861E-11
7165.  9.610055E-11
7167.5  4.100388E-11
7170.  3.960032E-11
7172.5  3.574216E-11
7175.  3.812210E-11
7177.5  3.708972E-11
7180.  3.181017E-11
7182.5  3.659299E-11
7185.  3.609728E-11
7187.5  2.974144E-11
7190.  2.960571E-11
7192.5  3.459942E-11
7195.  3.501119E-11
7197.5  3.497005E-11
7200.  3.299074E-11
7202.5  3.214393E-11
7205.  3.485793E-11
7207.5  3.154839E-11
7210.  2.978322E-11
7212.5  3.440470E-11
7215.  3.395568E-11
7217.5  3.295132E-11
7220.  1.682990E-18
7222.5  1.682709E-18
7225.  1.682429E-18
7227.5  1.682148E-18
7230.  1.681868E-18
7232.5  1.681587E-18
7235.  1.681307E-18
7237.5  1.681026E-18
7240.  1.680746E-18
7242.5  1.680466E-18
7245.  1.680186E-18
7247.5  1.679905E-18
7250.  1.679625E-18
7252.5  1.679345E-18
7255.  1.679065E-18
7257.5  1.678785E-18
7260.  1.678505E-18
7262.5  1.678225E-18
7265.  1.677946E-18
7267.5  1.677666E-18
7270.  1.677386E-18
7272.5  1.677107E-18
7275.  1.676827E-18
7277.5  1.676548E-18
7280.  1.676268E-18
7282.5  1.675989E-18
7285.  1.675709E-18
7287.5  1.675430E-18
7290.  1.675151E-18
7292.5  1.674872E-18
7295.  1.674593E-18
7297.5  1.674314E-18
