3627.45098198196  1.932397E-16
3629.41143145868  3.935351E-16
3631.37188093541  4.654870E-16
3633.33233041214  9.883920E-18
3635.29277988886  2.593785E-16
3637.25322936559  2.579334E-16
3639.21367884232  2.642201E-16
3641.17412831904  2.839632E-16
3643.13457779577  3.497798E-16
3645.0950272725  3.309302E-16
3647.05547674923  2.421190E-16
3649.01592622595  2.170386E-16
3650.97637570268  3.034243E-16
3652.93682517941  4.678979E-16
3654.89727465614  4.148772E-16
3656.85772413286  3.139026E-16
3658.81817360959  2.788913E-16
3660.77862308632  2.449675E-16
3662.73907256305  2.036825E-16
3664.69952203977  2.079456E-16
3666.6599715165  2.186198E-16
3668.62042099323  2.278701E-16
3670.58087046995  2.372832E-16
3672.54131994668  2.472347E-16
3674.50176942341  2.542414E-16
3676.46221890014  2.694796E-16
3678.42266837686  3.392411E-16
3680.38311785359  2.700405E-16
3682.34356733032  2.040935E-16
3684.30401680705  1.919238E-16
3686.26446628377  2.121452E-16
3688.2249157605  2.405998E-16
3690.18536523723  2.123084E-16
3692.14581471395  2.583842E-16
3694.10626419068  3.474622E-16
3696.06671366741  4.335702E-16
3698.02716314414  3.304231E-16
3699.98761262086  2.272885E-16
3701.94806209759  1.241414E-16
3703.90851157432  1.859611E-16
3705.86896105105  3.181576E-16
3707.82941052777  3.257119E-16
3709.7898600045  3.111772E-16
3711.75030948123  2.689034E-16
3713.71075895795  2.910073E-16
3715.67120843468  3.248529E-16
3717.63165791141  2.902387E-16
3719.59210738814  2.345135E-16
3721.55255686486  2.295060E-16
3723.51300634159  2.492737E-16
3725.47345581832  2.713606E-16
3727.43390529505  2.658906E-16
3729.39435477177  1.928095E-16
3731.3548042485  2.926909E-16
3733.31525372523  4.364849E-16
3735.27570320195  2.907647E-16
3737.23615267868  2.783251E-16
3739.19660215541  3.100153E-16
3741.15705163214  3.089262E-16
3743.11750110886  2.430838E-16
3745.07795058559  2.404068E-16
3747.03840006232  2.768540E-16
3748.99884953905  3.050291E-16
3750.95929901577  3.266190E-16
3752.9197484925  2.847191E-16
3754.88019796923  2.683730E-16
3756.84064744595  2.619771E-16
3758.80109692268  3.196612E-16
3760.76154639941  3.282318E-16
3762.72199587614  2.889562E-16
3764.68244535286  3.751347E-16
3766.64289482959  4.510032E-16
3768.60334430632  3.965384E-16
3770.56379378305  3.272201E-16
3772.52424325977  2.774106E-16
3774.4846927365  3.336159E-16
3776.44514221323  3.523451E-16
3778.40559168996  2.906005E-16
3780.36604116668  2.672231E-16
3782.32649064341  2.949138E-16
3784.28694012014  3.322648E-16
3786.24738959686  3.410357E-16
3788.20783907359  3.435500E-16
3790.16828855032  3.430427E-16
3792.12873802705  3.362245E-16
3794.08918750377  3.407461E-16
3796.0496369805  3.338037E-16
3798.01008645723  3.302611E-16
3799.97053593396  3.572255E-16
3801.93098541068  3.393066E-16
3803.89143488741  3.205923E-16
3805.85188436414  3.275735E-16
3807.81233384086  3.245355E-16
3809.77278331759  3.156117E-16
3811.73323279432  3.314611E-16
3813.69368227105  3.601833E-16
3815.65413174777  3.573286E-16
3817.6145812245  3.594708E-16
3819.57503070123  3.566567E-16
3821.53548017796  3.627228E-16
3823.49592965468  3.777832E-16
3825.45637913141  3.768138E-16
3827.41682860814  3.798933E-16
3829.37727808486  3.631527E-16
3831.33772756159  3.814846E-16
3833.29817703832  3.863486E-16
3835.25862651505  3.689857E-16
3837.21907599177  3.739293E-16
3839.1795254685  3.997092E-16
3841.13997494523  3.824437E-16
3843.10042442196  3.683180E-16
3845.06087389868  3.858637E-16
3847.02132337541  3.768949E-16
3848.98177285214  3.619442E-16
3850.94222232886  3.630050E-16
3852.90267180559  3.696466E-16
3854.86312128232  3.824148E-16
3856.82357075905  3.780603E-16
3858.78402023577  3.674244E-16
3860.7444697125  3.663438E-16
3862.70491918923  3.854351E-16
3864.66536866596  3.945095E-16
3866.62581814268  3.955855E-16
3868.58626761941  4.231310E-16
3870.54671709614  5.199298E-16
3872.50716657286  5.473465E-16
3874.46761604959  5.543704E-16
3876.42806552632  5.276408E-16
3878.38851500305  4.937366E-16
3880.34896447977  4.642074E-16
3882.3094139565  4.704615E-16
3884.26986343323  4.482121E-16
3886.23031290996  4.013252E-16
3888.19076238668  3.900843E-16
3890.15121186341  3.931237E-16
3892.11166134014  3.886020E-16
3894.07211081686  3.948804E-16
3896.03256029359  4.113824E-16
3897.99300977032  4.212260E-16
3899.95345924705  4.179641E-16
3901.91390872377  4.267391E-16
3903.8743582005  4.208562E-16
3905.83480767723  4.186175E-16
3907.79525715396  4.241517E-16
3909.75570663068  4.134672E-16
3911.71615610741  3.997141E-16
3913.67660558414  3.963086E-16
3915.63705506086  3.995763E-16
3917.59750453759  4.005527E-16
3919.55795401432  3.995106E-16
3921.51840349105  3.968501E-16
3923.47885296777  3.918157E-16
3925.4393024445  3.878256E-16
3927.39975192123  3.716616E-16
3929.36020139796  3.787497E-16
3931.32065087468  3.956505E-16
3933.28110035141  3.887118E-16
3935.24154982814  3.874179E-16
3937.20199930487  3.841040E-16
3939.16244878159  3.758494E-16
3941.12289825832  3.728097E-16
3943.08334773505  3.803969E-16
3945.04379721177  3.815053E-16
3947.0042466885  3.791284E-16
3948.96469616523  3.783105E-16
3950.92514564196  3.848395E-16
3952.88559511868  3.757708E-16
3954.84604459541  3.634141E-16
3956.80649407214  3.560747E-16
3958.76694354886  3.723845E-16
3960.72739302559  3.847290E-16
3962.68784250232  3.677757E-16
3964.64829197905  3.575537E-16
3966.60874145577  3.653777E-16
3968.5691909325  3.904525E-16
3970.52964040923  4.086589E-16
3972.49008988596  4.383173E-16
3974.45053936268  4.479756E-16
3976.41098883941  4.453019E-16
3978.37143831614  4.334788E-16
3980.33188779286  4.261285E-16
3982.29233726959  4.187285E-16
3984.25278674632  3.906127E-16
3986.21323622305  3.771132E-16
3988.17368569977  3.724167E-16
3990.1341351765  3.656960E-16
3992.09458465323  3.520238E-16
3994.05503412996  3.455532E-16
3996.01548360668  3.456897E-16
3997.97593308341  3.518106E-16
3999.93638256014  3.416089E-16
4001.89683203686  3.351465E-16
4003.85728151359  3.476912E-16
4005.81773099032  3.540827E-16
4007.77818046705  3.573228E-16
4009.73862994377  3.498572E-16
4011.6990794205  3.544355E-16
4013.65952889723  3.568566E-16
4015.61997837396  3.641897E-16
4017.58042785068  3.710637E-16
4019.54087732741  3.584092E-16
4021.50132680414  3.543652E-16
4023.46177628087  3.564742E-16
4025.42222575759  3.644674E-16
4027.38267523432  3.676715E-16
4029.34312471105  3.644610E-16
4031.30357418777  3.580785E-16
4033.2640236645  3.544091E-16
4035.22447314123  3.621038E-16
4037.18492261796  3.576386E-16
4039.14537209468  3.383337E-16
4041.10582157141  3.255171E-16
4043.06627104814  2.839084E-16
4045.02672052487  2.781294E-16
4046.98717000159  2.742534E-16
4048.94761947832  3.325117E-16
4050.90806895505  3.561582E-16
4052.86851843177  3.577912E-16
4054.8289679085  3.570291E-16
4056.78941738523  3.588249E-16
4058.74986686196  3.582843E-16
4060.71031633868  3.453200E-16
4062.67076581541  3.409404E-16
4064.63121529214  3.556605E-16
4066.59166476887  3.525724E-16
4068.55211424559  3.504684E-16
4070.51256372232  3.623870E-16
4072.47301319905  3.728187E-16
4074.43346267578  3.674614E-16
4076.3939121525  3.675503E-16
4078.35436162923  3.738221E-16
4080.31481110596  3.738960E-16
4082.27526058268  3.806122E-16
4084.23571005941  3.882211E-16
4086.19615953614  3.796611E-16
4088.15660901287  3.702768E-16
4090.11705848959  3.713221E-16
4092.07750796632  3.710875E-16
4094.03795744305  3.671704E-16
4095.99840691977  3.652690E-16
4097.9588563965  3.723995E-16
4099.91930587323  3.829444E-16
4101.87975534996  3.854262E-16
4103.84020482668  3.974710E-16
4105.80065430341  4.018840E-16
4107.76110378014  4.025010E-16
4109.72155325687  4.070354E-16
4111.68200273359  4.078677E-16
4113.64245221032  3.902849E-16
4115.60290168705  3.777321E-16
4117.56335116377  3.734228E-16
4119.5238006405  3.754533E-16
4121.48425011723  3.708522E-16
4123.44469959396  3.555146E-16
4125.40514907068  3.517212E-16
4127.36559854741  3.545148E-16
4129.32604802414  3.603145E-16
4131.28649750086  3.661347E-16
4133.24694697759  3.709821E-16
4135.20739645432  3.632061E-16
4137.16784593105  3.529313E-16
4139.12829540777  3.459587E-16
4141.0887448845  3.413650E-16
4143.04919436123  3.377671E-16
4145.00964383796  3.394887E-16
4146.97009331468  3.443439E-16
4148.93054279141  3.506707E-16
4150.89099226814  3.520750E-16
4152.85144174487  3.507275E-16
4154.81189122159  3.502113E-16
4156.77234069832  3.491746E-16
4158.73279017505  3.487830E-16
4160.69323965177  3.535297E-16
4162.6536891285  3.543216E-16
4164.61413860523  3.456479E-16
4166.57458808196  3.479566E-16
4168.53503755868  3.554185E-16
4170.49548703541  3.497522E-16
4172.45593651214  3.428591E-16
4174.41638598887  3.538394E-16
4176.37683546559  3.645100E-16
4178.33728494232  3.618667E-16
4180.29773441905  3.637261E-16
4182.25818389578  3.605115E-16
4184.2186333725  3.688579E-16
4186.17908284923  3.755789E-16
4188.13953232596  3.735333E-16
4190.09998180268  3.700273E-16
4192.06043127941  3.658460E-16
4194.02088075614  3.564901E-16
4195.98133023287  3.528254E-16
4197.94177970959  3.586366E-16
4199.90222918632  3.566146E-16
4201.86267866305  3.522193E-16
4203.82312813978  3.552287E-16
4205.7835776165  3.551745E-16
4207.74402709323  3.544359E-16
4209.70447656996  3.598267E-16
4211.66492604668  3.662384E-16
4213.62537552341  3.645963E-16
4215.58582500014  3.610374E-16
4217.54627447687  3.583877E-16
4219.50672395359  3.638439E-16
4221.46717343032  3.708094E-16
4223.42762290705  3.731790E-16
4225.38807238377  3.707918E-16
4227.3485218605  3.712293E-16
4229.30897133723  3.620350E-16
4231.26942081396  3.567874E-16
4233.22987029068  3.564737E-16
4235.19031976741  3.536173E-16
4237.15076924414  3.617412E-16
4239.11121872087  3.782447E-16
4241.07166819759  3.821296E-16
4243.03211767432  3.646646E-16
4244.99256715105  3.641924E-16
4246.95301662778  3.766274E-16
4248.9134661045  3.830215E-16
4250.87391558123  3.851817E-16
4252.83436505796  3.763000E-16
4254.79481453468  3.760262E-16
4256.75526401141  3.771450E-16
4258.71571348814  3.829850E-16
4260.67616296487  3.842831E-16
4262.63661244159  3.739597E-16
4264.59706191832  3.720545E-16
4266.55751139505  3.789680E-16
4268.51796087177  3.798083E-16
4270.4784103485  3.810294E-16
4272.43885982523  3.780036E-16
4274.39930930196  3.769282E-16
4276.35975877868  3.766537E-16
4278.32020825541  3.781206E-16
4280.28065773214  3.751650E-16
4282.24110720887  3.722423E-16
4284.20155668559  3.753247E-16
4286.16200616232  3.791551E-16
4288.12245563905  3.827671E-16
4290.08290511578  3.875274E-16
4292.0433545925  3.940008E-16
4294.00380406923  3.944936E-16
4295.96425354596  3.918736E-16
4297.92470302268  3.890719E-16
4299.88515249941  3.891032E-16
4301.84560197614  3.845125E-16
4303.80605145287  3.863600E-16
4305.76650092959  3.993964E-16
4307.72695040632  3.978335E-16
4309.68739988305  3.974636E-16
4311.64784935978  3.971790E-16
4313.6082988365  3.874671E-16
4315.56874831323  3.798193E-16
4317.52919778996  3.889623E-16
4319.48964726668  3.916374E-16
4321.45009674341  3.917459E-16
4323.41054622014  3.961799E-16
4325.37099569687  4.055236E-16
4327.33144517359  4.117913E-16
4329.29189465032  4.147654E-16
4331.25234412705  4.213017E-16
4333.21279360377  4.212805E-16
4335.1732430805  4.180372E-16
4337.13369255723  4.246179E-16
4339.09414203396  4.343593E-16
4341.05459151068  4.504874E-16
4343.01504098741  4.567837E-16
4344.97549046414  4.668622E-16
4346.93593994087  4.724300E-16
4348.89638941759  4.748372E-16
4350.85683889432  4.758532E-16
4352.81728837105  4.771854E-16
4354.77773784778  4.756040E-16
4356.7381873245  4.730639E-16
4358.69863680123  4.667235E-16
4360.65908627796  4.551133E-16
4362.61953575468  4.504468E-16
4364.57998523141  4.470333E-16
4366.54043470814  4.574627E-16
4368.50088418487  4.824979E-16
4370.46133366159  4.867388E-16
4372.42178313832  4.839690E-16
4374.38223261505  4.767673E-16
4376.34268209178  4.675079E-16
4378.3031315685  4.466167E-16
4380.26358104523  4.358775E-16
4382.22403052196  4.262972E-16
4384.18447999868  4.036107E-16
4386.14492947541  3.978184E-16
4388.10537895214  3.999284E-16
4390.06582842887  3.991550E-16
4392.02627790559  4.010407E-16
4393.98672738232  4.044964E-16
4395.94717685905  4.039332E-16
4397.90762633578  3.996353E-16
4399.8680758125  3.952709E-16
4401.82852528923  3.928577E-16
4403.78897476596  3.907729E-16
4405.74942424268  3.876813E-16
4407.70987371941  3.887164E-16
4409.67032319614  3.586450E-16
4411.63077267287  3.112987E-16
4413.59122214959  3.564120E-16
4415.55167162632  3.877833E-16
4417.51212110305  3.919708E-16
4419.47257057978  3.954402E-16
4421.4330200565  4.032549E-16
4423.39346953323  4.163126E-16
4425.35391900996  4.152663E-16
4427.31436848668  4.070791E-16
4429.27481796341  4.089202E-16
4431.23526744014  4.081074E-16
4433.19571691687  3.977826E-16
4435.15616639359  3.951616E-16
4437.11661587032  3.951713E-16
4439.07706534705  3.949686E-16
4441.03751482377  3.954459E-16
4442.9979643005  3.921182E-16
4444.95841377723  3.925434E-16
4446.91886325396  3.988508E-16
4448.87931273068  3.987787E-16
4450.83976220741  3.993467E-16
4452.80021168414  3.983665E-16
4454.76066116087  3.954625E-16
4456.72111063759  3.974554E-16
4458.68156011432  3.991780E-16
4460.64200959105  4.025730E-16
4462.60245906778  3.944663E-16
4464.5629085445  3.880102E-16
4466.52335802123  3.908186E-16
4468.48380749796  3.931092E-16
4470.44425697469  3.915077E-16
4472.40470645141  3.964322E-16
4474.36515592814  4.027051E-16
4476.32560540487  4.104998E-16
4478.2860548816  4.174148E-16
4480.24650435832  4.227207E-16
4482.20695383505  4.164429E-16
4484.16740331178  4.079417E-16
4486.1278527885  4.110397E-16
4488.08830226523  4.094199E-16
4490.04875174196  4.022514E-16
4492.00920121869  3.997021E-16
4493.96965069541  3.963600E-16
4495.93010017214  3.979917E-16
4497.89054964887  4.027698E-16
4499.85099912559  4.000051E-16
4501.81144860232  3.978953E-16
4503.77189807905  3.980177E-16
4505.73234755578  3.923444E-16
4507.6927970325  3.856056E-16
4509.65324650923  3.805501E-16
4511.61369598596  3.774828E-16
4513.57414546269  3.754930E-16
4515.53459493941  3.774910E-16
4517.49504441614  3.769230E-16
4519.45549389287  3.746134E-16
4521.41594336959  3.761862E-16
4523.37639284632  3.826645E-16
4525.33684232305  3.823155E-16
4527.29729179978  3.815404E-16
4529.2577412765  3.824000E-16
4531.21819075323  3.812100E-16
4533.17864022996  3.794950E-16
4535.13908970668  3.765915E-16
4537.09953918341  3.731226E-16
4539.05998866014  3.764176E-16
4541.02043813687  3.774764E-16
4542.98088761359  3.776618E-16
4544.94133709032  3.743163E-16
4546.90178656705  3.686558E-16
4548.86223604378  3.649879E-16
4550.8226855205  3.614144E-16
4552.78313499723  3.641529E-16
4554.74358447396  3.680407E-16
4556.70403395069  3.753636E-16
4558.66448342741  3.791992E-16
4560.62493290414  3.787944E-16
4562.58538238087  3.727622E-16
4564.54583185759  3.691218E-16
4566.50628133432  3.633299E-16
4568.46673081105  3.621829E-16
4570.42718028778  3.620436E-16
4572.3876297645  3.619930E-16
4574.34807924123  3.586032E-16
4576.30852871796  3.510342E-16
4578.26897819469  3.511156E-16
4580.22942767141  3.553986E-16
4582.18987714814  3.577018E-16
4584.15032662487  3.636242E-16
4586.11077610159  3.634803E-16
4588.07122557832  3.588809E-16
4590.03167505505  3.585363E-16
4591.99212453178  3.585164E-16
4593.9525740085  3.578253E-16
4595.91302348523  3.566793E-16
4597.87347296196  3.543447E-16
4599.83392243869  3.525799E-16
4601.79437191541  3.484372E-16
4603.75482139214  3.394759E-16
4605.71527086887  3.371181E-16
4607.6757203456  3.380777E-16
4609.63616982232  3.330565E-16
4611.59661929905  3.312955E-16
4613.55706877578  3.369461E-16
4615.5175182525  3.367720E-16
4617.47796772923  3.325892E-16
4619.43841720596  3.261877E-16
4621.39886668269  3.248891E-16
4623.35931615941  3.284940E-16
4625.31976563614  3.309963E-16
4627.28021511287  3.355479E-16
4629.24066458959  3.358833E-16
4631.20111406632  3.345746E-16
4633.16156354305  3.355730E-16
4635.12201301978  3.432526E-16
4637.0824624965  3.553815E-16
4639.04291197323  3.533166E-16
4641.00336144996  3.472455E-16
4642.96381092669  3.465867E-16
4644.92426040341  3.469765E-16
4646.88470988014  3.416651E-16
4648.84515935687  3.398788E-16
4650.8056088336  3.415977E-16
4652.76605831032  3.403005E-16
4654.72650778705  3.373142E-16
4656.68695726378  3.293074E-16
4658.6474067405  3.252609E-16
4660.60785621723  3.269748E-16
4662.56830569396  3.309044E-16
4664.52875517069  3.315879E-16
4666.48920464741  3.355407E-16
4668.44965412414  3.408289E-16
4670.41010360087  3.450669E-16
4672.37055307759  3.434278E-16
4674.33100255432  3.402450E-16
4676.29145203105  3.326151E-16
4678.25190150778  3.271252E-16
4680.2123509845  3.295014E-16
4682.17280046123  3.300943E-16
4684.13324993796  3.282281E-16
4686.09369941469  3.341564E-16
4688.05414889141  3.397670E-16
4690.01459836814  3.392910E-16
4691.97504784487  3.421278E-16
4693.9354973216  3.444382E-16
4695.89594679832  3.433828E-16
4697.85639627505  3.401982E-16
4699.81684575178  3.377389E-16
4701.7772952285  3.369732E-16
4703.73774470523  3.352721E-16
4705.69819418196  3.327955E-16
4707.65864365869  3.332679E-16
4709.61909313541  3.297750E-16
4711.57954261214  3.271279E-16
4713.53999208887  3.257085E-16
4715.50044156559  3.258469E-16
4717.46089104232  3.318350E-16
4719.42134051905  3.292531E-16
4721.38178999578  3.273217E-16
4723.3422394725  3.327224E-16
4725.30268894923  3.318036E-16
4727.26313842596  3.234949E-16
4729.22358790269  3.232128E-16
4731.18403737941  3.282572E-16
4733.14448685614  3.302485E-16
4735.10493633287  3.291176E-16
4737.0653858096  3.250734E-16
4739.02583528632  3.237199E-16
4740.98628476305  3.210099E-16
4742.94673423978  3.187256E-16
4744.9071837165  3.198991E-16
4746.86763319323  3.201713E-16
4748.82808266996  3.186468E-16
4750.78853214669  3.177335E-16
4752.74898162341  3.154620E-16
4754.70943110014  3.191471E-16
4756.66988057687  3.271708E-16
4758.6303300536  3.300515E-16
4760.59077953032  3.222956E-16
4762.55122900705  3.201325E-16
4764.51167848378  3.267761E-16
4766.47212796051  3.274175E-16
4768.43257743723  3.269558E-16
4770.39302691396  3.273480E-16
4772.35347639069  3.280199E-16
4774.31392586741  3.305600E-16
4776.27437534414  3.330335E-16
4778.23482482087  3.354422E-16
4780.19527429759  3.365347E-16
4782.15572377432  3.373838E-16
4784.11617325105  3.365627E-16
4786.07662272778  3.331882E-16
4788.03707220451  3.332483E-16
4789.99752168123  3.329822E-16
4791.95797115796  3.294854E-16
4793.91842063469  3.315850E-16
4795.87887011141  3.345583E-16
4797.83931958814  3.246921E-16
4799.79976906487  3.199094E-16
4801.7602185416  3.265802E-16
4803.72066801832  3.299594E-16
4805.68111749505  3.338621E-16
4807.64156697178  3.393567E-16
4809.6020164485  3.403919E-16
4811.56246592523  3.392675E-16
4813.52291540196  3.387527E-16
4815.48336487869  3.396099E-16
4817.44381435541  3.455354E-16
4819.40426383214  3.536871E-16
4821.36471330887  3.602163E-16
4823.3251627856  3.644198E-16
4825.28561226232  3.665918E-16
4827.24606173905  3.674802E-16
4829.20651121578  3.659412E-16
4831.1669606925  3.670028E-16
4833.12741016923  3.686079E-16
4835.08785964596  3.701533E-16
4837.04830912269  3.763484E-16
4839.00875859941  3.906698E-16
4840.96920807614  3.956742E-16
4842.92965755287  4.009553E-16
4844.89010702959  4.111977E-16
4846.85055650632  4.235906E-16
4848.81100598305  4.392917E-16
4850.77145545978  4.498644E-16
4852.7319049365  4.715599E-16
4854.69235441323  4.860914E-16
4856.65280388996  4.998035E-16
4858.61325336669  5.138085E-16
4860.57370284341  5.236716E-16
4862.53415232014  5.398805E-16
4864.49460179687  5.569335E-16
4866.4550512736  5.999167E-16
4868.41550075032  6.136579E-16
4870.37595022705  6.209251E-16
4872.33639970378  6.101090E-16
4874.29684918051  6.085064E-16
4876.25729865723  5.936852E-16
4878.21774813396  5.306266E-16
4880.17819761069  4.536686E-16
4882.13864708741  4.855273E-16
4884.09909656414  5.009319E-16
4886.05954604087  4.801642E-16
4888.0199955176  4.640676E-16
4889.98044499432  4.418821E-16
4891.94089447105  4.246924E-16
4893.90134394778  4.087207E-16
4895.86179342451  3.965576E-16
4897.82224290123  3.854207E-16
4899.78269237796  3.818949E-16
4901.74314185469  3.810292E-16
4903.70359133141  3.755397E-16
4905.66404080814  3.712470E-16
4907.62449028487  3.697923E-16
4909.5849397616  3.635770E-16
4911.54538923832  3.604288E-16
4913.50583871505  3.624221E-16
4915.46628819178  3.661418E-16
4917.42673766851  3.672482E-16
4919.38718714523  3.662996E-16
4921.34763662196  3.691077E-16
4923.30808609869  3.707452E-16
4925.26853557541  3.704880E-16
4927.22898505214  3.753083E-16
4929.18943452887  3.781805E-16
4931.1498840056  3.777566E-16
4933.11033348232  3.771851E-16
4935.07078295905  3.760214E-16
4937.03123243578  3.716298E-16
4938.9916819125  3.673365E-16
4940.95213138923  3.679317E-16
4942.91258086596  3.654396E-16
4944.87303034269  3.578040E-16
4946.83347981941  3.583038E-16
4948.79392929614  3.601533E-16
4950.75437877287  3.512218E-16
4952.7148282496  3.446204E-16
4954.67527772632  3.490063E-16
4956.63572720305  3.541254E-16
4958.59617667978  3.553953E-16
4960.55662615651  3.585296E-16
4962.51707563323  3.678650E-16
4964.47752510996  3.799714E-16
4966.43797458669  3.878930E-16
4968.39842406341  3.993219E-16
4970.35887354014  3.994347E-16
4972.31932301687  3.902846E-16
4974.2797724936  3.806308E-16
4976.24022197032  3.699754E-16
4978.20067144705  3.594377E-16
4980.16112092378  3.553876E-16
4982.12157040051  3.560659E-16
4984.08201987723  3.529274E-16
4986.04246935396  3.474052E-16
4988.00291883069  3.496729E-16
4989.96336830741  3.505412E-16
4991.92381778414  3.490496E-16
4993.88426726087  3.488872E-16
4995.84471673759  3.495387E-16
4997.80516621432  3.503959E-16
4999.76561569105  3.551198E-16
5001.72606516778  3.582676E-16
5003.68651464451  3.585706E-16
5005.64696412123  3.576055E-16
5007.60741359796  3.641783E-16
5009.56786307469  4.090489E-16
5011.52831255141  4.433724E-16
5013.48876202814  4.823991E-16
5015.44921150487  5.267254E-16
5017.4096609816  5.402931E-16
5019.37011045832  5.181787E-16
5021.33055993505  5.056896E-16
5023.29100941178  4.692549E-16
5025.25145888851  4.323904E-16
5027.21190836523  3.913239E-16
5029.17235784196  3.861527E-16
5031.13280731869  3.813802E-16
5033.09325679541  3.681204E-16
5035.05370627214  3.654164E-16
5037.01415574887  3.620700E-16
5038.9746052256  3.588953E-16
5040.93505470232  3.556211E-16
5042.89550417905  3.561216E-16
5044.85595365578  3.645070E-16
5046.81640313251  3.761381E-16
5048.77685260923  3.805183E-16
5050.73730208596  3.694285E-16
5052.69775156269  3.696967E-16
5054.65820103942  3.701260E-16
5056.61865051614  3.616890E-16
5058.57909999287  3.567601E-16
5060.5395494696  3.558264E-16
5062.49999894632  3.580543E-16
5064.46044842305  3.632466E-16
5066.42089789978  3.608173E-16
5068.38134737651  3.556143E-16
5070.34179685323  3.584084E-16
5072.30224632996  3.600171E-16
5074.26269580669  3.560406E-16
5076.22314528341  3.547136E-16
5078.18359476014  3.557283E-16
5080.14404423687  3.541878E-16
5082.1044937136  3.523937E-16
5084.06494319032  3.544540E-16
5086.02539266705  3.556463E-16
5087.98584214378  3.513458E-16
5089.94629162051  3.487105E-16
5091.90674109723  3.503219E-16
5093.86719057396  3.484940E-16
5095.82764005069  3.461552E-16
5097.78808952741  3.488840E-16
5099.74853900414  3.494864E-16
5101.70898848087  3.512441E-16
5103.6694379576  3.539561E-16
5105.62988743432  3.460095E-16
5107.59033691105  3.439909E-16
5109.55078638778  3.509557E-16
5111.51123586451  3.523905E-16
5113.47168534123  3.507127E-16
5115.43213481796  3.501555E-16
5117.39258429469  3.513838E-16
5119.35303377141  3.514439E-16
5121.31348324814  3.503542E-16
5123.27393272487  3.523327E-16
5125.2343822016  3.545027E-16
5127.19483167832  3.542316E-16
5129.15528115505  3.503410E-16
5131.11573063178  3.489928E-16
5133.07618010851  3.541897E-16
5135.03662958523  3.543162E-16
5136.99707906196  3.526580E-16
5138.95752853869  3.480654E-16
5140.91797801541  3.432033E-16
5142.87842749214  3.404242E-16
5144.83887696887  3.402052E-16
5146.7993264456  3.446183E-16
5148.75977592232  3.476477E-16
5150.72022539905  3.468536E-16
5152.68067487578  3.460224E-16
5154.64112435251  3.443999E-16
5156.60157382923  3.466951E-16
5158.56202330596  3.517309E-16
5160.52247278269  3.564818E-16
5162.48292225942  3.585217E-16
5164.44337173614  3.573794E-16
5166.40382121287  3.554813E-16
5168.3642706896  3.551549E-16
5170.32472016633  3.588243E-16
5172.28516964305  3.605822E-16
5174.24561911978  3.615600E-16
5176.20606859651  3.587145E-16
5178.16651807323  3.490358E-16
5180.12696754996  3.462200E-16
5182.08741702669  3.449691E-16
5184.04786650342  3.415537E-16
5186.00831598014  3.401540E-16
5187.96876545687  3.432096E-16
5189.9292149336  3.420276E-16
5191.88966441032  3.352984E-16
5193.85011388705  3.352383E-16
5195.81056336378  3.387048E-16
5197.77101284051  3.319534E-16
5199.73146231723  3.245239E-16
5201.69191179396  3.257605E-16
5203.65236127069  3.272933E-16
5205.61281074742  3.309389E-16
5207.57326022414  3.334545E-16
5209.53370970087  3.363555E-16
5211.4941591776  3.359536E-16
5213.45460865433  3.333964E-16
5215.41505813105  3.247485E-16
5217.37550760778  3.188770E-16
5219.33595708451  3.216285E-16
5221.29640656123  3.238742E-16
5223.25685603796  3.225357E-16
5225.21730551469  3.215189E-16
5227.17775499141  3.233519E-16
5229.13820446814  3.262122E-16
5231.09865394487  3.258569E-16
5233.0591034216  3.234938E-16
5235.01955289832  3.249677E-16
5236.98000237505  3.297641E-16
5238.94045185178  3.293723E-16
5240.90090132851  3.249242E-16
5242.86135080523  3.245009E-16
5244.82180028196  3.247648E-16
5246.78224975869  3.274345E-16
5248.74269923542  3.279968E-16
5250.70314871214  3.193729E-16
5252.66359818887  3.130071E-16
5254.6240476656  3.057511E-16
5256.58449714232  3.054658E-16
5258.54494661905  3.108739E-16
5260.50539609578  3.091172E-16
5262.46584557251  3.065935E-16
5264.42629504923  3.175311E-16
5266.38674452596  3.281355E-16
5268.34719400269  3.191352E-16
5270.30764347942  3.105150E-16
5272.26809295614  3.077054E-16
5274.22854243287  3.081069E-16
5276.1889919096  3.100145E-16
5278.14944138632  3.187282E-16
5280.10989086305  3.251806E-16
5282.07034033978  3.276527E-16
5284.03078981651  3.262561E-16
5285.99123929323  3.224593E-16
5287.95168876996  3.190934E-16
5289.91213824669  3.175822E-16
5291.87258772342  3.142905E-16
5293.83303720014  3.086422E-16
5295.79348667687  3.023449E-16
5297.7539361536  2.993192E-16
5299.71438563033  2.938026E-16
5301.67483510705  2.942760E-16
5303.63528458378  2.987895E-16
5305.59573406051  2.959651E-16
5307.55618353723  2.941320E-16
5309.51663301396  2.980229E-16
5311.47708249069  3.006951E-16
5313.43753196742  3.010509E-16
5315.39798144414  3.028729E-16
5317.35843092087  3.013107E-16
5319.3188803976  2.980764E-16
5321.27932987433  2.991286E-16
5323.23977935105  3.041908E-16
5325.20022882778  3.032223E-16
5327.16067830451  2.993035E-16
5329.12112778123  2.965782E-16
5331.08157725796  2.956577E-16
5333.04202673469  2.952833E-16
5335.00247621142  2.910512E-16
5336.96292568814  2.859925E-16
5338.92337516487  2.866078E-16
5340.8838246416  2.894144E-16
5342.84427411833  2.869029E-16
5344.80472359505  2.797887E-16
5346.76517307178  2.802503E-16
5348.72562254851  2.842495E-16
5350.68607202523  2.852345E-16
5352.64652150196  2.836780E-16
5354.60697097869  2.787988E-16
5356.56742045541  2.746341E-16
5358.52786993214  2.653996E-16
5360.48831940887  2.616077E-16
5362.4487688856  2.613614E-16
5364.40921836232  2.622645E-16
5366.36966783905  2.645914E-16
5368.33011731578  2.642138E-16
5370.29056679251  2.634285E-16
5372.25101626923  2.663483E-16
5374.21146574596  2.685207E-16
5376.17191522269  2.692332E-16
5378.13236469942  2.693279E-16
5380.09281417614  2.672700E-16
5382.05326365287  2.626271E-16
5384.0137131296  2.601288E-16
5385.97416260633  2.687311E-16
5387.93461208305  2.711434E-16
5389.89506155978  2.640248E-16
5391.85551103651  2.580661E-16
5393.81596051323  2.552978E-16
5395.77640998996  2.547812E-16
5397.73685946669  2.551837E-16
5399.69730894342  2.562127E-16
5401.65775842014  2.541589E-16
5403.61820789687  2.512953E-16
5405.5786573736  2.517053E-16
5407.53910685032  2.544978E-16
5409.49955632705  2.541550E-16
5411.46000580378  2.505035E-16
5413.42045528051  2.461988E-16
5415.38090475723  2.462984E-16
5417.34135423396  2.529849E-16
5419.30180371069  2.566228E-16
5421.26225318742  2.566304E-16
5423.22270266414  2.558349E-16
5425.18315214087  2.560377E-16
5427.1436016176  2.569011E-16
5429.10405109433  2.541696E-16
5431.06450057105  2.489855E-16
5433.02495004778  2.462739E-16
5434.98539952451  2.458007E-16
5436.94584900123  2.430051E-16
5438.90629847796  2.413276E-16
5440.86674795469  2.448057E-16
5442.82719743142  2.463886E-16
5444.78764690814  2.423406E-16
5446.74809638487  2.370555E-16
5448.7085458616  2.362682E-16
5450.66899533833  2.352231E-16
5452.62944481505  2.316140E-16
5454.58989429178  2.338202E-16
5456.55034376851  2.330311E-16
5458.51079324524  2.380505E-16
5460.47124272196  2.590845E-16
5462.43169219869  2.558663E-16
5464.39214167542  2.401254E-16
5466.35259115214  2.348014E-16
5468.31304062887  2.385310E-16
5470.2734901056  2.377290E-16
5472.23393958233  2.343525E-16
5474.19438905905  2.137958E-16
5476.15483853578  1.989742E-16
5478.11528801251  1.919076E-16
5480.07573748924  1.962062E-16
5482.03618696596  2.006815E-16
5483.99663644269  2.064828E-16
5485.95708591942  2.107261E-16
5487.91753539614  2.144350E-16
5489.87798487287  2.175196E-16
5491.8384343496  2.170624E-16
5493.79888382633  2.177370E-16
5495.75933330305  2.183304E-16
5497.71978277978  2.205617E-16
5499.68023225651  2.194474E-16
5501.64068173323  2.170816E-16
5503.60113120996  2.168367E-16
5505.56158068669  2.137645E-16
5507.52203016342  2.111135E-16
5509.48247964015  2.100207E-16
5511.44292911687  2.129388E-16
5513.4033785936  2.170104E-16
5515.36382807033  2.139908E-16
5517.32427754705  2.099342E-16
5519.28472702378  2.027991E-16
5521.24517650051  2.012381E-16
5523.20562597723  2.070161E-16
5525.16607545396  2.078772E-16
5527.12652493069  2.026559E-16
5529.08697440742  1.995800E-16
5531.04742388414  2.006349E-16
5533.00787336087  2.023798E-16
5534.9683228376  2.052043E-16
5536.92877231433  2.101850E-16
5538.88922179105  2.123445E-16
5540.84967126778  2.096760E-16
5542.81012074451  2.081261E-16
5544.77057022123  2.104212E-16
5546.73101969796  2.126058E-16
5548.69146917469  2.087590E-16
5550.65191865142  2.033937E-16
5552.61236812814  1.994552E-16
5554.57281760487  1.973726E-16
5556.5332670816  1.984634E-16
5558.49371655833  1.951029E-16
5560.45416603505  1.915905E-16
5562.41461551178  1.912078E-16
5564.37506498851  1.923280E-16
5566.33551446523  2.001048E-16
5568.29596394196  1.963708E-16
5570.25641341869  1.862809E-16
5572.21686289542  1.853331E-16
5574.17731237214  1.863657E-16
5576.13776184887  2.030813E-16
5578.0982113256  2.135559E-16
5580.05866080233  1.940035E-16
5582.01911027905  1.842440E-16
5583.97955975578  1.835896E-16
5585.94000923251  1.835957E-16
5587.90045870923  1.820521E-16
5589.86090818596  1.863215E-16
5591.82135766269  1.879814E-16
5593.78180713942  1.802336E-16
5595.74225661615  1.783714E-16
5597.70270609287  1.818651E-16
5599.6631555696  1.795854E-16
5601.62360504633  1.788528E-16
5603.58405452305  1.795995E-16
5605.54450399978  1.766711E-16
5607.50495347651  1.726904E-16
5609.46540295324  1.707914E-16
5611.42585242996  1.687148E-16
5613.38630190669  1.687906E-16
5615.34675138342  1.678272E-16
5617.30720086015  1.655233E-16
5619.26765033687  1.642636E-16
5621.2280998136  1.644709E-16
5623.18854929033  1.678652E-16
5625.14899876705  1.667111E-16
5627.10944824378  1.650513E-16
5629.06989772051  1.628585E-16
5631.03034719723  1.588129E-16
5632.99079667396  1.564235E-16
5634.95124615069  1.581696E-16
5636.91169562742  1.622942E-16
5638.87214510414  1.605554E-16
5640.83259458087  1.559974E-16
5642.7930440576  1.571704E-16
5644.75349353433  1.603253E-16
5646.71394301105  1.577598E-16
5648.67439248778  1.534437E-16
5650.63484196451  1.499408E-16
5652.59529144124  1.521711E-16
5654.55574091796  1.565963E-16
5656.51619039469  1.585484E-16
5658.47663987142  1.586096E-16
5660.43708934814  1.583506E-16
5662.39753882487  1.558265E-16
5664.3579883016  1.545191E-16
5666.31843777833  1.576194E-16
5668.27888725505  1.574531E-16
5670.23933673178  1.562663E-16
5672.19978620851  1.555306E-16
5674.16023568523  1.560791E-16
5676.12068516196  1.555496E-16
5678.08113463869  1.582004E-16
5680.04158411542  1.583517E-16
5682.00203359214  1.570745E-16
5683.96248306887  1.594288E-16
5685.9229325456  1.676107E-16
5687.88338202233  1.691055E-16
5689.84383149905  1.673128E-16
5691.80428097578  1.663527E-16
5693.76473045251  1.661673E-16
5695.72517992924  1.661204E-16
5697.68562940596  1.666976E-16
5699.64607888269  1.671946E-16
5701.60652835942  1.681865E-16
5703.56697783615  1.676354E-16
5705.52742731287  1.667386E-16
5707.4878767896  1.671721E-16
5709.44832626633  1.705074E-16
5711.40877574305  1.698383E-16
5713.36922521978  1.678474E-16
5715.32967469651  1.684584E-16
5717.29012417323  1.682823E-16
5719.25057364996  1.680644E-16
5721.21102312669  1.669342E-16
5723.17147260342  1.677759E-16
5725.13192208015  1.703882E-16
5727.09237155687  1.743441E-16
5729.0528210336  1.761510E-16
5731.01327051033  1.761773E-16
5732.97371998705  1.761871E-16
5734.93416946378  1.737399E-16
5736.89461894051  1.729719E-16
5738.85506841724  1.718635E-16
5740.81551789396  1.712455E-16
5742.77596737069  1.742994E-16
5744.73641684742  1.746837E-16
5746.69686632414  1.695295E-16
5748.65731580087  1.694937E-16
5750.6177652776  1.759267E-16
5752.57821475433  1.785305E-16
5754.53866423105  1.786026E-16
5756.49911370778  1.814326E-16
5758.45956318451  1.892301E-16
5760.42001266124  1.949034E-16
5762.38046213796  1.968619E-16
5764.34091161469  2.075215E-16
5766.30136109142  2.244252E-16
5768.26181056814  2.347408E-16
5770.22226004487  2.386313E-16
5772.1827095216  2.328168E-16
5774.14315899833  2.162094E-16
5776.10360847505  1.988064E-16
5778.06405795178  1.840740E-16
5780.02450742851  1.811637E-16
5781.98495690524  1.815407E-16
5783.94540638196  1.751382E-16
5785.90585585869  1.725478E-16
5787.86630533542  1.729516E-16
5789.82675481215  1.720595E-16
5791.78720428887  1.688856E-16
5793.7476537656  1.685201E-16
5795.70810324233  1.747018E-16
5797.66855271905  1.770823E-16
5799.62900219578  1.769335E-16
5801.58945167251  1.756768E-16
5803.54990114924  1.743111E-16
5805.51035062596  1.761388E-16
5807.47080010269  1.838468E-16
5809.43124957942  1.835861E-16
5811.39169905615  1.736005E-16
5813.35214853287  1.729575E-16
5815.3125980096  1.816302E-16
5817.27304748633  1.851040E-16
5819.23349696305  1.812884E-16
5821.19394643978  1.803597E-16
5823.15439591651  1.824060E-16
5825.11484539324  1.825823E-16
5827.07529486996  1.793124E-16
5829.03574434669  1.770496E-16
5830.99619382342  1.763144E-16
5832.95664330015  1.759991E-16
5834.91709277687  1.751687E-16
5836.8775422536  1.746595E-16
5838.83799173033  1.749279E-16
5840.79844120705  1.750235E-16
5842.75889068378  1.746272E-16
5844.71934016051  1.784556E-16
5846.67978963723  1.815805E-16
5848.64023911396  1.820690E-16
5850.60068859069  1.815411E-16
5852.56113806742  1.782387E-16
5854.52158754414  1.790597E-16
5856.48203702087  1.843769E-16
5858.4424864976  1.867373E-16
5860.40293597433  1.858754E-16
5862.36338545105  1.845780E-16
5864.32383492778  1.870882E-16
5866.28428440451  1.894001E-16
5868.24473388124  1.920975E-16
5870.20518335796  1.940060E-16
5872.16563283469  2.000386E-16
5874.12608231142  2.035799E-16
5876.08653178814  2.011380E-16
5878.04698126487  2.017190E-16
5880.0074307416  2.080702E-16
5881.96788021833  2.157919E-16
5883.92832969505  2.308609E-16
5885.88877917178  2.370724E-16
5887.84922864851  2.462969E-16
5889.80967812524  2.517031E-16
5891.77012760196  2.551458E-16
5893.73057707869  2.548875E-16
5895.69102655542  2.483498E-16
5897.65147603215  2.376179E-16
5899.61192550887  2.183727E-16
5901.5723749856  2.130930E-16
5903.53282446233  2.091682E-16
5905.49327393905  2.062471E-16
5907.45372341578  2.058379E-16
5909.41417289251  2.054544E-16
5911.37462236924  2.051877E-16
5913.33507184596  2.026102E-16
5915.29552132269  1.986515E-16
5917.25597079942  1.959670E-16
5919.21642027615  1.946166E-16
5921.17686975287  1.930624E-16
5923.1373192296  1.923411E-16
5925.09776870633  1.917319E-16
5927.05821818305  1.907444E-16
5929.01866765978  1.916422E-16
5930.97911713651  1.941245E-16
5932.93956661324  1.919251E-16
5934.90001608996  1.870095E-16
5936.86046556669  1.846398E-16
5938.82091504342  1.838206E-16
5940.78136452015  1.871167E-16
5942.74181399687  1.907298E-16
5944.7022634736  1.872041E-16
5946.66271295033  1.826312E-16
5948.62316242705  1.790135E-16
5950.58361190378  1.762633E-16
5952.54406138051  1.787872E-16
5954.50451085724  1.830033E-16
5956.46496033396  1.823915E-16
5958.42540981069  1.802411E-16
5960.38585928742  1.767085E-16
5962.34630876415  1.756169E-16
5964.30675824087  1.794348E-16
5966.2672077176  1.809059E-16
5968.22765719433  1.804250E-16
5970.18810667106  1.805657E-16
5972.14855614778  1.827294E-16
5974.10900562451  1.833443E-16
5976.06945510124  1.828056E-16
5978.02990457796  1.801499E-16
5979.99035405469  1.771414E-16
5981.95080353142  1.798852E-16
5983.91125300814  1.844702E-16
5985.87170248487  1.844339E-16
5987.8321519616  1.822281E-16
5989.79260143833  1.840566E-16
5991.75305091505  1.923871E-16
5993.71350039178  1.944411E-16
5995.67394986851  1.840819E-16
5997.63439934524  1.774451E-16
5999.59484882196  1.854642E-16
6001.55529829869  1.912056E-16
6003.51574777542  1.907495E-16
6005.47619725215  1.887158E-16
6007.43664672887  1.875340E-16
6009.3970962056  1.900331E-16
6011.35754568233  1.948458E-16
6013.31799515905  1.953675E-16
6015.27844463578  1.892765E-16
6017.23889411251  1.850612E-16
6019.19934358924  1.806995E-16
6021.15979306597  1.794148E-16
6023.12024254269  1.760783E-16
6025.08069201942  1.768495E-16
6027.04114149615  1.857061E-16
6029.00159097287  1.896728E-16
6030.9620404496  1.904677E-16
6032.92248992633  1.886475E-16
6034.88293940305  1.892707E-16
6036.84338887978  1.922891E-16
6038.80383835651  1.907403E-16
6040.76428783324  1.887623E-16
6042.72473730996  1.874207E-16
6044.68518678669  1.883550E-16
6046.64563626342  1.927034E-16
6048.60608574015  1.936030E-16
6050.56653521687  1.921200E-16
6052.5269846936  1.899452E-16
6054.48743417033  1.856513E-16
6056.44788364705  1.854919E-16
6058.40833312378  1.864437E-16
6060.36878260051  1.855789E-16
6062.32923207724  1.878581E-16
6064.28968155396  1.858964E-16
6066.25013103069  1.795197E-16
6068.21058050742  1.801473E-16
6070.17102998415  1.849654E-16
6072.13147946087  1.857570E-16
6074.0919289376  1.846800E-16
6076.05237841433  1.841970E-16
6078.01282789106  1.843059E-16
6079.97327736778  1.860345E-16
6081.93372684451  1.842789E-16
6083.89417632124  1.810723E-16
6085.85462579796  1.800124E-16
6087.81507527469  1.768802E-16
6089.77552475142  1.730036E-16
6091.73597422815  1.765908E-16
6093.69642370487  1.824096E-16
6095.6568731816  1.833491E-16
6097.61732265833  1.822145E-16
6099.57777213506  1.896100E-16
6101.53822161178  1.966524E-16
6103.49867108851  1.949817E-16
6105.45912056524  1.940902E-16
6107.41957004196  1.944467E-16
6109.38001951869  1.942380E-16
6111.34046899542  1.877378E-16
6113.30091847215  1.812172E-16
6115.26136794887  1.814578E-16
6117.2218174256  1.834861E-16
6119.18226690233  1.837804E-16
6121.14271637906  1.826687E-16
6123.10316585578  1.805319E-16
6125.06361533251  1.786503E-16
6127.02406480924  1.821625E-16
6128.98451428597  1.850751E-16
6130.94496376269  1.801301E-16
6132.90541323942  1.763286E-16
6134.86586271615  1.772574E-16
6136.82631219287  1.784119E-16
6138.7867616696  1.791306E-16
6140.74721114633  1.792096E-16
6142.70766062305  1.789393E-16
6144.66811009978  1.788523E-16
6146.62855957651  1.803311E-16
6148.58900905324  1.791129E-16
6150.54945852996  1.709750E-16
6152.50990800669  1.680067E-16
6154.47035748342  1.696804E-16
6156.43080696015  1.728148E-16
6158.39125643687  1.733713E-16
6160.3517059136  1.708724E-16
6162.31215539033  1.723248E-16
6164.27260486705  1.745998E-16
6166.23305434378  1.792589E-16
6168.19350382051  1.844785E-16
6170.15395329724  1.797550E-16
6172.11440277396  1.743964E-16
6174.07485225069  1.702606E-16
6176.03530172742  1.692452E-16
6177.99575120415  1.739235E-16
6179.95620068087  1.716549E-16
6181.9166501576  1.717598E-16
6183.87709963433  1.709063E-16
6185.83754911106  1.641882E-16
6187.79799858778  1.616842E-16
6189.75844806451  1.608168E-16
6191.71889754124  1.641381E-16
6193.67934701796  1.722719E-16
6195.63979649469  1.770261E-16
6197.60024597142  1.776992E-16
6199.56069544815  1.781317E-16
6201.52114492487  1.806614E-16
6203.4815944016  1.833198E-16
6205.44204387833  1.893934E-16
6207.40249335506  1.933442E-16
6209.36294283178  1.952050E-16
6211.32339230851  1.963319E-16
6213.28384178524  1.937950E-16
6215.24429126196  1.911209E-16
6217.20474073869  1.894773E-16
6219.16519021542  1.889846E-16
6221.12563969215  1.960685E-16
6223.08608916887  2.012393E-16
6225.0465386456  1.960048E-16
6227.00698812233  1.930609E-16
6228.96743759906  2.003617E-16
6230.92788707578  2.040555E-16
6232.88833655251  2.106493E-16
6234.84878602924  2.155429E-16
6236.80923550597  1.990198E-16
6238.76968498269  1.911231E-16
6240.73013445942  2.008968E-16
6242.69058393615  2.053668E-16
6244.65103341287  2.041453E-16
6246.6114828896  1.999696E-16
6248.57193236633  1.969621E-16
6250.53238184306  1.984934E-16
6252.49283131978  2.021703E-16
6254.45328079651  2.037804E-16
6256.41373027324  2.034667E-16
6258.37417974997  2.031535E-16
6260.33462922669  2.063731E-16
6262.29507870342  2.093500E-16
6264.25552818015  2.061795E-16
6266.21597765687  2.053578E-16
6268.1764271336  2.144538E-16
6270.13687661033  2.194248E-16
6272.09732608706  2.154581E-16
6274.05777556378  2.133620E-16
6276.01822504051  2.141273E-16
6277.97867451724  2.168362E-16
6279.93912399396  2.189164E-16
6281.89957347069  2.185825E-16
6283.86002294742  2.206653E-16
6285.82047242415  2.223940E-16
6287.78092190087  2.285832E-16
6289.7413713776  2.339417E-16
6291.70182085433  2.310179E-16
6293.66227033106  2.269869E-16
6295.62271980778  2.248905E-16
6297.58316928451  2.249050E-16
6299.54361876124  2.292515E-16
6301.50406823796  2.313691E-16
6303.46451771469  2.318287E-16
6305.42496719142  2.329781E-16
6307.38541666815  2.347036E-16
6309.34586614487  2.376767E-16
6311.3063156216  2.374112E-16
6313.26676509833  2.358153E-16
6315.22721457506  2.384827E-16
6317.18766405178  2.428038E-16
6319.14811352851  2.463684E-16
6321.10856300524  2.480315E-16
6323.06901248196  2.487562E-16
6325.02946195869  2.474712E-16
6326.98991143542  2.501518E-16
6328.95036091215  2.541747E-16
6330.91081038887  2.542815E-16
6332.8712598656  2.540992E-16
6334.83170934233  2.518223E-16
6336.79215881906  2.476472E-16
6338.75260829578  2.444313E-16
6340.71305777251  2.420995E-16
6342.67350724924  2.410222E-16
6344.63395672597  2.414620E-16
6346.59440620269  2.428196E-16
6348.55485567942  2.445564E-16
6350.51530515615  2.459287E-16
6352.47575463287  2.473451E-16
6354.4362041096  2.485062E-16
6356.39665358633  2.517632E-16
6358.35710306306  2.549015E-16
6360.31755253978  2.547721E-16
6362.27800201651  2.546880E-16
6364.23845149324  2.567034E-16
6366.19890096996  2.542944E-16
6368.15935044669  2.499468E-16
6370.11979992342  2.503227E-16
6372.08024940015  2.480365E-16
6374.04069887687  2.463870E-16
6376.0011483536  2.470369E-16
6377.96159783033  2.506216E-16
6379.92204730706  2.550128E-16
6381.88249678378  2.601699E-16
6383.84294626051  2.700319E-16
6385.80339573724  2.759702E-16
6387.76384521397  2.803154E-16
6389.72429469069  2.825428E-16
6391.68474416742  2.836245E-16
6393.64519364415  2.802792E-16
6395.60564312087  2.776778E-16
6397.5660925976  2.781672E-16
6399.52654207433  2.705186E-16
6401.48699155106  2.625821E-16
6403.44744102778  2.580701E-16
6405.40789050451  2.575005E-16
6407.36833998124  2.567886E-16
6409.32878945797  2.564839E-16
6411.28923893469  2.586779E-16
6413.24968841142  2.591811E-16
6415.21013788815  2.624999E-16
6417.17058736487  2.648955E-16
6419.1310368416  2.618909E-16
6421.09148631833  2.643004E-16
6423.05193579506  2.734433E-16
6425.01238527178  2.749114E-16
6426.97283474851  2.742927E-16
6428.93328422524  2.748404E-16
6430.89373370197  2.754027E-16
6432.85418317869  2.749867E-16
6434.81463265542  2.732295E-16
6436.77508213215  2.778620E-16
6438.73553160887  2.863061E-16
6440.6959810856  2.874344E-16
6442.65643056233  2.898999E-16
6444.61688003906  2.919516E-16
6446.57732951578  2.882510E-16
6448.53777899251  2.873851E-16
6450.49822846924  2.949118E-16
6452.45867794597  2.981127E-16
6454.41912742269  3.004782E-16
6456.37957689942  3.013762E-16
6458.34002637615  3.009638E-16
6460.30047585287  3.029102E-16
6462.2609253296  3.029391E-16
6464.22137480633  3.021295E-16
6466.18182428306  3.050727E-16
6468.14227375978  3.092503E-16
6470.10272323651  3.090277E-16
6472.06317271324  3.063949E-16
6474.02362218997  3.115700E-16
6475.98407166669  3.162837E-16
6477.94452114342  3.158224E-16
6479.90497062015  3.127253E-16
6481.86542009687  3.156004E-16
6483.8258695736  3.203489E-16
6485.78631905033  3.224735E-16
6487.74676852706  3.239992E-16
6489.70721800378  3.246960E-16
6491.66766748051  3.235770E-16
6493.62811695724  3.278583E-16
6495.58856643396  3.338948E-16
6497.54901591069  3.383099E-16
6499.50946538742  3.414631E-16
6501.46991486415  3.422382E-16
6503.43036434087  3.408033E-16
6505.3908138176  3.451720E-16
6507.35126329433  3.555003E-16
6509.31171277106  3.648865E-16
6511.27216224778  3.706740E-16
6513.23261172451  3.697067E-16
6515.19306120124  3.719997E-16
6517.15351067797  3.787134E-16
6519.11396015469  3.825450E-16
6521.07440963142  3.846768E-16
6523.03485910815  3.887180E-16
6524.99530858487  3.964467E-16
6526.9557580616  4.082941E-16
6528.91620753833  4.156047E-16
6530.87665701506  4.270897E-16
6532.83710649178  4.338536E-16
6534.79755596851  4.396968E-16
6536.75800544524  4.552578E-16
6538.71845492197  4.845526E-16
6540.67890439869  5.052054E-16
6542.63935387542  5.266835E-16
6544.59980335215  5.479150E-16
6546.56025282887  5.874634E-16
6548.5207023056  6.161470E-16
6550.48115178233  6.599327E-16
6552.44160125906  6.930419E-16
6554.40205073578  7.441315E-16
6556.36250021251  7.802651E-16
6558.32294968924  8.563613E-16
6560.28339916597  8.995905E-16
6562.24384864269  9.740807E-16
6564.20429811942  1.017943E-15
6566.16474759615  1.102712E-15
6568.12519707288  1.174816E-15
6570.0856465496  1.354809E-15
6572.04609602633  1.509616E-15
6574.00654550306  1.735311E-15
6575.96699497978  1.899170E-15
6577.92744445651  2.157580E-15
6579.88789393324  2.361444E-15
6581.84834340996  2.449660E-15
6583.80879288669  2.472697E-15
6585.76924236342  2.174923E-15
6587.72969184015  1.807276E-15
6589.69014131688  1.473723E-15
6591.6505907936  1.223958E-15
6593.61104027033  1.109294E-15
6595.57148974706  1.043780E-15
6597.53193922378  9.745630E-16
6599.49238870051  9.119082E-16
6601.45283817724  8.381472E-16
6603.41328765396  7.695718E-16
6605.37373713069  7.077116E-16
6607.33418660742  6.467180E-16
6609.29463608415  5.871693E-16
6611.25508556088  5.421314E-16
6613.2155350376  5.091470E-16
6615.17598451433  4.758933E-16
6617.13643399106  4.496432E-16
6619.09688346779  4.271863E-16
6621.05733294451  4.145487E-16
6623.01778242124  4.029124E-16
6624.97823189797  3.922736E-16
6626.93868137469  3.755858E-16
6628.89913085142  3.624817E-16
6630.85958032815  3.512276E-16
6632.82002980488  3.430401E-16
6634.7804792816  3.353714E-16
6636.74092875833  3.308279E-16
6638.70137823506  3.170567E-16
6640.66182771179  3.116841E-16
6642.62227718851  3.067937E-16
6644.58272666524  3.025367E-16
6646.54317614197  2.947318E-16
6648.50362561869  2.922303E-16
6650.46407509542  2.970551E-16
6652.42452457215  2.942160E-16
6654.38497404888  2.884289E-16
6656.3454235256  2.884618E-16
6658.30587300233  2.860149E-16
6660.26632247906  2.804936E-16
6662.22677195578  2.721594E-16
6664.18722143251  2.702488E-16
6666.14767090924  2.740104E-16
6668.10812038597  2.745159E-16
6670.06856986269  2.737745E-16
6672.02901933942  2.729616E-16
6673.98946881615  2.642872E-16
6675.94991829288  2.560251E-16
6677.9103677696  2.568316E-16
6679.87081724633  2.614050E-16
6681.83126672306  2.624013E-16
6683.79171619978  2.625076E-16
6685.75216567651  2.587288E-16
6687.71261515324  2.538903E-16
6689.67306462997  2.508152E-16
6691.63351410669  2.473987E-16
6693.59396358342  2.502219E-16
6695.55441306015  2.574604E-16
6697.51486253688  2.565920E-16
6699.4753120136  2.525745E-16
6701.43576149033  2.521432E-16
6703.39621096706  2.489754E-16
6705.35666044378  2.462121E-16
6707.31710992051  2.429396E-16
6709.27755939724  2.413243E-16
6711.23800887397  2.404108E-16
6713.19845835069  2.395883E-16
6715.15890782742  2.401660E-16
6717.11935730415  2.401714E-16
6719.07980678088  2.350355E-16
6721.04025625761  2.337067E-16
6723.00070573433  2.279201E-16
6724.96115521106  2.231610E-16
6726.92160468779  2.168935E-16
6728.88205416451  2.116018E-16
6730.84250364124  2.133677E-16
6732.80295311797  2.091533E-16
6734.76340259469  1.975036E-16
6736.72385207142  1.882928E-16
6738.68430154815  1.765312E-16
6740.64475102488  1.691251E-16
6742.6052005016  1.881725E-16
6744.56564997833  2.072375E-16
6746.52609945506  2.021325E-16
6748.48654893179  1.933898E-16
6750.44699840851  1.895955E-16
6752.40744788524  1.848481E-16
6754.36789736197  1.807723E-16
6756.32834683869  1.813185E-16
6758.28879631542  1.780082E-16
6760.24924579215  1.729250E-16
6762.20969526888  1.745397E-16
6764.1701447456  1.804733E-16
6766.13059422233  1.825404E-16
6768.09104369906  1.813379E-16
6770.05149317579  1.858525E-16
6772.01194265251  1.921689E-16
6773.97239212924  1.922989E-16
6775.93284160597  1.848070E-16
6777.89329108269  1.781876E-16
6779.85374055942  1.771142E-16
6781.81419003615  1.766566E-16
6783.77463951288  1.776161E-16
6785.7350889896  1.802945E-16
6787.69553846633  1.820004E-16
6789.65598794306  1.823281E-16
6791.61643741979  1.837752E-16
6793.57688689651  1.855678E-16
6795.53733637324  1.801249E-16
6797.49778584997  1.747552E-16
6799.45823532669  1.749212E-16
6801.41868480342  1.756638E-16
6803.37913428015  1.701394E-16
6805.33958375687  1.653789E-16
6807.3000332336  1.638525E-16
6809.26048271033  1.628302E-16
6811.22093218706  1.623044E-16
6813.18138166378  1.595326E-16
6815.14183114051  1.553908E-16
6817.10228061724  1.528009E-16
6819.06273009397  1.503626E-16
6821.02317957069  1.469658E-16
6822.98362904742  1.467525E-16
6824.94407852415  1.510095E-16
6826.90452800088  1.526328E-16
6828.8649774776  1.514371E-16
6830.82542695433  1.505482E-16
6832.78587643106  1.497890E-16
6834.74632590779  1.510371E-16
6836.70677538451  1.484913E-16
6838.66722486124  1.461802E-16
6840.62767433797  1.437573E-16
6842.58812381469  1.413925E-16
6844.54857329142  1.494718E-16
6846.50902276815  1.533590E-16
6848.46947224488  1.392724E-16
6850.4299217216  1.314860E-16
6852.39037119833  1.396223E-16
6854.35082067506  1.445897E-16
6856.31127015178  1.379906E-16
6858.27171962851  1.338928E-16
6860.23216910524  1.323774E-16
6862.19261858197  1.303147E-16
6864.15306805869  1.278026E-16
6866.11351753542  1.258304E-16
6868.07396701215  1.282755E-16
6870.03441648888  1.317691E-16
6871.9948659656  1.318709E-16
6873.95531544233  1.306798E-16
6875.91576491906  1.325400E-16
6877.87621439579  1.366750E-16
6879.83666387251  1.352322E-16
6881.79711334924  1.283388E-16
6883.75756282597  1.285486E-16
6885.71801230269  1.372243E-16
6887.67846177942  1.391772E-16
6889.63891125615  1.329326E-16
6891.59936073288  1.303608E-16
6893.5598102096  1.269149E-16
6895.52025968633  1.252815E-16
6897.48070916306  1.295911E-16
6899.44115863978  1.313523E-16
6901.40160811651  1.327264E-16
6903.36205759324  1.333123E-16
6905.32250706997  1.396849E-16
6907.28295654669  1.436815E-16
6909.24340602342  1.412567E-16
6911.20385550015  1.394159E-16
6913.16430497688  1.438106E-16
6915.1247544536  1.475859E-16
6917.08520393033  1.492179E-16
6919.04565340706  1.502838E-16
6921.00610288379  1.521257E-16
6922.96655236051  1.543947E-16
6924.92700183724  1.496835E-16
6926.88745131397  1.412596E-16
6928.8479007907  1.412845E-16
6930.80835026742  1.462503E-16
6932.76879974415  1.487564E-16
6934.72924922088  1.515463E-16
6936.6896986976  1.519066E-16
6938.65014817433  1.486230E-16
6940.61059765106  1.474867E-16
6942.57104712779  1.479446E-16
6944.53149660451  1.478926E-16
6946.49194608124  1.433958E-16
6948.45239555797  1.408467E-16
6950.41284503469  1.527428E-16
6952.37329451142  1.583318E-16
6954.33374398815  1.563172E-16
6956.29419346488  1.556437E-16
6958.2546429416  1.582812E-16
6960.21509241833  1.603587E-16
6962.17554189506  1.551467E-16
6964.13599137179  1.506550E-16
6966.09644084851  1.518146E-16
6968.05689032524  1.539871E-16
6970.01733980197  1.463748E-16
6971.97778927869  1.361318E-16
6973.93823875542  1.378224E-16
6975.89868823215  1.444912E-16
6977.85913770888  1.482372E-16
6979.8195871856  1.521787E-16
6981.78003666233  1.539030E-16
6983.74048613906  1.545693E-16
6985.70093561578  1.544520E-16
6987.66138509251  1.521737E-16
6989.62183456924  1.510939E-16
6991.58228404597  1.492679E-16
6993.54273352269  1.483988E-16
6995.50318299942  1.434777E-16
6997.46363247615  1.409120E-16
6999.42408195288  1.455549E-16
7001.3845314296  1.480787E-16
7003.34498090633  1.419238E-16
7005.30543038306  1.378436E-16
7007.26587985979  1.455915E-16
7009.22632933651  1.515190E-16
7011.18677881324  1.523098E-16
7013.14722828997  1.525507E-16
7015.10767776669  1.529000E-16
7017.06812724342  1.532419E-16
7019.02857672015  1.529163E-16
7020.98902619688  1.524822E-16
7022.9494756736  1.491781E-16
7024.90992515033  1.429331E-16
7026.87037462706  1.410727E-16
7028.83082410379  1.416732E-16
7030.79127358051  1.423289E-16
7032.75172305724  1.447762E-16
7034.71217253397  1.455960E-16
7036.67262201069  1.437215E-16
7038.63307148742  1.430066E-16
7040.59352096415  1.414767E-16
7042.55397044088  1.406724E-16
7044.51441991761  1.415583E-16
7046.47486939433  1.423039E-16
7048.43531887106  1.362138E-16
7050.39576834779  1.320762E-16
7052.35621782451  1.370259E-16
7054.31666730124  1.405643E-16
7056.27711677797  1.483919E-16
7058.2375662547  1.558101E-16
7060.19801573142  1.556672E-16
7062.15846520815  1.535328E-16
7064.11891468488  1.576366E-16
7066.0793641616  1.649787E-16
7068.03981363833  1.658726E-16
7070.00026311506  1.627016E-16
7071.96071259179  1.661597E-16
7073.92116206851  1.800866E-16
7075.88161154524  1.858575E-16
7077.84206102197  1.876310E-16
7079.8025104987  1.896106E-16
7081.76295997542  2.009016E-16
7083.72340945215  2.057034E-16
7085.68385892888  2.163864E-16
7087.6443084056  2.235060E-16
7089.60475788233  1.987103E-16
7091.56520735906  1.854501E-16
7093.52565683579  1.697114E-16
7095.48610631251  1.574450E-16
7097.44655578924  1.588032E-16
7099.40700526597  1.621177E-16
7101.3674547427  1.396340E-16
7103.32790421942  1.120291E-16
7105.28835369615  1.254030E-16
7107.24880317288  1.554827E-16
7109.2092526496  1.555567E-16
7111.16970212633  1.380270E-16
7113.13015160306  1.407085E-16
7115.09060107979  1.649467E-16
7117.05105055651  1.720642E-16
7119.01150003324  1.621021E-16
7120.97194950997  1.597759E-16
7122.9323989867  1.757535E-16
7124.89284846342  1.836998E-16
7126.85329794015  1.630009E-16
7128.81374741688  1.534889E-16
7130.7741968936  1.536160E-16
7132.73464637033  1.523127E-16
7134.69509584706  1.577482E-16
7136.65554532379  1.624466E-16
7138.61599480051  1.518188E-16
7140.57644427724  1.415899E-16
7142.53689375397  1.392814E-16
7144.4973432307  1.380871E-16
7146.45779270742  1.450242E-16
7148.41824218415  1.565221E-16
7150.37869166088  1.607478E-16
7152.33914113761  1.625038E-16
7154.29959061433  1.602985E-16
7156.26004009106  1.497764E-16
7158.22048956779  1.467192E-16
7160.18093904451  1.537767E-16
7162.14138852124  1.560513E-16
7164.10183799797  1.389501E-16
7166.0622874747  1.295465E-16
7168.02273695142  1.563573E-16
7169.98318642815  1.708634E-16
7171.94363590488  1.532974E-16
7173.9040853816  1.428471E-16
7175.86453485833  1.443655E-16
7177.82498433506  1.454835E-16
7179.78543381179  1.486474E-16
7181.74588328851  1.518018E-16
7183.70633276524  1.540207E-16
7185.66678224197  1.563345E-16
7187.6272317187  1.544002E-16
7189.58768119542  1.494753E-16
7191.54813067215  1.471939E-16
7193.50858014888  1.454699E-16
7195.4690296256  1.425705E-16
7197.42947910233  1.322174E-16
7199.38992857906  1.285567E-16
7201.35037805579  1.404188E-16
7203.31082753251  1.452743E-16
7205.27127700924  1.516926E-16
7207.23172648597  1.560547E-16
7209.1921759627  1.466993E-16
7211.15262543942  1.416052E-16
7213.11307491615  1.354061E-16
7215.07352439288  1.302584E-16
7217.0339738696  1.310263E-16
7218.99442334633  1.320884E-16
7220.95487282306  1.356327E-16
7222.91532229979  1.406111E-16
7224.87577177651  1.341212E-16
7226.83622125324  1.194152E-16
7228.79667072997  1.214199E-16
7230.7571202067  1.396099E-16
7232.71756968342  1.476441E-16
7234.67801916015  1.537573E-16
7236.63846863688  1.567283E-16
7238.59891811361  1.526829E-16
7240.55936759033  1.510941E-16
7242.51981706706  1.510223E-16
7244.48026654379  1.512435E-16
7246.44071602051  1.451063E-16
7248.40116549724  1.404913E-16
7250.36161497397  1.511183E-16
7252.3220644507  1.603030E-16
7254.28251392742  1.524441E-16
7256.24296340415  1.427905E-16
7258.20341288088  1.480376E-16
7260.16386235761  1.579295E-16
7262.12431183433  1.605804E-16
7264.08476131106  1.606289E-16
7266.04521078779  1.594482E-16
7268.00566026451  1.551861E-16
7269.96610974124  1.543726E-16
7271.92655921797  1.591209E-16
7273.8870086947  1.612893E-16
7275.84745817142  1.653788E-16
7277.80790764815  1.681482E-16
7279.76835712488  1.595839E-16
7281.7288066016  1.548042E-16
7283.68925607833  1.598625E-16
7285.64970555506  1.629937E-16
7287.61015503179  1.632920E-16
7289.57060450851  1.632144E-16
7291.53105398524  1.680618E-16
7293.49150346197  1.737513E-16
7295.45195293869  1.749655E-16
7297.41240241542  1.747453E-16
7299.37285189215  1.748982E-16
7301.33330136888  1.752010E-16
7303.2937508456  1.746337E-16
7305.25420032233  1.720343E-16
7307.21464979906  1.695102E-16
7309.17509927579  1.555061E-16
7311.13554875251  1.483895E-16
7313.09599822924  1.614047E-16
7315.05644770597  1.681145E-16
7317.0168971827  1.590010E-16
7318.97734665942  1.536262E-16
7320.93779613615  1.584199E-16
7322.89824561288  1.626701E-16
7324.8586950896  1.553022E-16
7326.81914456633  1.470365E-16
7328.77959404306  1.460769E-16
7330.74004351979  1.470281E-16
7332.70049299651  1.473612E-16
7334.66094247324  1.477646E-16
7336.62139194997  1.466522E-16
7338.5818414267  1.423250E-16
7340.54229090342  1.418033E-16
7342.50274038015  1.505269E-16
7344.46318985688  1.545191E-16
7346.42363933361  1.319086E-16
7348.38408881033  1.200012E-16
7350.34453828706  1.315578E-16
7352.30498776379  1.377713E-16
7354.26543724051  1.316618E-16
7356.22588671724  1.274866E-16
7358.18633619397  1.237587E-16
7360.1467856707  1.203596E-16
7362.10723514742  1.182337E-16
7364.06768462415  1.158958E-16
7366.02813410088  1.197989E-16
7367.98858357761  1.290830E-16
7369.94903305433  1.276177E-16
7371.90948253106  1.129816E-16
7373.86993200779  1.066630E-16
7375.83038148451  1.032780E-16
7377.79083096124  1.011983E-16
7379.75128043797  9.284395E-17
7381.7117299147  8.743163E-17
7383.67217939142  1.018686E-16
7385.63262886815  1.098669E-16
7387.59307834488  1.155497E-16
7389.5535278216  1.206307E-16
7391.51397729833  1.207624E-16
7393.47442677506  1.202934E-16
7395.43487625179  1.234574E-16
7397.39532572852  1.284323E-16
7399.35577520524  1.234161E-16
7401.31622468197  1.102458E-16
7403.2766741587  1.069942E-16
7405.23712363542  1.116380E-16
7407.19757311215  1.131755E-16
7409.15802258888  1.125788E-16
7411.1184720656  1.125812E-16
7413.07892154233  1.074989E-16
7415.03937101906  1.052481E-16
7416.99982049579  9.911663E-17
7418.96026997252  9.452868E-17
7420.92071944924  9.921255E-17
7422.88116892597  1.034200E-16
7424.8416184027  9.771516E-17
7426.80206787942  9.040750E-17
7428.76251735615  9.604303E-17
7430.72296683288  1.071571E-16
7432.6834163096  1.090851E-16
7434.64386578633  1.058461E-16
7436.60431526306  1.050343E-16
7438.56476473979  1.056647E-16
7440.52521421652  1.057747E-16
7442.48566369324  1.044165E-16
7444.44611316997  1.049130E-16
7446.4065626467  8.840907E-17
7448.36701212343  7.977647E-17
7450.32746160015  7.196731E-17
7452.28791107688  6.645751E-17
7454.2483605536  4.888718E-17
7456.20881003033  3.216845E-17
7458.16925950706  3.264936E-17
7460.12970898379  3.664873E-17
7462.09015846052  3.426179E-17
7464.05060793724  2.834169E-17
7466.01105741397  2.676149E-17
7467.9715068907  2.758880E-17
7469.93195636742  3.106467E-17
7471.89240584415  5.114816E-17
7473.85285532088  6.069693E-17
7475.81330479761  6.039841E-17
7477.77375427433  6.227678E-17
7479.73420375106  4.682148E-17
7481.69465322779  3.627182E-17
7483.65510270452  4.728519E-17
7485.61555218124  5.620013E-17
7487.57600165797  5.283495E-17
7489.5364511347  4.826190E-17
7491.49690061142  4.682096E-17
7493.45735008815  4.579146E-17
7495.41779956488  4.824115E-17
7497.37824904161  5.512989E-17
7499.33869851833  5.524928E-17
7501.29914799506  4.394570E-17
7503.25959747179  3.972680E-17
7505.22004694851  5.211125E-17
7507.18049642524  5.764641E-17
7509.14094590197  6.293454E-17
7511.1013953787  6.601990E-17
7513.06184485542  7.543470E-17
7515.02229433215  8.385199E-17
7516.98274380888  7.925882E-17
7518.94319328561  7.956580E-17
7520.90364276233  7.987271E-17
7522.86409223906  8.017961E-17
7524.82454171579  8.048652E-17
7526.78499119252  8.079350E-17
7528.74544066924  8.110041E-17
7530.70589014597  8.140731E-17
7532.6663396227  7.813165E-17
7534.62678909942  8.394372E-17
7536.58723857615  8.723590E-17
7538.54768805288  8.287591E-17
7540.50813752961  8.044869E-17
7542.46858700633  8.458666E-17
7544.42903648306  8.732183E-17
7546.38948595979  8.840476E-17
7548.34993543652  8.822968E-17
7550.31038491324  1.045253E-16
7552.27083438997  1.265029E-16
7554.2312838667  1.328355E-16
7556.19173334342  1.337577E-16
7558.15218282015  1.297685E-16
7560.11263229688  1.130878E-16
7562.07308177361  1.075385E-16
7564.03353125033  1.239702E-16
7565.99398072706  1.330820E-16
7567.95443020379  1.083729E-16
7569.91487968052  9.460302E-17
7571.87532915724  1.033948E-16
7573.83577863397  1.072919E-16
7575.7962281107  1.194307E-16
7577.75667758743  1.311198E-16
7579.71712706415  1.356528E-16
7581.67757654088  1.386376E-16
7583.63802601761  1.478243E-16
7585.59847549433  1.641615E-16
7587.55892497106  1.722140E-16
7589.51937444779  1.788638E-16
7591.47982392451  1.827065E-16
7593.44027340124  1.859003E-16
7595.40072287797  1.872601E-16
7597.3611723547  1.967101E-16
7599.32162183142  2.020740E-16
7601.28207130815  2.062033E-16
7603.24252078488  2.108878E-16
7605.20297026161  2.004557E-16
7607.16341973833  1.889871E-16
7609.12386921506  1.979842E-16
7611.08431869179  2.125593E-16
7613.04476816851  2.268489E-16
7615.00521764524  2.483434E-16
7616.96566712197  2.599569E-16
7618.9261165987  2.714962E-16
7620.88656607542  2.796242E-16
7622.84701555215  3.091247E-16
7624.80746502888  3.298571E-16
7626.76791450561  2.680967E-16
7628.72836398233  2.339355E-16
7630.68881345906  2.155320E-16
7632.64926293579  1.978171E-16
7634.60971241252  1.838650E-16
7636.57016188924  1.693099E-16
7638.53061136597  1.712907E-16
7640.4910608427  1.793532E-16
7642.45151031942  1.754987E-16
7644.41195979615  1.605428E-16
7646.37240927288  1.536809E-16
7648.33285874961  1.486601E-16
7650.29330822633  1.456275E-16
7652.25375770306  1.373024E-16
7654.21420717979  1.309903E-16
7656.17465665652  1.510052E-16
7658.13510613324  1.645309E-16
7660.09555560997  1.541724E-16
7662.0560050867  1.454121E-16
7664.01645456342  1.507458E-16
7665.97690404015  1.582569E-16
7667.93735351688  1.601057E-16
7669.89780299361  1.605759E-16
7671.85825247033  1.573048E-16
7673.81870194706  1.466662E-16
7675.77915142379  1.410705E-16
7677.73960090052  1.333415E-16
7679.70005037724  1.295068E-16
7681.66049985397  1.195705E-16
7683.6209493307  1.134485E-16
7685.58139880742  1.132439E-16
7687.54184828415  1.122171E-16
7689.50229776088  1.137087E-16
7691.46274723761  1.154209E-16
7693.42319671433  1.132989E-16
7695.38364619106  1.093164E-16
7697.34409566779  1.152004E-16
7699.30454514452  1.302945E-16
7701.26499462124  1.388301E-16
7703.22544409797  1.502000E-16
7705.1858935747  1.554334E-16
7707.14634305142  1.393150E-16
7709.10679252815  1.317933E-16
7711.06724200488  1.234913E-16
7713.02769148161  1.169089E-16
7714.98814095833  1.202485E-16
7716.94859043506  1.243179E-16
7718.90903991179  1.037194E-16
7720.86948938852  7.794816E-17
7722.82993886524  7.940274E-17
7724.79038834197  9.264593E-17
7726.7508378187  9.564394E-17
7728.71128729542  9.175569E-17
7730.67173677215  9.239781E-17
7732.63218624888  1.081828E-16
7734.59263572561  1.175142E-16
7736.55308520233  9.609096E-17
7738.51353467906  8.369840E-17
7740.47398415579  9.109236E-17
7742.43443363252  9.565330E-17
7744.39488310924  9.123766E-17
7746.35533258597  8.655046E-17
7748.3157820627  8.467718E-17
7750.27623153943  8.325076E-17
7752.23668101615  8.081334E-17
7754.19713049288  7.617764E-17
7756.15757996961  7.309155E-17
7758.11802944633  6.715565E-17
7760.07847892306  6.406815E-17
7762.03892839979  5.094664E-17
7763.99937787652  4.235360E-17
7765.95982735324  5.253789E-17
7767.92027682997  5.800140E-17
7769.8807263067  6.854171E-17
7771.84117578343  7.890625E-17
7773.80162526015  8.124891E-17
7775.76207473688  8.273871E-17
7777.72252421361  8.069112E-17
7779.68297369033  7.502964E-17
7781.64342316706  7.615998E-17
7783.60387264379  8.919080E-17
7785.56432212052  9.545001E-17
7787.52477159724  9.945224E-17
7789.48522107397  1.032619E-16
7791.4456705507  9.142463E-17
7793.40612002742  8.430502E-17
7795.36656950415  7.901990E-17
7797.32701898088  7.409725E-17
7799.28746845761  6.779723E-17
7801.24791793433  5.973760E-17
7803.20836741106  6.636479E-17
7805.16881688779  8.299809E-17
7807.12926636452  8.641338E-17
7809.08971584124  7.760866E-17
7811.05016531797  7.356824E-17
7813.0106147947  6.759045E-17
7814.97106427142  6.449055E-17
7816.93151374815  5.879454E-17
7818.89196322488  5.370171E-17
7820.85241270161  6.671595E-17
7822.81286217833  7.854442E-17
7824.77331165506  6.709532E-17
7826.73376113179  5.195816E-17
7828.69421060852  5.292478E-17
7830.65466008524  6.089499E-17
7832.61510956197  6.182529E-17
7834.5755590387  5.668288E-17
7836.53600851543  5.324850E-17
7838.49645799215  4.026349E-17
7840.45690746888  3.166253E-17
7842.41735694561  4.894259E-17
7844.37780642233  5.808213E-17
7846.33825589906  6.918265E-17
7848.29870537579  7.986719E-17
7850.25915485252  8.134632E-17
7852.21960432925  8.272434E-17
7854.18005380597  7.909015E-17
7856.1405032827  7.217655E-17
7858.10095275943  6.871698E-17
7860.06140223615  6.541567E-17
7862.02185171288  6.353648E-17
7863.98230118961  6.170012E-17
7865.94275066633  5.896217E-17
7867.90320014306  7.836466E-17
7869.86364961979  9.072010E-17
7871.82409909652  8.748467E-17
7873.78454857324  8.593769E-17
7875.74499804997  9.113546E-17
7877.7054475267  9.733950E-17
7879.66589700343  9.941691E-17
7881.62634648015  1.007042E-16
7883.58679595688  1.006243E-16
7885.54724543361  9.849760E-17
7887.50769491034  9.800110E-17
7889.46814438706  1.019516E-16
7891.42859386379  1.053275E-16
7893.38904334052  9.058536E-17
7895.34949281724  8.029326E-17
7897.30994229397  9.336356E-17
7899.2703917707  1.032976E-16
7901.23084124743  1.071671E-16
7903.19129072415  1.112113E-16
7905.15174020088  1.105609E-16
7907.11218967761  1.073379E-16
7909.07263915434  1.078571E-16
7911.03308863106  1.131016E-16
7912.99353810779  1.166134E-16
7914.95398758452  1.306177E-16
7916.91443706124  1.401816E-16
7918.87488653797  1.234706E-16
7920.8353360147  1.136010E-16
7922.79578549143  1.096064E-16
7924.75623496815  1.047108E-16
7926.71668444488  1.058332E-16
7928.67713392161  1.075115E-16
7930.63758339834  1.114261E-16
7932.59803287506  1.187157E-16
7934.55848235179  1.182575E-16
7936.51893182852  1.053185E-16
7938.47938130524  9.963090E-17
7940.43983078197  1.080475E-16
7942.4002802587  1.127862E-16
7944.36072973542  1.078972E-16
7946.32117921215  1.054964E-16
7948.28162868888  9.958841E-17
7950.24207816561  9.305291E-17
7952.20252764234  9.831017E-17
7954.16297711906  1.072801E-16
7956.12342659579  1.044758E-16
7958.08387607252  9.230372E-17
7960.04432554924  8.998629E-17
7962.00477502597  1.018427E-16
7963.9652245027  1.076051E-16
7965.92567397943  9.621370E-17
7967.88612345615  9.004539E-17
7969.84657293288  8.899955E-17
7971.80702240961  8.645443E-17
7973.76747188634  9.697955E-17
7975.72792136306  1.092484E-16
7977.68837083979  9.978305E-17
7979.64882031652  8.150176E-17
7981.60926979324  7.765836E-17
7983.56971926997  8.266258E-17
7985.5301687467  8.373620E-17
7987.49061822343  7.865704E-17
7989.45106770015  7.788164E-17
7991.41151717688  5.110667E-17
7993.37196665361  3.139585E-17
7995.33241613033  5.831979E-17
7997.29286560706  7.898841E-17
7999.25331508379  7.952193E-17
8001.21376456052  7.871546E-17
8003.17421403724  8.298069E-17
8005.13466351397  9.093216E-17
8007.0951129907  9.356365E-17
8009.05556246743  9.255812E-17
8011.01601194415  9.248656E-17
8012.97646142088  9.433661E-17
8014.93691089761  9.502249E-17
8016.89736037434  9.948557E-17
8018.85780985106  1.034576E-16
8020.81825932779  9.584656E-17
8022.77870880452  8.866339E-17
8024.73915828124  8.944950E-17
8026.69960775797  9.176184E-17
8028.6600572347  9.112005E-17
8030.62050671143  8.811350E-17
8032.58095618815  8.877511E-17
8034.54140566488  9.778396E-17
8036.50185514161  1.024310E-16
8038.46230461834  1.026259E-16
8040.42275409506  1.035893E-16
8042.38320357179  1.000999E-16
8044.34365304852  9.745135E-17
8046.30410252524  9.669125E-17
8048.26455200197  9.577530E-17
8050.2250014787  9.599389E-17
8052.18545095542  9.655308E-17
8054.14590043215  9.748630E-17
8056.10634990888  9.962707E-17
8058.06679938561  1.007891E-16
8060.02724886234  1.017784E-16
8061.98769833906  1.029245E-16
8063.94814781579  9.809602E-17
8065.90859729252  9.518161E-17
8067.86904676924  9.222094E-17
8069.82949624597  8.904581E-17
8071.7899457227  8.874296E-17
8073.75039519943  8.840374E-17
8075.71084467615  9.139722E-17
8077.67129415288  9.808821E-17
8079.63174362961  1.001810E-16
8081.59219310634  9.708009E-17
8083.55264258306  9.568481E-17
8085.51309205979  1.047937E-16
8087.47354153652  1.101565E-16
8089.43399101324  1.128098E-16
8091.39444048997  1.158253E-16
8093.3548899667  1.145039E-16
8095.31533944343  1.130357E-16
8097.27578892015  1.128373E-16
8099.23623839688  1.126885E-16
8101.19668787361  1.149246E-16
8103.15713735033  1.218821E-16
8105.11758682706  1.250429E-16
8107.07803630379  1.229760E-16
8109.03848578052  1.213023E-16
8110.99893525724  1.307744E-16
8112.95938473397  1.366947E-16
8114.9198342107  1.440330E-16
8116.88028368743  1.527118E-16
8118.84073316415  1.454198E-16
8120.80118264088  1.336016E-16
8122.76163211761  1.326442E-16
8124.72208159433  1.376340E-16
8126.68253107106  1.420738E-16
8128.64298054779  1.556836E-16
8130.60343002452  1.638431E-16
8132.56387950124  1.507733E-16
8134.52432897797  1.417959E-16
8136.4847784547  1.563689E-16
8138.44522793143  1.677425E-16
8140.40567740815  1.691580E-16
8142.36612688488  1.711303E-16
8144.32657636161  1.653400E-16
8146.28702583834  1.531409E-16
8148.24747531506  1.520424E-16
8150.20792479179  1.649035E-16
8152.16837426852  1.688660E-16
8154.12882374524  1.114103E-16
8156.08927322197  7.273224E-17
8158.0497226987  1.159320E-16
8160.01017217543  1.446774E-16
8161.97062165215  1.478248E-16
8163.93107112888  1.525293E-16
8165.89152060561  1.583659E-16
8167.85197008234  1.657675E-16
8169.81241955906  1.751765E-16
8171.77286903579  1.943486E-16
8173.73331851252  2.052321E-16
8175.69376798924  2.201394E-16
8177.65421746597  2.281996E-16
8179.6146669427  2.454077E-16
8181.57511641943  2.586217E-16
8183.53556589615  2.588611E-16
8185.49601537288  2.631167E-16
8187.45646484961  2.396508E-16
8189.41691432634  2.057662E-16
8191.37736380306  1.973403E-16
8193.33781327979  1.997402E-16
8195.29826275652  1.998376E-16
8197.25871223324  1.981232E-16
8199.21916170997  1.975051E-16
8201.1796111867  1.942172E-16
8203.14006066343  1.920560E-16
8205.10051014015  1.915212E-16
8207.06095961688  1.911786E-16
8209.02140909361  1.868114E-16
8210.98185857034  1.806072E-16
8212.94230804706  1.851897E-16
8214.90275752379  1.971438E-16
8216.86320700052  2.033170E-16
8218.82365647724  2.094117E-16
8220.78410595397  2.131653E-16
8222.7445554307  2.128531E-16
8224.70500490743  2.132981E-16
8226.66545438415  2.114363E-16
8228.62590386088  2.112372E-16
8230.58635333761  1.981391E-16
8232.54680281434  1.815198E-16
8234.50725229106  1.891819E-16
8236.46770176779  2.095644E-16
8238.42815124452  2.103133E-16
8240.38860072124  1.873769E-16
8242.34905019797  1.761485E-16
8244.3094996747  1.681853E-16
8246.26994915143  1.602924E-16
8248.23039862815  1.797161E-16
8250.19084810488  1.945377E-16
8252.15129758161  1.923582E-16
8254.11174705834  1.916805E-16
8256.07219653506  1.833487E-16
8258.03264601179  1.698504E-16
8259.99309548852  1.627758E-16
8261.95354496524  1.550429E-16
8263.91399444197  1.512679E-16
8265.8744439187  1.545339E-16
8267.83489339543  1.569226E-16
8269.79534287215  1.497250E-16
8271.75579234888  1.437160E-16
8273.71624182561  1.524063E-16
8275.67669130234  1.603698E-16
8277.63714077906  1.675902E-16
8279.59759025579  1.779551E-16
8281.55803973252  1.735139E-16
8283.51848920924  1.518112E-16
8285.47893868597  1.427511E-16
8287.4393881627  1.495556E-16
8289.39983763943  1.538059E-16
8291.36028711615  1.429499E-16
8293.32073659288  1.344775E-16
8295.28118606961  1.445528E-16
8297.24163554634  1.547837E-16
8299.20208502306  1.459396E-16
8301.16253449979  1.296383E-16
8303.12298397652  1.381342E-16
8305.08343345324  1.717607E-16
8307.04388292997  1.889649E-16
8309.0043324067  2.042041E-16
8310.96478188343  2.168840E-16
8312.92523136015  1.946116E-16
8314.88568083688  1.788311E-16
8316.84613031361  1.902533E-16
8318.80657979034  2.000222E-16
8320.76702926706  1.937856E-16
8322.72747874379  1.839867E-16
8324.68792822052  1.752187E-16
8326.64837769724  1.602406E-16
8328.60882717397  1.541193E-16
8330.5692766507  1.591349E-16
8332.52972612743  1.592571E-16
8334.49017560415  1.860437E-16
8336.45062508088  2.060508E-16
8338.41107455761  2.000560E-16
8340.37152403434  1.973247E-16
8342.33197351106  1.946055E-16
8344.29242298779  1.906998E-16
8346.25287246452  1.924485E-16
8348.21332194124  1.988531E-16
8350.17377141797  2.037513E-16
8352.1342208947  2.163872E-16
8354.09467037143  2.246966E-16
8356.05511984815  2.175847E-16
8358.01556932488  2.148987E-16
8359.97601880161  2.008310E-16
8361.93646827834  1.862627E-16
8363.89691775506  1.870216E-16
8365.85736723179  1.893656E-16
8367.81781670852  1.922093E-16
8369.77826618525  1.973206E-16
8371.73871566197  2.006599E-16
8373.6991651387  2.062489E-16
8375.65961461543  2.104020E-16
8377.62006409215  2.040070E-16
8379.58051356888  1.997931E-16
8381.54096304561  2.010575E-16
8383.50141252234  2.010588E-16
8385.46186199906  2.069418E-16
8387.42231147579  2.155844E-16
8389.38276095252  2.157080E-16
8391.34321042925  2.097732E-16
8393.30365990597  2.075930E-16
8395.2641093827  2.087313E-16
8397.22455885943  2.102030E-16
8399.18500833615  2.002331E-16
8401.14545781288  1.939264E-16
8403.10590728961  1.861667E-16
8405.06635676634  1.775606E-16
8407.02680624306  1.740827E-16
8408.98725571979  1.693678E-16
8410.94770519652  1.735533E-16
8412.90815467325  1.877168E-16
8414.86860414997  1.930361E-16
8416.8290536267  1.839533E-16
8418.78950310343  1.783030E-16
8420.74995258015  1.875810E-16
8422.71040205688  1.943459E-16
8424.67085153361  1.907789E-16
8426.63130101034  1.881818E-16
8428.59175048706  1.864622E-16
8430.55219996379  1.837444E-16
8432.51264944052  1.866821E-16
8434.47309891725  1.968433E-16
8436.43354839397  2.001419E-16
8438.3939978707  1.859170E-16
8440.35444734743  1.766539E-16
8442.31489682415  1.872332E-16
8444.27534630088  1.941431E-16
8446.23579577761  1.971902E-16
8448.19624525434  2.008576E-16
8450.15669473106  2.063712E-16
8452.11714420779  2.131363E-16
8454.07759368452  2.269246E-16
8456.03804316125  2.608208E-16
8457.99849263797  2.749164E-16
8459.9589421147  2.378844E-16
8461.91939159143  2.155373E-16
8463.87984106815  2.209215E-16
8465.84029054488  2.226208E-16
8467.80074002161  2.224399E-16
8469.76118949834  2.208205E-16
8471.72163897506  2.351077E-16
8473.68208845179  2.601324E-16
8475.64253792852  2.684200E-16
8477.60298740525  2.661862E-16
8479.56343688197  2.653458E-16
8481.5238863587  2.520614E-16
8483.48433583543  2.428554E-16
8485.44478531215  2.477649E-16
8487.40523478888  2.503637E-16
8489.36568426561  2.551106E-16
8491.32613374234  2.613282E-16
8493.28658321906  2.589874E-16
8495.24703269579  2.519999E-16
8497.20748217252  2.507400E-16
8499.16793164925  2.552830E-16
8501.12838112597  2.577464E-16
8503.0888306027  2.607880E-16
8505.04928007943  2.637109E-16
8507.00972955615  2.599107E-16
8508.97017903288  2.569550E-16
8510.93062850961  2.556895E-16
8512.89107798634  2.540273E-16
8514.85152746306  2.527492E-16
8516.81197693979  2.506671E-16
8518.77242641652  2.493938E-16
8520.73287589325  2.467926E-16
8522.69332536998  2.448691E-16
8524.6537748467  2.570081E-16
8526.61422432343  2.681807E-16
8528.57467380015  2.458007E-16
8530.53512327688  2.237139E-16
8532.49557275361  2.365197E-16
8534.45602223034  2.565050E-16
8536.41647170706  2.591461E-16
8538.37692118379  2.524242E-16
8540.33737066052  2.497252E-16
8542.29782013725  2.480468E-16
8544.25826961397  2.485395E-16
8546.2187190907  2.328018E-16
8548.17916856743  2.186592E-16
8550.13961804416  2.384568E-16
8552.10006752088  2.584782E-16
8554.06051699761  2.517989E-16
8556.02096647434  2.379682E-16
8557.98141595107  2.318859E-16
8559.94186542779  2.262459E-16
8561.90231490452  2.232960E-16
8563.86276438125  2.236552E-16
8565.82321385797  2.228221E-16
8567.7836633347  2.315780E-16
8569.74411281143  2.400355E-16
8571.70456228815  2.297541E-16
8573.66501176488  2.173292E-16
8575.62546124161  2.249702E-16
8577.58591071834  2.420119E-16
8579.54636019506  2.488602E-16
8581.50680967179  2.505707E-16
8583.46725914852  2.531902E-16
8585.42770862525  2.965165E-16
8587.38815810197  3.293308E-16
8589.3486075787  3.085881E-16
8591.30905705543  2.926765E-16
8593.26950653216  3.035371E-16
8595.22995600888  3.177608E-16
8597.19040548561  3.169329E-16
8599.15085496234  3.081185E-16
8601.11130443906  3.057328E-16
8603.07175391579  3.098394E-16
8605.03220339252  3.134273E-16
8606.99265286925  2.894141E-16
8608.95310234597  2.716605E-16
8610.9135518227  2.738966E-16
8612.87400129943  2.746222E-16
8614.83445077615  2.647228E-16
8616.79490025288  2.495231E-16
8618.75534972961  2.472673E-16
8620.71579920634  2.526445E-16
8622.67624868307  2.514336E-16
8624.63669815979  2.222208E-16
8626.59714763652  2.039240E-16
8628.55759711325  2.045145E-16
8630.51804658997  2.029166E-16
8632.4784960667  2.022112E-16
8634.43894554343  2.011818E-16
8636.39939502015  2.007274E-16
8638.35984449688  1.996006E-16
8640.32029397361  2.025707E-16
8642.28074345034  2.131549E-16
8644.24119292706  2.192779E-16
8646.20164240379  2.270659E-16
8648.16209188052  2.336787E-16
8650.12254135725  2.300730E-16
8652.08299083397  2.267202E-16
8654.0434403107  2.353146E-16
8656.00388978743  2.448379E-16
8657.96433926416  2.591527E-16
8659.92478874088  2.850868E-16
8661.88523821761  2.897267E-16
8663.84568769434  2.581193E-16
8665.80613717106  2.413078E-16
8667.76658664779  2.276196E-16
8669.72703612452  2.151838E-16
8671.68748560125  2.165089E-16
8673.64793507797  2.165550E-16
8675.6083845547  2.120040E-16
8677.56883403143  2.047048E-16
8679.52928350815  2.045700E-16
8681.48973298488  2.092652E-16
8683.45018246161  2.125628E-16
8685.41063193834  2.211171E-16
8687.37108141506  2.294889E-16
8689.33153089179  2.084702E-16
8691.29198036852  1.893401E-16
8693.25242984525  2.102661E-16
8695.21287932197  2.344696E-16
8697.1733287987  2.234100E-16
8699.13377827543  1.960827E-16
8701.09422775215  1.884734E-16
8703.05467722888  1.961256E-16
8705.01512670561  1.997828E-16
8706.97557618234  2.052886E-16
8708.93602565907  2.141429E-16
8710.89647513579  1.763855E-16
8712.85692461252  1.315621E-16
8714.81737408925  2.121932E-16
8716.77782356597  3.261353E-16
8718.7382730427  3.364314E-16
8720.69872251943  2.970984E-16
8722.65917199616  2.740348E-16
8724.61962147288  2.280064E-16
8726.58007094961  1.967331E-16
8728.54052042634  2.088676E-16
8730.50096990307  2.134909E-16
8732.46141937979  2.280001E-16
8734.42186885652  2.447887E-16
8736.38231833325  2.488810E-16
8738.34276780998  2.528970E-16
8740.3032172867  2.507108E-16
8742.26366676343  2.387746E-16
8744.22411624015  2.322623E-16
8746.18456571688  2.222237E-16
8748.14501519361  2.157337E-16
8750.10546467034  2.063719E-16
8752.06591414706  1.969549E-16
8754.02636362379  1.959145E-16
8755.98681310052  1.917830E-16
8757.94726257725  2.091207E-16
8759.90771205397  2.469086E-16
8761.8681615307  2.637077E-16
8763.82861100743  2.663401E-16
8765.78906048416  2.702320E-16
8767.74950996088  2.606063E-16
8769.70995943761  2.647100E-16
8771.67040891434  1.669889E-16
8773.63085839106  5.115749E-17
8775.59130786779  1.276135E-16
8777.55175734452  2.645573E-16
8779.51220682125  2.955944E-16
8781.47265629798  2.630582E-16
8783.4331057747  2.521854E-16
8785.39355525143  2.789191E-16
8787.35400472815  2.968570E-16
8789.31445420488  2.918431E-16
8791.27490368161  2.916288E-16
8793.23535315834  2.748769E-16
8795.19580263506  2.531778E-16
8797.15625211179  2.479046E-16
8799.11670158852  2.459984E-16
8801.07715106525  2.387505E-16
8803.03760054197  2.097690E-16
8804.9980500187  1.923004E-16
8806.95849949543  1.960208E-16
8808.91894897216  1.963565E-16
8810.87939844888  2.024620E-16
8812.83984792561  2.102204E-16
8814.80029740234  2.007559E-16
8816.76074687907  1.861745E-16
8818.72119635579  1.718874E-16
8820.68164583252  1.431063E-16
8822.64209530925  1.333135E-16
8824.60254478597  1.928307E-16
8826.5629942627  2.370931E-16
8828.52344373943  2.016805E-16
8830.48389321616  1.744873E-16
8832.44434269288  1.799635E-16
8834.40479216961  1.836980E-16
8836.36524164634  1.888736E-16
8838.32569112307  1.980154E-16
8840.28614059979  1.980271E-16
8842.24659007652  1.800064E-16
8844.20703955325  1.700549E-16
8846.16748902998  1.608920E-16
8848.1279385067  1.526771E-16
8850.08838798343  1.513630E-16
8852.04883746016  1.485636E-16
8854.00928693688  1.490522E-16
8855.96973641361  1.505242E-16
8857.93018589034  1.459689E-16
8859.89063536706  1.312940E-16
8861.85108484379  1.247735E-16
8863.81153432052  1.356023E-16
8865.77198379725  1.397920E-16
8867.73243327398  1.645993E-16
8869.6928827507  1.881871E-16
8871.65333222743  1.898405E-16
8873.61378170416  1.948148E-16
8875.57423118088  1.876379E-16
8877.53468065761  1.700758E-16
8879.49513013434  1.652236E-16
8881.45557961107  1.762764E-16
8883.41602908779  1.825568E-16
8885.37647856452  1.849756E-16
8887.33692804125  1.877180E-16
8889.29737751797  1.886974E-16
8891.2578269947  1.900070E-16
8893.21827647143  1.908836E-16
8895.17872594816  1.923362E-16
8897.13917542488  1.891337E-16
8899.09962490161  1.775980E-16
8901.06007437834  1.705140E-16
8903.02052385506  1.512150E-16
8904.98097333179  1.373805E-16
8906.94142280852  1.312072E-16
8908.90187228525  1.228315E-16
8910.86232176197  1.271986E-16
8912.8227712387  1.317139E-16
8914.78322071543  1.400200E-16
8916.74367019216  1.556360E-16
8918.70411966888  1.644234E-16
8920.66456914561  1.727946E-16
8922.62501862234  1.807071E-16
8924.58546809906  1.631242E-16
8926.54591757579  1.486849E-16
8928.50636705252  1.525301E-16
8930.46681652925  1.546546E-16
8932.42726600597  1.545771E-16
8934.3877154827  1.533535E-16
8936.34816495943  1.557324E-16
8938.30861443616  1.645451E-16
8940.26906391288  1.696193E-16
8942.22951338961  1.641523E-16
8944.18996286634  1.641224E-16
8946.15041234307  1.353794E-16
8948.11086181979  1.018485E-16
8950.07131129652  1.333271E-16
8952.03176077325  1.798307E-16
8953.99221024998  1.871865E-16
8955.9526597267  1.756576E-16
8957.91310920343  1.713699E-16
8959.87355868015  1.721671E-16
8961.83400815688  1.734402E-16
8963.79445763361  1.654836E-16
8965.75490711034  1.573904E-16
8967.71535658707  1.667143E-16
8969.67580606379  1.776164E-16
8971.63625554052  1.753494E-16
8973.59670501725  1.682817E-16
8975.55715449397  1.581702E-16
8977.5176039707  1.267922E-16
8979.47805344743  1.068539E-16
8981.43850292416  1.382930E-16
8983.39895240088  1.629876E-16
8985.35940187761  1.520088E-16
8987.31985135434  1.448137E-16
8989.28030083107  1.339427E-16
8991.24075030779  1.154090E-16
8993.20119978452  1.211081E-16
8995.16164926125  1.532349E-16
8997.12209873798  1.687291E-16
8999.0825482147  1.518252E-16
9001.04299769143  1.429799E-16
9003.00344716815  1.295749E-16
9004.96389664488  1.142068E-16
9006.92434612161  1.223747E-16
9008.88479559834  1.312700E-16
9010.84524507506  1.414599E-16
9012.80569455179  1.603314E-16
9014.76614402852  1.620943E-16
9016.72659350525  1.230096E-16
9018.68704298197  9.771715E-17
9020.6474924587  1.043027E-16
9022.60794193543  1.064267E-16
9024.56839141216  1.113879E-16
9026.52884088888  1.185930E-16
9028.48929036561  1.122085E-16
9030.44973984234  9.910124E-17
9032.41018931907  9.278360E-17
9034.37063879579  8.636770E-17
9036.33108827252  8.261603E-17
9038.29153774925  1.122168E-16
9040.25198722598  1.373216E-16
9042.2124367027  1.218161E-16
9044.17288617943  1.095229E-16
9046.13333565616  1.024800E-16
9048.09378513288  9.046339E-17
9050.05423460961  9.687943E-17
9052.01468408634  1.226858E-16
9053.97513356307  1.336693E-16
9055.93558303979  1.132233E-16
9057.89603251652  9.735242E-17
9059.85648199325  1.190292E-16
9061.81693146998  1.405972E-16
9063.7773809467  1.187162E-16
9065.73783042343  9.141498E-17
9067.69827990016  8.454255E-17
9069.65872937688  8.110301E-17
9071.61917885361  7.629926E-17
9073.57962833034  6.075530E-17
9075.54007780707  5.149302E-17
9077.50052728379  3.952339E-17
9079.46097676052  2.218146E-17
9081.42142623725  6.893307E-17
9083.38187571397  1.245972E-16
9085.3423251907  1.148102E-16
9087.30277466743  8.558201E-17
9089.26322414416  8.662532E-17
9091.22367362088  1.238484E-16
9093.18412309761  1.450878E-16
9095.14457257434  1.491874E-16
9097.10502205107  1.582169E-16
9099.06547152779  1.320913E-16
9101.02592100452  1.053232E-16
9102.98637048125  1.009735E-16
9104.94681995798  9.496491E-17
9106.9072694347  8.866823E-17
9108.86771891143  7.611158E-17
9110.82816838816  6.945627E-17
9112.78861786488  6.703530E-17
9114.74906734161  6.589090E-17
9116.70951681834  5.633514E-17
9118.66996629506  4.641779E-17
9120.63041577179  4.924600E-17
9122.59086524852  5.411802E-17
9124.55131472525  3.781221E-17
9126.51176420198  6.289433E-19
9128.4722136787  -1.686549E-17
9130.43266315543  -2.277591E-17
9132.39311263216  -2.934805E-17
9134.35356210889  -1.566348E-17
9136.31401158561  -1.007714E-17
9138.27446106234  3.823885E-17
9140.23491053907  9.684307E-17
9142.19536001579  1.205496E-16
9144.15580949252  1.519452E-16
9146.11625896925  1.642870E-16
9148.07670844598  1.647028E-16
9150.0371579227  1.661088E-16
9151.99760739943  1.066771E-16
9153.95805687616  5.570993E-17
9155.91850635289  7.378864E-17
9157.87895582961  8.502149E-17
9159.83940530634  9.661349E-17
9161.79985478307  1.155365E-16
9163.76030425979  1.131004E-16
9165.72075373652  8.955981E-17
9167.68120321325  8.056635E-17
9169.64165268998  1.136150E-16
9171.6021021667  1.420939E-16
9173.56255164343  1.064212E-16
9175.52300112016  7.483224E-17
9177.48345059689  6.585125E-17
9179.44390007361  4.966251E-17
9181.40434955034  4.841987E-17
9183.36479902706  5.503892E-17
9185.32524850379  4.577640E-17
9187.28569798052  -2.699936E-17
9189.24614745725  -8.409798E-17
9191.20659693398  -2.333006E-17
9193.1670464107  2.492811E-17
9195.12749588743  3.981749E-17
9197.08794536416  6.521712E-17
9199.04839484088  8.661790E-17
9201.00884431761  1.207993E-16
9202.96929379434  1.399771E-16
9204.92974327107  1.602716E-16
9206.89019274779  1.755605E-16
9208.85064222452  1.730109E-16
9210.81109170125  1.704600E-16
9212.77154117798  1.679091E-16
9214.7319906547  1.653594E-16
9216.69244013143  1.628085E-16
9218.65288960816  1.602576E-16
9220.61333908489  1.577079E-16
9222.57378856161  1.551570E-16
9224.53423803834  1.526061E-16
9226.49468751507  1.500565E-16
9228.45513699179  1.475056E-16
9230.41558646852  1.449559E-16
9232.37603594525  1.424050E-16
9234.33648542197  1.398541E-16
9236.2969348987  1.373045E-16
9238.25738437543  1.347536E-16
9240.21783385216  1.322027E-16
9242.17828332889  1.296530E-16
9244.13873280561  7.901849E-17
9246.09918228234  3.598259E-17
9248.05963175907  6.741496E-17
9250.02008123579  9.019674E-17
9251.98053071252  1.166624E-16
9253.94098018925  1.573199E-16
9255.90142966598  1.599506E-16
9257.8618791427  1.466872E-16
9259.82232861943  1.487297E-16
9261.78277809616  1.849042E-16
9263.74322757289  2.069533E-16
9265.70367704961  2.444967E-16
9267.66412652634  2.886157E-16
9269.62457600307  2.442681E-16
9271.58502547979  1.973093E-16
9273.54547495652  1.585027E-16
9275.50592443325  8.923794E-17
9277.46637390998  9.019716E-17
9279.4268233867  1.967545E-16
9281.38727286343  2.633592E-16
9283.34772234016  2.362322E-16
9285.30817181689  2.158091E-16
9287.26862129361  2.555354E-16
9289.22907077034  2.970672E-16
9291.18952024707  3.164030E-16
9293.14996972379  3.467011E-16
9295.11041920052  3.374066E-16
9297.07086867725  2.724161E-16
9299.03131815398  2.391027E-16
9300.9917676307  2.738288E-16
9302.95221710743  2.952924E-16
9304.91266658416  3.281554E-16
9306.87311606089  3.748126E-16
9308.83356553761  3.206393E-16
9310.79401501434  2.358483E-16
9312.75446449107  2.038571E-16
9314.71491396779  1.720117E-16
9316.67536344452  1.650467E-16
9318.63581292125  2.477051E-16
9320.59626239798  3.174935E-16
9322.5567118747  2.652406E-16
9324.51716135143  2.174056E-16
9326.47761082816  2.389480E-16
9328.43806030489  2.559669E-16
9330.39850978161  3.020994E-16
9332.35895925834  3.944740E-16
9334.31940873507  4.371050E-16
9336.27985821179  4.181845E-16
9338.24030768852  4.200040E-16
9340.20075716525  3.353456E-16
9342.16120664198  2.523219E-16
9344.1216561187  2.561813E-16
9346.08210559543  2.395355E-16
9348.04255507216  2.786901E-16
9350.00300454889  3.584885E-16
9351.96345402561  3.819331E-16
9353.92390350234  3.323008E-16
9355.88435297907  3.053433E-16
9357.8448024558  3.169556E-16
9359.80525193252  3.420307E-16
9361.76570140925  2.177485E-16
9363.72615088598  5.345024E-17
9365.6866003627  5.345024E-17
