3163.06483541349  -0.0386776
3165.02947195722  0.00706754
3166.99410850096  0.0241784
3168.9587450447  0.108868
3170.92338158843  0.124597
3172.88801813217  -0.0464487
3174.8526546759  0.289988
3176.81729121964  -0.0742735
3178.78192776337  -0.276957
3180.74656430711  -0.273656
3182.71120085084  -0.124831
3184.67583739458  0.115455
3186.64047393831  -0.00476978
3188.60511048205  -0.0299113
3190.56974702578  -0.14568
3192.53438356952  0.111969
3194.49902011325  6.387300E-4
3196.46365665699  -0.00247287
3198.42829320072  0.0739461
3200.39292974446  0.175932
3202.35756628819  -0.100004
3204.32220283193  -0.0392059
3206.28683937566  0.0121253
3208.2514759194  -0.0733037
3210.21611246313  0.0838507
3212.18074900687  -0.0514344
3214.1453855506  -0.152105
3216.11002209434  -0.0553408
3218.07465863807  -0.0913737
3220.03929518181  0.104016
3222.00393172554  -0.0384441
3223.96856826928  0.0612976
3225.93320481301  0.178431
3227.89784135675  -0.227141
3229.86247790048  -0.00996898
3231.82711444422  -0.235705
3233.79175098795  -0.104853
3235.75638753169  -0.119351
3237.72102407542  -0.0778924
3239.68566061916  0.0737319
3241.65029716289  -0.0132899
3243.61493370663  -0.117277
3245.57957025036  0.142418
3247.5442067941  0.20809
3249.50884333783  0.147868
3251.47347988157  0.138724
3253.4381164253  -0.0597492
3255.40275296904  0.0174352
3257.36738951277  -0.00659272
3259.33202605651  0.108349
3261.29666260024  0.177068
3263.26129914398  0.0818177
3265.22593568771  -0.00369505
3267.19057223145  -0.11774
3269.15520877518  -0.0341157
3271.11984531892  0.136304
3273.08448186265  -0.0603437
3275.04911840639  -0.137
3277.01375495013  0.00645964
3278.97839149386  -0.0748483
3280.9430280376  0.140949
3282.90766458133  0.116536
3284.87230112507  -0.0107905
3286.8369376688  0.2301
3288.80157421254  0.026101
3290.76621075627  -0.117603
3292.73084730001  0.0936982
3294.69548384374  -0.110978
3296.66012038748  -0.0558
3298.62475693121  -0.0829532
3300.58939347495  -0.0350412
3302.55403001868  -0.0648947
3304.51866656242  5.037050E-5
3306.48330310615  0.0702665
3308.44793964989  -0.0484875
3310.41257619362  -0.00126584
3312.37721273736  0.098786
3314.34184928109  0.0582465
3316.30648582483  0.0114949
3318.27112236856  0.00547701
3320.2357589123  0.205064
3322.20039545603  0.198406
3324.16503199977  0.0881708
3326.1296685435  0.0800206
3328.09430508724  0.0458567
3330.05894163097  0.014367
3332.02357817471  0.00711761
3333.98821471844  -0.00702642
3335.95285126218  -0.00972893
3337.91748780591  0.0049224
3339.88212434965  0.0662495
3341.84676089338  0.055261
3343.81139743712  0.0237676
3345.77603398085  0.0459131
3347.74067052459  0.0687069
3349.70530706832  -0.0504013
3351.66994361206  0.0908211
3353.63458015579  -0.0714523
3355.59921669953  -0.121876
3357.56385324326  0.0536657
3359.528489787  -0.0100486
3361.49312633073  0.024249
3363.45776287447  0.0443362
3365.4223994182  0.0260868
3367.38703596194  0.0150073
3369.35167250567  0.0395774
3371.31630904941  0.0227343
3373.28094559314  0.0612028
3375.24558213688  -0.0283744
3377.21021868062  0.0717502
3379.17485522435  0.0545797
3381.13949176808  0.0359185
3383.10412831182  0.027591
3385.06876485555  0.0603059
3387.03340139929  -0.0509787
3388.99803794303  0.100616
3390.96267448676  -0.0462687
3392.92731103049  -0.0747933
3394.89194757423  -0.0779464
3396.85658411797  -0.00857893
3398.8212206617  0.0302626
3400.78585720544  -0.0152594
3402.75049374917  0.034627
3404.71513029291  0.143424
3406.67976683664  0.130011
3408.64440338038  -0.0316201
3410.60903992411  0.00874887
3412.57367646785  0.00858735
3414.53831301158  0.0185003
3416.50294955532  0.0734189
3418.46758609905  0.0354983
3420.43222264279  -0.0557169
3422.39685918652  -0.057717
3424.36149573026  -0.00392893
3426.32613227399  0.0350686
3428.29076881773  -0.0206876
3430.25540536146  -0.0618023
3432.2200419052  0.0361273
3434.18467844893  0.0707416
3436.14931499267  0.0682484
3438.1139515364  0.065761
3440.07858808014  0.0632791
3442.04322462387  0.0608028
3444.00786116761  0.0583323
3445.97249771134  0.0558672
3447.93713425508  0.0534077
3449.90177079881  0.0509538
3451.86640734255  0.0485055
3453.83104388628  0.0460627
3455.79568043002  0.0436255
3457.76031697375  0.0411937
3459.72495351749  0.0411469
3461.68959006122  0.0461653
3463.65422660496  0.0338576
3465.61886314869  -0.0641146
3467.58349969243  0.00686347
3469.54813623616  0.0732823
3471.5127727799  0.0698409
3473.47740932363  0.00515834
3475.44204586737  0.048921
3477.40668241111  0.0538556
3479.37131895484  0.0116643
3481.33595549857  -0.0650455
3483.30059204231  -0.0872956
3485.26522858604  -0.0405512
3487.22986512978  0.0187305
3489.19450167351  0.0420629
3491.15913821725  -0.0113078
3493.12377476099  0.125075
3495.08841130472  -0.0315716
3497.05304784845  -0.0165668
3499.01768439219  -0.00408543
3500.98232093593  -0.0676346
3502.94695747966  0.116125
3504.9115940234  0.130316
3506.87623056713  0.0176892
3508.84086711087  -0.016799
3510.8055036546  0.0449461
3512.77014019834  -0.0359477
3514.73477674207  0.0110552
3516.69941328581  0.143197
3518.66404982954  0.0395415
3520.62868637328  0.0320278
3522.59332291701  0.0306142
3524.55795946075  -0.0141599
3526.52259600448  -4.117290E-4
3528.48723254822  0.0646123
3530.45186909195  0.0986006
3532.41650563569  0.0517161
3534.38114217942  -0.00125263
3536.34577872316  -0.0264076
3538.31041526689  4.443780E-4
3540.27505181063  0.0586885
3542.23968835436  0.0707147
3544.2043248981  0.0946638
3546.16896144183  -0.0551349
3548.13359798557  0.0322015
3550.0982345293  0.0744544
3552.06287107304  0.0423926
3554.02750761677  0.0379256
3555.99214416051  0.021819
3557.95678070424  -0.0649173
3559.92141724798  -0.00364619
3561.88605379171  0.0377315
3563.85069033545  0.00295219
3565.81532687918  0.0387655
3567.77996342292  0.127469
3569.74459996665  -0.0240576
3571.70923651039  0.0471217
3573.67387305412  0.00557033
3575.63850959786  -0.0143799
3577.60314614159  0.00708077
3579.56778268533  0.0340339
3581.53241922906  0.112535
3583.4970557728  0.0335149
3585.46169231653  -0.127851
3587.42632886027  -0.142119
3589.390965404  0.00286196
3591.35560194774  0.00759349
3593.32023849147  0.0280549
3595.28487503521  -0.0584983
3597.24951157894  -0.0219301
3599.21414812268  0.00422296
3601.17878466641  0.0188566
3603.14342121015  0.00433096
3605.10805775389  0.00902349
3607.07269429762  -3.487320E-4
3609.03733084136  -0.0525352
3611.00196738509  0.107506
3612.96660392883  0.00507316
3614.93124047256  0.0677328
3616.8958770163  -0.0290983
3618.86051356003  0.0385543
3620.82515010377  0.0700172
3622.7897866475  0.0208112
3624.75442319124  0.0542336
3626.71905973497  0.0417145
3628.68369627871  0.0565479
3630.64833282244  0.0849316
3632.61296936618  0.0599625
3634.57760590991  0.0278346
3636.54224245365  0.0879245
3638.50687899738  0.0731269
3640.47151554112  2.208510E-4
3642.43615208485  0.104474
3644.40078862859  0.0294116
3646.36542517232  0.0895356
3648.33006171606  0.106331
3650.29469825979  0.0226455
3652.25933480353  -0.00266815
3654.22397134726  0.0129941
3656.188607891  -1.711220E-4
3658.15324443473  0.033447
3660.11788097847  0.0620565
3662.0825175222  0.0679655
3664.04715406594  0.00717408
3666.01179060967  -0.170374
3667.97642715341  -0.0591536
3669.94106369714  0.0493631
3671.90570024088  0.0990674
3673.87033678461  0.0842712
3675.83497332835  0.0740101
3677.79960987208  0.0492526
3679.76424641582  -0.0523049
3681.72888295955  0.0329887
3683.69351950329  0.0738205
3685.65815604702  0.00630393
3687.62279259076  0.0573307
3689.58742913449  0.0586411
3691.55206567823  0.00106287
3693.51670222196  -0.0429373
3695.4813387657  0.0338114
3697.44597530943  0.0290751
3699.41061185317  0.0519012
3701.3752483969  0.0685266
3703.33988494064  0.0597262
3705.30452148438  0.0156429
3707.26915802811  0.0328064
3709.23379457185  0.0171473
3711.19843111558  0.0297363
3713.16306765931  0.0349583
3715.12770420305  0.0640364
3717.09234074679  0.0333322
3719.05697729052  0.0231839
3721.02161383426  0.0372603
3722.98625037799  0.102096
3724.95088692173  0.23651
3726.91552346546  0.315445
3728.8801600092  0.197756
3730.84479655293  0.0416344
3732.80943309667  0.021197
3734.7740696404  0.0522324
3736.73870618414  0.0698191
3738.70334272787  0.039839
3740.66797927161  0.0691701
3742.63261581534  0.0872689
3744.59725235908  0.113732
3746.56188890281  0.0775039
3748.52652544655  0.0754063
3750.49116199028  0.124598
3752.45579853402  0.0799311
3754.42043507775  0.0814936
3756.38507162149  0.0209186
3758.34970816522  0.0451043
3760.31434470896  0.0659915
3762.27898125269  0.0983767
3764.24361779643  0.153405
3766.20825434016  0.0927431
3768.1728908839  0.0789261
3770.13752742763  0.0710478
3772.10216397137  0.0596858
3774.0668005151  0.0548131
3776.03143705884  0.0806809
3777.99607360257  0.0697658
3779.96071014631  0.0613781
3781.92534669004  0.0478529
3783.88998323378  0.0793176
3785.85461977751  0.0621781
3787.81925632125  0.0158441
3789.78389286498  0.0487848
3791.74852940872  0.0796554
3793.71316595245  0.0674293
3795.67780249619  0.0251649
3797.64243903992  0.0990089
3799.60707558366  0.0752241
3801.57171212739  0.0334596
3803.53634867113  0.0474635
3805.50098521486  0.0695837
3807.4656217586  0.106932
3809.43025830233  0.0497744
3811.39489484607  0.0341072
3813.35953138981  0.0826998
3815.32416793354  0.0462359
3817.28880447727  0.0462103
3819.25344102101  0.0682966
3821.21807756475  0.0205824
3823.18271410848  0.0235354
3825.14735065221  0.0533009
3827.11198719595  0.084531
3829.07662373969  0.0581962
3831.04126028342  0.0760544
3833.00589682716  0.114672
3834.97053337089  0.0621213
3836.93516991463  0.0629711
3838.89980645836  0.137242
3840.8644430021  0.121516
3842.82907954583  0.0505882
3844.79371608957  0.0531829
3846.7583526333  0.056943
3848.72298917704  0.0328826
3850.68762572077  0.0289167
3852.65226226451  0.0536136
3854.61689880824  -0.0370558
3856.58153535198  0.072429
3858.54617189571  0.0643871
3860.51080843945  0.01018
3862.47544498318  0.0316055
3864.44008152692  0.0603364
3866.40471807065  0.076865
3868.36935461439  0.0484686
3870.33399115812  0.074826
3872.29862770186  0.0815442
3874.26326424559  0.0640562
3876.22790078933  0.0327248
3878.19253733306  0.0402586
3880.1571738768  0.0473483
3882.12181042053  0.0459568
3884.08644696427  0.0507201
3886.051083508  0.0673833
3888.01572005174  0.031521
3889.98035659547  0.0705586
3891.94499313921  0.0252787
3893.90962968294  0.0109723
3895.87426622668  0.0634521
3897.83890277041  0.0381209
3899.80353931415  0.0597414
3901.76817585788  0.0341965
3903.73281240162  0.0443095
3905.69744894535  0.0626754
3907.66208548909  0.104785
3909.62672203282  0.129108
3911.59135857656  0.109179
3913.5559951203  0.122306
3915.52063166403  0.0635101
3917.48526820776  0.120245
3919.4499047515  0.116101
3921.41454129524  0.102709
3923.37917783897  0.112517
3925.3438143827  0.110074
3927.30845092644  0.094695
3929.27308747017  0.115803
3931.23772401391  0.118472
3933.20236055765  0.084146
3935.16699710138  0.121002
3937.13163364512  0.103591
3939.09627018885  0.105376
3941.06090673259  0.151808
3943.02554327632  0.18064
3944.99017982006  0.171763
3946.95481636379  0.19639
3948.91945290753  0.208754
3950.88408945126  0.216956
3952.848725995  0.238711
3954.81336253873  0.266341
3956.77799908247  0.152492
3958.7426356262  0.102128
3960.70727216994  0.236277
3962.67190871367  0.243287
3964.63654525741  0.211204
3966.60118180114  0.244629
3968.56581834488  0.252214
3970.53045488861  0.202596
3972.49509143235  0.151043
3974.45972797608  0.237552
3976.42436451982  0.212223
3978.38900106355  0.190701
3980.35363760729  0.222494
3982.31827415102  0.201229
3984.28291069476  0.184535
3986.24754723849  0.243043
3988.21218378223  0.249576
3990.17682032596  0.248237
3992.1414568697  0.251643
3994.10609341343  0.271059
3996.07072995717  0.27974
3998.0353665009  0.253928
4000.00000304464  0.234737
4001.96463958837  0.245943
4003.92927613211  0.247776
4005.89391267584  0.24229
4007.85854921958  0.285262
4009.82318576331  0.267121
4011.78782230705  0.202641
4013.75245885078  0.205712
4015.71709539452  0.193903
4017.68173193825  0.210175
4019.64636848199  0.193783
4021.61100502572  0.191391
4023.57564156946  0.189005
4025.54027811319  0.186623
4027.50491465693  0.184245
4029.46955120066  0.184065
4031.4341877444  0.173079
4033.39882428814  0.144112
4035.36346083187  0.103462
4037.32809737561  0.153359
4039.29273391934  0.191629
4041.25737046307  0.187021
4043.22200700681  0.243592
4045.18664355055  0.227071
4047.15128009428  0.173853
4049.11591663802  0.210699
4051.08055318175  0.224517
4053.04518972549  0.256081
4055.00982626922  0.256094
4056.97446281296  0.36195
4058.93909935669  0.406083
4060.90373590043  0.387674
4062.86837244416  0.384301
4064.8330089879  0.386128
4066.79764553163  0.371127
4068.76228207537  0.36851
4070.7269186191  0.371351
4072.69155516284  0.334286
4074.65619170657  0.30812
4076.62082825031  0.290888
4078.58546479404  0.331248
4080.55010133778  0.376654
4082.51473788151  0.378907
4084.47937442525  0.341308
4086.44401096898  0.357548
4088.40864751272  0.437117
4090.37328405645  0.485714
4092.33792060019  0.464835
4094.30255714392  0.431545
4096.26719368766  0.426338
4098.23183023139  0.385851
4100.19646677513  0.393599
4102.16110331886  0.409179
4104.1257398626  0.406364
4106.09037640633  0.374313
4108.05501295007  0.366856
4110.0196494938  0.428136
4111.98428603754  0.438985
4113.94892258127  0.420007
4115.91355912501  0.412687
4117.87819566874  0.392209
4119.84283221248  0.367323
4121.80746875621  0.425523
4123.77210529995  0.404005
4125.73674184368  0.347364
4127.70137838742  0.375169
4129.66601493115  0.368067
4131.63065147489  0.322602
4133.59528801862  0.309567
4135.55992456236  0.319622
4137.5245611061  0.3076
4139.48919764983  0.271257
4141.45383419357  0.320825
4143.4184707373  0.376745
4145.38310728104  0.304055
4147.34774382477  0.265798
4149.31238036851  0.30462
4151.27701691224  0.34383
4153.24165345598  0.361189
4155.20628999971  0.281954
4157.17092654345  0.306477
4159.13556308718  0.258849
4161.10019963092  0.240121
4163.06483617465  0.2166
4165.02947271839  0.229916
4166.99410926212  0.209118
4168.95874580586  0.193092
4170.92338234959  0.194447
4172.88801889333  0.147613
4174.85265543706  0.108878
4176.8172919808  0.154162
4178.78192852453  0.142016
4180.74656506827  0.148255
4182.711201612  0.161515
4184.67583815574  0.195964
4186.64047469947  0.204271
4188.60511124321  0.219926
4190.56974778694  0.145986
4192.53438433068  0.143112
4194.49902087441  0.211086
4196.46365741815  0.21095
4198.42829396188  0.185962
4200.39293050562  0.175676
4202.35756704935  0.195735
4204.32220359309  0.236599
4206.28684013682  0.255593
4208.25147668056  0.258885
4210.21611322429  0.219683
4212.18074976803  0.285549
4214.14538631176  0.306764
4216.1100228555  0.295799
4218.07465939923  0.294052
4220.03929594297  0.296976
4222.0039324867  0.270922
4223.96856903044  0.313181
4225.93320557417  0.354302
4227.89784211791  0.363558
4229.86247866164  0.367612
4231.82711520538  0.378386
4233.79175174911  0.353042
4235.75638829285  0.308021
4237.72102483658  0.324832
4239.68566138032  0.306345
4241.65029792405  0.299785
4243.61493446779  0.25465
4245.57957101152  0.219515
4247.54420755526  0.23746
4249.508844099  0.215131
4251.47348064273  0.199349
4253.43811718646  0.228115
4255.4027537302  0.214419
4257.36739027393  0.149819
4259.33202681767  0.131351
4261.2966633614  0.133874
4263.26129990514  0.130489
4265.22593644888  0.111363
4267.19057299261  0.188346
4269.15520953635  0.152369
4271.11984608008  0.117068
4273.08448262382  0.137373
4275.04911916755  0.166114
4277.01375571129  0.0866476
4278.97839225502  0.0351344
4280.94302879876  0.053357
4282.90766534249  0.100917
4284.87230188623  0.108508
4286.83693842996  0.126996
4288.8015749737  0.169777
4290.76621151743  0.163459
4292.73084806117  0.195911
4294.6954846049  0.211601
4296.66012114864  0.241876
4298.62475769237  0.199612
4300.58939423611  0.122863
4302.55403077984  0.168012
4304.51866732358  0.194416
4306.48330386731  0.181239
4308.44794041105  0.174177
4310.41257695478  0.177684
4312.37721349852  0.24089
4314.34185004225  0.251764
4316.30648658599  0.263154
4318.27112312972  0.242979
4320.23575967346  0.210616
4322.20039621719  0.288772
4324.16503276093  0.246253
4326.12966930466  0.230255
4328.0943058484  0.252429
4330.05894239213  0.250462
4332.02357893587  0.286536
4333.9882154796  0.239483
4335.95285202334  0.197546
4337.91748856707  0.265513
4339.88212511081  0.271761
4341.84676165454  0.265797
4343.81139819828  0.245865
4345.77603474201  0.226302
4347.74067128575  0.236254
4349.70530782948  0.200073
4351.66994437322  0.194187
4353.63458091695  0.192015
4355.59921746069  0.167638
4357.56385400442  0.173002
4359.52849054816  0.181522
4361.4931270919  0.216027
4363.45776363563  0.236987
4365.42240017937  0.233948
4367.3870367231  0.234293
4369.35167326684  0.26742
4371.31630981057  0.284738
4373.28094635431  0.269543
4375.24558289804  0.261605
4377.21021944178  0.269676
4379.17485598551  0.326519
4381.13949252925  0.368713
4383.10412907298  0.365035
4385.06876561672  0.314858
4387.03340216045  0.319411
4388.99803870419  0.368769
4390.96267524792  0.347102
4392.92731179166  0.3299
4394.89194833539  0.316697
4396.85658487913  0.296716
4398.82122142286  0.284597
4400.7858579666  0.291084
4402.75049451033  0.305726
4404.71513105407  0.256329
4406.6797675978  0.260248
4408.64440414154  0.27649
4410.60904068527  0.289463
4412.57367722901  0.266902
4414.53831377274  0.262006
4416.50295031648  0.277043
4418.46758686021  0.263029
4420.43222340395  0.212273
4422.39685994768  0.221629
4424.36149649142  0.273281
4426.32613303515  0.265737
4428.29076957889  0.244827
4430.25540612262  0.235163
4432.22004266636  0.311502
4434.18467921009  0.327016
4436.14931575383  0.305373
4438.11395229756  0.351042
4440.0785888413  0.40119
4442.04322538503  0.382739
4444.00786192877  0.438608
4445.9724984725  0.372478
4447.93713501624  0.371945
4449.90177155997  0.38956
4451.86640810371  0.386126
4453.83104464744  0.351292
4455.79568119118  0.333132
4457.76031773491  0.360903
4459.72495427865  0.337186
4461.68959082238  0.298628
4463.65422736612  0.315063
4465.61886390986  0.333002
4467.58350045359  0.307778
4469.54813699733  0.282735
4471.51277354106  0.286571
4473.47741008479  0.312955
4475.44204662853  0.342906
4477.40668317227  0.323602
4479.371319716  0.319252
4481.33595625973  0.301281
4483.30059280347  0.246082
4485.2652293472  0.234267
4487.22986589094  0.280214
4489.19450243468  0.272311
4491.15913897841  0.251297
4493.12377552215  0.232853
4495.08841206588  0.223068
4497.05304860962  0.236087
4499.01768515335  0.211246
4500.98232169709  0.18932
4502.94695824082  0.204421
4504.91159478456  0.235907
4506.87623132829  0.188829
4508.84086787203  0.160427
4510.80550441576  0.189726
4512.7701409595  0.206837
4514.73477750323  0.198678
4516.69941404697  0.237794
4518.6640505907  0.208209
4520.62868713444  0.169465
4522.59332367817  0.199622
4524.55796022191  0.246736
4526.52259676564  0.233313
4528.48723330938  0.221241
4530.45186985311  0.247169
4532.41650639685  0.27043
4534.38114294058  0.273576
4536.34577948432  0.271339
4538.31041602805  0.267686
4540.27505257179  0.296908
4542.23968911552  0.313271
4544.20432565926  0.31988
4546.16896220299  0.335075
4548.13359874673  0.384032
4550.09823529046  0.367706
4552.0628718342  0.36048
4554.02750837793  0.442504
4555.99214492167  0.485769
4557.9567814654  0.511838
4559.92141800914  0.488947
4561.88605455287  0.564117
4563.85069109661  0.626134
4565.81532764034  0.642812
4567.77996418408  0.667345
4569.74460072781  0.760587
4571.70923727155  0.821569
4573.67387381528  0.832218
4575.63851035902  0.840145
4577.60314690275  0.850904
4579.56778344649  0.829994
4581.53241999023  0.837647
4583.49705653396  0.878998
4585.46169307769  0.797009
4587.42632962143  0.749893
4589.39096616516  0.734855
4591.3556027089  0.70935
4593.32023925264  0.675435
4595.28487579637  0.658657
4597.24951234011  0.646852
4599.21414888384  0.610509
4601.17878542758  0.619551
4603.14342197131  0.64224
4605.10805851505  0.671168
4607.07269505878  0.685369
4609.03733160252  0.692948
4611.00196814625  0.73445
4612.96660468999  0.800327
4614.93124123372  0.800156
4616.89587777746  0.821788
4618.86051432119  0.829068
4620.82515086493  0.823903
4622.78978740866  0.818915
4624.7544239524  0.81512
4626.71906049613  0.848506
4628.68369703987  0.832984
4630.6483335836  0.799998
4632.61297012734  0.785663
4634.57760667107  0.770502
4636.54224321481  0.749421
4638.50687975854  0.755917
4640.47151630228  0.779656
4642.43615284601  0.798688
4644.40078938975  0.833348
4646.36542593348  0.818557
4648.33006247722  0.850616
4650.29469902095  0.884415
4652.25933556469  0.879568
4654.22397210842  0.861399
4656.18860865216  0.891684
4658.15324519589  0.914926
4660.11788173963  0.925692
4662.08251828336  0.924106
4664.0471548271  0.938286
4666.01179137083  0.936937
4667.97642791457  0.92016
4669.9410644583  0.910778
4671.90570100204  0.920045
4673.87033754577  0.883565
4675.83497408951  0.830682
4677.79961063324  0.820439
4679.76424717698  0.828547
4681.72888372071  0.843119
4683.69352026445  0.851181
4685.65815680818  0.865162
4687.62279335192  0.843958
4689.58742989565  0.866964
4691.55206643939  0.851679
4693.51670298313  0.823245
4695.48133952686  0.816123
4697.4459760706  0.82709
4699.41061261433  0.820094
4701.37524915806  0.847358
4703.3398857018  0.832124
4705.30452224554  0.799382
4707.26915878927  0.795253
4709.23379533301  0.810991
4711.19843187674  0.847114
4713.16306842047  0.850761
4715.12770496421  0.821283
4717.09234150795  0.832919
4719.05697805168  0.832889
4721.02161459542  0.846736
4722.98625113915  0.823814
4724.95088768289  0.847092
4726.91552422662  0.834423
4728.88016077036  0.805593
4730.84479731409  0.827417
4732.80943385783  0.82381
4734.77407040156  0.793549
4736.7387069453  0.750565
4738.70334348903  0.760372
4740.66798003277  0.788151
4742.6326165765  0.768547
4744.59725312024  0.719925
4746.56188966397  0.712275
4748.52652620771  0.712597
4750.49116275144  0.697358
4752.45579929518  0.679434
4754.42043583891  0.725937
4756.38507238265  0.650001
4758.34970892638  0.65337
4760.31434547012  0.664935
4762.27898201385  0.665663
4764.24361855759  0.663935
4766.20825510132  0.637238
4768.17289164506  0.580626
4770.13752818879  0.445108
4772.10216473253  0.416775
4774.06680127626  0.406055
4776.03143782  0.392749
4777.99607436373  0.371243
4779.96071090747  0.359086
4781.9253474512  0.375628
4783.88998399494  0.384917
4785.85462053867  0.35216
4787.81925708241  0.333178
4789.78389362614  0.327699
4791.74853016988  0.363754
4793.71316671361  0.370053
4795.67780325735  0.340837
4797.64243980109  0.345188
4799.60707634482  0.355661
4801.57171288856  0.390724
4803.53634943229  0.391635
4805.50098597602  0.394876
4807.46562251976  0.391209
4809.4302590635  0.393533
4811.39489560723  0.389364
4813.35953215097  0.37128
4815.3241686947  0.361287
4817.28880523844  0.349052
4819.25344178217  0.356648
4821.21807832591  0.349571
4823.18271486964  0.36875
4825.14735141338  0.373805
4827.11198795711  0.429076
4829.07662450085  0.465906
4831.04126104458  0.527677
4833.00589758832  0.589267
4834.97053413205  0.651649
4836.93517067579  0.714341
4838.89980721952  0.786772
4840.86444376326  0.832767
4842.82908030699  0.844972
4844.79371685073  0.865666
4846.75835339446  0.895815
4848.7229899382  0.91412
4850.68762648193  0.963281
4852.65226302567  0.995171
4854.6168995694  0.927599
4856.58153611314  0.936521
4858.54617265687  0.958592
4860.51080920061  0.974114
4862.47544574434  0.920196
4864.44008228808  0.865153
4866.40471883181  0.816164
4868.36935537555  0.781068
4870.33399191928  0.718319
4872.29862846302  0.656299
4874.26326500675  0.620014
4876.22790155049  0.598143
4878.19253809422  0.541728
4880.15717463796  0.519821
4882.12181118169  0.482053
4884.08644772543  0.476413
4886.05108426916  0.479414
4888.0157208129  0.489832
4889.98035735663  0.517853
4891.94499390037  0.534432
4893.90963044411  0.524807
4895.87426698784  0.529618
4897.83890353157  0.614917
4899.80354007531  0.669335
4901.76817661905  0.711907
4903.73281316278  0.761344
4905.69744970651  0.794993
4907.66208625025  0.860444
4909.62672279399  0.958925
4911.59135933772  1.00196
4913.55599588145  1.02224
4915.52063242519  1.08827
4917.48526896892  1.12815
4919.44990551266  1.13832
4921.4145420564  1.17483
4923.37917860013  1.15278
4925.34381514387  1.18504
4927.3084516876  1.20134
4929.27308823133  1.17129
4931.23772477507  1.12535
4933.20236131881  1.10362
4935.16699786254  1.10099
4937.13163440628  1.09713
4939.09627095001  1.15729
4941.06090749375  1.16492
4943.02554403748  1.13001
4944.99018058122  1.09873
4946.95481712495  1.0611
4948.91945366869  0.967977
4950.88409021242  0.908925
4952.84872675616  0.872795
4954.81336329989  0.840903
4956.77799984363  0.786639
4958.74263638736  0.704448
4960.7072729311  0.62218
4962.67190947483  0.574668
4964.63654601857  0.543758
4966.6011825623  0.457731
4968.56581910604  0.403561
4970.53045564977  0.397253
4972.49509219351  0.410375
4974.45972873724  0.419356
4976.42436528098  0.425896
4978.38900182471  0.420096
4980.35363836845  0.399092
4982.31827491218  0.415937
4984.28291145592  0.454233
4986.24754799965  0.521549
4988.21218454339  0.601743
4990.17682108712  0.637848
4992.14145763086  0.617616
4994.10609417459  0.700908
4996.07073071833  0.751021
4998.03536726206  0.821978
5000.0000038058  0.889899
5001.96464034953  0.914152
5003.92927689327  0.936152
5005.89391343701  1.05718
5007.85854998074  1.13121
5009.82318652447  1.07993
5011.78782306821  1.07506
5013.75245961195  1.07394
5015.71709615568  1.04278
5017.68173269942  1.05539
5019.64636924315  1.12706
5021.61100578689  1.12532
5023.57564233062  1.13844
5025.54027887436  1.14
5027.50491541809  1.10015
5029.46955196183  1.06248
5031.43418850556  1.06645
5033.3988250493  1.05054
5035.36346159303  1.08402
5037.32809813677  1.02883
5039.2927346805  0.995235
5041.25737122424  0.993224
5043.22200776797  1.00616
5045.18664431171  1.00838
5047.15128085544  0.956262
5049.11591739918  0.875611
5051.08055394291  0.902615
5053.04519048665  0.922837
5055.00982703038  0.907812
5056.97446357412  0.883821
5058.93910011785  0.88016
5060.90373666159  0.891983
5062.86837320532  0.877614
5064.83300974906  0.823534
5066.79764629279  0.871732
5068.76228283653  0.911636
5070.72691938026  0.892949
5072.691555924  0.866141
5074.65619246773  0.865814
5076.62082901147  0.833771
5078.5854655552  0.785644
5080.55010209894  0.763374
5082.51473864267  0.754335
5084.47937518641  0.746479
5086.44401173014  0.753718
5088.40864827388  0.777577
5090.37328481761  0.736115
5092.33792136135  0.700473
5094.30255790508  0.675164
5096.26719444882  0.641651
5098.23183099255  0.607081
5100.19646753629  0.577651
5102.16110408002  0.551502
5104.12574062376  0.551218
5106.0903771675  0.554357
5108.05501371123  0.500677
5110.01965025497  0.439212
5111.9842867987  0.383043
5113.94892334244  0.338199
5115.91355988617  0.328889
5117.8781964299  0.362327
5119.84283297364  0.305475
5121.80746951738  0.274431
5123.77210606111  0.287388
5125.73674260485  0.297479
5127.70137914858  0.304734
5129.66601569232  0.341186
5131.63065223605  0.370586
5133.59528877979  0.383639
5135.55992532352  0.396673
5137.52456186726  0.409686
5139.48919841099  0.42268
5141.45383495473  0.435653
5143.41847149846  0.448607
5145.3831080422  0.448264
5147.34774458593  0.463461
5149.31238112967  0.456526
5151.2770176734  0.46508
5153.24165421714  0.500297
5155.20629076087  0.561217
5157.17092730461  0.604637
5159.13556384834  0.567937
5161.10020039208  0.547698
5163.06483693581  0.610642
5165.02947347955  0.667168
5166.99411002328  0.729995
5168.95874656702  0.748693
5170.92338311075  0.710481
5172.88801965449  0.711228
5174.85265619822  0.740103
5176.81729274196  0.723705
5178.78192928569  0.738672
5180.74656582943  0.73918
5182.71120237316  0.737186
5184.6758389169  0.760482
5186.64047546063  0.777414
5188.60511200437  0.734378
5190.5697485481  0.726511
5192.53438509184  0.720925
5194.49902163557  0.702211
5196.46365817931  0.695977
5198.42829472304  0.693127
5200.39293126678  0.664869
5202.35756781051  0.685122
5204.32220435425  0.692733
5206.28684089798  0.755265
5208.25147744172  0.771306
5210.21611398546  0.794633
5212.18075052919  0.819155
5214.14538707292  0.798728
5216.11002361666  0.787678
5218.07466016039  0.80206
5220.03929670413  0.791656
5222.00393324786  0.779765
5223.9685697916  0.75686
5225.93320633533  0.731069
5227.89784287907  0.724461
5229.8624794228  0.696145
5231.82711596654  0.694236
5233.79175251028  0.704141
5235.75638905401  0.677814
5237.72102559775  0.664749
5239.68566214148  0.666596
5241.65029868522  0.669236
5243.61493522895  0.680885
5245.57957177269  0.69604
5247.54420831642  0.703551
5249.50884486016  0.762944
5251.47348140389  0.786427
5253.43811794763  0.78855
5255.40275449136  0.783873
5257.3673910351  0.77195
5259.33202757883  0.758574
5261.29666412257  0.748166
5263.2613006663  0.739702
5265.22593721004  0.755728
5267.19057375377  0.729005
5269.15521029751  0.696092
5271.11984684124  0.668963
5273.08448338498  0.664233
5275.04911992871  0.645818
5277.01375647245  0.621485
5278.97839301618  0.621656
5280.94302955992  0.639603
5282.90766610365  0.658632
5284.87230264739  0.679064
5286.83693919112  0.656048
5288.80157573486  0.647841
5290.76621227859  0.66781
5292.73084882233  0.72628
5294.69548536606  0.78647
5296.6601219098  0.803996
5298.62475845353  0.801801
5300.58939499727  0.861827
5302.554031541  0.785273
5304.51866808474  0.85001
5306.48330462847  0.892883
5308.44794117221  0.904981
5310.41257771594  0.911543
5312.37721425968  0.898293
5314.34185080342  0.941858
5316.30648734715  0.925819
5318.27112389088  0.92929
5320.23576043462  0.936362
5322.20039697835  0.920959
5324.16503352209  0.891435
5326.12967006582  0.883379
5328.09430660956  0.90664
5330.05894315329  0.877298
5332.02357969703  0.897072
5333.98821624076  0.896956
5335.9528527845  0.889127
5337.91748932824  0.905679
5339.88212587197  0.930672
5341.84676241571  0.93086
5343.81139895944  0.953436
5345.77603550317  0.941532
5347.74067204691  0.952116
5349.70530859065  0.972264
5351.66994513438  0.961362
5353.63458167812  0.929255
5355.59921822185  0.957232
5357.56385476559  0.981108
5359.52849130932  0.989021
5361.49312785306  0.975486
5363.45776439679  0.931369
5365.42240094053  0.876114
5367.38703748426  0.871167
5369.351674028  0.911156
5371.31631057173  0.911368
5373.28094711547  0.886568
5375.2455836592  0.885604
5377.21022020294  0.90034
5379.17485674667  0.879609
5381.13949329041  0.847755
5383.10412983414  0.863175
5385.06876637788  0.893057
5387.03340292161  0.87677
5388.99803946535  0.870678
5390.96267600908  0.884547
5392.92731255282  0.884216
5394.89194909655  0.892036
5396.85658564029  0.943418
5398.82122218402  0.979906
5400.78585872776  0.947831
5402.75049527149  0.917921
5404.71513181523  0.923606
5406.67976835896  0.944538
5408.6444049027  0.972411
5410.60904144643  1.011
5412.57367799017  0.998307
5414.5383145339  0.97231
5416.50295107764  1.00456
5418.46758762137  1.03136
5420.43222416511  1.05238
5422.39686070884  1.06299
5424.36149725258  1.05001
5426.32613379631  1.05027
5428.29077034005  1.03226
5430.25540688378  1.03276
5432.22004342752  1.01999
5434.18467997125  0.991358
5436.14931651499  0.982531
5438.11395305873  1.00707
5440.07858960246  1.00562
5442.0432261462  0.969749
5444.00786268993  0.931747
5445.97249923366  0.937702
5447.9371357774  0.941337
5449.90177232113  0.92559
5451.86640886487  0.912554
5453.8310454086  0.899858
5455.79568195234  0.902395
5457.76031849608  0.885958
5459.72495503981  0.89828
5461.68959158355  0.919149
5463.65422812728  0.910992
5465.61886467102  0.889376
5467.58350121475  0.910075
5469.54813775849  0.898211
5471.51277430222  0.902889
5473.47741084596  0.845449
5475.44204738969  0.860842
5477.40668393343  0.833304
5479.37132047716  0.733983
5481.3359570209  0.763455
5483.30059356463  0.792746
5485.26523010837  0.818983
5487.2298666521  0.770532
5489.19450319584  0.736412
5491.15913973957  0.745255
5493.12377628331  0.763425
5495.08841282704  0.741107
5497.05304937078  0.745138
5499.01768591451  0.806132
5500.98232245825  0.82445
5502.94695900198  0.824119
5504.91159554572  0.844724
5506.87623208945  0.894533
5508.84086863319  0.927148
5510.80550517692  0.916559
5512.77014172066  0.910815
5514.73477826439  0.975578
5516.69941480813  1.00478
5518.66405135186  0.990016
5520.6286878956  0.990384
5522.59332443933  1.02048
5524.55796098307  1.05273
5526.5225975268  1.02574
5528.48723407054  1.04046
5530.45187061427  1.03836
5532.41650715801  1.04319
5534.38114370174  1.04656
5536.34578024548  1.01421
5538.31041678921  1.00103
5540.27505333295  0.975253
5542.23968987669  0.984052
5544.20432642042  0.991454
5546.16896296415  0.979256
5548.13359950789  0.964432
5550.09823605162  0.963642
5552.06287259536  0.959579
5554.0275091391  0.936124
5555.99214568283  0.943236
5557.95678222656  0.937252
5559.9214187703  0.935723
5561.88605531404  0.955645
5563.85069185777  0.974402
5565.81532840151  0.956245
5567.77996494524  0.955332
5569.74460148898  0.939233
5571.70923803271  0.925026
5573.67387457645  0.933911
5575.63851112018  0.939953
5577.60314766392  0.91185
5579.56778420765  0.875519
5581.53242075139  0.911663
5583.49705729512  0.90903
5585.46169383886  0.87403
5587.42633038259  0.864541
5589.39096692633  0.870021
5591.35560347006  0.86459
5593.3202400138  0.878113
5595.28487655753  0.855059
5597.24951310127  0.834256
5599.214149645  0.813818
5601.17878618874  0.778687
5603.14342273247  0.76537
5605.10805927621  0.76934
5607.07269581994  0.741168
5609.03733236368  0.699897
5611.00196890741  0.71975
5612.96660545115  0.707462
5614.93124199488  0.7213
5616.89587853862  0.713648
5618.86051508235  0.668147
5620.82515162609  0.648851
5622.78978816982  0.671677
5624.75442471356  0.642898
5626.71906125729  0.634389
5628.68369780103  0.651695
5630.64833434476  0.656139
5632.6129708885  0.640102
5634.57760743223  0.655047
5636.54224397597  0.744026
5638.5068805197  0.732764
5640.47151706344  0.755478
5642.43615360718  0.764163
5644.40079015091  0.780078
5646.36542669464  0.792846
5648.33006323838  0.79514
5650.29469978211  0.840178
5652.25933632585  0.85657
5654.22397286958  0.824894
5656.18860941332  0.827592
5658.15324595705  0.852155
5660.11788250079  0.889017
5662.08251904452  0.917359
5664.04715558826  0.868903
5666.011792132  0.87757
5667.97642867573  0.875606
5669.94106521947  0.87472
5671.9057017632  0.866911
5673.87033830694  0.862048
5675.83497485067  0.8616
5677.79961139441  0.84708
5679.76424793814  0.854871
5681.72888448188  0.835319
5683.69352102561  0.864044
5685.65815756935  0.904148
5687.62279411308  0.916387
5689.58743065682  0.885515
5691.55206720055  0.827563
5693.51670374429  0.831109
5695.48134028802  0.865393
5697.44597683176  0.909471
5699.41061337549  0.899192
5701.37524991923  0.863498
5703.33988646296  0.840374
5705.3045230067  0.819398
5707.26915955043  0.841763
5709.23379609417  0.865563
5711.1984326379  0.861773
5713.16306918164  0.846387
5715.12770572537  0.84643
5717.09234226911  0.863513
5719.05697881284  0.872633
5721.02161535658  0.852346
5722.98625190031  0.851098
5724.95088844405  0.865202
5726.91552498778  0.852053
5728.88016153152  0.829422
5730.84479807525  0.844512
5732.80943461899  0.888279
5734.77407116272  0.878371
5736.73870770646  0.855247
5738.70334425019  0.840505
5740.66798079393  0.822396
5742.63261733766  0.797035
5744.5972538814  0.779196
5746.56189042513  0.795038
5748.52652696887  0.844997
5750.4911635126  0.811237
5752.45580005634  0.766343
5754.42043660007  0.788711
5756.38507314381  0.817339
5758.34970968754  0.795331
5760.31434623128  0.75029
5762.27898277501  0.745092
5764.24361931875  0.774582
5766.20825586249  0.791058
5768.17289240622  0.804901
5770.13752894996  0.78459
5772.10216549369  0.736359
5774.06680203742  0.706336
5776.03143858116  0.6976
5777.99607512489  0.671065
5779.96071166863  0.63999
5781.92534821237  0.607231
5783.8899847561  0.575142
5785.85462129984  0.548152
5787.81925784357  0.532009
5789.78389438731  0.498828
5791.74853093104  0.541863
5793.71316747478  0.478834
5795.67780401851  0.532976
5797.64244056225  0.549607
5799.60707710598  0.508797
5801.57171364972  0.506444
5803.53635019345  0.54263
5805.50098673719  0.460641
5807.46562328092  0.449235
5809.43025982466  0.441169
5811.39489636839  0.433705
5813.35953291213  0.441729
5815.32416945586  0.439881
5817.2888059996  0.410564
5819.25344254333  0.458812
5821.21807908707  0.365175
5823.1827156308  0.392255
5825.14735217454  0.40697
5827.11198871827  0.382587
5829.07662526201  0.368281
5831.04126180574  0.374431
5833.00589834948  0.393628
5834.97053489321  0.420471
5836.93517143695  0.428881
5838.89980798068  0.402421
5840.86444452442  0.383718
5842.82908106815  0.393519
5844.79371761189  0.406123
5846.75835415562  0.433458
5848.72299069936  0.380021
5850.68762724309  0.389738
5852.65226378683  0.443745
5854.61690033056  0.494137
5856.5815368743  0.505187
5858.54617341803  0.516264
5860.51080996177  0.60092
5862.4754465055  0.613
5864.44008304924  0.642286
5866.40471959297  0.69712
5868.36935613671  0.765613
5870.33399268045  0.807064
5872.29862922418  0.816111
5874.26326576791  0.838963
5876.22790231165  0.910991
5878.19253885539  0.944334
5880.15717539912  0.959799
5882.12181194285  0.986517
5884.08644848659  1.01933
5886.05108503032  1.03708
5888.01572157406  1.02722
5889.98035811779  1.01487
5891.94499466153  1.0494
5893.90963120527  1.09832
5895.874267749  1.11414
5897.83890429274  1.09374
5899.80354083647  1.07126
5901.76817738021  1.07428
5903.73281392394  1.08641
5905.69745046768  1.08039
5907.66208701141  1.05044
5909.62672355515  1.04712
5911.59136009888  1.07316
5913.55599664262  1.0849
5915.52063318635  1.05522
5917.48526973009  1.03734
5919.44990627382  1.0342
5921.41454281756  1.00639
5923.37917936129  0.981131
5925.34381590503  0.975339
5927.30845244876  0.983575
5929.2730889925  0.987115
5931.23772553623  0.96802
5933.20236207997  0.959436
5935.1669986237  0.978836
5937.13163516744  0.99357
5939.09627171117  0.978752
5941.06090825491  0.945868
5943.02554479864  0.93492
5944.99018134238  0.984953
5946.95481788611  0.967572
5948.91945442985  0.953133
5950.88409097358  0.953935
5952.84872751732  0.925485
5954.81336406105  0.892444
5956.77800060479  0.893104
5958.74263714852  0.891321
5960.70727369226  0.89257
5962.67191023599  0.871908
5964.63654677973  0.872151
5966.60118332346  0.885079
5968.5658198672  0.898803
5970.53045641093  0.910677
5972.49509295467  0.91149
5974.4597294984  0.932115
5976.42436604214  0.899942
5978.38900258587  0.89882
5980.35363912961  0.908234
5982.31827567335  0.89131
5984.28291221708  0.870298
5986.24754876081  0.881287
5988.21218530455  0.842019
5990.17682184828  0.861059
5992.14145839202  0.860652
5994.10609493575  0.840674
5996.07073147949  0.841887
5998.03536802323  0.876036
6000.00000456696  0.889896
6001.9646411107  0.871803
6003.92927765443  0.873883
6005.89391419817  0.874375
6007.8585507419  0.869877
6009.82318728564  0.869465
6011.78782382937  0.867583
6013.75246037311  0.850359
6015.71709691684  0.829797
6017.68173346058  0.833408
6019.64637000431  0.850736
6021.61100654805  0.855845
6023.57564309178  0.832943
6025.54027963552  0.807249
6027.50491617925  0.811527
6029.46955272299  0.790414
6031.43418926672  0.789736
6033.39882581046  0.800221
6035.36346235419  0.821149
6037.32809889793  0.820055
6039.29273544166  0.801156
6041.2573719854  0.798993
6043.22200852913  0.797098
6045.18664507287  0.776202
6047.1512816166  0.767259
6049.11591816034  0.784197
6051.08055470407  0.776632
6053.04519124781  0.757446
6055.00982779154  0.77802
6056.97446433528  0.804443
6058.93910087901  0.789849
6060.90373742275  0.77241
6062.86837396648  0.752138
6064.83301051022  0.745446
6066.79764705395  0.753709
6068.76228359769  0.758479
6070.72692014142  0.750927
6072.69155668516  0.73228
6074.65619322889  0.696364
6076.62082977263  0.679486
6078.58546631636  0.687132
6080.5501028601  0.69265
6082.51473940383  0.680114
6084.47937594757  0.671883
6086.4440124913  0.672484
6088.40864903504  0.628146
6090.37328557877  0.60638
6092.33792212251  0.612681
6094.30255866625  0.621191
6096.26719520998  0.619833
6098.23183175372  0.609524
6100.19646829745  0.585883
6102.16110484118  0.582478
6104.12574138492  0.593427
6106.09037792865  0.615588
6108.05501447239  0.621826
6110.01965101613  0.628592
6111.98428755986  0.676841
6113.94892410359  0.711399
6115.91356064733  0.708543
6117.87819719106  0.730282
6119.8428337348  0.747517
6121.80747027854  0.761578
6123.77210682227  0.782376
6125.73674336601  0.79649
6127.70137990974  0.78216
6129.66601645348  0.808278
6131.63065299721  0.847406
6133.59528954095  0.835729
6135.55992608468  0.838281
6137.52456262842  0.868042
6139.48919917215  0.863313
6141.45383571589  0.883729
6143.41847225962  0.897921
6145.38310880336  0.902153
6147.34774534709  0.911087
6149.31238189083  0.878704
6151.27701843456  0.86037
6153.2416549783  0.919293
6155.20629152203  0.916689
6157.17092806577  0.877356
6159.1355646095  0.892005
6161.10020115324  0.892984
6163.06483769697  0.867707
6165.02947424071  0.843859
6166.99411078444  0.847945
6168.95874732818  0.875193
6170.92338387191  0.856148
6172.88802041565  0.852913
6174.85265695938  0.829503
6176.81729350312  0.826327
6178.78193004685  0.825605
6180.74656659059  0.795644
6182.71120313432  0.783165
6184.67583967806  0.776299
6186.64047622179  0.770803
6188.60511276553  0.763008
6190.56974930926  0.752119
6192.534385853  0.743111
6194.49902239673  0.740082
6196.46365894047  0.720848
6198.4282954842  0.699618
6200.39293202794  0.685033
6202.35756857168  0.664812
6204.32220511541  0.659014
6206.28684165914  0.661299
6208.25147820288  0.652465
6210.21611474661  0.646681
6212.18075129035  0.663717
6214.14538783409  0.7053
6216.11002437782  0.733998
6218.07466092155  0.754532
6220.03929746529  0.763296
6222.00393400903  0.771525
6223.96857055276  0.792422
6225.9332070965  0.801776
6227.89784364023  0.811563
6229.86248018397  0.80677
6231.8271167277  0.834068
6233.79175327144  0.857727
6235.75638981517  0.847215
6237.72102635891  0.836741
6239.68566290264  0.8639
6241.65029944638  0.843977
6243.61493599011  0.831386
6245.57957253385  0.81713
6247.54420907758  0.828242
6249.50884562132  0.856784
6251.47348216505  0.860523
6253.43811870879  0.84538
6255.40275525252  0.862338
6257.36739179626  0.863357
6259.33202833999  0.842452
6261.29666488373  0.822156
6263.26130142746  0.822375
6265.2259379712  0.83853
6267.19057451493  0.836169
6269.15521105867  0.803921
6271.1198476024  0.816664
6273.08448414614  0.806607
6275.04912068987  0.782999
6277.01375723361  0.770677
6278.97839377734  0.77684
6280.94303032108  0.790975
6282.90766686482  0.802653
6284.87230340855  0.758575
6286.83693995228  0.775258
6288.80157649602  0.818944
6290.76621303975  0.817653
6292.73084958349  0.786958
6294.69548612722  0.813557
6296.66012267096  0.826349
6298.62475921469  0.800524
6300.58939575843  0.791832
6302.55403230216  0.795205
6304.5186688459  0.79594
6306.48330538963  0.798389
6308.44794193337  0.810712
6310.4125784771  0.7848
6312.37721502084  0.753493
6314.34185156458  0.746642
6316.30648810831  0.73475
6318.27112465204  0.718927
6320.23576119578  0.71794
6322.20039773951  0.731338
6324.16503428325  0.747147
6326.12967082699  0.736191
6328.09430737072  0.74682
6330.05894391446  0.74532
6332.02358045819  0.709475
6333.98821700193  0.675707
6335.95285354566  0.684518
6337.9174900894  0.675229
6339.88212663313  0.66592
6341.84676317687  0.674062
6343.8113997206  0.661873
6345.77603626434  0.646769
6347.74067280807  0.636702
6349.70530935181  0.635116
6351.66994589554  0.659777
6353.63458243928  0.680312
6355.59921898301  0.66545
6357.56385552675  0.669172
6359.52849207048  0.691785
6361.49312861422  0.701254
6363.45776515795  0.700346
6365.42240170169  0.732246
6367.38703824542  0.740662
6369.35167478916  0.717507
6371.31631133289  0.720216
6373.28094787663  0.716312
6375.24558442036  0.683631
6377.2102209641  0.658535
6379.17485750783  0.679282
6381.13949405157  0.702982
6383.1041305953  0.675515
6385.06876713904  0.673168
6387.03340368277  0.698822
6388.99804022651  0.706548
6390.96267677024  0.674294
6392.92731331398  0.650732
6394.89194985771  0.657132
6396.85658640145  0.647945
6398.82122294518  0.626348
6400.78585948892  0.614856
6402.75049603265  0.604328
6404.71513257639  0.581921
6406.67976912012  0.562963
6408.64440566386  0.531879
6410.60904220759  0.491898
6412.57367875133  0.45517
6414.53831529506  0.450807
6416.5029518388  0.455804
6418.46758838254  0.438812
6420.43222492627  0.405797
6422.39686147  0.373805
6424.36149801374  0.358756
6426.32613455748  0.353559
6428.29077110121  0.322054
6430.25540764495  0.282173
6432.22004418868  0.263193
6434.18468073241  0.259211
6436.14931727615  0.238797
6438.11395381989  0.231287
6440.07859036362  0.227879
6442.04322690736  0.216015
6444.00786345109  0.217445
6445.97249999483  0.24183
6447.93713653856  0.247075
6449.90177308229  0.202317
6451.86640962603  0.208209
6453.83104616977  0.200566
6455.7956827135  0.206487
6457.76031925724  0.213567
6459.72495580097  0.221215
6461.68959234471  0.237427
6463.65422888844  0.240154
6465.61886543218  0.245017
6467.58350197591  0.257855
6469.54813851965  0.248367
6471.51277506338  0.258009
6473.47741160712  0.289387
6475.44204815085  0.31091
6477.40668469459  0.32468
6479.37132123832  0.333964
6481.33595778206  0.336166
6483.30059432579  0.370871
6485.26523086953  0.399469
6487.22986741326  0.414171
6489.194503957  0.434623
6491.15914050073  0.465764
6493.12377704447  0.498739
6495.0884135882  0.489527
6497.05305013194  0.506153
6499.01768667567  0.55906
6500.98232321941  0.61081
6502.94695976314  0.630334
6504.91159630688  0.644823
6506.87623285061  0.688821
6508.84086939435  0.744898
6510.80550593808  0.815391
6512.77014248182  0.874753
6514.73477902555  0.941264
6516.69941556929  1.03887
6518.66405211302  1.14915
6520.62868865676  1.24692
6522.59332520049  1.36071
6524.55796174423  1.43257
6526.52259828796  1.5565
6528.4872348317  1.68967
6530.45187137543  1.75144
6532.41650791917  1.7845
6534.3811444629  1.9281
6536.34578100664  1.97954
6538.31041755038  2.04649
6540.27505409411  2.13976
6542.23969063785  2.22257
6544.20432718158  2.27853
6546.16896372532  2.31154
6548.13360026905  2.30425
6550.09823681279  2.35402
6552.06287335652  2.31414
6554.02750990026  2.27525
6555.99214644399  2.25195
6557.95678298773  2.33512
6559.92141953146  2.52812
6561.8860560752  2.49096
6563.85069261893  2.39739
6565.81532916267  2.33209
6567.7799657064  2.26445
6569.74460225014  2.23192
6571.70923879387  2.22987
6573.67387533761  2.22163
6575.63851188134  2.17803
6577.60314842508  2.1517
6579.56778496881  2.09229
6581.53242151255  2.0678
6583.49705805628  2.06745
6585.46169460002  2.03516
6587.42633114375  1.94858
6589.39096768749  1.86567
6591.35560423122  1.89393
6593.32024077496  1.8391
6595.28487731869  1.80851
6597.24951386243  1.78295
6599.21415040616  1.74574
6601.1787869499  1.70318
6603.14342349363  1.67062
6605.10806003737  1.63799
6607.0726965811  1.58298
6609.03733312484  1.56884
6611.00196966857  1.58262
6612.96660621231  1.55978
6614.93124275604  1.511
6616.89587929978  1.5087
6618.86051584351  1.47579
6620.82515238725  1.4106
6622.78978893099  1.40531
6624.75442547472  1.38146
6626.71906201845  1.34353
6628.68369856219  1.31577
6630.64833510592  1.27998
6632.61297164966  1.28847
6634.57760819339  1.255
6636.54224473713  1.24738
6638.50688128086  1.23009
6640.4715178246  1.2072
6642.43615436834  1.18568
6644.40079091207  1.16024
6646.3654274558  1.14978
6648.33006399954  1.1279
6650.29470054327  1.09014
6652.25933708701  1.08177
6654.22397363074  1.0676
6656.18861017448  1.03785
6658.15324671822  1.03558
6660.11788326195  1.05899
6662.08251980568  1.01886
6664.04715634942  1.00643
6666.01179289316  1.01779
6667.97642943689  1.00243
6669.94106598063  0.987664
6671.90570252436  1.00253
6673.8703390681  0.951697
6675.83497561183  0.958688
6677.79961215557  0.952642
6679.7642486993  0.920314
6681.72888524304  0.911389
6683.69352178677  0.912696
6685.65815833051  0.888722
6687.62279487424  0.884407
6689.58743141798  0.88969
6691.55206796171  0.85788
6693.51670450545  0.853558
6695.48134104918  0.870279
6697.44597759292  0.879765
6699.41061413665  0.860674
6701.37525068039  0.818237
6703.33988722412  0.813641
6705.30452376786  0.827873
6707.26916031159  0.835203
6709.23379685533  0.838264
6711.19843339906  0.842189
6713.1630699428  0.84441
6715.12770648653  0.872468
6717.09234303027  0.847984
6719.056979574  0.86526
6721.02161611774  0.85781
6722.98625266147  0.827338
6724.95088920521  0.782493
6726.91552574894  0.778482
6728.88016229268  0.852189
6730.84479883641  0.837823
6732.80943538015  0.776609
6734.77407192388  0.745881
6736.73870846762  0.78464
6738.70334501136  0.80383
6740.66798155509  0.766666
6742.63261809882  0.747601
6744.59725464256  0.736315
6746.56189118629  0.741995
6748.52652773003  0.725053
6750.49116427377  0.706364
6752.4558008175  0.713594
6754.42043736124  0.742205
6756.38507390497  0.76298
6758.3497104487  0.744201
6760.31434699244  0.734365
6762.27898353617  0.732786
6764.24362007991  0.742174
6766.20825662365  0.747253
6768.17289316738  0.739982
6770.13752971112  0.729037
6772.10216625485  0.726562
6774.06680279858  0.742139
6776.03143934232  0.724547
6777.99607588606  0.735391
6779.96071242979  0.739505
6781.92534897353  0.71639
6783.88998551726  0.701932
6785.854622061  0.724114
6787.81925860473  0.716777
6789.78389514847  0.721785
6791.7485316922  0.726811
6793.71316823594  0.717444
6795.67780477967  0.703376
6797.64244132341  0.699058
6799.60707786714  0.698528
6801.57171441088  0.721816
6803.53635095461  0.728516
6805.50098749835  0.707995
6807.46562404208  0.692506
6809.43026058582  0.695612
6811.39489712955  0.704237
6813.35953367329  0.710715
6815.32417021702  0.744172
6817.28880676076  0.742416
6819.25344330449  0.727388
6821.21807984823  0.72472
6823.18271639196  0.714624
6825.1473529357  0.68709
6827.11198947943  0.670835
6829.07662602317  0.713692
6831.0412625669  0.727466
6833.00589911064  0.704448
6834.97053565437  0.689652
6836.93517219811  0.699685
6838.89980874184  0.710458
6840.86444528558  0.712923
6842.82908182931  0.683998
6844.79371837305  0.691628
6846.75835491678  0.709195
6848.72299146052  0.721012
6850.68762800425  0.723584
6852.65226454799  0.71272
6854.61690109172  0.693868
6856.58153763546  0.691223
6858.54617417919  0.694199
6860.51081072293  0.693021
6862.47544726666  0.678495
6864.4400838104  0.670541
6866.40472035414  0.669835
6868.36935689787  0.66079
6870.33399344161  0.664782
6872.29862998534  0.678797
6874.26326652908  0.695044
6876.22790307281  0.684193
6878.19253961655  0.673085
6880.15717616028  0.677146
6882.12181270402  0.691563
6884.08644924775  0.720025
6886.05108579149  0.707758
6888.01572233522  0.670028
6889.98035887896  0.676229
6891.94499542269  0.681594
6893.90963196643  0.670787
6895.87426851016  0.677792
6897.8389050539  0.706351
6899.80354159763  0.687822
6901.76817814137  0.685833
6903.7328146851  0.714769
6905.69745122884  0.71205
6907.66208777257  0.702705
6909.62672431631  0.695366
6911.59136086004  0.691144
6913.55599740378  0.686724
6915.52063394751  0.685396
6917.48527049125  0.689474
6919.44990703498  0.688451
6921.41454357872  0.679219
6923.37918012245  0.672985
6925.34381666619  0.678938
6927.30845320992  0.691351
6929.27308975366  0.692357
6931.23772629739  0.683978
6933.20236284113  0.680895
6935.16699938486  0.6788
6937.1316359286  0.677748
6939.09627247233  0.677851
6941.06090901607  0.678904
6943.0255455598  0.68181
6944.99018210354  0.688732
6946.95481864727  0.68133
6948.91945519101  0.653767
6950.88409173474  0.643205
6952.84872827848  0.651139
6954.81336482222  0.658647
6956.77800136595  0.654647
6958.74263790968  0.646291
6960.70727445342  0.646213
6962.67191099715  0.652005
6964.63654754089  0.655955
6966.60118408463  0.658728
6968.56582062836  0.664986
6970.53045717209  0.680206
6972.49509371583  0.693473
6974.45973025956  0.687599
6976.4243668033  0.665451
6978.38900334703  0.665621
6980.35363989077  0.683283
6982.31827643451  0.693753
6984.28291297824  0.701579
6986.24754952198  0.706772
6988.21218606571  0.708583
6990.17682260944  0.707604
6992.14145915318  0.705027
6994.10609569692  0.698456
6996.07073224065  0.695541
6998.03536878439  0.692414
7000.00000532812  0.693724
7001.96464187186  0.703877
7003.92927841559  0.713464
7005.89391495933  0.710342
7007.85855150306  0.698296
7009.8231880468  0.694128
7011.78782459053  0.691402
7013.75246113427  0.693101
7015.717097678  0.70442
7017.68173422174  0.710165
7019.64637076547  0.700359
7021.61100730921  0.684349
7023.57564385294  0.682965
7025.54028039668  0.694293
7027.50491694041  0.69404
7029.46955348415  0.686241
7031.43419002788  0.680752
7033.39882657162  0.676843
7035.36346311535  0.675201
7037.32809965909  0.678785
7039.29273620282  0.686959
7041.25737274656  0.688578
7043.22200929029  0.684888
7045.18664583403  0.683978
7047.15128237776  0.682697
7049.1159189215  0.684591
7051.08055546523  0.693121
7053.04519200897  0.704071
7055.0098285527  0.707494
7056.97446509644  0.70724
7058.93910164017  0.702902
7060.90373818391  0.690422
7062.86837472764  0.682467
7064.83301127138  0.678068
7066.79764781511  0.677416
7068.76228435885  0.682955
7070.72692090258  0.693904
7072.69155744632  0.699991
7074.65619399005  0.708287
7076.62083053379  0.706816
7078.58546707753  0.692618
7080.55010362126  0.681685
7082.514740165  0.679555
7084.47937670873  0.680882
7086.44401325247  0.680372
7088.4086497962  0.680897
7090.37328633994  0.6783
7092.33792288367  0.671381
7094.30255942741  0.667762
7096.26719597114  0.666685
7098.23183251488  0.668209
7100.19646905861  0.67467
7102.16110560235  0.685029
7104.12574214608  0.684994
7106.09037868982  0.678484
7108.05501523355  0.668799
7110.01965177729  0.6466
7111.98428832102  0.635331
7113.94892486476  0.64417
7115.91356140849  0.661574
7117.87819795223  0.672891
7119.84283449596  0.686379
7121.8074710397  0.688121
7123.77210758343  0.674359
7125.73674412717  0.670284
7127.7013806709  0.677225
7129.66601721464  0.684779
7131.63065375837  0.686517
7133.59529030211  0.68574
7135.55992684584  0.68592
7137.52456338958  0.68369
7139.48919993331  0.686386
7141.45383647705  0.693481
7143.41847302078  0.70069
7145.38310956452  0.710797
7147.34774610825  0.71806
7149.31238265199  0.708708
7151.27701919572  0.682518
7153.24165573946  0.676183
7155.20629228319  0.689243
7157.17092882693  0.686667
7159.13556537067  0.664906
7161.1002019144  0.645007
7163.06483845813  0.637995
7165.02947500187  0.638195
7166.9941115456  0.647857
7168.95874808934  0.680755
7170.92338463307  0.68642
7172.88802117681  0.671797
7174.85265772054  0.659297
7176.81729426428  0.648477
7178.78193080801  0.642103
7180.74656735175  0.652084
7182.71120389549  0.678229
7184.67584043922  0.685359
7186.64047698295  0.679284
7188.60511352669  0.677381
7190.56975007042  0.677814
7192.53438661416  0.67795
7194.4990231579  0.674451
7196.46365970163  0.670441
7198.42829624537  0.680603
7200.3929327891  0.711653
7202.35756933284  0.71953
7204.32220587657  0.711558
7206.28684242031  0.704363
7208.25147896404  0.696489
7210.21611550778  0.691337
7212.18075205151  0.699846
7214.14538859525  0.722036
7216.11002513898  0.7158
7218.07466168272  0.676942
7220.03929822645  0.662938
7222.00393477019  0.670642
7223.96857131392  0.680453
7225.93320785766  0.685067
7227.89784440139  0.688588
7229.86248094513  0.689678
7231.82711748886  0.692376
7233.7917540326  0.682766
7235.75639057633  0.650987
7237.72102712007  0.63835
7239.6856636638  0.654642
7241.65030020754  0.677601
7243.61493675127  0.686805
7245.57957329501  0.691219
7247.54420983874  0.690112
7249.50884638248  0.680638
7251.47348292621  0.672876
7253.43811946995  0.663133
7255.40275601368  0.655611
7257.36739255742  0.652558
7259.33202910115  0.652152
7261.29666564489  0.651673
7263.26130218862  0.650163
7265.22593873236  0.655921
7267.19057527609  0.669185
7269.15521181983  0.681719
7271.11984836356  0.697887
7273.0844849073  0.708961
7275.04912145103  0.700716
7277.01375799477  0.677044
7278.9783945385  0.680654
7280.94303108224  0.711129
7282.90766762598  0.722965
7284.87230416971  0.7224
7286.83694071344  0.720435
7288.80157725718  0.720352
7290.76621380091  0.719733
7292.73085034465  0.717388
7294.69548688838  0.711548
7296.66012343212  0.71244
7298.62475997585  0.71773
7300.58939651959  0.724983
7302.55403306332  0.738099
7304.51866960706  0.748637
7306.48330615079  0.747098
7308.44794269453  0.737448
7310.41257923827  0.734587
7312.377215782  0.738131
7314.34185232574  0.732618
7316.30648886947  0.715703
7318.27112541321  0.704139
7320.23576195694  0.703947
7322.20039850068  0.708971
7324.16503504441  0.712304
7326.12967158815  0.717121
7328.09430813188  0.720815
7330.05894467562  0.726646
7332.02358121935  0.727094
7333.98821776309  0.718365
7335.95285430682  0.71106
7337.91749085056  0.714424
7339.88212739429  0.724001
7341.84676393803  0.728729
7343.81140048176  0.737706
7345.7760370255  0.733092
7347.74067356923  0.713121
7349.70531011297  0.69577
7351.6699466567  0.685013
7353.63458320044  0.677144
7355.59921974417  0.670988
7357.56385628791  0.666643
7359.52849283164  0.666148
7361.49312937538  0.671909
7363.45776591911  0.674455
7365.42240246285  0.674458
7367.38703900658  0.673101
7369.35167555032  0.669837
7371.31631209405  0.665125
7373.28094863779  0.665258
7375.24558518152  0.66993
7377.21022172526  0.67272
7379.17485826899  0.676181
7381.13949481273  0.678196
7383.10413135646  0.679569
7385.0687679002  0.678526
7387.03340444393  0.670473
7388.99804098767  0.6551
7390.9626775314  0.64648
7392.92731407514  0.639463
7394.89195061887  0.636209
7396.85658716261  0.638344
7398.82122370635  0.641075
7400.78586025008  0.641789
7402.75049679381  0.641813
7404.71513333755  0.64029
7406.67976988128  0.638468
7408.64440642502  0.63305
7410.60904296876  0.620672
7412.57367951249  0.613744
7414.53831605623  0.61493
7416.50295259996  0.619962
7418.4675891437  0.625055
7420.43222568743  0.631695
7422.39686223117  0.640404
7424.3614987749  0.653347
7426.32613531864  0.663092
7428.29077186237  0.668879
7430.2554084061  0.675796
7432.22004494984  0.689292
7434.18468149357  0.704676
7436.14931803731  0.703945
7438.11395458105  0.682916
7440.07859112478  0.681114
7442.04322766852  0.691744
7444.00786421225  0.700493
7445.97250075599  0.708054
7447.93713729972  0.712772
7449.90177384346  0.708924
7451.86641038719  0.697616
7453.83104693093  0.69133
7455.79568347466  0.686226
7457.7603200184  0.681594
7459.72495656213  0.67794
7461.68959310587  0.674307
7463.6542296496  0.66914
7465.61886619334  0.664114
7467.58350273707  0.665101
7469.54813928081  0.669898
7471.51277582454  0.678699
7473.47741236828  0.697962
7475.44204891201  0.708445
7477.40668545575  0.709272
7479.37132199948  0.703202
7481.33595854322  0.689437
7483.30059508695  0.66711
7485.26523163069  0.651278
7487.22986817442  0.634587
7489.19450471816  0.62484
7491.15914126189  0.621822
7493.12377780563  0.621749
7495.08841434936  0.621863
7497.0530508931  0.62504
7499.01768743683  0.639144
7500.98232398057  0.670361
7502.9469605243  0.67967
7504.91159706804  0.670983
7506.87623361177  0.667991
7508.84087015551  0.672958
7510.80550669924  0.67831
7512.77014324298  0.677276
7514.73477978671  0.672042
7516.69941633045  0.678451
7518.66405287418  0.702723
7520.62868941792  0.706916
7522.59332596165  0.696037
7524.55796250539  0.680084
7526.52259904913  0.655944
7528.48723559286  0.630774
7530.4518721366  0.631711
7532.41650868033  0.659369
7534.38114522407  0.662807
7536.3457817678  0.651931
7538.31041831154  0.644067
7540.27505485527  0.637349
7542.23969139901  0.633012
7544.20432794274  0.634285
7546.16896448648  0.639819
7548.13360103021  0.643395
7550.09823757395  0.650445
7552.06287411768  0.64989
7554.02751066142  0.645367
7555.99214720515  0.63449
7557.95678374889  0.611616
7559.92142029262  0.585573
7561.88605683636  0.576057
7563.85069338009  0.575586
7565.81532992383  0.583359
7567.77996646756  0.60475
7569.7446030113  0.623957
7571.70923955503  0.647401
7573.67387609877  0.66381
7575.6385126425  0.661474
7577.60314918624  0.646132
7579.56778572997  0.63359
7581.53242227371  0.612787
7583.49705881744  0.602732
7585.46169536118  0.602347
7587.42633190491  0.600549
7589.39096844865  0.593971
7591.35560499238  0.586643
7593.32024153612  0.582426
7595.28487807985  0.578411
7597.24951462359  0.582513
7599.21415116732  0.598647
7601.17878771106  0.606885
7603.14342425479  0.608855
7605.10806079853  0.606729
7607.07269734226  0.599197
7609.037333886  0.58735
7611.00197042974  0.583816
7612.96660697347  0.587328
7614.9312435172  0.58719
7616.89588006094  0.585914
7618.86051660467  0.584959
7620.82515314841  0.582992
7622.78978969215  0.582687
7624.75442623588  0.590749
7626.71906277962  0.608635
7628.68369932335  0.608737
7630.64833586708  0.59291
7632.61297241082  0.582962
7634.57760895455  0.573874
7636.54224549829  0.569969
7638.50688204203  0.576379
7640.47151858576  0.589598
7642.4361551295  0.597895
7644.40079167323  0.600706
7646.36542821697  0.614615
7648.3300647607  0.643439
7650.29470130444  0.662241
7652.25933784817  0.669571
7654.22397439191  0.666593
7656.18861093564  0.647522
7658.15324747938  0.610907
7660.11788402311  0.586978
7662.08252056685  0.559036
7664.04715711058  0.549314
7666.01179365432  0.56247
7667.97643019805  0.577016
7669.94106674179  0.579703
7671.90570328552  0.579706
7673.87033982926  0.59481
7675.83497637299  0.625143
7677.79961291673  0.646227
7679.76424946046  0.675579
7681.7288860042  0.68337
7683.69352254793  0.654721
7685.65815909167  0.620012
7687.6227956354  0.616162
7689.58743217914  0.630323
7691.55206872287  0.634391
7693.51670526661  0.633624
7695.48134181034  0.640557
7697.44597835408  0.656979
7699.41061489781  0.672009
7701.37525144155  0.685662
7703.33988798528  0.694903
7705.30452452902  0.675623
7707.26916107275  0.619611
7709.23379761649  0.59525
7711.19843416022  0.589677
7713.16307070396  0.580231
7715.12770724769  0.566009
7717.09234379143  0.550164
7719.05698033516  0.532379
7721.0216168789  0.512023
7722.98625342263  0.49895
7724.95088996637  0.489496
7726.9155265101  0.484975
7728.88016305384  0.488669
7730.84479959757  0.491177
7732.80943614131  0.487105
7734.77407268504  0.481523
7736.73870922878  0.483474
7738.70334577252  0.485437
7740.66798231625  0.505302
7742.63261885998  0.555119
7744.59725540372  0.582459
7746.56189194746  0.578745
7748.52652849119  0.569199
7750.49116503493  0.573173
7752.45580157866  0.581724
7754.4204381224  0.598048
7756.38507466613  0.628358
7758.34971120986  0.64859
7760.3143477536  0.660656
7762.27898429734  0.674457
7764.24362084107  0.695955
7766.20825738481  0.718231
7768.17289392854  0.729076
7770.13753047228  0.741543
7772.10216701601  0.716037
7774.06680355975  0.633526
7776.03144010348  0.588837
7777.99607664722  0.58675
7779.96071319095  0.598934
7781.92534973469  0.61037
7783.88998627842  0.628495
7785.85462282216  0.636141
7787.81925936589  0.632903
7789.78389590963  0.639583
7791.74853245336  0.659964
7793.7131689971  0.669411
7795.67780554083  0.658315
7797.64244208457  0.637537
7799.6070786283  0.620187
7801.57171517204  0.59579
7803.53635171577  0.592462
7805.50098825951  0.611003
7807.46562480324  0.622034
7809.43026134698  0.621735
7811.39489789071  0.62638
7813.35953443445  0.65188
7815.32417097818  0.690188
7817.28880752192  0.700171
7819.25344406565  0.693295
7821.21808060939  0.678714
7823.18271715312  0.6455
7825.14735369686  0.61729
7827.11199024059  0.600172
7829.07662678433  0.587318
7831.04126332806  0.572496
7833.0058998718  0.555216
7834.97053641553  0.55283
7836.93517295927  0.567678
7838.899809503  0.575433
7840.86444604674  0.580571
7842.82908259048  0.579913
7844.79371913421  0.565027
7846.75835567794  0.541565
7848.72299222168  0.545514
7850.68762876541  0.576837
7852.65226530915  0.5927
7854.61690185289  0.607709
7856.58153839662  0.615141
7858.54617494036  0.610427
7860.51081148409  0.601406
7862.47544802783  0.599258
7864.44008457156  0.598684
7866.4047211153  0.604776
7868.36935765903  0.62797
7870.33399420277  0.630215
7872.2986307465  0.607925
7874.26326729024  0.584436
7876.22790383397  0.572866
7878.19254037771  0.565689
7880.15717692144  0.555771
7882.12181346518  0.53872
7884.08645000891  0.539064
7886.05108655265  0.554433
7888.01572309638  0.570867
7889.98035964012  0.593313
7891.94499618385  0.611112
7893.90963272759  0.602562
7895.87426927132  0.571444
7897.83890581506  0.560087
7899.80354235879  0.559483
7901.76817890253  0.554849
7903.73281544626  0.544868
7905.69745199  0.539425
7907.66208853373  0.546058
7909.62672507747  0.55871
7911.5913616212  0.559903
7913.55599816494  0.549777
7915.52063470867  0.551627
7917.48527125241  0.564535
7919.44990779614  0.570957
7921.41454433988  0.567311
7923.37918088361  0.561008
7925.34381742735  0.558524
7927.30845397108  0.556905
7929.27309051482  0.557957
7931.23772705855  0.56341
7933.20236360229  0.565762
7935.16700014602  0.564001
7937.13163668976  0.564559
7939.09627323349  0.572712
7941.06090977723  0.583359
7943.02554632096  0.582412
7944.9901828647  0.572154
7946.95481940843  0.564305
7948.91945595217  0.550586
7950.8840924959  0.545089
7952.84872903964  0.551672
7954.81336558338  0.561139
7956.77800212711  0.564952
7958.74263867084  0.566839
7960.70727521458  0.567332
7962.67191175831  0.564842
7964.63654830205  0.563984
7966.60118484578  0.565676
7968.56582138952  0.564861
7970.53045793326  0.556889
7972.49509447699  0.547121
7974.45973102073  0.549617
7976.42436756446  0.563278
7978.3890041082  0.569852
7980.35364065193  0.574749
7982.31827719567  0.578389
7984.2829137394  0.582548
7986.24755028314  0.583235
7988.21218682687  0.574219
7990.17682337061  0.557282
7992.14145991434  0.554783
7994.10609645808  0.564146
7996.07073300181  0.569087
7998.03536954555  0.575586
8000.00000608928  0.577845
8001.96464263302  0.571581
8003.92927917675  0.562
8005.89391572049  0.559837
8007.85855226422  0.562566
8009.82318880796  0.562663
8011.78782535169  0.562725
8013.75246189543  0.561886
8015.71709843916  0.560439
8017.6817349829  0.557876
8019.64637152663  0.552168
8021.61100807037  0.544025
8023.5756446141  0.546355
8025.54028115784  0.564448
8027.50491770157  0.56595
8029.46955424531  0.553489
8031.43419078904  0.542378
8033.39882733278  0.534999
8035.36346387651  0.530453
8037.32810042025  0.534693
8039.29273696398  0.552355
8041.25737350772  0.54657
8043.22201005145  0.509444
8045.18664659519  0.500687
8047.15128313892  0.527984
8049.11591968266  0.557784
8051.08055622639  0.568493
8053.04519277013  0.570747
8055.00982931386  0.565927
8056.9744658576  0.546207
8058.93910240133  0.536469
8060.90373894507  0.527013
8062.8683754888  0.526083
8064.83301203254  0.541603
8066.79764857628  0.560666
8068.76228512001  0.55943
8070.72692166375  0.542101
8072.69155820748  0.540318
8074.65619475122  0.552283
8076.62083129495  0.552522
8078.58546783869  0.537385
8080.55010438242  0.523956
8082.51474092616  0.52278
8084.47937746989  0.528244
8086.44401401363  0.535929
8088.40865055736  0.553891
8090.37328710109  0.55988
8092.33792364483  0.553636
8094.30256018857  0.554063
8096.2671967323  0.568439
8098.23183327604  0.584998
8100.19646981977  0.589012
8102.16110636351  0.586534
8104.12574290724  0.577285
8106.09037945098  0.551658
8108.05501599471  0.540327
8110.01965253845  0.544512
8111.98428908218  0.549281
8113.94892562592  0.546735
8115.91356216965  0.541397
8117.87819871339  0.536738
8119.84283525712  0.530684
8121.80747180086  0.52623
8123.77210834459  0.529033
8125.73674488833  0.520261
8127.70138143206  0.4842
8129.6660179758  0.451192
8131.63065451953  0.46709
8133.59529106327  0.522258
8135.559927607  0.537941
8137.52456415074  0.520995
8139.48920069447  0.530776
8141.45383723821  0.561
8143.41847378194  0.600765
8145.38311032568  0.658837
8147.34774686941  0.722677
8149.31238341315  0.721231
8151.27701995688  0.65489
8153.24165650062  0.620271
8155.20629304436  0.583299
8157.17092958809  0.559523
8159.13556613183  0.553679
8161.10020267556  0.555746
8163.06483921929  0.556917
8165.02947576303  0.562509
8166.99411230676  0.556641
8168.9587488505  0.536798
8170.92338539423  0.52794
8172.88802193797  0.525998
8174.8526584817  0.528643
8176.81729502544  0.537854
8178.78193156917  0.550609
8180.74656811291  0.55435
8182.71120465665  0.555789
8184.67584120038  0.546424
8186.64047774412  0.533389
8188.60511428785  0.50317
8190.56975083159  0.43378
8192.53438737532  0.373672
8194.49902391906  0.379274
8196.46366046279  0.42919
8198.42829700653  0.471948
8200.39293355026  0.546376
8202.357570094  0.581085
8204.32220663773  0.584151
8206.28684318147  0.575609
8208.2514797252  0.556624
8210.21611626894  0.53044
8212.18075281267  0.519749
8214.14538935641  0.516173
8216.11002590014  0.51908
8218.07466244388  0.535204
8220.03929898761  0.544838
8222.00393553134  0.547794
8223.96857207508  0.547186
8225.93320861882  0.543322
8227.89784516255  0.535753
8229.86248170629  0.531702
8231.82711825002  0.528701
8233.79175479376  0.526894
8235.75639133749  0.531814
8237.72102788123  0.528427
8239.68566442496  0.513106
8241.6503009687  0.487943
8243.61493751243  0.447191
8245.57957405617  0.375634
8247.5442105999  0.357713
8249.50884714364  0.375791
8251.47348368737  0.404239
8253.43812023111  0.453817
8255.40275677484  0.504823
8257.36739331858  0.539497
8259.33202986231  0.566351
8261.29666640605  0.580503
8263.26130294978  0.589829
8265.22593949352  0.573622
8267.19057603725  0.517955
8269.15521258099  0.475763
8271.11984912472  0.469575
8273.08448566846  0.471699
8275.0491222122  0.436966
8277.01375875593  0.359751
8278.97839529966  0.365252
8280.9430318434  0.455457
8282.90766838713  0.503628
8284.87230493087  0.511141
8286.83694147461  0.508517
8288.80157801834  0.509472
8290.76621456207  0.50739
8292.73085110581  0.512347
8294.69548764955  0.529746
8296.66012419328  0.529506
8298.62476073702  0.506737
8300.58939728075  0.49813
8302.55403382448  0.508025
8304.51867036822  0.534232
8306.48330691196  0.588635
8308.44794345569  0.679397
8310.41257999943  0.727801
8312.37721654316  0.785672
8314.3418530869  0.768682
8316.30648963063  0.639945
8318.27112617437  0.517357
8320.2357627181  0.479693
8322.20039926184  0.483782
8324.16503580557  0.4773
8326.12967234931  0.481545
8328.09430889304  0.486372
8330.05894543678  0.503691
8332.02358198051  0.508007
8333.98821852425  0.488689
8335.95285506798  0.463488
8337.91749161172  0.456886
8339.88212815545  0.462929
8341.84676469919  0.452974
8343.81140124292  0.434033
8345.77603778666  0.412879
8347.74067433039  0.384135
8349.70531087413  0.358536
8351.66994741786  0.343107
8353.6345839616  0.333568
8355.59922050533  0.324159
8357.56385704907  0.316004
8359.5284935928  0.312421
8361.49313013654  0.318404
8363.45776668027  0.316694
8365.42240322401  0.304922
8367.38703976774  0.287092
8369.35167631148  0.263741
8371.31631285521  0.231874
8373.28094939895  0.214996
8375.24558594268  0.206955
8377.21022248642  0.203085
8379.17485903015  0.210789
8381.13949557389  0.213326
8383.10413211762  0.201003
8385.06876866136  0.180497
8387.0334052051  0.161054
8388.99804174883  0.133008
8390.96267829256  0.120636
8392.9273148363  0.123161
8394.89195138004  0.121622
8396.85658792377  0.114139
8398.82122446751  0.10496
8400.78586101124  0.0957685
8402.75049755497  0.0851275
8404.71513409871  0.080645
8406.67977064244  0.0802833
8408.64440718618  0.0825527
8410.60904372992  0.0880901
8412.57368027365  0.0960013
8414.53831681739  0.109928
8416.50295336112  0.124691
8418.46758990486  0.119111
8420.43222644859  0.0872876
8422.39686299233  0.0859189
8424.36149953606  0.106838
8426.32613607979  0.123472
8428.29077262353  0.134342
8430.25540916727  0.144781
8432.220045711  0.157523
8434.18468225473  0.171463
8436.14931879847  0.184928
8438.11395534221  0.20207
8440.07859188594  0.211098
8442.04322842968  0.216384
8444.00786497341  0.213277
8445.97250151715  0.1931
8447.93713806088  0.167383
8449.90177460462  0.168978
8451.86641114835  0.194751
8453.83104769209  0.203342
8455.79568423582  0.20599
8457.76032077956  0.206833
8459.72495732329  0.20393
8461.68959386703  0.20105
8463.65423041076  0.204373
8465.6188669545  0.211876
8467.58350349823  0.203071
8469.54814004197  0.163642
8471.5127765857  0.163928
8473.47741312944  0.203902
8475.44204967317  0.237828
8477.40668621691  0.244654
8479.37132276065  0.247593
8481.33595930438  0.284428
8483.30059584811  0.348721
8485.26523239185  0.400785
8487.22986893558  0.452016
8489.19450547932  0.504966
8491.15914202305  0.561231
8493.12377856679  0.616592
8495.08841511052  0.673053
8497.05305165426  0.730152
8499.01768819799  0.744913
8500.98232474173  0.710183
8502.94696128546  0.699237
8504.9115978292  0.701715
8506.87623437293  0.694035
8508.84087091667  0.666671
8510.80550746041  0.631578
8512.77014400414  0.60601
8514.73478054787  0.584757
8516.69941709161  0.559358
8518.66405363534  0.529876
8520.62869017908  0.504286
8522.59332672282  0.479475
8524.55796326655  0.46064
8526.52259981029  0.455092
8528.48723635402  0.458747
8530.45187289776  0.448354
8532.41650944149  0.429866
8534.38114598523  0.41042
8536.34578252896  0.385358
8538.3104190727  0.362233
8540.27505561643  0.342521
8542.23969216017  0.324656
8544.2043287039  0.307583
8546.16896524764  0.290252
8548.13360179137  0.281749
8550.09823833511  0.28217
8552.06287487884  0.282201
8554.02751142258  0.283126
8555.99214796631  0.284965
8557.95678451005  0.287445
8559.92142105378  0.290677
8561.88605759752  0.29407
8563.85069414125  0.297892
8565.81533068499  0.301934
8567.77996722872  0.304989
8569.74460377246  0.310664
8571.70924031619  0.322365
8573.67387685993  0.333864
8575.63851340366  0.335563
8577.6031499474  0.330389
8579.56778649113  0.325709
8581.53242303487  0.313506
8583.4970595786  0.311748
8585.46169612234  0.320815
8587.42633266607  0.33245
8589.39096920981  0.344205
8591.35560575354  0.356709
8593.32024229728  0.361443
8595.28487884101  0.360641
8597.24951538475  0.357272
8599.21415192848  0.343098
8601.17878847222  0.339425
8603.14342501595  0.347498
8605.10806155969  0.365547
8607.07269810342  0.395998
8609.03733464716  0.439081
8611.00197119089  0.483756
8612.96660773463  0.539853
8614.93124427837  0.587262
8616.8958808221  0.629607
8618.86051736584  0.667074
8620.82515390957  0.698418
8622.78979045331  0.724943
8624.75442699704  0.751125
8626.71906354077  0.76861
8628.68370008451  0.803503
8630.64833662824  0.875573
8632.61297317198  0.903899
8634.57760971572  0.862159
8636.54224625945  0.807813
8638.50688280319  0.799833
8640.47151934692  0.814013
8642.43615589066  0.835111
8644.40079243439  0.882598
8646.36542897813  0.909419
8648.33006552186  0.923253
8650.2947020656  0.929178
8652.25933860933  0.927078
8654.22397515307  0.918092
8656.1886116968  0.909135
8658.15324824054  0.897545
8660.11788478427  0.883786
8662.08252132801  0.876008
8664.04715787174  0.849561
8666.01179441548  0.771911
8667.97643095921  0.716168
8669.94106750295  0.773491
8671.90570404668  0.913826
8673.87034059042  0.968226
8675.83497713415  0.988579
8677.79961367789  0.988973
8679.76425022162  0.948084
8681.72888676536  0.914423
8683.69352330909  0.908187
8685.65815985283  0.91222
8687.62279639656  0.907646
8689.5874329403  0.901127
8691.55206948403  0.894718
8693.51670602777  0.894756
8695.4813425715  0.880236
8697.44597911524  0.841369
8699.41061565897  0.803466
8701.37525220271  0.793432
8703.33988874644  0.800586
8705.30452529018  0.77614
8707.26916183391  0.706532
8709.23379837765  0.691419
8711.19843492138  0.72412
8713.16307146512  0.757025
8715.12770800885  0.791109
8717.09234455259  0.81402
8719.05698109632  0.767126
8721.02161764006  0.64691
8722.98625418379  0.583478
8724.95089072753  0.522536
8726.91552727127  0.507163
8728.880163815  0.554946
8730.84480035874  0.615477
8732.80943690247  0.650531
8734.7740734462  0.678408
8736.73870998994  0.704025
8738.70334653368  0.735185
8740.66798307741  0.740101
8742.63261962114  0.725259
8744.59725616488  0.695715
8746.56189270862  0.635729
8748.52652925235  0.573606
8750.49116579609  0.573432
8752.45580233982  0.618635
8754.42043888356  0.661134
8756.38507542729  0.747423
8758.34971197103  0.779943
8760.31434851476  0.75216
8762.2789850585  0.707519
8764.24362160223  0.666682
8766.20825814597  0.620118
8768.1728946897  0.601644
8770.13753123344  0.614188
8772.10216777717  0.607905
8774.06680432091  0.595889
8776.03144086464  0.580283
8777.99607740838  0.558733
8779.96071395211  0.535857
8781.92535049585  0.518785
8783.88998703958  0.499551
8785.85462358332  0.510288
8787.81926012705  0.550156
8789.78389667079  0.589799
8791.74853321452  0.650922
8793.71316975826  0.690604
8795.67780630199  0.68058
8797.64244284573  0.636086
8799.60707938946  0.563834
8801.5717159332  0.405128
8803.53635247693  0.354665
8805.50098902067  0.379754
8807.4656255644  0.410899
8809.43026210814  0.446072
8811.39489865187  0.483087
8813.35953519561  0.501368
8815.32417173934  0.507724
8817.28880828308  0.514548
8819.25344482682  0.515668
8821.21808137055  0.518109
8823.18271791428  0.512316
8825.14735445802  0.519345
8827.11199100175  0.561969
8829.07662754549  0.621634
8831.04126408922  0.629411
8833.00590063296  0.573827
8834.97053717669  0.587533
8836.93517372043  0.69509
8838.89981026417  0.711561
8840.8644468079  0.57075
8842.82908335164  0.401997
8844.79371989537  0.352329
8846.75835643911  0.36576
8848.72299298284  0.386354
8850.68762952658  0.462097
8852.65226607031  0.496894
8854.61690261405  0.501206
8856.58153915778  0.494236
8858.54617570152  0.479818
8860.51081224525  0.457568
8862.47544878899  0.442381
8864.44008533272  0.424299
8866.40472187646  0.421058
8868.36935842019  0.436187
8870.33399496393  0.443674
8872.29863150766  0.439569
8874.2632680514  0.433116
8876.22790459513  0.432972
8878.19254113887  0.436719
8880.1571776826  0.428762
8882.12181422634  0.403802
8884.08645077007  0.395743
8886.05108731381  0.398373
8888.01572385754  0.409548
8889.98036040128  0.434457
8891.94499694501  0.46563
8893.90963348875  0.475905
8895.87427003248  0.472204
8897.83890657622  0.467893
8899.80354311996  0.449681
8901.76817966369  0.445179
8903.73281620742  0.46159
8905.69745275116  0.480408
8907.66208929489  0.48516
8909.62672583863  0.483038
8911.59136238236  0.477482
8913.5559989261  0.460371
8915.52063546983  0.454667
8917.48527201357  0.459508
8919.4499085573  0.46329
8921.41454510104  0.46148
8923.37918164477  0.458058
8925.34381818851  0.457878
8927.30845473225  0.460907
8929.27309127598  0.458891
8931.23772781972  0.452102
8933.20236436345  0.447353
8935.16700090718  0.443035
8937.13163745092  0.441672
8939.09627399465  0.447779
8941.06091053839  0.459722
8943.02554708213  0.462948
8944.99018362586  0.459869
8946.95482016959  0.458817
8948.91945671333  0.456642
8950.88409325707  0.456365
8952.8487298008  0.460196
8954.81336634454  0.465237
8956.77800288827  0.466314
8958.74263943201  0.467111
8960.70727597574  0.459124
8962.67191251948  0.435416
8964.63654906321  0.425326
8966.60118560694  0.432767
8968.56582215068  0.441919
8970.53045869442  0.441236
8972.49509523815  0.436268
8974.45973178189  0.434831
8976.42436832562  0.434222
8978.38900486936  0.434533
8980.35364141309  0.435966
8982.31827795683  0.437897
8984.28291450056  0.441983
8986.2475510443  0.445202
8988.21218758803  0.439294
8990.17682413177  0.42117
8992.1414606755  0.426663
8994.10609721924  0.450453
8996.07073376297  0.474188
8998.03537030671  0.510976
9000.00000685044  0.534784
9001.96464339418  0.522313
9003.92927993791  0.48619
9005.89391648165  0.458292
9007.85855302538  0.417949
9009.82318956912  0.397775
9011.78782611285  0.391052
9013.75246265659  0.390915
9015.71709920032  0.399732
9017.68173574406  0.412174
9019.64637228779  0.41691
9021.61100883153  0.418818
9023.57564537526  0.415922
9025.540281919  0.407324
9027.50491846273  0.39784
9029.46955500647  0.383663
9031.4341915502  0.372432
9033.39882809394  0.368879
9035.36346463767  0.3705
9037.32810118141  0.377362
9039.29273772514  0.401311
9041.25737426888  0.401
9043.22201081262  0.376276
9045.18664735635  0.362273
9047.15128390008  0.368437
9049.11592044382  0.379102
9051.08055698755  0.375918
9053.04519353129  0.362303
9055.00983007503  0.369775
9056.97446661876  0.395807
9058.9391031625  0.416242
9060.90373970623  0.438996
9062.86837624996  0.454368
9064.8330127937  0.454011
9066.79764933744  0.444039
9068.76228588117  0.440163
9070.72692242491  0.436809
9072.69155896864  0.433745
9074.65619551238  0.430722
9076.62083205611  0.428665
9078.58546859985  0.426474
9080.55010514358  0.426403
9082.51474168732  0.432241
9084.47937823105  0.443198
9086.44401477479  0.451672
9088.40865131852  0.466433
9090.37328786225  0.467208
9092.33792440599  0.44977
9094.30256094973  0.434897
9096.26719749346  0.432815
9098.2318340372  0.436471
9100.19647058093  0.437846
9102.16110712467  0.436881
9104.1257436684  0.445366
9106.09038021214  0.469908
9108.05501675587  0.480613
9110.01965329961  0.470157
9111.98428984334  0.455388
9113.94892638708  0.453426
9115.91356293081  0.458271
9117.87819947455  0.452071
9119.84283601828  0.439409
9121.80747256202  0.424512
9123.77210910575  0.397355
9125.73674564949  0.381941
9127.70138219322  0.39854
9129.66601873696  0.425554
9131.63065528069  0.409258
9133.59529182443  0.37191
9135.55992836816  0.303951
9137.5245649119  0.192179
9139.48920145563  0.0848542
9141.45383799937  -0.0532798
9143.4184745431  -0.149832
9145.38311108684  -0.119021
9147.34774763057  0.00411843
9149.31238417431  0.152596
9151.27702071804  0.454299
9153.24165726178  0.561385
9155.20629380551  0.518589
9157.17093034925  0.419979
9159.13556689299  0.248085
9161.10020343672  0.0520782
9163.06483998045  0.0279706
9165.02947652419  0.139718
9166.99411306793  0.209067
9168.95874961166  0.345289
9170.92338615539  0.382672
9172.88802269913  0.27798
9174.85265924286  0.158075
9176.8172957866  0.121318
9178.78193233033  0.121614
9180.74656887407  0.164235
9182.71120541781  0.298345
9184.67584196154  0.354039
9186.64047850528  0.353058
9188.60511504901  0.351002
9190.56975159275  0.362318
9192.53438813648  0.374879
9194.49902468022  0.3861
9196.46366122395  0.406041
9198.42829776769  0.388333
9200.39293431142  0.336932
9202.35757085516  0.28391
9204.32220739889  0.210875
9206.28684394262  0.153296
9208.25148048636  0.144241
9210.2161170301  0.167599
9212.18075357383  0.195733
9214.14539011757  0.236173
9216.1100266613  0.295384
9218.07466320504  0.397899
9220.03929974877  0.47082
9222.00393629251  0.487813
9223.96857283624  0.482408
9225.93320937998  0.497644
9227.89784592371  0.520653
9229.86248246745  0.527683
9231.82711901118  0.535542
9233.79175555492  0.515188
9235.75639209865  0.451741
9237.72102864239  0.389824
9239.68566518612  0.3602
9241.65030172986  0.346817
9243.61493827359  0.335038
9245.57957481733  0.321568
9247.54421136106  0.334916
9249.5088479048  0.352545
9251.47348444853  0.415195
9253.43812099227  0.577251
9255.402757536  0.742108
9257.36739407974  0.739924
9259.33203062347  0.607761
9261.29666716721  0.554327
9263.26130371094  0.53015
9265.22594025468  0.482527
9267.19057679841  0.393706
9269.15521334215  0.326823
9271.11984988589  0.323402
9273.08448642962  0.358684
9275.04912297335  0.391269
9277.01375951709  0.450891
9278.97839606083  0.48454
9280.94303260456  0.478746
9282.9076691483  0.516706
9284.87230569203  0.680856
9286.83694223576  0.815102
9288.8015787795  0.672233
9290.76621532323  0.300811
9292.73085186697  0.120505
9294.69548841071  -0.0214838
9296.66012495444  -0.0681106
9298.62476149818  0.03697
9300.58939804191  0.126593
9302.55403458565  0.062899
9304.51867112938  -0.0460409
9306.48330767312  0.122465
9308.44794421685  0.619484
9310.41258076059  0.820664
9312.37721730432  0.89698
9314.34185384806  0.890284
9316.30649039179  0.749372
9318.27112693553  0.580072
9320.23576347926  0.534169
9322.200400023  0.554127
9324.16503656673  0.571351
9326.12967311047  0.65909
9328.0943096542  0.653049
9330.05894619794  0.543245
9332.02358274167  0.437093
9333.98821928541  0.372211
9335.95285582914  0.329834
9337.91749237288  0.338934
9339.88212891661  0.395611
9341.84676546035  0.472795
9343.81140200408  0.664951
9345.77603854782  0.717062
9347.74067509155  0.566336
9349.70531163529  0.360199
9351.66994817902  0.222003
9353.63458472276  0.087797
9355.59922126649  0.0815785
9357.56385781023  0.239674
9359.52849435396  0.309853
9361.4931308977  0.321803
9363.45776744144  0.338488
9365.42240398517  0.39177
9367.3870405289  0.451688
9369.35167707264  0.459104
9371.31631361637  0.417842
9373.28095016011  0.406652
9375.24558670384  0.404354
9377.21022324758  0.402846
9379.17485979131  0.407215
9381.13949633505  0.407153
9383.10413287879  0.380994
9385.06876942252  0.333248
9387.03340596626  0.365077
9388.99804250999  0.486231
9390.96267905373  0.55283
9392.92731559746  0.630227
9394.8919521412  0.632599
9396.85658868493  0.481105
9398.82122522866  0.275435
9400.7858617724  0.244632
9402.75049831614  0.344702
9404.71513485987  0.372682
9406.67977140361  0.382251
9408.64440794734  0.399431
9410.60904449108  0.432194
9412.57368103481  0.457654
9414.53831757855  0.452534
9416.50295412228  0.426647
9418.46759066602  0.426249
9420.43222720975  0.435523
9422.39686375349  0.454895
9424.36150029722  0.500837
9426.32613684096  0.527997
9428.29077338469  0.522252
9430.25540992843  0.497324
9432.22004647216  0.459771
9434.1846830159  0.384526
9436.14931955963  0.388699
9438.11395610337  0.484942
9440.0785926471  0.522428
9442.04322919084  0.498762
9444.00786573457  0.456722
9445.97250227831  0.414537
9447.93713882204  0.363535
9449.90177536578  0.342411
9451.86641190951  0.339477
9453.83104845325  0.349185
9455.79568499698  0.386321
9457.76032154072  0.413829
9459.72495808445  0.423569
9461.68959462819  0.423639
9463.65423117192  0.415598
9465.61886771566  0.39346
9467.58350425939  0.38863
9469.54814080313  0.400387
9471.51277734686  0.40024
9473.4774138906  0.37731
9475.44205043434  0.366716
9477.40668697807  0.400221
9479.3713235218  0.459163
9481.33596006554  0.475394
9483.30059660927  0.472023
9485.26523315301  0.451472
9487.22986969674  0.382107
9489.19450624048  0.35148
9491.15914278421  0.389499
9493.12377932795  0.450286
9495.08841587168  0.475526
9497.05305241542  0.480328
9499.01768895915  0.522103
9500.98232550289  0.638329
9502.94696204663  0.653274
9504.91159859036  0.533536
9506.8762351341  0.428021
9508.84087167783  0.434136
9510.80550822157  0.491955
9512.7701447653  0.487168
9514.73478130904  0.422257
9516.69941785277  0.431885
9518.66405439651  0.511205
9520.62869094024  0.560356
9522.59332748398  0.569949
9524.55796402771  0.552302
9526.52260057145  0.49559
9528.48723711518  0.38909
9530.45187365892  0.35749
9532.41651020265  0.386975
9534.38114674639  0.393435
9536.34578329012  0.368519
9538.31041983386  0.370402
9540.27505637759  0.44345
9542.23969292133  0.552284
9544.20432946506  0.596424
9546.1689660088  0.617047
9548.13360255253  0.595711
9550.09823909627  0.496281
9552.06287564  0.440249
9554.02751218374  0.451589
9555.99214872747  0.481067
9557.95678527121  0.486142
9559.92142181494  0.486012
9561.88605835868  0.47079
9563.85069490241  0.438848
9565.81533144615  0.405912
9567.77996798988  0.349268
9569.74460453362  0.319748
9571.70924107735  0.358045
9573.67387762109  0.426284
9575.63851416482  0.423672
9577.60315070856  0.346883
9579.56778725229  0.358644
9581.53242379603  0.460182
9583.49706033976  0.503153
9585.4616968835  0.453882
9587.42633342724  0.393608
9589.39096997097  0.403333
9591.35560651471  0.454512
9593.32024305844  0.452562
9595.28487960217  0.416114
9597.24951614591  0.386432
9599.21415268964  0.355274
9601.17878923338  0.32099
9603.14342577711  0.26234
9605.10806232085  0.209871
9607.07269886459  0.26586
9609.03733540832  0.426098
9611.00197195206  0.541811
9612.96660849579  0.72031
9614.93124503953  0.775271
9616.89588158326  0.632712
9618.860518127  0.480311
9620.82515467073  0.509196
9622.78979121447  0.644181
9624.7544277582  0.64204
9626.71906430193  0.547558
9628.68370084567  0.482018
9630.64833738941  0.389496
9632.61297393314  0.344021
9634.57761047688  0.395283
9636.54224702061  0.484563
9638.50688356435  0.494539
9640.47152010808  0.452768
9642.43615665182  0.441135
9644.40079319555  0.434483
9646.36542973929  0.432808
9648.33006628302  0.438379
9650.29470282676  0.445976
9652.25933937049  0.450473
9654.22397591423  0.454173
9656.18861245796  0.462602
9658.1532490017  0.481502
9660.11788554543  0.485419
9662.08252208917  0.483605
9664.0471586329  0.468372
9666.01179517664  0.430905
9667.97643172037  0.384396
9669.94106826411  0.354131
9671.90570480785  0.325048
9673.87034135158  0.324643
9675.83497789531  0.357757
9677.79961443905  0.38305
9679.76425098278  0.404054
9681.72888752652  0.422965
9683.69352407025  0.44541
9685.65816061399  0.468186
9687.62279715772  0.442634
9689.58743370146  0.344443
9691.55207024519  0.31249
9693.51670678893  0.319118
9695.48134333266  0.336699
9697.4459798764  0.365608
9699.41061642014  0.400754
9701.37525296387  0.42432
9703.3398895076  0.446385
9705.30452605134  0.449213
9707.26916259507  0.434525
9709.23379913881  0.414425
9711.19843568254  0.384423
9713.16307222628  0.351556
9715.12770877002  0.314593
9717.09234531375  0.275906
9719.05698185748  0.278636
9721.02161840122  0.32405
9722.98625494496  0.356146
9724.95089148869  0.408176
9726.91552803243  0.431469
9728.88016457616  0.403732
9730.8448011199  0.36182
9732.80943766363  0.356766
9734.77407420737  0.372377
9736.7387107511  0.377108
9738.70334729483  0.385218
9740.66798383857  0.383394
9742.63262038231  0.371597
9744.59725692604  0.355078
9746.56189346978  0.332485
9748.52653001351  0.30628
9750.49116655725  0.300286
9752.45580310098  0.311179
9754.42043964472  0.320547
9756.38507618845  0.360611
9758.34971273219  0.354237
9760.31434927592  0.276917
9762.27898581966  0.173277
9764.24362236339  0.0809617
9766.20825890713  -0.0349811
9768.17289545086  -0.0176571
9770.1375319946  0.147573
9772.10216853833  0.251865
9774.06680508207  0.335422
9776.0314416258  0.390036
9777.99607816954  0.40054
9779.96071471327  0.379346
9781.92535125701  0.361054
9783.88998780074  0.32644
9785.85462434448  0.301097
9787.81926088821  0.262596
9789.78389743195  0.254203
9791.74853397568  0.285115
9793.71317051942  0.335909
9795.67780706315  0.393481
9797.64244360689  0.468744
9799.60708015062  0.507516
9801.57171669436  0.54515
9803.53635323809  0.524644
9805.50098978183  0.403389
9807.46562632556  0.321339
9809.4302628693  0.361631
9811.39489941303  0.454627
9813.35953595677  0.464029
9815.32417250051  0.419212
9817.28880904424  0.404896
9819.25344558797  0.442959
9821.21808213171  0.39307
9823.18271867545  0.172587
9825.14735521918  -0.0305572
9827.11199176292  9.074550E-4
9829.07662830665  0.191493
9831.04126485038  0.252923
9833.00590139412  0.276223
9834.97053793785  0.275743
9836.93517448159  0.212925
9838.89981102533  0.181667
9840.86444756906  0.233094
9842.8290841128  0.318638
9844.79372065653  0.3504
9846.75835720027  0.33815
9848.722993744  0.38413
9850.68763028774  0.512712
9852.65226683147  0.557105
9854.61690337521  0.491132
9856.58153991894  0.395572
9858.54617646268  0.327156
9860.51081300641  0.257916
9862.47544955014  0.233398
9864.44008609388  0.238733
9866.40472263762  0.272399
9868.36935918135  0.370104
9870.33399572509  0.43637
9872.29863226882  0.434875
9874.26326881256  0.399686
9876.22790535629  0.363699
9878.19254190003  0.287931
9880.15717844376  0.299944
9882.1218149875  0.397363
9884.08645153123  0.467655
9886.05108807497  0.535559
9888.0157246187  0.566511
9889.98036116244  0.506403
9891.94499770617  0.378683
9893.90963424991  0.321916
9895.87427079364  0.283483
9897.83890733738  0.281612
9899.80354388111  0.325347
9901.76818042485  0.376925
9903.73281696858  0.458757
9905.69745351232  0.524831
9907.66209005605  0.44268
9909.62672659979  0.204933
9911.59136314352  0.1285
9913.55599968726  0.134595
9915.52063623099  0.161647
9917.48527277473  0.243591
9919.44990931846  0.316213
9921.4145458622  0.322665
9923.37918240593  0.291668
9925.34381894967  0.27049
9927.30845549341  0.221173
9929.27309203714  0.216957
9931.23772858088  0.246876
9933.20236512461  0.285679
9935.16700166835  0.337451
9937.13163821208  0.390837
9939.09627475582  0.418794
9941.06091129955  0.440093
9943.02554784328  0.40662
9944.99018438702  0.279165
9946.95482093076  0.22779
9948.91945747449  0.258523
9950.88409401822  0.300667
9952.84873056196  0.315918
9954.8133671057  0.324228
9956.77800364943  0.329933
9958.74264019317  0.318796
9960.7072767369  0.334317
9962.67191328064  0.391525
9964.63654982437  0.411959
9966.60118636811  0.365127
9968.56582291184  0.301103
9970.53045945558  0.282106
9972.49509599931  0.282083
9974.45973254305  0.305298
9976.42436908678  0.378745
9978.38900563052  0.412626
9980.35364217425  0.412823
9982.31827871799  0.400117
9984.28291526172  0.385235
9986.24755180546  0.361373
9988.21218834919  0.314779
9990.17682489293  0.213709
9992.14146143666  0.189991
9994.1060979804  0.214182
9996.07073452413  0.25897
9998.03537106787  0.359764
10000.0000076116  0.444358
10001.9646441553  0.381915
10003.9292806991  0.191461
10005.8939172428  0.174284
10007.8585537865  0.307798
10009.8231903303  0.352551
10011.787826874  0.314428
10013.7524634177  0.288231
10015.7170999615  0.323804
10017.6817365052  0.386008
10019.646373049  0.416129
10021.6110095927  0.421594
10023.5756461364  0.455506
10025.5402826802  0.544935
10027.5049192239  0.564312
10029.4695557676  0.474834
10031.4341923114  0.359425
10033.3988288551  0.30036
10035.3634653988  0.260797
10037.3281019426  0.255144
10039.2927384863  0.310409
10041.25737503  0.323694
10043.2220115738  0.285895
10045.1866481175  0.274454
10047.1512846612  0.341432
10049.115921205  0.438378
10051.0805577487  0.449594
10053.0451942925  0.383155
10055.0098308362  0.381664
10056.9744673799  0.444141
10058.9391039237  0.445868
10060.9037404674  0.337083
10062.8683770111  0.235334
10064.8330135549  0.245356
10066.7976500986  0.315218
10068.7622866423  0.52241
10070.7269231861  0.971388
10072.6915597298  1.23519
10074.6561962735  1.46648
10076.6208328173  1.51027
10078.585469361  1.22904
10080.5501059047  0.780529
10082.5147424485  0.530418
10084.4793789922  0.33171
10086.4440155359  0.227039
10088.4086520797  0.269144
10090.3732886234  0.259743
10092.3379251672  0.153217
10094.3025617109  0.0799334
10096.2671982546  0.171594
10098.2318347984  0.377786
10100.1964713421  0.450606
10102.1611078858  0.455736
10104.1257444296  0.451796
10106.0903809733  0.396494
10108.055017517  0.366365
10110.0196540608  0.400855
10111.9842906045  0.455537
10113.9489271482  0.454849
10115.913563692  0.414836
10117.8782002357  0.398801
10119.8428367794  0.408303
10121.8074733232  0.379074
10123.7721098669  0.26792
10125.7367464106  0.187988
10127.7013829544  0.259644
10129.6660194981  0.428667
10131.6306560419  0.435529
10133.5952925856  0.29993
10135.5599291293  0.252584
10137.5245656731  0.25101
10139.4892022168  0.248484
10141.4538387605  0.228186
10143.4184753043  0.210301
10145.383111848  0.222592
10147.3477483917  0.259192
10149.3123849355  0.292773
10151.2770214792  0.359151
10153.2416580229  0.373948
10155.2062945667  0.32756
10157.1709311104  0.265921
10159.1355676541  0.211511
10161.1002041979  0.153953
10163.0648407416  0.136477
10165.0294772854  0.123439
10166.9941138291  0.184758
10168.9587503728  0.374254
10170.9233869166  0.487186
10172.8880234603  0.477051
10174.852660004  0.397816
10176.8172965478  0.272311
10178.7819330915  0.0511171
10180.7465696352  -0.0170565
10182.711206179  -0.0339635
10184.6758427227  0.0728518
10186.6404792664  0.420739
10188.6051158102  0.698747
10190.5697523539  0.675013
10192.5343888976  0.483506
10194.4990254414  0.396186
10196.4636619851  0.304613
10198.4282985288  0.252978
10200.3929350726  0.259593
10202.3575716163  0.235568
10204.3222081601  0.13375
10206.2868447038  0.0362058
10208.2514812475  0.0680826
10210.2161177913  0.20904
10212.180754335  0.236696
10214.1453908787  0.193674
10216.1100274225  0.170158
10218.0746639662  0.14893
10220.0393005099  0.136699
10222.0039370537  0.143462
10223.9685735974  0.161937
10225.9332101411  0.169698
10227.8978466849  0.155747
10229.8624832286  0.188977
10231.8271197723  0.260117
10233.7917563161  0.337076
10235.7563928598  0.420278
10237.7210294035  0.507595
10239.6856659473  0.606743
10241.650302491  0.740227
10243.6149390348  0.685971
10245.5795755785  0.397399
10247.5442121222  0.254732
10249.508848666  0.218233
10251.4734852097  0.211666
10253.4381217534  0.213685
10255.4027582972  0.233082
10257.3673948409  0.239424
10259.3320313846  0.247837
10261.2966679284  0.242565
10263.2613044721  0.194992
10265.2259410158  0.202861
10267.1905775596  0.316546
10269.1552141033  0.428033
10271.119850647  0.399474
10273.0844871908  0.268732
10275.0491237345  0.276242
10277.0137602782  0.415364
10278.978396822  0.451818
10280.9430333657  0.417709
10282.9076699095  0.353783
10284.8723064532  0.237126
10286.8369429969  0.10817
10288.8015795407  0.148957
10290.7662160844  0.376536
10292.7308526281  0.439465
10294.6954891719  0.414283
10296.6601257156  0.388983
10298.6247622593  0.361846
10300.5893988031  0.329056
10302.5540353468  0.295555
10304.5186718905  0.258309
10306.4833084343  0.230152
10308.447944978  0.196563
10310.4125815217  0.191171
10312.3772180655  0.220619
10314.3418546092  0.247181
