3486.71650971	2.24721e-14
3490.93998866	2.29827e-14
3495.17345219	2.30834e-14
3499.39693114	2.27939e-14
3503.63039467	2.30676e-14
3507.85387362	2.30442e-14
3512.08733715	2.23469e-14
3516.3108161	2.19660e-14
3520.54427963	2.21077e-14
3524.76775858	2.22689e-14
3528.99123753	2.15002e-14
3533.22470106	2.10198e-14
3537.44818001	2.10556e-14
3541.68164354	2.11069e-14
3545.90512249	2.13256e-14
3550.13858602	2.18228e-14
3554.36206497	2.18492e-14
3558.5955285	2.19322e-14
3562.81900745	2.18132e-14
3567.0424864	2.18536e-14
3571.27594993	2.16631e-14
3575.49942888	2.12440e-14
3579.73289241	2.10665e-14
3583.95637136	2.12237e-14
3588.18983489	2.11969e-14
3592.41331384	2.10651e-14
3596.64677738	2.08778e-14
3600.87025632	2.08114e-14
3605.09373527	2.07991e-14
3609.32719881	2.09164e-14
3613.55067775	2.11943e-14
3617.78414129	2.08952e-14
3622.00762023	2.03687e-14
3626.24108377	2.02811e-14
3630.46456272	2.00811e-14
3634.69802625	1.98726e-14
3638.9215052	1.97829e-14
3643.14498414	1.97946e-14
3647.37844768	1.97674e-14
3651.60192663	1.96347e-14
3655.83539016	1.94925e-14
3660.05886911	1.94032e-14
3664.29233264	1.92903e-14
3668.51581159	1.91691e-14
3672.74927512	1.93132e-14
3676.97275407	1.92130e-14
3681.2062176	1.91522e-14
3685.42969655	1.91259e-14
3689.6531755	1.91207e-14
3693.88663903	1.91247e-14
3698.11011798	1.91911e-14
3702.34358151	1.90175e-14
3706.56706046	1.89161e-14
3710.80052399	1.89659e-14
3715.02400294	1.88487e-14
3719.25746647	1.88419e-14
3723.48094542	1.87691e-14
3727.70442437	1.86551e-14
3731.9378879	1.86591e-14
3736.16136685	1.85700e-14
3740.39483038	1.83976e-14
3744.61830933	1.83520e-14
3748.85177286	1.84130e-14
3753.07525181	1.83135e-14
3757.30871534	1.81220e-14
3761.53219429	1.79938e-14
3765.75567324	1.79304e-14
3769.98913677	1.80020e-14
3774.21261572	1.79901e-14
3778.44607925	1.77829e-14
3782.6695582	1.77198e-14
3786.90302173	1.76372e-14
3791.12650068	1.75325e-14
3795.35996422	1.73911e-14
3799.58344316	1.72884e-14
3803.80692211	1.72505e-14
3808.04038564	1.69840e-14
3812.26386459	1.68212e-14
3816.49732813	1.67919e-14
3820.72080707	1.69309e-14
3824.95427061	1.69734e-14
3829.17774955	1.69708e-14
3833.41121309	1.68799e-14
3837.63469204	1.68119e-14
3841.85817098	1.67903e-14
3846.09163452	1.67696e-14
3850.31511346	1.68490e-14
3854.548577	1.68335e-14
3858.77205595	1.67062e-14
3863.00551948	1.65296e-14
3867.22899843	1.64687e-14
3871.46246196	1.63934e-14
3875.68594091	1.63041e-14
3879.90941986	1.61362e-14
3884.14288339	1.58567e-14
3888.36636234	1.56665e-14
3892.59982587	1.56159e-14
3896.82330482	1.55999e-14
3901.05676835	1.55195e-14
3905.2802473	1.55126e-14
3909.51371083	1.54973e-14
3913.73718978	1.53655e-14
3917.96066873	1.52259e-14
3922.19413226	1.51511e-14
3926.41761121	1.50699e-14
3930.65107474	1.49206e-14
3934.87455369	1.48535e-14
3939.10801722	1.48749e-14
3943.33149617	1.49412e-14
3947.5649597	1.50240e-14
3951.78843865	1.50399e-14
3956.0119176	1.48857e-14
3960.24538113	1.46712e-14
3964.46886008	1.46283e-14
3968.70232361	1.45127e-14
3972.92580256	1.44974e-14
3977.15926609	1.45943e-14
3981.38274504	1.45809e-14
3985.61620857	1.45046e-14
3989.83968752	1.44214e-14
3994.06316647	1.42544e-14
3998.29663	1.40005e-14
4002.52010895	1.38022e-14
4006.75357248	1.36959e-14
4010.97705143	1.36166e-14
4015.21051496	1.34853e-14
4019.43399391	1.33683e-14
4023.66745745	1.32500e-14
4027.89093639	1.32558e-14
4032.11441534	1.33771e-14
4036.34787888	1.34522e-14
4040.57135782	1.34242e-14
4044.80482136	1.34755e-14
4049.0283003	1.35800e-14
4053.26176384	1.35855e-14
4057.48524279	1.35975e-14
4061.71870632	1.36016e-14
4065.94218527	1.36409e-14
4070.1756488	1.37614e-14
4074.39912775	1.38411e-14
4078.6226067	1.38437e-14
4082.85607023	1.38280e-14
4087.07954918	1.37827e-14
4091.31301271	1.37121e-14
4095.53649166	1.37089e-14
4099.76995519	1.36810e-14
4103.99343414	1.35546e-14
4108.22689767	1.34313e-14
4112.45037662	1.34112e-14
4116.67385557	1.33540e-14
4120.9073191	1.32541e-14
4125.13079805	1.31453e-14
4129.36426158	1.30392e-14
4133.58774053	1.29008e-14
4137.82120406	1.27697e-14
4142.04468301	1.26850e-14
4146.27814654	1.26270e-14
4150.50162549	1.25599e-14
4154.72510444	1.24543e-14
4158.95856797	1.23364e-14
4163.18204692	1.22306e-14
4167.41551045	1.21751e-14
4171.6389894	1.20945e-14
4175.87245293	1.19943e-14
4180.09593188	1.18859e-14
4184.32939541	1.17991e-14
4188.55287436	1.17055e-14
4192.77635331	1.16525e-14
4197.00981684	1.15983e-14
4201.23329579	1.15162e-14
4205.46675932	1.14307e-14
4209.69023827	1.13580e-14
4213.9237018	1.12506e-14
4218.14718075	1.11616e-14
4222.38064429	1.10793e-14
4226.60412323	1.10019e-14
4230.82760218	1.09084e-14
4235.06106571	1.08035e-14
4239.28454466	1.07222e-14
4243.5180082	1.05992e-14
4247.74148714	1.05489e-14
4251.97495068	1.05201e-14
4256.19842962	1.04926e-14
4260.43189316	1.05407e-14
4264.65537211	1.06254e-14
4268.87885105	1.06543e-14
4273.11231459	1.07835e-14
4277.33579353	1.09331e-14
4281.56925707	1.10502e-14
4285.79273602	1.12096e-14
4290.02619955	1.13595e-14
4294.2496785	1.14512e-14
4298.48314203	1.15305e-14
4302.70662098	1.16289e-14
4306.93009993	1.17087e-14
4311.16356346	1.17571e-14
4315.38704241	1.18188e-14
4319.62050594	1.18998e-14
4323.84398489	1.19127e-14
4328.07744842	1.19218e-14
4332.30092737	1.18779e-14
4336.5343909	1.17940e-14
4340.75786985	1.17243e-14
4344.9813488	1.16483e-14
4349.21481233	1.15850e-14
4353.43829128	1.15290e-14
4357.67175481	1.14709e-14
4361.89523376	1.14708e-14
4366.12869729	1.14294e-14
4370.35217624	1.13336e-14
4374.58563977	1.12475e-14
4378.80911872	1.11302e-14
4383.04258225	1.10235e-14
4387.2660612	1.09835e-14
4391.48954015	1.09827e-14
4395.72300368	1.09777e-14
4399.94648263	1.09751e-14
4404.17994616	1.09526e-14
4408.40342511	1.10102e-14
4412.63688864	1.10575e-14
4416.86036759	1.10001e-14
4421.09383112	1.08290e-14
4425.31731007	1.07578e-14
4429.54078902	1.07608e-14
4433.77425255	1.07418e-14
4437.9977315	1.07009e-14
4442.23119503	1.06472e-14
4446.45467398	1.06043e-14
4450.68813752	1.05812e-14
4454.91161646	1.05397e-14
4459.14508	1.04584e-14
4463.36855894	1.03815e-14
4467.59203789	1.02967e-14
4471.82550143	1.01575e-14
4476.04898037	1.00242e-14
4480.28244391	9.90950e-15
4484.50592286	9.85032e-15
4488.73938639	9.79393e-15
4492.96286534	9.73125e-15
4497.19632887	9.71089e-15
4501.41980782	9.70206e-15
4505.64328677	9.69275e-15
4509.8767503	9.64374e-15
4514.10022925	9.56464e-15
4518.33369278	9.46508e-15
4522.55717173	9.38390e-15
4526.79063526	9.38612e-15
4531.01411421	9.38082e-15
4535.24757774	9.31014e-15
4539.47105669	9.23436e-15
4543.69453564	9.17486e-15
4547.92799917	9.10670e-15
4552.15147812	9.05480e-15
4556.38494165	9.03278e-15
4560.6084206	9.00849e-15
4564.84188413	8.94332e-15
4569.06536308	8.90469e-15
4573.29882661	8.89430e-15
4577.52230556	8.88758e-15
4581.74578451	8.88644e-15
4585.97924804	8.88216e-15
4590.20272699	8.90658e-15
4594.43619052	8.99074e-15
4598.65966947	9.01809e-15
4602.893133	8.97855e-15
4607.11661195	8.96594e-15
4611.35007548	8.96348e-15
4615.57355443	8.93820e-15
4619.79703338	8.94628e-15
4624.03049691	8.95239e-15
4628.25397586	8.92638e-15
4632.48743939	8.89680e-15
4636.71091834	8.88953e-15
4640.94438187	8.91405e-15
4645.16786082	8.93195e-15
4649.40132436	8.90987e-15
4653.6248033	8.86351e-15
4657.84828225	8.81062e-15
4662.08174578	8.77636e-15
4666.30522473	8.71977e-15
4670.53868827	8.64055e-15
4674.76216721	8.58509e-15
4678.99563075	8.55685e-15
4683.21910969	8.51007e-15
4687.45257323	8.42419e-15
4691.67605218	8.34534e-15
4695.89953112	8.26625e-15
4700.13299466	8.20847e-15
4704.3564736	8.14987e-15
4708.58993714	8.05137e-15
4712.81341609	7.96082e-15
4717.04687962	7.86301e-15
4721.27035857	7.76709e-15
4725.5038221	7.67121e-15
4729.72730105	7.58409e-15
4733.95078	7.51223e-15
4738.18424353	7.43950e-15
4742.40772248	7.37153e-15
4746.64118601	7.29137e-15
4750.86466496	7.24047e-15
4755.09812849	7.21336e-15
4759.32160744	7.21329e-15
4763.55507097	7.26873e-15
4767.77854992	7.33466e-15
4772.01201345	7.41321e-15
4776.2354924	7.54030e-15
4780.45897135	7.71026e-15
4784.69243488	7.90078e-15
4788.91591383	8.08618e-15
4793.14937736	8.26304e-15
4797.37285631	8.43735e-15
4801.60631984	8.59501e-15
4805.82979879	8.72372e-15
4810.06326232	8.81952e-15
4814.28674127	8.90196e-15
4818.51022022	8.98850e-15
4822.74368375	9.05626e-15
4826.9671627	9.12796e-15
4831.20062623	9.17875e-15
4835.42410518	9.19072e-15
4839.65756871	9.18734e-15
4843.88104766	9.21369e-15
4848.11451119	9.30256e-15
4852.33799014	9.37920e-15
4856.56146909	9.34840e-15
4860.79493262	9.26564e-15
4865.01841157	9.23189e-15
4869.2518751	9.17927e-15
4873.47535405	9.07881e-15
4877.70881759	8.96722e-15
4881.93229653	8.88229e-15
4886.16576007	8.80997e-15
4890.38923901	8.70366e-15
4894.61271796	8.57018e-15
4898.8461815	8.44617e-15
4903.06966044	8.33031e-15
4907.30312398	8.22735e-15
4911.52660293	8.14365e-15
4915.76006646	8.08137e-15
4919.98354541	8.03549e-15
4924.21700894	7.99226e-15
4928.44048789	7.94942e-15
4932.66396684	7.93585e-15
4936.89743037	7.93389e-15
4941.12090932	7.94950e-15
4945.35437285	7.98255e-15
4949.5778518	7.96247e-15
4953.81131533	7.91590e-15
4958.03479428	7.90294e-15
4962.26825781	7.85211e-15
4966.49173676	7.80185e-15
4970.71521571	7.80268e-15
4974.94867924	7.81148e-15
4979.17215819	7.79890e-15
4983.40562172	7.77852e-15
4987.62910067	7.76409e-15
4991.8625642	7.77095e-15
4996.08604315	7.78357e-15
5000.31950668	7.75823e-15
5004.54298563	7.71683e-15
5008.76646458	7.68783e-15
5012.99992811	7.63868e-15
5017.22340706	7.57741e-15
5021.45687059	7.52314e-15
5025.68034954	7.49332e-15
5029.91381307	7.48672e-15
5034.13729202	7.47149e-15
5038.37075555	7.43248e-15
5042.5942345	7.40441e-15
5046.81771345	7.39667e-15
5051.05117698	7.37846e-15
5055.27465593	7.35644e-15
5059.50811946	7.33048e-15
5063.73159841	7.31456e-15
5067.96506194	7.33049e-15
5072.18854089	7.35158e-15
5076.42200443	7.33979e-15
5080.64548337	7.30929e-15
5084.86896232	7.31778e-15
5089.10242585	7.33384e-15
5093.3259048	7.32328e-15
5097.55936834	7.30877e-15
5101.78284728	7.31293e-15
5106.01631082	7.31230e-15
5110.23978976	7.29819e-15
5114.4732533	7.27041e-15
5118.69673225	7.24766e-15
5122.92021119	7.23220e-15
5127.15367473	7.20203e-15
5131.37715367	7.17270e-15
5135.61061721	7.14008e-15
5139.83409616	7.09223e-15
5144.06755969	7.06236e-15
5148.29103864	7.05957e-15
5152.52450217	7.03620e-15
5156.74798112	7.00390e-15
5160.98144465	6.97657e-15
5165.2049236	6.93644e-15
5169.42840255	6.88394e-15
5173.66186608	6.86296e-15
5177.88534503	6.84920e-15
5182.11880856	6.81994e-15
5186.34228751	6.77446e-15
5190.57575104	6.73853e-15
5194.79922999	6.72374e-15
5199.03269352	6.72788e-15
5203.25617247	6.71271e-15
5207.47965142	6.68436e-15
5211.71311495	6.66854e-15
5215.9365939	6.66119e-15
5220.17005743	6.63334e-15
5224.39353638	6.59165e-15
5228.62699991	6.55132e-15
5232.85047886	6.53262e-15
5237.08394239	6.52604e-15
5241.30742134	6.49975e-15
5245.53090029	6.46926e-15
5249.76436382	6.45314e-15
5253.98784277	6.44117e-15
5258.2213063	6.41491e-15
5262.44478525	6.37252e-15
5266.67824878	6.33885e-15
5270.90172773	6.30963e-15
5275.13519126	6.27851e-15
5279.35867021	6.25629e-15
5283.58214916	6.25730e-15
5287.81561269	6.25248e-15
5292.03909164	6.23982e-15
5296.27255517	6.22330e-15
5300.49603412	6.18247e-15
5304.72949766	6.14569e-15
5308.9529766	6.12857e-15
5313.18644014	6.08208e-15
5317.40991908	6.04763e-15
5321.63339803	6.07819e-15
5325.86686157	6.10190e-15
5330.09034051	6.06147e-15
5334.32380405	5.99813e-15
5338.547283	5.96834e-15
5342.78074653	5.95650e-15
5347.00422548	5.94513e-15
5351.23768901	5.92258e-15
5355.46116796	5.91497e-15
5359.68464691	5.92308e-15
5363.91811044	5.89938e-15
5368.14158939	5.86159e-15
5372.37505292	5.85222e-15
5376.59853187	5.84471e-15
5380.8319954	5.81761e-15
5385.05547435	5.78705e-15
5389.28893788	5.78829e-15
5393.51241683	5.80642e-15
5397.73589578	5.80272e-15
5401.96935931	5.77166e-15
5406.19283826	5.74493e-15
5410.42630179	5.73018e-15
5414.64978074	5.71737e-15
5418.88324427	5.70810e-15
5423.10672322	5.70258e-15
5427.34018675	5.68955e-15
5431.5636657	5.68707e-15
5435.78714465	5.68289e-15
5440.02060818	5.67228e-15
5444.24408713	5.65164e-15
5448.47755066	5.64123e-15
5452.70102961	5.63697e-15
5456.93449314	5.60052e-15
5461.15797209	5.57479e-15
5465.39143562	5.57770e-15
5469.61491457	5.57767e-15
5473.83839352	5.57051e-15
5478.07185705	5.56799e-15
5482.295336	5.55577e-15
5486.52879953	5.53079e-15
5490.75227848	5.49713e-15
5494.98574201	5.47613e-15
5499.20922096	5.46699e-15
5503.4426845	5.46466e-15
5507.66616344	5.47236e-15
5511.89962698	5.46334e-15
5516.12310592	5.44224e-15
5520.34658487	5.41286e-15
5524.58004841	5.36908e-15
5528.80352735	5.33903e-15
5533.03699089	5.32908e-15
5537.26046983	5.28733e-15
5541.49393337	5.24941e-15
5545.71741232	5.23179e-15
5549.95087585	5.19019e-15
5554.1743548	5.11747e-15
5558.39783374	5.06400e-15
5562.63129728	5.03719e-15
5566.85477623	4.98156e-15
5571.08823976	4.94775e-15
5575.31171871	4.95810e-15
5579.54518224	4.96928e-15
5583.76866119	4.94558e-15
5587.99214014	4.91226e-15
5592.22560367	4.91911e-15
5596.44908262	4.94225e-15
5600.68254615	4.95937e-15
5604.9060251	4.98407e-15
5609.13948863	5.01523e-15
5613.36296758	5.02304e-15
5617.59643111	5.04433e-15
5621.81991006	5.09046e-15
5626.05337359	5.10224e-15
5630.27685254	5.07882e-15
5634.50033149	5.07437e-15
5638.73379502	5.08300e-15
5642.95727397	5.10099e-15
5647.1907375	5.11446e-15
5651.41421645	5.11779e-15
5655.64767998	5.14575e-15
5659.87115893	5.17399e-15
5664.10462246	5.16851e-15
5668.32810141	5.15041e-15
5672.55158036	5.13365e-15
5676.78504389	5.11864e-15
5681.00852284	5.11190e-15
5685.24198637	5.09614e-15
5689.46546532	5.06156e-15
5693.69892885	5.03139e-15
5697.9224078	5.00507e-15
5702.15587133	4.96657e-15
5706.37935028	4.91726e-15
5710.60282923	4.88524e-15
5714.83629276	4.86001e-15
5719.05977171	4.81918e-15
5723.29323524	4.75700e-15
5727.51671419	4.70398e-15
5731.75017773	4.68389e-15
5735.97365667	4.67131e-15
5740.20712021	4.63527e-15
5744.43059915	4.58958e-15
5748.6540781	4.56049e-15
5752.88754164	4.56246e-15
5757.11102058	4.56963e-15
5761.34448412	4.55853e-15
5765.56796307	4.55772e-15
5769.8014266	4.60526e-15
5774.02490555	4.67714e-15
5778.25836908	4.75273e-15
5782.48184803	4.81748e-15
5786.70532698	4.88603e-15
5790.93879051	4.95690e-15
5795.16226946	5.03851e-15
5799.39573299	5.14920e-15
5803.61921194	5.23471e-15
5807.85267547	5.28508e-15
5812.07615442	5.30469e-15
5816.30961795	5.32763e-15
5820.5330969	5.39040e-15
5824.75657585	5.45587e-15
5828.99003938	5.47021e-15
5833.21351833	5.48603e-15
5837.44698186	5.54500e-15
5841.67046081	5.58434e-15
5845.90392434	5.59026e-15
5850.12740329	5.60455e-15
5854.36086682	5.62336e-15
5858.58434577	5.62764e-15
5862.8178093	5.58640e-15
5867.04128825	5.52897e-15
5871.2647672	5.49871e-15
5875.49823073	5.44262e-15
5879.72170968	5.35612e-15
5883.95517321	5.28966e-15
5888.17865216	5.25317e-15
5892.41211569	5.23235e-15
5896.63559464	5.21731e-15
5900.86905817	5.20635e-15
5905.09253712	5.22581e-15
5909.31601607	5.25631e-15
5913.5494796	5.24484e-15
5917.77295855	5.20638e-15
5922.00642208	5.14924e-15
5926.22990103	5.11242e-15
5930.46336457	5.08020e-15
5934.68684351	5.03974e-15
5938.91032246	5.03216e-15
5943.14378599	5.01115e-15
5947.36726494	4.98560e-15
5951.60072848	4.96311e-15
5955.82420742	4.92612e-15
5960.05767096	4.89676e-15
5964.2811499	4.88907e-15
5968.51461344	4.88458e-15
5972.73809239	4.87334e-15
5976.97155592	4.84668e-15
5981.19503487	4.81304e-15
5985.41851381	4.78553e-15
5989.65197735	4.76091e-15
5993.8754563	4.73425e-15
5998.10891983	4.71575e-15
6002.33239878	4.69929e-15
6006.56586231	4.67303e-15
6010.78934126	4.64006e-15
6015.02280479	4.61519e-15
6019.24628374	4.58823e-15
6023.46976269	4.57433e-15
6027.70322622	4.56823e-15
6031.92670517	4.55354e-15
6036.1601687	4.55098e-15
6040.38364765	4.56193e-15
6044.61711118	4.54460e-15
6048.84059013	4.50591e-15
6053.07405366	4.48569e-15
6057.29753261	4.48841e-15
6061.52101156	4.49828e-15
6065.75447509	4.50311e-15
6069.97795404	4.49733e-15
6074.21141757	4.48465e-15
6078.43489652	4.46566e-15
6082.66836005	4.45641e-15
6086.891839	4.45164e-15
6091.12530253	4.43107e-15
6095.34878148	4.41502e-15
6099.57226043	4.41725e-15
6103.80572396	4.40928e-15
6108.02920291	4.39377e-15
6112.26266644	4.38121e-15
6116.48614539	4.36331e-15
6120.71960892	4.35725e-15
6124.94308787	4.35460e-15
6129.1765514	4.33901e-15
6133.40003035	4.31336e-15
6137.6235093	4.28803e-15
6141.85697283	4.26493e-15
6146.08045178	4.25932e-15
6150.31391531	4.26695e-15
6154.53739426	4.24421e-15
6158.7708578	4.21665e-15
6162.99433674	4.19689e-15
6167.22780028	4.17315e-15
6171.45127922	4.15381e-15
6175.67475817	4.13279e-15
6179.90822171	4.12361e-15
6184.13170065	4.12282e-15
6188.36516419	4.11694e-15
6192.58864313	4.11495e-15
6196.82210667	4.12572e-15
6201.04558562	4.13034e-15
6205.27904915	4.10981e-15
6209.5025281	4.07596e-15
6213.73599163	4.06542e-15
6217.95947058	4.06104e-15
6222.18294953	4.05595e-15
6226.41641306	4.06104e-15
6230.63989201	4.06976e-15
6234.87335554	4.05755e-15
6239.09683449	4.03198e-15
6243.33029802	4.01788e-15
6247.55377697	4.01713e-15
6251.7872405	4.01018e-15
6256.01071945	3.99854e-15
6260.2341984	3.98316e-15
6264.46766193	3.96478e-15
6268.69114088	3.95813e-15
6272.92460441	3.94057e-15
6277.14808336	3.90700e-15
6281.38154689	3.90505e-15
6285.60502584	3.93064e-15
6289.82850479	3.95187e-15
6294.06196832	3.94497e-15
6298.28544727	3.95831e-15
6302.5189108	3.96865e-15
6306.74238975	3.95973e-15
6310.97585328	3.95250e-15
6315.19933223	3.95751e-15
6319.43279576	3.95891e-15
6323.65627471	3.94695e-15
6327.88973824	3.93244e-15
6332.11321719	3.93327e-15
6336.33669614	3.93301e-15
6340.57015967	3.90977e-15
6344.79363862	3.86904e-15
6349.02710215	3.83853e-15
6353.2505811	3.81511e-15
6357.48404464	3.79639e-15
6361.70752358	3.76501e-15
6365.94098712	3.72163e-15
6370.16446606	3.69692e-15
6374.38794501	3.68344e-15
6378.62140855	3.66656e-15
6382.84488749	3.64529e-15
6387.07835103	3.61236e-15
6391.30182997	3.57694e-15
6395.53529351	3.55664e-15
6399.75877246	3.54276e-15
6403.99223599	3.53282e-15
6408.21571494	3.53048e-15
6412.43919388	3.52536e-15
6416.67265742	3.53031e-15
6420.89613637	3.55711e-15
6425.1295999	3.58815e-15
6429.35307885	3.62754e-15
6433.58654238	3.68059e-15
6437.81002133	3.74593e-15
6442.04348486	3.81035e-15
6446.26696381	3.86755e-15
6450.49044276	3.95782e-15
6454.72390629	4.06535e-15
6458.94738524	4.18016e-15
6463.18084877	4.29746e-15
6467.40432772	4.40432e-15
6471.63779125	4.50643e-15
6475.8612702	4.60204e-15
6480.09473373	4.67479e-15
6484.31821268	4.74127e-15
6488.54169163	4.80940e-15
6492.77515516	4.88775e-15
6496.99863411	4.97333e-15
6501.23209764	5.05140e-15
6505.45557659	5.09782e-15
6509.68904012	5.12116e-15
6513.91251907	5.16266e-15
6518.1459826	5.20192e-15
6522.36946155	5.25228e-15
6526.5929405	5.30157e-15
6530.82640403	5.30780e-15
6535.04988298	5.29353e-15
6539.28334651	5.28739e-15
6543.50682546	5.28122e-15
6547.74028899	5.31326e-15
6551.96376794	5.40086e-15
6556.19723147	5.47302e-15
6560.42071042	5.45656e-15
6564.65417396	5.41246e-15
6568.8776529	5.41684e-15
6573.10113185	5.42503e-15
6577.33459538	5.33993e-15
6581.55807433	5.19727e-15
6585.79153787	5.13242e-15
6590.01501681	5.13854e-15
6594.24848035	5.13514e-15
6598.47195929	5.10335e-15
6602.70542283	5.04860e-15
6606.92890178	4.99057e-15
6611.15238072	4.94307e-15
6615.38584426	4.92740e-15
6619.6093232	4.89451e-15
6623.84278674	4.83974e-15
6628.06626569	4.78545e-15
6632.29972922	4.73460e-15
6636.52320817	4.71097e-15
6640.74668712	4.71004e-15
6644.98015065	4.71494e-15
6649.2036296	4.68147e-15
6653.43709313	4.61838e-15
6657.66057208	4.59288e-15
6661.89403561	4.57861e-15
6666.11751456	4.54183e-15
6670.35097809	4.50925e-15
6674.57445704	4.50099e-15
6678.80792057	4.47282e-15
6683.03139952	4.43549e-15
6687.25487847	4.38944e-15
6691.488342	4.33757e-15
6695.71182095	4.29967e-15
6699.94528448	4.26386e-15
6704.16876343	4.26104e-15
6708.40222696	4.26388e-15
6712.62570591	4.23360e-15
6716.85916944	4.18096e-15
6721.08264839	4.12503e-15
6725.30612734	4.09087e-15
6729.53959087	4.06965e-15
6733.76306982	4.04475e-15
6737.99653335	4.02068e-15
6742.2200123	3.98696e-15
6746.45347583	3.95621e-15
6750.67695478	3.95545e-15
6754.91041831	3.94217e-15
6759.13389726	3.90249e-15
6763.35737621	3.90061e-15
6767.59083974	3.91656e-15
6771.81431869	3.88445e-15
6776.04778222	3.83660e-15
6780.27126117	3.82856e-15
6784.50472471	3.84769e-15
6788.72820365	3.85666e-15
6792.96166719	3.83083e-15
6797.18514613	3.79347e-15
6801.40862508	3.78461e-15
6805.64208862	3.77787e-15
6809.86556756	3.73740e-15
6814.0990311	3.70667e-15
6818.32251004	3.69765e-15
6822.55597358	3.68597e-15
6826.77945253	3.66873e-15
6831.01291606	3.66696e-15
6835.23639501	3.67938e-15
6839.45987395	3.66359e-15
6843.69333749	3.64492e-15
6847.91681644	3.62523e-15
6852.15027997	3.59448e-15
6856.37375892	3.56043e-15
6860.60722245	3.50418e-15
6864.8307014	3.43829e-15
6869.06416493	3.42493e-15
6873.28764388	3.47325e-15
6877.51112283	3.52530e-15
6881.74458636	3.52514e-15
6885.96806531	3.47455e-15
6890.20152884	3.42197e-15
6894.42500779	3.39477e-15
6898.65847132	3.37759e-15
6902.88195027	3.34618e-15
6907.1154138	3.33553e-15
6911.33889275	3.33909e-15
6915.5623717	3.30448e-15
6919.79583523	3.28564e-15
6924.01931418	3.29644e-15
6928.25277771	3.28868e-15
6932.47625666	3.27858e-15
6936.70972019	3.28284e-15
6940.93319914	3.29754e-15
6945.16666267	3.33912e-15
6949.39014162	3.37880e-15
6953.61362057	3.38634e-15
6957.8470841	3.40054e-15
6962.07056305	3.43070e-15
6966.30402658	3.45418e-15
6970.52750553	3.47916e-15
6974.76096906	3.48958e-15
6978.98444801	3.45814e-15
6983.21791154	3.43605e-15
6987.44139049	3.44926e-15
6991.66486944	3.45108e-15
6995.89833297	3.42893e-15
7000.12181192	3.42101e-15
7004.35527545	3.43309e-15
7008.5787544	3.43238e-15
7012.81221794	3.43757e-15
7017.03569688	3.45785e-15
7021.26916042	3.46336e-15
7025.49263936	3.44515e-15
7029.7261029	3.43945e-15
7033.94958185	3.45390e-15
7038.17306079	3.46445e-15
7042.40652433	3.48871e-15
7046.63000327	3.50559e-15
7050.86346681	3.47932e-15
7055.08694576	3.44227e-15
7059.32040929	3.41661e-15
7063.54388824	3.41937e-15
7067.77735177	3.43453e-15
7072.00083072	3.41973e-15
7076.22430967	3.37978e-15
7080.4577732	3.34540e-15
7084.68125215	3.33572e-15
7088.91471568	3.34134e-15
7093.13819463	3.33436e-15
7097.37165816	3.32925e-15
7101.59513711	3.34180e-15
7105.82860064	3.34737e-15
7110.05207959	3.34382e-15
7114.27555854	3.34763e-15
7118.50902207	3.34266e-15
7122.73250102	3.30015e-15
7126.96596455	3.28144e-15
7131.1894435	3.30776e-15
7135.42290703	3.30417e-15
7139.64638598	3.27117e-15
7143.87984951	3.27037e-15
7148.10332846	3.26419e-15
7152.32680741	3.22346e-15
7156.56027094	3.20251e-15
7160.78374989	3.20155e-15
7165.01721342	3.17098e-15
7169.24069237	3.14091e-15
7173.4741559	3.13915e-15
7177.69763485	3.14582e-15
7181.93109838	3.14433e-15
7186.15457733	3.14718e-15
7190.37805628	3.11874e-15
7194.61151981	3.08084e-15
7198.83499876	3.08756e-15
7203.06846229	3.11462e-15
7207.29194124	3.12307e-15
7211.52540478	3.12741e-15
7215.74888372	3.11453e-15
7219.98234726	3.07136e-15
7224.2058262	3.03966e-15
7228.42930515	3.00673e-15
7232.66276869	2.96283e-15
7236.88624763	2.96781e-15
7241.11971117	3.01398e-15
7245.34319011	3.03192e-15
7249.57665365	3.02117e-15
7253.8001326	3.03286e-15
7258.03359613	3.03024e-15
7262.25707508	2.98971e-15
7266.48055402	2.96769e-15
7270.71401756	2.96676e-15
7274.93749651	2.96046e-15
7279.17096004	2.94734e-15
7283.39443899	2.92557e-15
7287.62790252	2.89048e-15
7291.85138147	2.86356e-15
7296.084845	2.85646e-15
7300.30832395	2.84322e-15
7304.5318029	2.82015e-15
7308.76526643	2.81244e-15
7312.98874538	2.82570e-15
7317.22220891	2.83054e-15
7321.44568786	2.82610e-15
7325.67915139	2.83475e-15
7329.90263034	2.83867e-15
7334.13609387	2.83982e-15
7338.35957282	2.82910e-15
7342.58305177	2.80753e-15
7346.8165153	2.81200e-15
7351.03999425	2.82866e-15
7355.27345778	2.80987e-15
7359.49693673	2.79122e-15
7363.73040026	2.79154e-15
7367.95387921	2.79156e-15
7372.18734274	2.79395e-15
7376.41082169	2.78896e-15
7380.64428522	2.77325e-15
7384.86776417	2.75643e-15
7389.09124312	2.73775e-15
7393.32470665	2.71065e-15
7397.5481856	2.70308e-15
7401.78164913	2.72602e-15
7406.00512808	2.74177e-15
7410.23859161	2.72740e-15
7414.46207056	2.69591e-15
7418.6955341	2.68202e-15
7422.91901304	2.67578e-15
7427.14249199	2.67721e-15
7431.37595552	2.67344e-15
7435.59943447	2.66547e-15
7439.83289801	2.66676e-15
7444.05637695	2.67607e-15
7448.28984049	2.66913e-15
7452.51331943	2.64319e-15
7456.73679838	2.61389e-15
7460.97026192	2.60021e-15
7465.19374086	2.59997e-15
7469.4272044	2.60060e-15
7473.65068334	2.60218e-15
7477.88414688	2.58546e-15
7482.10762583	2.56582e-15
7486.34108936	2.57785e-15
7490.56456831	2.58133e-15
7494.79803184	2.57048e-15
7499.02151079	2.56673e-15
7503.24498974	2.56119e-15
7507.47845327	2.54283e-15
7511.70193222	2.53062e-15
7515.93539575	2.53092e-15
7520.1588747	2.54260e-15
7524.39233823	2.54840e-15
7528.61581718	2.52916e-15
7532.84928071	2.49959e-15
7537.07275966	2.48423e-15
7541.29623861	2.47219e-15
7545.52970214	2.46101e-15
7549.75318109	2.45549e-15
7553.98664462	2.44398e-15
7558.21012357	2.42596e-15
7562.4435871	2.42118e-15
7566.66706605	2.43289e-15
7570.90052958	2.44934e-15
7575.12400853	2.44290e-15
7579.34748748	2.34770e-15
7583.58095101	2.16312e-15
7587.80442996	1.98883e-15
7592.03789349	1.98282e-15
7596.26137244	2.05713e-15
7600.49483597	2.08967e-15
7604.71831492	2.14461e-15
7608.95177845	2.22564e-15
7613.1752574	2.25368e-15
7617.39873635	2.24002e-15
7621.63219988	2.21521e-15
7625.85567883	2.18514e-15
7630.08914236	2.18761e-15
7634.31262131	2.20783e-15
7638.54608484	2.23199e-15
7642.76956379	2.25456e-15
7647.00302733	2.27838e-15
7651.22650627	2.27066e-15
7655.44998522	2.23992e-15
7659.68344876	2.22421e-15
7663.9069277	2.22627e-15
7668.14039124	2.23321e-15
7672.36387018	2.23768e-15
7676.59733372	2.24044e-15
7680.82081267	2.24802e-15
7685.0542762	2.26950e-15
7689.27775515	2.28090e-15
7693.50123409	2.27224e-15
7697.73469763	2.26567e-15
7701.95817658	2.25241e-15
7706.19164011	2.23893e-15
7710.41511906	2.24617e-15
7714.64858259	2.24882e-15
7718.87206154	2.25231e-15
7723.10552507	2.26262e-15
7727.32900402	2.26826e-15
7731.56246755	2.27194e-15
7735.7859465	2.26179e-15
7740.00942545	2.25947e-15
7744.24288898	2.28978e-15
7748.46636793	2.32882e-15
7752.69983146	2.32172e-15
7756.92331041	2.29506e-15
7761.15677394	2.28951e-15
7765.38025289	2.32293e-15
7769.60373184	2.32405e-15
7773.83719537	2.31684e-15
7778.06067432	2.30786e-15
7782.29413785	2.29670e-15
7786.5176168	2.28697e-15
7790.75108033	2.28179e-15
7794.97455928	2.28171e-15
7799.20802281	2.27961e-15
7803.43150176	2.28577e-15
7807.66496529	2.33722e-15
7811.88844424	2.32668e-15
7816.11192319	2.30326e-15
7820.34538672	2.28548e-15
7824.56886567	2.27528e-15
7828.8023292	2.27543e-15
7833.02580815	2.28421e-15
7837.25927168	2.29700e-15
7841.48275063	2.30821e-15
7845.71621417	2.31183e-15
7849.93969311	2.30491e-15
7854.16317206	2.29084e-15
7858.39663559	2.27438e-15
7862.62011454	2.26224e-15
7866.85357808	2.26019e-15
7871.07705702	2.26400e-15
7875.31052056	2.26525e-15
7879.5339995	2.25856e-15
7883.76746304	2.24153e-15
7887.99094199	2.21550e-15
7892.21442093	2.18704e-15
7896.44788447	2.16289e-15
7900.67136341	2.14783e-15
7904.90482695	2.14522e-15
7909.1283059	2.15526e-15
7913.36176943	2.17593e-15
7917.58524838	2.20136e-15
7921.81871191	2.22405e-15
7926.04219086	2.23654e-15
7930.26566981	2.23229e-15
7934.49913334	2.21122e-15
7938.72261229	2.18297e-15
7942.95607582	2.15853e-15
7947.17955477	2.15059e-15
7951.4130183	2.16793e-15
7955.63649725	2.19683e-15
7959.86996078	2.21719e-15
7964.09343973	2.22175e-15
7968.31691868	2.21109e-15
7972.55038221	2.19420e-15
7976.77386116	2.18924e-15
7981.00732469	2.20306e-15
7985.23080364	2.21748e-15
7989.46426717	2.21570e-15
7993.68774612	2.19395e-15
7997.92120965	2.15309e-15
8002.1446886	2.10945e-15
8006.36816755	2.08439e-15
8010.60163108	2.08113e-15
8014.82511003	2.08970e-15
8019.05857356	2.10041e-15
8023.28205251	2.10512e-15
8027.51551604	2.09953e-15
8031.73899499	2.08935e-15
8035.97245852	2.08149e-15
8040.19593747	2.08008e-15
8044.41941642	2.08785e-15
8048.65287995	2.10319e-15
8052.8763589	2.12200e-15
8057.10982243	2.13798e-15
8061.33330138	2.14367e-15
8065.56676491	2.13578e-15
8069.79024386	2.11756e-15
8074.0237074	2.09407e-15
8078.24718634	2.07219e-15
8082.48064988	2.05840e-15
8086.70412883	2.05607e-15
8090.92760777	2.06615e-15
8095.16107131	2.08388e-15
8099.38455025	2.10125e-15
8103.61801379	2.11034e-15
8107.84149274	2.10428e-15
8112.07495627	2.07959e-15
8116.29843522	2.03833e-15
8120.52191416	1.98504e-15
8124.7553777	1.92806e-15
8128.97885665	1.87557e-15
8133.21232018	1.82952e-15
8137.43579913	1.78969e-15
8141.66926266	1.75142e-15
8145.89274161	1.70782e-15
8150.12620514	1.66414e-15
8154.34968409	1.63939e-15
8158.58314762	1.64805e-15
8162.80662657	1.69495e-15
8167.03010552	1.77702e-15
8171.26356905	1.86879e-15
8175.487048	1.94168e-15
8179.72051153	1.98472e-15
8183.94399048	1.99610e-15
8188.17745401	1.98259e-15
8192.40093296	1.95759e-15
8196.63439649	1.93348e-15
8200.85787544	1.91892e-15
8205.08135439	1.91760e-15
8209.31481792	1.92229e-15
8213.53829687	1.92426e-15
8217.7717604	1.91716e-15
8221.99523935	1.89660e-15
8226.22870288	1.86898e-15
8230.45218183	1.84588e-15
8234.68564536	1.83382e-15
8238.90912431	1.83415e-15
8243.13260326	1.84527e-15
8247.36606679	1.86146e-15
8251.58954574	1.87668e-15
8255.82300927	1.88644e-15
8260.04648822	1.88772e-15
8264.27995175	1.88273e-15
8268.5034307	1.87547e-15
8272.73689424	1.86875e-15
8276.96037318	1.86464e-15
8281.18385213	1.86141e-15
8285.41731566	1.85325e-15
8289.64079461	1.83865e-15
8293.87425815	1.82475e-15
8298.09773709	1.81825e-15
8302.33120063	1.82315e-15
8306.55467957	1.84119e-15
8310.78814311	1.86179e-15
8315.01162206	1.87090e-15
8319.235101	1.86778e-15
8323.46856454	1.86046e-15
8327.69204348	1.85749e-15
8331.92550702	1.86773e-15
8336.14898597	1.89269e-15
8340.3824495	1.91660e-15
8344.60592845	1.92508e-15
8348.83939198	1.91881e-15
8353.06287093	1.90244e-15
8357.29633446	1.88517e-15
8361.51981341	1.87797e-15
8365.74329236	1.88008e-15
8369.97675589	1.88142e-15
8374.20023484	1.87630e-15
8378.43369837	1.86624e-15
8382.65717732	1.85473e-15
8386.89064085	1.84985e-15
8391.1141198	1.85843e-15
8395.33759875	1.87865e-15
8399.57106228	1.90547e-15
8403.79454123	1.93052e-15
8408.02800476	1.94455e-15
8412.25148371	1.94273e-15
8416.48494724	1.92484e-15
8420.70842619	1.89765e-15
8424.94188972	1.87885e-15
8429.16536867	1.88125e-15
8433.3988322	1.90053e-15
8437.62231115	1.92796e-15
8441.8457901	1.94735e-15
8446.07925363	1.94186e-15
8450.30273258	1.91540e-15
8454.53619611	1.88463e-15
8458.75967506	1.86174e-15
8462.99313859	1.85265e-15
8467.21661754	1.85842e-15
8471.45008107	1.87022e-15
8475.67356002	1.87909e-15
8479.89703897	1.88316e-15
8484.1305025	1.88211e-15
8488.35398145	1.87580e-15
8492.58744498	1.86482e-15
8496.81092393	1.84990e-15
8501.04438747	1.83185e-15
8505.26786641	1.81265e-15
8509.49134536	1.79552e-15
8513.7248089	1.78300e-15
8517.94828784	1.77598e-15
8522.18175138	1.77449e-15
8526.40523032	1.77666e-15
8530.63869386	1.78011e-15
8534.86217281	1.78403e-15
8539.09563634	1.78833e-15
8543.31911529	1.79252e-15
8547.55257882	1.79589e-15
8551.77605777	1.79763e-15
8555.99953672	1.79671e-15
8560.23300025	1.79268e-15
8564.4564792	1.78686e-15
8568.68994273	1.78059e-15
8572.91342168	1.77400e-15
8577.14688521	1.76699e-15
8581.37036416	1.75884e-15
8585.60382769	1.74851e-15
8589.82730664	1.73796e-15
8594.05078559	1.73185e-15
8598.28424912	1.73222e-15
8602.50772807	1.73655e-15
8606.7411916	1.74094e-15
8610.96467055	1.73746e-15
8615.19813408	1.71992e-15
8619.42161303	1.69476e-15
8623.64509198	1.67283e-15
8627.87855551	1.66368e-15
8632.10203446	1.67501e-15
8636.33549799	1.70701e-15
8640.55897694	1.75093e-15
8644.79244047	1.79618e-15
8649.01591942	1.83180e-15
8653.24938295	1.84823e-15
8657.4728619	1.84047e-15
8661.70632543	1.80745e-15
8665.92980438	1.75632e-15
8670.15328333	1.69840e-15
8674.38674686	1.64685e-15
8678.61022581	1.61472e-15
8682.84368934	1.60876e-15
8687.06716829	1.62723e-15
8691.30063182	1.66256e-15
8695.52411077	1.69652e-15
8699.75757431	1.71300e-15
8703.98105325	1.71284e-15
8708.2045322	1.70262e-15
8712.43799573	1.69285e-15
8716.66147468	1.69562e-15
8720.89493822	1.71465e-15
8725.11841716	1.74539e-15
8729.3518807	1.78126e-15
8733.57535964	1.81422e-15
8737.80882318	1.83719e-15
8742.03230213	1.84695e-15
8746.25578107	1.84298e-15
8750.48924461	1.83184e-15
8754.71272355	1.82234e-15
8758.94618709	1.81913e-15
8763.16966604	1.82394e-15
8767.40312957	1.83550e-15
8771.62660852	1.84945e-15
8775.86007205	1.86132e-15
8780.083551	1.86772e-15
8784.31701453	1.86602e-15
8788.54049348	1.85538e-15
8792.76397243	1.83613e-15
8796.99743596	1.80995e-15
8801.22091491	1.77941e-15
8805.45437844	1.74728e-15
8809.67785739	1.71627e-15
8813.91132092	1.68915e-15
8818.13479987	1.66857e-15
8822.35827882	1.65587e-15
8826.59174235	1.65047e-15
8830.8152213	1.65048e-15
8835.04868483	1.65111e-15
8839.27216378	1.64737e-15
8843.50562731	1.63838e-15
8847.72910626	1.62524e-15
8851.96256979	1.60966e-15
8856.18604874	1.59408e-15
8860.40952769	1.57822e-15
8864.64299122	1.55719e-15
8868.86647017	1.52993e-15
8873.0999337	1.50522e-15
8877.32341265	1.49258e-15
8881.55687618	1.50236e-15
8885.78035513	1.54218e-15
8890.01381866	1.60078e-15
8894.23729761	1.65717e-15
8898.47076114	1.69573e-15
8902.69424009	1.70742e-15
8906.91771904	1.69036e-15
8911.15118257	1.65436e-15
8915.37466152	1.61029e-15
8919.60812505	1.56485e-15
8923.831604	1.52310e-15
8928.06506754	1.48466e-15
8932.28854648	1.44692e-15
8936.52201002	1.40628e-15
8940.74548897	1.35909e-15
8944.96896791	1.30868e-15
8949.20243145	1.26617e-15
8953.42591039	1.24038e-15
8957.65937393	1.23467e-15
8961.88285288	1.24883e-15
8966.11631641	1.27377e-15
8970.33979536	1.29856e-15
8974.57325889	1.31723e-15
8978.79673784	1.32649e-15
8983.02021679	1.32683e-15
8987.25368032	1.32171e-15
8991.47715927	1.31540e-15
8995.7106228	1.31253e-15
8999.93410175	1.31505e-15
9004.16756528	1.31805e-15
9008.39104423	1.31679e-15
9012.62450776	1.31078e-15
9016.84798671	1.30108e-15
9021.07146566	1.29426e-15
9025.30492919	1.29874e-15
9029.52840814	1.31533e-15
9033.76187167	1.33806e-15
9037.98535062	1.35967e-15
9042.21881415	1.37214e-15
9046.4422931	1.36923e-15
9050.67575663	1.35012e-15
9054.89923558	1.31641e-15
9059.12271453	1.27171e-15
9063.35617806	1.22126e-15
9067.57965701	1.17240e-15
9071.81312054	1.13301e-15
9076.03659949	1.10963e-15
9080.27006302	1.10685e-15
9084.49354197	1.12445e-15
9088.7270055	1.15488e-15
9092.95048445	1.18957e-15
9097.1739634	1.22088e-15
9101.40742693	1.24271e-15
9105.63090588	1.25660e-15
9109.86436941	1.26713e-15
9114.08784836	1.27763e-15
9118.32131189	1.29021e-15
9122.54479084	1.30450e-15
9126.77825438	1.31714e-15
9131.00173332	1.32355e-15
9135.22521227	1.31732e-15
9139.4586758	1.29420e-15
9143.68215475	1.25625e-15
9147.91561829	1.20876e-15
9152.13909723	1.16273e-15
9156.37256077	1.13094e-15
9160.59603971	1.12402e-15
9164.82950325	1.14956e-15
9169.0529822	1.20492e-15
9173.28644573	1.27440e-15
9177.50992468	1.34172e-15
9181.73340362	1.39298e-15
9185.96686716	1.41892e-15
9190.19034611	1.43060e-15
9194.42380964	1.44374e-15
9198.64728859	1.45878e-15
9202.88075212	1.46920e-15
9207.10423107	1.46636e-15
9211.32771002	1.44009e-15
9215.56117355	1.39141e-15
9219.7846525	1.34041e-15
9224.01811603	1.30511e-15
9228.24159498	1.29221e-15
9232.47505851	1.30352e-15
9236.69853746	1.32886e-15
9240.93200099	1.35359e-15
9245.15547994	1.36714e-15
9249.38894347	1.36257e-15
9253.61242242	1.33907e-15
9257.83590137	1.30238e-15
9262.0693649	1.26113e-15
9266.29284385	1.22695e-15
9270.52630738	1.20853e-15
9274.74978633	1.20473e-15
9278.98324986	1.21014e-15
9283.20672881	1.21201e-15
9287.44019234	1.19591e-15
9291.66367129	1.15254e-15
9295.88715024	1.07772e-15
9300.12061377	9.81170e-16
9304.34409272	8.88897e-16
9308.57755625	8.21371e-16
9312.8010352	7.83591e-16
9317.03449873	7.73514e-16
9321.25797768	7.70428e-16
9325.48145663	7.51404e-16
9329.71492016	7.13632e-16
9333.93839911	6.65026e-16
9338.17186264	6.22416e-16
9342.39534159	6.08399e-16
9346.62880512	6.40160e-16
9350.85228407	7.25526e-16
9355.08574761	8.59476e-16
9359.30922655	1.01017e-15
9363.54269009	1.14336e-15
9367.76616904	1.23788e-15
9371.98964798	1.27995e-15
9376.22311152	1.27830e-15
9380.44659046	1.25481e-15
9384.680054	1.22097e-15
9388.90353295	1.17667e-15
9393.13699648	1.12386e-15
9397.36047543	1.06755e-15
9401.59393896	1.01290e-15
9405.81741791	9.69407e-16
9410.04089686	9.44279e-16
9414.27436039	9.26976e-16
9418.49783934	9.02545e-16
9422.73130287	8.69437e-16
9426.95478182	8.33898e-16
9431.18824535	8.10422e-16
9435.4117243	8.22638e-16
9439.63520325	8.75726e-16
9443.86866678	9.35913e-16
9448.09214573	9.70969e-16
9452.32560926	9.67025e-16
9456.54908821	9.19618e-16
9460.78255174	8.63223e-16
9465.00603069	8.45747e-16
9469.23949422	8.76939e-16
9473.46297317	9.37583e-16
9477.6964367	1.00530e-15
9481.91991565	1.05561e-15
9486.1433946	1.07501e-15
9490.37685813	1.08137e-15
9494.60033708	1.09390e-15
9498.83380061	1.11329e-15
9503.05727956	1.13600e-15
9507.29074309	1.15528e-15
9511.51422204	1.16278e-15
9515.74768557	1.15899e-15
9519.97116452	1.15237e-15
9524.19464347	1.14891e-15
9528.428107	1.14963e-15
9532.65158595	1.15459e-15
9536.88504948	1.16128e-15
9541.10852843	1.16743e-15
9545.34199196	1.17510e-15
9549.56547091	1.18726e-15
9553.79893445	1.20853e-15
9558.02241339	1.24323e-15
9562.24589234	1.28711e-15
9566.47935587	1.32819e-15
9570.70283482	1.35116e-15
9574.93629836	1.33425e-15
9579.1597773	1.26808e-15
9583.39324084	1.18153e-15
9587.61671978	1.10919e-15
9591.85018332	1.07861e-15
9596.07366227	1.11037e-15
9600.29714121	1.18010e-15
9604.53060475	1.23493e-15
9608.75408369	1.24562e-15
9612.98754723	1.21530e-15
9617.21102618	1.15750e-15
9621.44448971	1.10426e-15
9625.66796866	1.08290e-15
9629.90143219	1.08548e-15
9634.12491114	1.09553e-15
9638.34839009	1.10082e-15
9642.58185362	1.09124e-15
9646.80533257	1.06622e-15
9651.0387961	1.03330e-15
9655.26227505	1.00313e-15
9659.49573858	9.89375e-16
9663.71921753	9.98644e-16
9667.95268106	1.02002e-15
9672.17616001	1.03970e-15
9676.40962354	1.04079e-15
9680.63310249	1.00893e-15
9684.85658144	9.60256e-16
9689.09004497	9.25266e-16
9693.31352392	9.17256e-16
9697.54698745	9.32965e-16
9701.7704664	9.61782e-16
9706.00392993	9.80746e-16
9710.22740888	9.76112e-16
9714.46087241	9.70839e-16
9718.68435136	9.88459e-16
9722.90783031	1.02390e-15
9727.14129384	1.06354e-15
9731.36477279	1.08202e-15
9735.59823632	1.04904e-15
9739.82171527	9.70580e-16
9744.0551788	8.92247e-16
9748.27865775	8.48025e-16
9752.51212128	8.44041e-16
9756.73560023	8.75319e-16
9760.95907918	9.05366e-16
9765.19254271	8.96610e-16
9769.41602166	8.56246e-16
9773.64948519	8.09037e-16
9777.87296414	7.77245e-16
9782.10642768	7.80191e-16
9786.32990662	8.21705e-16
9790.56337016	8.84664e-16
9794.7868491	9.50046e-16
9799.01032805	1.00050e-15
9803.24379159	1.02412e-15
9807.46727053	1.02880e-15
9811.70073407	1.02839e-15
9815.92421302	1.04355e-15
9820.15767655	1.09551e-15
9824.3811555	1.17524e-15
9828.61461903	1.24933e-15
9832.83809798	1.29236e-15
9837.06157693	1.29373e-15
9841.29504046	1.25446e-15
9845.51851941	1.20558e-15
9849.75198294	1.17677e-15
9853.97546189	1.16103e-15
9858.20892542	1.14127e-15
9862.43240437	1.10281e-15
9866.6658679	1.03327e-15
9870.88934685	9.39035e-16
9875.12281038	8.45405e-16
9879.34628933	7.73575e-16
9883.56976828	7.33206e-16
9887.80323181	7.30106e-16
9892.02671076	7.63100e-16
9896.26017429	8.26173e-16
9900.48365324	9.10698e-16
9904.71711677	1.00602e-15
9908.94059572	1.09209e-15
9913.16407467	1.14576e-15
9917.3975382	1.15743e-15
9921.62101715	1.13295e-15
9925.85448068	1.08975e-15
9930.07795963	1.06539e-15
9934.31142316	1.08903e-15
9938.53490211	1.15163e-15
9942.76836564	1.23267e-15
9946.99184459	1.30325e-15
9951.21532354	1.33221e-15
9955.44878707	1.31076e-15
9959.67226602	1.24906e-15
9963.90572955	1.15805e-15
9968.1292085	1.04670e-15
9972.36267203	9.27424e-16
9976.58615098	8.15300e-16
9980.81961452	7.24508e-16
9985.0830318	6.71901e-16
9989.276557	6.69592e-16
9993.47008219	7.00666e-16
9997.76345323	7.35476e-16
10001.9569784	7.52888e-16
10006.1505036	7.40578e-16
10010.4438747	7.07903e-16
10014.6373999	6.99352e-16
10018.8309251	7.45814e-16
10023.1242961	8.28791e-16
10027.3178213	9.22533e-16
10031.5113465	9.99765e-16
10035.8047175	1.03571e-15
10039.9982427	1.05608e-15
10044.1917679	1.11248e-15
10048.4851389	1.22085e-15
10052.6786641	1.35830e-15
10056.8721893	1.49041e-15
10061.1655604	1.56544e-15
10065.3590856	1.54661e-15
10069.6524566	1.45197e-15
10073.8459818	1.31562e-15
10078.039507	1.18074e-15
10082.332878	1.09134e-15
10086.5264032	1.06786e-15
10090.7199284	1.11132e-15
10095.0132995	1.19817e-15
10099.2068247	1.27706e-15
10103.4003499	1.31425e-15
10107.6937209	1.32422e-15
