4786.1002612	5.36087e-15
4787.48811835	5.38439e-15
4788.87597549	5.55821e-15
4790.26383264	5.78425e-15
4791.66167437	6.00388e-15
4793.04953152	6.17474e-15
4794.43738867	6.23470e-15
4795.82524582	6.42168e-15
4797.21310297	6.51125e-15
4798.6109447	6.62470e-15
4799.99880185	6.72996e-15
4801.386659	7.00463e-15
4802.77451615	7.09513e-15
4804.1623733	7.24643e-15
4805.56021503	7.37325e-15
4806.94807218	7.42486e-15
4808.33592933	7.60559e-15
4809.72378647	7.80529e-15
4811.11164362	7.76537e-15
4812.50948535	7.97446e-15
4813.8973425	8.08097e-15
4815.28519965	8.23350e-15
4816.6730568	8.20980e-15
4818.06091395	8.27886e-15
4819.45875568	8.55118e-15
4820.84661283	8.58008e-15
4822.23446998	8.55209e-15
4823.62232713	8.67515e-15
4825.01018428	8.74022e-15
4826.40802601	8.89286e-15
4827.79588316	8.88799e-15
4829.1837403	8.86612e-15
4830.57159745	8.93840e-15
4831.9594546	8.96190e-15
4833.35729633	8.93448e-15
4834.74515348	9.02528e-15
4836.13301063	9.00021e-15
4837.52086778	9.10927e-15
4838.90872493	9.19850e-15
4840.30656666	9.20344e-15
4841.69442381	9.06615e-15
4843.08228096	9.01795e-15
4844.47013811	9.11269e-15
4845.85799526	9.16453e-15
4847.25583699	9.10999e-15
4848.64369414	9.10170e-15
4850.03155128	9.04121e-15
4851.41940843	9.19226e-15
4852.80726558	9.20545e-15
4854.20510731	9.05933e-15
4855.59296446	9.19613e-15
4856.98082161	8.95876e-15
4858.36867876	8.91758e-15
4859.75653591	9.02869e-15
4861.15437764	9.02503e-15
4862.54223479	8.95108e-15
4863.93009194	8.87058e-15
4865.31794909	8.89685e-15
4866.70580624	9.02111e-15
4868.10364797	9.05007e-15
4869.49150512	8.86206e-15
4870.87936226	8.96228e-15
4872.26721941	8.93522e-15
4873.65507656	9.03795e-15
4875.05291829	8.82639e-15
4876.44077544	8.59930e-15
4877.82863259	8.57571e-15
4879.21648974	8.52837e-15
4880.60434689	8.55169e-15
4882.00218862	8.60361e-15
4883.39004577	8.54272e-15
4884.77790292	8.28817e-15
4886.16576007	8.26180e-15
4887.55361722	8.28544e-15
4888.95145895	8.38110e-15
4890.3393161	8.28736e-15
4891.72717324	8.12526e-15
4893.11503039	8.03200e-15
4894.50288754	8.07927e-15
4895.90072927	8.07598e-15
4897.28858642	7.89416e-15
4898.67644357	7.82388e-15
4900.06430072	7.78008e-15
4901.45215787	7.79807e-15
4902.8499996	7.64388e-15
4904.23785675	7.63124e-15
4905.6257139	7.64100e-15
4907.01357105	7.60056e-15
4908.40142819	7.43010e-15
4909.79926993	7.39477e-15
4911.18712708	7.47887e-15
4912.57498422	7.27535e-15
4913.96284137	7.23052e-15
4915.35069852	7.29631e-15
4916.74854025	7.17502e-15
4918.1363974	7.06843e-15
4919.52425455	7.07414e-15
4920.9121117	7.06811e-15
4922.29996885	6.99960e-15
4923.69781058	6.95994e-15
4925.08566773	6.87045e-15
4926.47352488	6.87227e-15
4927.86138203	6.78673e-15
4929.24923917	6.72747e-15
4930.64708091	6.71374e-15
4932.03493806	6.82554e-15
4933.4227952	6.64623e-15
4934.81065235	6.56173e-15
4936.1985095	6.68684e-15
4937.59635123	6.61763e-15
4938.98420838	6.56078e-15
4940.37206553	6.65031e-15
4941.75992268	6.55672e-15
4943.14777983	6.53443e-15
4944.54562156	6.53617e-15
4945.93347871	6.52526e-15
4947.32133586	6.53010e-15
4948.70919301	6.54487e-15
4950.09705015	6.52393e-15
4951.49489189	6.52666e-15
4952.88274904	6.48646e-15
4954.27060618	6.47963e-15
4955.65846333	6.61907e-15
4957.04632048	6.53808e-15
4958.44416221	6.51233e-15
4959.83201936	6.53175e-15
4961.21987651	6.55702e-15
4962.60773366	6.48468e-15
4963.99559081	6.55784e-15
4965.39343254	6.38480e-15
4966.78128969	6.47589e-15
4968.16914684	6.66232e-15
4969.55700399	6.70173e-15
4970.94486113	6.58035e-15
4972.34270287	6.66344e-15
4973.73056002	6.65796e-15
4975.11841716	6.58728e-15
4976.50627431	6.68343e-15
4977.89413146	6.62442e-15
4979.29197319	6.58618e-15
4980.67983034	6.65915e-15
4982.06768749	6.72596e-15
4983.45554464	6.59438e-15
4984.84340179	6.64557e-15
4986.24124352	6.62773e-15
4987.62910067	6.63276e-15
4989.01695782	6.63278e-15
4990.40481497	6.72071e-15
4991.79267211	6.66300e-15
4993.19051385	6.72770e-15
4994.578371	6.78282e-15
4995.96622814	6.69924e-15
4997.35408529	6.71380e-15
4998.74194244	6.72179e-15
5000.13978417	6.79331e-15
5001.52764132	6.71209e-15
5002.91549847	6.71131e-15
5004.30335562	6.74004e-15
5005.69121277	6.71332e-15
5007.0890545	6.76233e-15
5008.47691165	6.67707e-15
5009.8647688	6.58630e-15
5011.25262595	6.61564e-15
5012.64048309	6.53330e-15
5014.03832483	6.63376e-15
5015.42618198	6.75932e-15
5016.81403912	6.67986e-15
5018.20189627	6.63208e-15
5019.58975342	6.67810e-15
5020.98759515	6.72613e-15
5022.3754523	6.63181e-15
5023.76330945	6.67434e-15
5025.1511666	6.63099e-15
5026.53902375	6.59625e-15
5027.93686548	6.56506e-15
5029.32472263	6.49147e-15
5030.71257978	6.41974e-15
5032.10043693	6.48414e-15
5033.48829407	6.32311e-15
5034.88613581	6.36021e-15
5036.27399295	6.39558e-15
5037.6618501	6.36800e-15
5039.04970725	6.32384e-15
5040.4375644	6.29785e-15
5041.83540613	6.23979e-15
5043.22326328	6.23673e-15
5044.61112043	6.25381e-15
5045.99897758	6.15632e-15
5047.38683473	6.17105e-15
5048.78467646	6.15970e-15
5050.17253361	6.16072e-15
5051.56039076	6.08717e-15
5052.94824791	6.06516e-15
5054.33610505	5.98738e-15
5055.73394679	6.00911e-15
5057.12180393	5.93673e-15
5058.50966108	5.93708e-15
5059.89751823	5.85466e-15
5061.28537538	5.91803e-15
5062.68321711	5.85101e-15
5064.07107426	5.87990e-15
5065.45893141	5.83997e-15
5066.84678856	5.79902e-15
5068.23464571	5.78951e-15
5069.63248744	5.70142e-15
5071.02034459	5.66848e-15
5072.40820174	5.67706e-15
5073.79605889	5.68005e-15
5075.18391603	5.60920e-15
5076.58175777	5.62233e-15
5077.96961491	5.58974e-15
5079.35747206	5.64673e-15
5080.74532921	5.62968e-15
5082.13318636	5.66704e-15
5083.53102809	5.72797e-15
5084.91888524	5.68690e-15
5086.30674239	5.67209e-15
5087.69459954	5.62826e-15
5089.08245669	5.62191e-15
5090.48029842	5.59769e-15
5091.86815557	5.61061e-15
5093.25601272	5.60730e-15
5094.64386986	5.69662e-15
5096.03172701	5.66893e-15
5097.42956875	5.65608e-15
5098.81742589	5.65658e-15
5100.20528304	5.74176e-15
5101.59314019	5.73846e-15
5102.98099734	5.83283e-15
5104.37883907	5.79932e-15
5105.76669622	5.89012e-15
5107.15455337	5.88237e-15
5108.54241052	5.92073e-15
5109.93026767	5.79349e-15
5111.3281094	5.93261e-15
5112.71596655	5.99049e-15
5114.1038237	5.99840e-15
5115.49168084	6.00815e-15
5116.87953799	6.02226e-15
5118.27737973	5.98287e-15
5119.66523687	6.04977e-15
5121.05309402	6.00585e-15
5122.44095117	6.02345e-15
5123.82880832	6.05004e-15
5125.22665005	6.14368e-15
5126.6145072	6.17244e-15
5128.00236435	6.18497e-15
5129.3902215	6.05474e-15
5130.77807865	6.03914e-15
5132.17592038	6.08024e-15
5133.56377753	6.17094e-15
5134.95163468	6.18313e-15
5136.33949182	6.13788e-15
5137.72734897	6.16156e-15
5139.12519071	6.26530e-15
5140.51304785	6.24021e-15
5141.900905	6.21476e-15
5143.28876215	6.16155e-15
5144.6766193	6.13924e-15
5146.07446103	6.19077e-15
5147.46231818	6.19916e-15
5148.85017533	6.19499e-15
5150.23803248	6.30252e-15
5151.62588963	6.26114e-15
5153.02373136	6.27701e-15
5154.41158851	6.24555e-15
5155.79944566	6.15643e-15
5157.1873028	6.19507e-15
5158.57515995	6.26475e-15
5159.97300169	6.27052e-15
5161.36085883	6.17103e-15
5162.74871598	6.10323e-15
5164.13657313	6.19977e-15
5165.52443028	6.14353e-15
5166.92227201	6.19733e-15
5168.31012916	6.21018e-15
5169.69798631	6.24896e-15
5171.08584346	6.10351e-15
5172.47370061	6.06842e-15
5173.87154234	6.18400e-15
5175.25939949	6.17072e-15
5176.64725664	6.20472e-15
5178.03511378	6.17591e-15
5179.42297093	6.07405e-15
5180.82081267	6.05876e-15
5182.20866981	6.06093e-15
5183.59652696	6.07677e-15
5184.98438411	6.07139e-15
5186.37224126	6.11377e-15
5187.77008299	6.08508e-15
5189.15794014	6.07006e-15
5190.54579729	6.02807e-15
5191.93365444	6.03768e-15
5193.32151159	6.04352e-15
5194.71935332	6.01051e-15
5196.10721047	6.05739e-15
5197.49506762	5.99092e-15
5198.88292476	5.96104e-15
5200.27078191	5.96692e-15
5201.66862365	5.94101e-15
5203.05648079	5.97403e-15
5204.44433794	5.94627e-15
5205.83219509	5.96005e-15
5207.22005224	5.97711e-15
5208.61789397	5.96044e-15
5210.00575112	5.88468e-15
5211.39360827	5.83626e-15
5212.78146542	5.94308e-15
5214.16932257	5.93941e-15
5215.5671643	5.90671e-15
5216.95502145	5.92619e-15
5218.3428786	5.89152e-15
5219.73073574	5.86326e-15
5221.11859289	5.78498e-15
5222.51643462	5.78995e-15
5223.90429177	5.85512e-15
5225.29214892	5.87408e-15
5226.68000607	5.84376e-15
5228.06786322	5.83026e-15
5229.46570495	5.85637e-15
5230.8535621	5.84823e-15
5232.24141925	5.80233e-15
5233.6292764	5.75209e-15
5235.01713355	5.78200e-15
5236.41497528	5.87825e-15
5237.80283243	5.82670e-15
5239.19068958	5.77958e-15
5240.57854672	5.75122e-15
5241.96640387	5.80216e-15
5243.3642456	5.83640e-15
5244.75210275	5.83946e-15
5246.1399599	5.89155e-15
5247.52781705	5.86803e-15
5248.9156742	5.80723e-15
5250.31351593	5.76980e-15
5251.70137308	5.80225e-15
5253.08923023	5.80373e-15
5254.47708738	5.83521e-15
5255.86494453	5.84663e-15
5257.26278626	5.77718e-15
5258.65064341	5.83876e-15
5260.03850056	5.82140e-15
5261.4263577	5.82105e-15
5262.81421485	5.78130e-15
5264.21205658	5.82028e-15
5265.59991373	5.83152e-15
5266.98777088	5.80308e-15
5268.37562803	5.73988e-15
5269.76348518	5.71920e-15
5271.16132691	5.65786e-15
5272.54918406	5.70699e-15
5273.93704121	5.68865e-15
5275.32489836	5.66830e-15
5276.71275551	5.75394e-15
5278.11059724	5.66634e-15
5279.49845439	5.65109e-15
5280.88631153	5.65553e-15
5282.27416868	5.72552e-15
5283.66202583	5.73088e-15
5285.05986756	5.68893e-15
5286.44772471	5.65455e-15
5287.83558186	5.66038e-15
5289.22343901	5.74133e-15
5290.61129616	5.71936e-15
5292.00913789	5.76175e-15
5293.39699504	5.66176e-15
5294.78485219	5.63576e-15
5296.17270934	5.66422e-15
5297.56056649	5.67422e-15
5298.95840822	5.64389e-15
5300.34626537	5.64587e-15
5301.73412251	5.72406e-15
5303.12197966	5.71690e-15
5304.50983681	5.70659e-15
5305.90767854	5.63104e-15
5307.29553569	5.65788e-15
5308.68339284	5.60902e-15
5310.07124999	5.55429e-15
5311.45910714	5.52179e-15
5312.85694887	5.61265e-15
5314.24480602	5.55801e-15
5315.63266317	5.52640e-15
5317.02052032	5.53879e-15
5318.40837747	5.63044e-15
5319.8062192	5.59979e-15
5321.19407635	5.59836e-15
5322.58193349	5.62169e-15
5323.96979064	5.55573e-15
5325.35764779	5.52204e-15
5326.75548952	5.54095e-15
5328.14334667	5.50793e-15
5329.53120382	5.45825e-15
5330.91906097	5.39790e-15
5332.30691812	5.36976e-15
5333.70475985	5.43669e-15
5335.092617	5.52027e-15
5336.48047415	5.48724e-15
5337.8683313	5.49319e-15
5339.25618845	5.51683e-15
5340.65403018	5.49407e-15
5342.04188733	5.42770e-15
5343.42974447	5.45525e-15
5344.81760162	5.46944e-15
5346.20545877	5.43377e-15
5347.6033005	5.39940e-15
5348.99115765	5.42100e-15
5350.3790148	5.32402e-15
5351.76687195	5.27689e-15
5353.1547291	5.29686e-15
5354.55257083	5.24965e-15
5355.94042798	5.31071e-15
5357.32828513	5.36350e-15
5358.71614228	5.39615e-15
5360.10399942	5.42317e-15
5361.50184116	5.33407e-15
5362.88969831	5.28274e-15
5364.27755545	5.32419e-15
5365.6654126	5.23319e-15
5367.05326975	5.32482e-15
5368.45111148	5.27755e-15
5369.83896863	5.27082e-15
5371.22682578	5.20561e-15
5372.61468293	5.23359e-15
5374.00254008	5.36099e-15
5375.40038181	5.31525e-15
5376.78823896	5.22512e-15
5378.17609611	5.23737e-15
5379.56395326	5.27097e-15
5380.9518104	5.18287e-15
5382.34965214	5.22458e-15
5383.73750929	5.25389e-15
5385.12536643	5.20157e-15
5386.51322358	5.14800e-15
5387.90108073	5.17870e-15
5389.29892246	5.20313e-15
5390.68677961	5.17915e-15
5392.07463676	5.20691e-15
5393.46249391	5.14546e-15
5394.85035106	5.20641e-15
5396.24819279	5.22577e-15
5397.63604994	5.21828e-15
5399.02390709	5.18432e-15
5400.41176424	5.15780e-15
5401.79962138	5.15661e-15
5403.19746312	5.16137e-15
5404.58532027	5.00944e-15
5405.97317741	5.03414e-15
5407.36103456	5.12585e-15
5408.74889171	5.09391e-15
5410.14673344	5.08765e-15
5411.53459059	5.13173e-15
5412.92244774	5.12738e-15
5414.31030489	5.02696e-15
5415.69816204	5.03496e-15
5417.09600377	5.13944e-15
5418.48386092	5.05300e-15
5419.87171807	5.11143e-15
5421.25957522	5.12172e-15
5422.64743236	5.10079e-15
5424.0452741	5.08897e-15
5425.43313125	5.10702e-15
5426.82098839	5.02750e-15
5428.20884554	5.00879e-15
5429.59670269	5.04207e-15
5430.99454442	5.00093e-15
5432.38240157	5.01257e-15
5433.77025872	5.01341e-15
5435.15811587	5.04561e-15
5436.54597302	5.08006e-15
5437.94381475	5.05257e-15
5439.3316719	5.06184e-15
5440.71952905	4.95681e-15
5442.1073862	4.94908e-15
5443.49524334	5.02593e-15
5444.89308508	5.02372e-15
5446.28094223	5.04445e-15
5447.66879937	5.04601e-15
5449.05665652	4.99569e-15
5450.44451367	5.00785e-15
5451.8423554	4.94116e-15
5453.23021255	4.94773e-15
5454.6180697	4.93797e-15
5456.00592685	4.97757e-15
5457.393784	4.94415e-15
5458.79162573	4.91943e-15
5460.17948288	4.93155e-15
5461.56734003	4.96310e-15
5462.95519718	5.01239e-15
5464.34305432	5.04937e-15
5465.74089606	4.96475e-15
5467.12875321	4.90508e-15
5468.51661035	4.92406e-15
5469.9044675	4.92125e-15
5471.29232465	4.96660e-15
5472.69016638	4.91432e-15
5474.07802353	4.87437e-15
5475.46588068	4.92260e-15
5476.85373783	4.92755e-15
5478.24159498	4.97699e-15
5479.63943671	4.90062e-15
5481.02729386	4.90380e-15
5482.41515101	4.87513e-15
5483.80300816	4.89296e-15
5485.1908653	4.85690e-15
5486.58870704	4.87520e-15
5487.97656418	4.86915e-15
5489.36442133	4.96238e-15
5490.75227848	4.95322e-15
5492.14013563	4.89756e-15
5493.53797736	4.97155e-15
5494.92583451	4.97713e-15
5496.31369166	4.94557e-15
5497.70154881	4.96717e-15
5499.08940596	4.93803e-15
5500.48724769	4.95210e-15
5501.87510484	4.95949e-15
5503.26296199	4.85535e-15
5504.65081914	4.87284e-15
5506.03867628	4.78414e-15
5507.43651802	4.82995e-15
5508.82437516	4.88514e-15
5510.21223231	4.95819e-15
5511.60008946	4.87272e-15
5512.98794661	4.88937e-15
5514.38578834	4.95458e-15
5515.77364549	4.97719e-15
5517.16150264	4.98695e-15
5518.54935979	4.87162e-15
5519.93721694	4.85109e-15
5521.33505867	4.87492e-15
5522.72291582	4.83603e-15
5524.11077297	4.81750e-15
5525.49863012	4.78473e-15
5526.88648726	4.83547e-15
5528.284329	4.82240e-15
5529.67218614	4.85319e-15
5531.06004329	4.80430e-15
5532.44790044	4.73674e-15
5533.83575759	4.83202e-15
5535.23359932	4.83963e-15
5536.62145647	4.75671e-15
5538.00931362	4.77587e-15
5539.39717077	4.82466e-15
5540.78502792	4.85219e-15
5542.18286965	4.81286e-15
5543.5707268	4.81593e-15
5544.95858395	4.83454e-15
5546.34644109	4.76081e-15
5547.73429824	4.80068e-15
5549.13213998	4.82720e-15
5550.51999712	4.77443e-15
5551.90785427	4.78397e-15
5553.29571142	4.78334e-15
5554.68356857	4.75758e-15
5556.0814103	4.78003e-15
5557.46926745	4.76866e-15
5558.8571246	4.68028e-15
5560.24498175	4.77715e-15
5561.6328389	4.81478e-15
5563.03068063	4.75405e-15
5564.41853778	4.77930e-15
5565.80639493	4.79865e-15
5567.19425207	4.65111e-15
5568.58210922	4.65229e-15
5569.97995096	4.62379e-15
5571.3678081	4.56449e-15
5572.75566525	4.66483e-15
5574.1435224	4.65121e-15
5575.53137955	4.61519e-15
5576.92922128	4.63829e-15
5578.31707843	4.73216e-15
5579.70493558	4.74115e-15
5581.09279273	4.67903e-15
5582.48064988	4.69403e-15
5583.87849161	4.72914e-15
5585.26634876	4.68851e-15
5586.65420591	4.64014e-15
5588.04206305	4.65008e-15
5589.4299202	4.65807e-15
5590.82776194	4.67632e-15
5592.21561908	4.62702e-15
5593.60347623	4.58430e-15
5594.99133338	4.60396e-15
5596.37919053	4.56343e-15
5597.77703226	4.61827e-15
5599.16488941	4.64076e-15
5600.55274656	4.63004e-15
5601.94060371	4.58203e-15
5603.32846086	4.62070e-15
5604.72630259	4.65272e-15
5606.11415974	4.61956e-15
5607.50201689	4.57165e-15
5608.88987403	4.53456e-15
5610.27773118	4.61477e-15
5611.67557292	4.58919e-15
5613.06343006	4.63180e-15
5614.45128721	4.59620e-15
5615.83914436	4.62070e-15
5617.22700151	4.60146e-15
5618.62484324	4.56839e-15
5620.01270039	4.60267e-15
5621.40055754	4.66172e-15
5622.78841469	4.56750e-15
5624.17627184	4.56983e-15
5625.57411357	4.61477e-15
5626.96197072	4.63294e-15
5628.34982787	4.61420e-15
5629.73768501	4.59217e-15
5631.12554216	4.55326e-15
5632.5233839	4.52732e-15
5633.91124104	4.50275e-15
5635.29909819	4.41796e-15
5636.68695534	4.52056e-15
5638.07481249	4.54780e-15
5639.47265422	4.56513e-15
5640.86051137	4.58321e-15
5642.24836852	4.60669e-15
5643.63622567	4.58219e-15
5645.02408282	4.61293e-15
5646.42192455	4.49572e-15
5647.8097817	4.50812e-15
5649.19763885	4.54906e-15
5650.58549599	4.61579e-15
5651.97335314	4.57035e-15
5653.37119488	4.55393e-15
5654.75905202	4.56539e-15
5656.14690917	4.52787e-15
5657.53476632	4.49193e-15
5658.92262347	4.53361e-15
5660.3204652	4.50608e-15
5661.70832235	4.51218e-15
5663.0961795	4.51945e-15
5664.48403665	4.46824e-15
5665.8718938	4.44715e-15
5667.26973553	4.47967e-15
5668.65759268	4.58210e-15
5670.04544983	4.51019e-15
5671.43330697	4.44197e-15
5672.82116412	4.52695e-15
5674.21900585	4.51869e-15
5675.606863	4.51780e-15
5676.99472015	4.54017e-15
5678.3825773	4.43567e-15
5679.77043445	4.48653e-15
5681.16827618	4.43906e-15
5682.55613333	4.47878e-15
5683.94399048	4.46585e-15
5685.33184763	4.45727e-15
5686.71970478	4.53128e-15
5688.11754651	4.56497e-15
5689.50540366	4.51064e-15
5690.89326081	4.47614e-15
5692.28111795	4.42467e-15
5693.6689751	4.41969e-15
5695.06681683	4.38125e-15
5696.45467398	4.46391e-15
5697.84253113	4.42180e-15
5699.23038828	4.39394e-15
5700.61824543	4.40342e-15
5702.01608716	4.37952e-15
5703.40394431	4.34286e-15
5704.79180146	4.40820e-15
5706.17965861	4.35931e-15
5707.56751576	4.32204e-15
5708.96535749	4.34790e-15
5710.35321464	4.32054e-15
5711.74107179	4.30642e-15
5713.12892893	4.26482e-15
5714.51678608	4.28817e-15
5715.91462781	4.32208e-15
5717.30248496	4.32401e-15
5718.69034211	4.35288e-15
5720.07819926	4.40925e-15
5721.46605641	4.41409e-15
5722.86389814	4.24199e-15
5724.25175529	4.22107e-15
5725.63961244	4.23614e-15
5727.02746959	4.21315e-15
5728.41532674	4.20082e-15
5729.81316847	4.21018e-15
5731.20102562	4.25909e-15
5732.58888277	4.24877e-15
5733.97673991	4.13669e-15
5735.36459706	4.18808e-15
5736.76243879	4.18008e-15
5738.15029594	4.22372e-15
5739.53815309	4.21381e-15
5740.92601024	4.17583e-15
5742.31386739	4.22786e-15
5743.71170912	4.17268e-15
5745.09956627	4.20732e-15
5746.48742342	4.22773e-15
5747.87528057	4.21301e-15
5749.26313772	4.19548e-15
5750.66097945	4.15937e-15
5752.0488366	4.18765e-15
5753.43669374	4.18638e-15
5754.82455089	4.17865e-15
5756.21240804	4.16093e-15
5757.61024977	4.20948e-15
5758.99810692	4.19567e-15
5760.38596407	4.24183e-15
5761.77382122	4.20068e-15
5763.16167837	4.15239e-15
5764.5595201	4.17443e-15
5765.94737725	4.11395e-15
5767.3352344	4.15298e-15
5768.72309155	4.23184e-15
5770.1109487	4.18311e-15
5771.50879043	4.20183e-15
5772.89664758	4.20045e-15
5774.28450472	4.16927e-15
5775.67236187	4.14449e-15
5777.06021902	4.11493e-15
5778.45806075	4.08083e-15
5779.8459179	4.03452e-15
5781.23377505	4.03561e-15
5782.6216322	4.07549e-15
5784.00948935	4.07807e-15
5785.40733108	4.07287e-15
5786.79518823	4.04271e-15
5788.18304538	4.00458e-15
5789.57090253	4.10526e-15
5790.95875968	4.10465e-15
5792.35660141	4.07399e-15
5793.74445856	3.99570e-15
5795.1323157	4.04523e-15
5796.52017285	4.06881e-15
5797.90803	4.12643e-15
5799.30587173	4.15437e-15
5800.69372888	4.11348e-15
5802.08158603	4.17140e-15
5803.46944318	4.21094e-15
5804.85730033	4.17761e-15
5806.25514206	4.18342e-15
5807.64299921	4.20633e-15
5809.03085636	4.29819e-15
5810.41871351	4.27790e-15
5811.80657065	4.29977e-15
5813.20441239	4.39654e-15
5814.59226954	4.38440e-15
5815.98012668	4.35301e-15
5817.36798383	4.35491e-15
5818.75584098	4.42479e-15
5820.15368271	4.43033e-15
5821.54153986	4.46472e-15
5822.92939701	4.51832e-15
5824.31725416	4.45583e-15
5825.70511131	4.46554e-15
5827.10295304	4.52734e-15
5828.49081019	4.58439e-15
5829.87866734	4.55008e-15
5831.26652449	4.50405e-15
5832.65438163	4.53803e-15
5834.05222337	4.58176e-15
5835.44008052	4.59851e-15
5836.82793766	4.52974e-15
5838.21579481	4.56270e-15
5839.60365196	4.60531e-15
5841.00149369	4.65485e-15
5842.38935084	4.55268e-15
5843.77720799	4.53363e-15
5845.16506514	4.58519e-15
5846.55292229	4.54208e-15
5847.95076402	4.58744e-15
5849.33862117	4.65693e-15
5850.72647832	4.60786e-15
5852.11433547	4.59672e-15
5853.50219261	4.58037e-15
5854.90003435	4.62241e-15
5856.2878915	4.64764e-15
5857.67574864	4.66841e-15
5859.06360579	4.66181e-15
5860.45146294	4.60739e-15
5861.84930467	4.55621e-15
5863.23716182	4.56749e-15
5864.62501897	4.55737e-15
5866.01287612	4.50862e-15
5867.40073327	4.58327e-15
5868.798575	4.53035e-15
5870.18643215	4.53884e-15
5871.5742893	4.52027e-15
5872.96214645	4.46856e-15
5874.35000359	4.53440e-15
5875.74784533	4.49200e-15
5877.13570248	4.45859e-15
5878.52355962	4.48715e-15
5879.91141677	4.38532e-15
5881.29927392	4.34206e-15
5882.69711565	4.31032e-15
5884.0849728	4.36426e-15
5885.47282995	4.27300e-15
5886.8606871	4.24401e-15
5888.24854425	4.29871e-15
5889.64638598	4.33873e-15
5891.03424313	4.31308e-15
5892.42210028	4.28351e-15
5893.80995743	4.25529e-15
5895.19781457	4.27468e-15
5896.59565631	4.31511e-15
5897.98351346	4.38030e-15
5899.3713706	4.39603e-15
5900.75922775	4.40744e-15
5902.1470849	4.42887e-15
5903.54492663	4.39093e-15
5904.93278378	4.37019e-15
5906.32064093	4.37923e-15
5907.70849808	4.35393e-15
5909.09635523	4.39368e-15
5910.49419696	4.37474e-15
5911.88205411	4.38093e-15
5913.26991126	4.39368e-15
5914.65776841	4.40519e-15
5916.04562555	4.39032e-15
5917.44346729	4.36361e-15
5918.83132444	4.36638e-15
5920.21918158	4.39710e-15
5921.60703873	4.32550e-15
5922.99489588	4.36346e-15
5924.39273761	4.33489e-15
5925.78059476	4.31788e-15
5927.16845191	4.30799e-15
5928.55630906	4.29967e-15
5929.94416621	4.36924e-15
5931.34200794	4.33417e-15
5932.72986509	4.25385e-15
5934.11772224	4.26285e-15
5935.50557939	4.31190e-15
5936.89343653	4.32140e-15
5938.29127827	4.31287e-15
5939.67913541	4.30437e-15
5941.06699256	4.29732e-15
5942.45484971	4.26576e-15
5943.84270686	4.24942e-15
5945.24054859	4.23900e-15
5946.62840574	4.23059e-15
5948.01626289	4.21842e-15
5949.40412004	4.22447e-15
5950.79197719	4.22902e-15
5952.18981892	4.19465e-15
5953.57767607	4.21976e-15
5954.96553322	4.23843e-15
5956.35339037	4.21662e-15
5957.74124751	4.17861e-15
5959.13908925	4.19551e-15
5960.52694639	4.21860e-15
5961.91480354	4.21155e-15
5963.30266069	4.23169e-15
5964.69051784	4.22237e-15
5966.08835957	4.18405e-15
5967.47621672	4.16568e-15
5968.86407387	4.16655e-15
5970.25193102	4.08620e-15
5971.63978817	4.10095e-15
5973.0376299	4.13026e-15
5974.42548705	4.13935e-15
5975.8133442	4.13533e-15
5977.20120135	4.07601e-15
5978.58905849	4.07773e-15
5979.98690023	4.12134e-15
5981.37475737	4.11790e-15
5982.76261452	4.14657e-15
5984.15047167	4.13558e-15
5985.53832882	4.11746e-15
5986.93617055	4.13971e-15
5988.3240277	4.13864e-15
5989.71188485	4.12465e-15
5991.099742	4.09876e-15
5992.48759915	4.11234e-15
5993.88544088	4.08076e-15
5995.27329803	4.06497e-15
5996.66115518	4.09445e-15
5998.04901232	4.10894e-15
5999.43686947	4.07959e-15
6000.83471121	4.05567e-15
6002.22256835	4.00603e-15
6003.6104255	4.03920e-15
6004.99828265	4.05024e-15
6006.3861398	4.02601e-15
6007.78398153	4.01207e-15
6009.17183868	4.05781e-15
6010.55969583	4.03050e-15
6011.94755298	3.98532e-15
6013.33541013	3.99288e-15
6014.73325186	3.97311e-15
6016.12110901	4.02522e-15
6017.50896616	3.97696e-15
6018.8968233	3.94713e-15
6020.28468045	3.94056e-15
6021.68252219	4.02687e-15
6023.07037933	4.03751e-15
6024.45823648	4.01019e-15
6025.84609363	4.00238e-15
6027.23395078	4.00354e-15
6028.63179251	3.91645e-15
6030.01964966	3.91787e-15
6031.40750681	3.95640e-15
6032.79536396	3.92782e-15
6034.18322111	3.99027e-15
6035.58106284	3.94881e-15
6036.96891999	3.94547e-15
6038.35677714	3.95132e-15
6039.74463428	3.88047e-15
6041.13249143	3.93579e-15
6042.53033317	3.95681e-15
6043.91819031	3.94134e-15
6045.30604746	3.92541e-15
6046.69390461	3.87836e-15
6048.08176176	3.87877e-15
6049.47960349	3.86786e-15
6050.86746064	3.87453e-15
6052.25531779	3.89022e-15
6053.64317494	3.86489e-15
6055.03103209	3.86820e-15
6056.42887382	3.82342e-15
6057.81673097	3.80911e-15
6059.20458812	3.78087e-15
6060.59244526	3.87797e-15
6061.98030241	3.89232e-15
6063.37814415	3.84726e-15
6064.76600129	3.87262e-15
6066.15385844	3.87800e-15
6067.54171559	3.88836e-15
6068.92957274	3.90252e-15
6070.32741447	3.85045e-15
6071.71527162	3.81108e-15
6073.10312877	3.79674e-15
6074.49098592	3.78996e-15
6075.87884307	3.79325e-15
6077.2766848	3.86074e-15
6078.66454195	3.85268e-15
6080.0523991	3.81572e-15
6081.44025624	3.82764e-15
6082.82811339	3.88346e-15
6084.22595513	3.87864e-15
6085.61381227	3.84535e-15
6087.00166942	3.82005e-15
6088.38952657	3.84442e-15
6089.77738372	3.84587e-15
6091.17522545	3.82749e-15
6092.5630826	3.79495e-15
6093.95093975	3.80919e-15
6095.3387969	3.80072e-15
6096.72665405	3.79608e-15
6098.12449578	3.82132e-15
6099.51235293	3.82241e-15
6100.90021008	3.79491e-15
6102.28806722	3.77549e-15
6103.67592437	3.83027e-15
6105.07376611	3.84728e-15
6106.46162325	3.82729e-15
6107.8494804	3.84804e-15
6109.23733755	3.82109e-15
6110.6251947	3.76924e-15
6112.02303643	3.80213e-15
6113.41089358	3.79365e-15
6114.79875073	3.77691e-15
6116.18660788	3.80004e-15
6117.57446503	3.79896e-15
6118.97230676	3.78229e-15
6120.36016391	3.77180e-15
6121.74802106	3.76053e-15
6123.1358782	3.77402e-15
6124.52373535	3.77671e-15
6125.92157708	3.78400e-15
6127.30943423	3.81259e-15
6128.69729138	3.83565e-15
6130.08514853	3.76343e-15
6131.47300568	3.73923e-15
6132.87084741	3.75840e-15
6134.25870456	3.70945e-15
6135.64656171	3.71893e-15
6137.03441886	3.73652e-15
6138.42227601	3.76036e-15
6139.82011774	3.76904e-15
6141.20797489	3.72736e-15
6142.59583204	3.74776e-15
6143.98368918	3.75483e-15
6145.37154633	3.72921e-15
6146.76938806	3.73197e-15
6148.15724521	3.77831e-15
6149.54510236	3.73244e-15
6150.93295951	3.76984e-15
6152.32081666	3.81654e-15
6153.71865839	3.76521e-15
6155.10651554	3.72376e-15
6156.49437269	3.70663e-15
6157.88222984	3.71512e-15
6159.27008699	3.73502e-15
6160.66792872	3.75420e-15
6162.05578587	3.76140e-15
6163.44364302	3.74533e-15
6164.83150016	3.77010e-15
6166.21935731	3.76892e-15
6167.61719904	3.70366e-15
6169.00505619	3.73438e-15
6170.39291334	3.77512e-15
6171.78077049	3.76664e-15
6173.16862764	3.71870e-15
6174.56646937	3.75215e-15
6175.95432652	3.73343e-15
6177.34218367	3.75078e-15
6178.73004082	3.70498e-15
6180.11789797	3.72466e-15
6181.5157397	3.74299e-15
6182.90359685	3.72896e-15
6184.291454	3.69901e-15
6185.67931114	3.70385e-15
6187.06716829	3.70217e-15
6188.46501002	3.70378e-15
6189.85286717	3.70115e-15
6191.24072432	3.63901e-15
6192.62858147	3.66846e-15
6194.01643862	3.66606e-15
6195.41428035	3.64520e-15
6196.8021375	3.66783e-15
6198.18999465	3.64654e-15
6199.5778518	3.67354e-15
6200.96570895	3.68613e-15
6202.36355068	3.70892e-15
6203.75140783	3.62146e-15
6205.13926497	3.59125e-15
6206.52712212	3.52256e-15
6207.91497927	3.59908e-15
6209.312821	3.65344e-15
6210.70067815	3.56889e-15
6212.0885353	3.51392e-15
6213.47639245	3.49696e-15
6214.8642496	3.50706e-15
6216.26209133	3.50611e-15
6217.64994848	3.53520e-15
6219.03780563	3.52515e-15
6220.42566278	3.53037e-15
6221.81351993	3.46151e-15
6223.21136166	3.44090e-15
6224.59921881	3.44238e-15
6225.98707595	3.49067e-15
6227.3749331	3.46592e-15
6228.76279025	3.47644e-15
6230.16063198	3.43681e-15
6231.54848913	3.37787e-15
6232.93634628	3.36170e-15
6234.32420343	3.37703e-15
6235.71206058	3.40632e-15
6237.10990231	3.35472e-15
6238.49775946	3.26846e-15
6239.88561661	3.27461e-15
6241.27347376	3.26592e-15
6242.66133091	3.29847e-15
6244.05917264	3.29751e-15
6245.44702979	3.28238e-15
6246.83488693	3.24061e-15
6248.22274408	3.24262e-15
6249.61060123	3.24623e-15
6251.00844296	3.25256e-15
6252.39630011	3.21713e-15
6253.78415726	3.24856e-15
6255.17201441	3.20222e-15
6256.55987156	3.16094e-15
6257.95771329	3.19816e-15
6259.34557044	3.17103e-15
6260.73342759	3.18078e-15
6262.12128474	3.17006e-15
6263.50914188	3.19123e-15
6264.90698362	3.12959e-15
6266.29484077	3.11151e-15
6267.68269791	3.12507e-15
6269.07055506	3.16587e-15
6270.45841221	3.09470e-15
6271.85625394	3.07613e-15
6273.24411109	3.06974e-15
6274.63196824	3.13594e-15
6276.01982539	3.17215e-15
6277.40768254	3.17842e-15
6278.80552427	3.20135e-15
6280.19338142	3.23582e-15
6281.58123857	3.25844e-15
6282.96909572	3.28894e-15
6284.35695286	3.29115e-15
6285.7547946	3.24197e-15
6287.14265175	3.33994e-15
6288.53050889	3.27245e-15
6289.91836604	3.29634e-15
6291.30622319	3.35767e-15
6292.70406492	3.35433e-15
6294.09192207	3.40657e-15
6295.47977922	3.40780e-15
6296.86763637	3.32058e-15
6298.25549352	3.36028e-15
6299.65333525	3.40433e-15
6301.0411924	3.41378e-15
6302.42904955	3.44993e-15
6303.8169067	3.46814e-15
6305.20476384	3.48165e-15
6306.60260558	3.49003e-15
6307.99046273	3.52872e-15
6309.37831987	3.48044e-15
6310.76617702	3.49664e-15
6312.15403417	3.52913e-15
6313.5518759	3.52002e-15
6314.93973305	3.50810e-15
6316.3275902	3.55408e-15
6317.71544735	3.62946e-15
6319.1033045	3.62750e-15
6320.50114623	3.64058e-15
6321.88900338	3.58039e-15
6323.27686053	3.57619e-15
6324.66471768	3.61392e-15
6326.05257482	3.65965e-15
6327.45041656	3.61648e-15
6328.83827371	3.61829e-15
6330.22613085	3.60645e-15
6331.613988	3.65221e-15
6333.00184515	3.58952e-15
6334.39968688	3.62201e-15
6335.78754403	3.65045e-15
6337.17540118	3.65015e-15
6338.56325833	3.60797e-15
6339.95111548	3.63001e-15
6341.34895721	3.64277e-15
6342.73681436	3.70918e-15
6344.12467151	3.71835e-15
6345.51252866	3.68434e-15
6346.9003858	3.66625e-15
6348.29822754	3.69087e-15
6349.68608469	3.65803e-15
6351.07394183	3.69147e-15
6352.46179898	3.67770e-15
6353.84965613	3.67051e-15
6355.24749786	3.64968e-15
6356.63535501	3.66666e-15
6358.02321216	3.65910e-15
6359.41106931	3.61523e-15
6360.79892646	3.59469e-15
6362.19676819	3.56926e-15
6363.58462534	3.58014e-15
6364.97248249	3.64941e-15
6366.36033964	3.58876e-15
6367.74819678	3.53539e-15
6369.14603852	3.52554e-15
6370.53389567	3.49196e-15
6371.92175281	3.53368e-15
6373.30960996	3.52943e-15
6374.69746711	3.47789e-15
6376.09530884	3.46702e-15
6377.48316599	3.45892e-15
6378.87102314	3.50151e-15
6380.25888029	3.42849e-15
6381.64673744	3.44075e-15
6383.04457917	3.44928e-15
6384.43243632	3.37312e-15
6385.82029347	3.32267e-15
6387.20815062	3.33835e-15
6388.59600776	3.32517e-15
6389.9938495	3.32851e-15
6391.38170664	3.27862e-15
6392.76956379	3.26260e-15
6394.15742094	3.26270e-15
6395.54527809	3.21668e-15
6396.94311982	3.19133e-15
6398.33097697	3.18934e-15
6399.71883412	3.21083e-15
6401.10669127	3.16530e-15
6402.49454842	3.13924e-15
6403.89239015	3.12006e-15
6405.2802473	3.06862e-15
6406.66810445	3.06913e-15
6408.0559616	3.06447e-15
6409.44381874	3.00447e-15
6410.84166048	2.92002e-15
6412.22951762	2.96336e-15
6413.61737477	2.94302e-15
6415.00523192	2.90233e-15
6416.39308907	2.86703e-15
6417.7909308	2.88223e-15
6419.17878795	2.84631e-15
6420.5666451	2.84095e-15
6421.95450225	2.83939e-15
6423.3423594	2.83239e-15
6424.74020113	2.83253e-15
6426.12805828	2.82377e-15
6427.51591543	2.83098e-15
6428.90377258	2.88295e-15
6430.29162972	2.89630e-15
6431.68947146	2.84763e-15
6433.0773286	2.89015e-15
6434.46518575	2.90059e-15
6435.8530429	2.94506e-15
6437.24090005	3.00530e-15
6438.63874178	3.04224e-15
6440.02659893	3.03751e-15
6441.41445608	3.07635e-15
6442.80231323	3.09895e-15
6444.19017038	3.13926e-15
6445.58801211	3.19680e-15
6446.97586926	3.25040e-15
6448.36372641	3.34481e-15
6449.75158355	3.40532e-15
6451.1394407	3.48489e-15
6452.53728244	3.60013e-15
6453.92513958	3.61837e-15
6455.31299673	3.67109e-15
6456.70085388	3.76596e-15
6458.08871103	3.86563e-15
6459.48655276	3.96224e-15
6460.87440991	4.11589e-15
6462.26226706	4.13324e-15
6463.65012421	4.25531e-15
6465.03798136	4.34702e-15
6466.43582309	4.43595e-15
6467.82368024	4.54669e-15
6469.21153739	4.70612e-15
6470.59939453	4.77673e-15
6471.98725168	4.75007e-15
6473.38509342	4.96304e-15
6474.77295056	5.07946e-15
6476.16080771	5.21050e-15
6477.54866486	5.25814e-15
6478.93652201	5.40522e-15
6480.33436374	5.48476e-15
6481.72222089	5.53930e-15
6483.11007804	5.70380e-15
6484.49793519	5.76985e-15
6485.88579234	5.82443e-15
6487.28363407	5.92463e-15
6488.67149122	5.99052e-15
6490.05934837	6.03031e-15
6491.44720551	6.04696e-15
6492.83506266	6.13378e-15
6494.2329044	6.10439e-15
6495.62076154	6.22130e-15
6497.00861869	6.32970e-15
6498.39647584	6.35177e-15
6499.78433299	6.45997e-15
6501.18217472	6.50745e-15
6502.57003187	6.56448e-15
6503.95788902	6.56612e-15
6505.34574617	6.61729e-15
6506.73360332	6.72280e-15
6508.13144505	6.75740e-15
6509.5193022	6.77398e-15
6510.90715935	6.88894e-15
6512.29501649	6.90472e-15
6513.68287364	6.91972e-15
6515.08071538	6.93243e-15
6516.46857252	6.93748e-15
6517.85642967	7.05392e-15
6519.24428682	7.03285e-15
6520.63214397	7.10469e-15
6522.0299857	7.14367e-15
6523.41784285	7.11313e-15
6524.8057	7.12709e-15
6526.19355715	7.16859e-15
6527.5814143	7.26618e-15
6528.97925603	7.30260e-15
6530.36711318	7.29609e-15
6531.75497033	7.26904e-15
6533.14282747	7.29272e-15
6534.53068462	7.38865e-15
6535.92852636	7.43533e-15
6537.3163835	7.37140e-15
6538.70424065	7.34996e-15
6540.0920978	7.31902e-15
6541.47995495	7.21822e-15
6542.87779668	7.22688e-15
6544.26565383	7.21356e-15
6545.65351098	7.23191e-15
6547.04136813	7.21439e-15
6548.42922528	7.23246e-15
6549.82706701	7.28339e-15
6551.21492416	7.20275e-15
6552.60278131	7.13639e-15
6553.99063845	7.02683e-15
6555.3784956	7.01516e-15
6556.77633734	6.97001e-15
6558.16419448	6.96058e-15
6559.55205163	6.88879e-15
6560.93990878	6.88070e-15
6562.32776593	6.94771e-15
6563.72560766	6.97523e-15
6565.11346481	6.88606e-15
6566.50132196	6.82008e-15
6567.88917911	6.86105e-15
6569.27703626	6.86661e-15
6570.67487799	6.81978e-15
6572.06273514	6.72437e-15
6573.45059229	6.66945e-15
6574.83844943	6.62917e-15
6576.22630658	6.57564e-15
6577.62414832	6.47040e-15
6579.01200546	6.46371e-15
6580.39986261	6.50901e-15
6581.78771976	6.45998e-15
6583.17557691	6.38975e-15
6584.57341864	6.34608e-15
6585.96127579	6.36112e-15
6587.34913294	6.30860e-15
6588.73699009	6.23592e-15
6590.12484724	6.29154e-15
6591.52268897	6.27942e-15
6592.91054612	6.26299e-15
6594.29840327	6.20557e-15
6595.68626041	6.07617e-15
6597.07411756	6.02926e-15
6598.47195929	5.97146e-15
6599.85981644	6.00878e-15
6601.24767359	6.03366e-15
6602.63553074	5.91196e-15
6604.02338789	5.83639e-15
6605.42122962	5.77297e-15
6606.80908677	5.74094e-15
6608.19694392	5.72937e-15
6609.58480107	5.73108e-15
6610.97265822	5.66146e-15
6612.37049995	5.61457e-15
6613.7583571	5.59881e-15
6615.14621425	5.57185e-15
6616.53407139	5.51111e-15
6617.92192854	5.49860e-15
6619.31977027	5.41376e-15
6620.70762742	5.38197e-15
6622.09548457	5.38304e-15
6623.48334172	5.37521e-15
6624.87119887	5.31907e-15
6626.2690406	5.32074e-15
6627.65689775	5.25588e-15
6629.0447549	5.20096e-15
6630.43261205	5.15736e-15
6631.8204692	5.16221e-15
6633.21831093	5.15866e-15
6634.60616808	5.12512e-15
6635.99402523	5.11397e-15
6637.38188237	5.07535e-15
6638.76973952	5.07421e-15
6640.16758125	5.02801e-15
6641.5554384	5.02991e-15
6642.94329555	4.99716e-15
6644.3311527	4.90287e-15
6645.71900985	4.88498e-15
6647.11685158	4.93654e-15
6648.50470873	4.93659e-15
6649.89256588	4.88048e-15
6651.28042303	4.82942e-15
6652.66828018	4.81775e-15
6654.06612191	4.81455e-15
6655.45397906	4.72061e-15
6656.8418362	4.71641e-15
6658.22969335	4.81526e-15
6659.6175505	4.79085e-15
6661.01539223	4.67805e-15
6662.40324938	4.65973e-15
6663.79110653	4.62705e-15
6665.17896368	4.72347e-15
6666.56682083	4.62918e-15
6667.96466256	4.57636e-15
6669.35251971	4.51167e-15
6670.74037686	4.55690e-15
6672.12823401	4.52875e-15
6673.51609116	4.51211e-15
6674.91393289	4.50625e-15
6676.30179004	4.42758e-15
6677.68964718	4.37346e-15
6679.07750433	4.29242e-15
6680.46536148	4.26432e-15
6681.86320321	4.22565e-15
6683.25106036	4.28178e-15
6684.63891751	4.26044e-15
6686.02677466	4.24326e-15
6687.41463181	4.24764e-15
6688.81247354	4.19942e-15
6690.20033069	4.22383e-15
6691.58818784	4.19162e-15
6692.97604499	4.14575e-15
6694.36390214	4.12729e-15
6695.76174387	4.15248e-15
6697.14960102	4.13415e-15
6698.53745816	4.02635e-15
6699.92531531	3.98265e-15
6701.31317246	3.99543e-15
6702.71101419	4.00777e-15
6704.09887134	3.98103e-15
6705.48672849	3.96524e-15
6706.87458564	3.94618e-15
6708.26244279	3.92658e-15
6709.66028452	3.89208e-15
6711.04814167	3.88957e-15
6712.43599882	3.84371e-15
6713.82385597	3.83642e-15
6715.21171311	3.86963e-15
6716.60955485	3.87861e-15
6717.997412	3.86904e-15
6719.38526914	3.83421e-15
6720.77312629	3.82736e-15
6722.16098344	3.82968e-15
6723.55882517	3.75683e-15
6724.94668232	3.75698e-15
6726.33453947	3.69734e-15
6727.72239662	3.68880e-15
6729.11025377	3.74993e-15
6730.5080955	3.73439e-15
6731.89595265	3.68795e-15
6733.2838098	3.69355e-15
6734.67166695	3.66081e-15
6736.05952409	3.69615e-15
6737.45736583	3.64327e-15
6738.84522298	3.67036e-15
6740.23308012	3.62224e-15
6741.62093727	3.65117e-15
6743.00879442	3.67684e-15
6744.40663615	3.63425e-15
6745.7944933	3.66133e-15
6747.18235045	3.64719e-15
6748.5702076	3.59370e-15
6749.95806475	3.59123e-15
6751.35590648	3.62008e-15
6752.74376363	3.64797e-15
6754.13162078	3.59249e-15
6755.51947793	3.55510e-15
6756.90733507	3.53702e-15
6758.30517681	3.47119e-15
6759.69303396	3.53081e-15
6761.0808911	3.53833e-15
6762.46874825	3.53421e-15
6763.8566054	3.53686e-15
6765.25444713	3.54982e-15
6766.64230428	3.51983e-15
6768.03016143	3.49851e-15
6769.41801858	3.56475e-15
6770.80587573	3.57546e-15
6772.20371746	3.53469e-15
6773.59157461	3.46507e-15
6774.97943176	3.50864e-15
6776.36728891	3.52343e-15
6777.75514605	3.52180e-15
6779.15298779	3.48657e-15
6780.54084494	3.46424e-15
6781.92870208	3.45935e-15
6783.31655923	3.43487e-15
6784.70441638	3.44176e-15
6786.10225811	3.46117e-15
6787.49011526	3.42718e-15
6788.87797241	3.38729e-15
6790.26582956	3.41558e-15
6791.65368671	3.41259e-15
6793.05152844	3.44579e-15
6794.43938559	3.44481e-15
6795.82724274	3.41988e-15
6797.21509989	3.39952e-15
6798.60295703	3.40336e-15
6800.00079877	3.41036e-15
6801.38865592	3.42498e-15
6802.77651306	3.41995e-15
6804.16437021	3.39003e-15
6805.55222736	3.40246e-15
6806.95006909	3.44064e-15
6808.33792624	3.38172e-15
6809.72578339	3.35197e-15
6811.11364054	3.34912e-15
6812.50149769	3.43501e-15
6813.89933942	3.38105e-15
6815.28719657	3.36616e-15
6816.67505372	3.38423e-15
6818.06291087	3.38017e-15
6819.45076801	3.39902e-15
6820.84860975	3.37837e-15
6822.2364669	3.36147e-15
6823.62432404	3.38321e-15
6825.01218119	3.35809e-15
6826.40003834	3.34047e-15
6827.79788007	3.34007e-15
6829.18573722	3.35172e-15
6830.57359437	3.29372e-15
6831.96145152	3.31087e-15
6833.34930867	3.31847e-15
6834.7471504	3.27497e-15
6836.13500755	3.27090e-15
6837.5228647	3.26682e-15
6838.91072185	3.26275e-15
6840.29857899	3.25867e-15
6841.69642073	3.25460e-15
6843.08427787	3.25052e-15
6844.47213502	3.24644e-15
6845.85999217	3.24237e-15
6847.24784932	3.23829e-15
6848.64569105	3.23422e-15
6850.0335482	3.23014e-15
6851.42140535	3.22607e-15
6852.8092625	3.22199e-15
6854.19711965	3.21792e-15
6855.59496138	3.21384e-15
6856.98281853	3.20977e-15
6858.37067568	3.20569e-15
6859.75853283	3.20161e-15
6861.14638997	3.19754e-15
6862.54423171	3.19346e-15
6863.93208885	3.18939e-15
6865.319946	3.18531e-15
6866.70780315	3.18124e-15
6868.0956603	3.17716e-15
6869.49350203	3.17308e-15
6870.88135918	3.16901e-15
6872.26921633	3.16493e-15
6873.65707348	3.16086e-15
6875.04493063	3.15678e-15
6876.44277236	3.15271e-15
6877.83062951	3.14863e-15
6879.21848666	3.14456e-15
6880.60634381	3.14048e-15
6881.99420095	3.13641e-15
6883.39204269	3.13233e-15
6884.77989983	3.18095e-15
6886.16775698	3.14051e-15
6887.55561413	3.15290e-15
6888.94347128	3.21829e-15
6890.34131301	3.26516e-15
6891.72917016	3.24236e-15
6893.11702731	3.17528e-15
6894.50488446	3.12868e-15
6895.89274161	3.13840e-15
6897.29058334	3.15432e-15
6898.67844049	3.14198e-15
6900.06629764	3.13139e-15
6901.45415479	3.15864e-15
6902.84201193	3.17474e-15
6904.23985367	3.16213e-15
6905.62771081	3.10606e-15
6907.01556796	3.12590e-15
6908.40342511	3.14214e-15
6909.79128226	3.11513e-15
6911.18912399	3.10501e-15
6912.57698114	3.07151e-15
6913.96483829	3.09960e-15
6915.35269544	3.12734e-15
6916.74055259	3.12288e-15
6918.13839432	3.08417e-15
6919.52625147	3.05457e-15
6920.91410862	3.05534e-15
6922.30196576	3.09037e-15
6923.68982291	3.11604e-15
6925.08766465	3.11373e-15
6926.47552179	3.10153e-15
6927.86337894	3.11324e-15
6929.25123609	3.11563e-15
6930.63909324	3.10317e-15
6932.03693497	3.06829e-15
6933.42479212	3.08122e-15
6934.81264927	3.07235e-15
6936.20050642	3.07387e-15
6937.58836357	3.08856e-15
6938.9862053	3.03228e-15
6940.37406245	3.06605e-15
6941.7619196	3.09025e-15
6943.14977674	3.05114e-15
6944.53763389	3.07137e-15
6945.93547563	3.06658e-15
6947.32333277	3.05604e-15
6948.71118992	3.01001e-15
6950.09904707	3.03614e-15
6951.48690422	3.05314e-15
6952.88474595	3.02999e-15
6954.2726031	3.04697e-15
6955.66046025	3.01968e-15
6957.0483174	2.99865e-15
6958.43617455	3.07758e-15
6959.83401628	3.05381e-15
6961.22187343	3.10099e-15
6962.60973058	3.03759e-15
6963.99758772	3.03287e-15
6965.38544487	3.01333e-15
6966.78328661	3.07366e-15
6968.17114375	3.01409e-15
6969.5590009	3.08101e-15
6970.94685805	3.04801e-15
6972.3347152	3.01003e-15
6973.73255693	3.01064e-15
6975.12041408	2.98268e-15
6976.50827123	3.04162e-15
6977.89612838	3.00629e-15
6979.28398553	3.04287e-15
6980.68182726	3.07679e-15
6982.06968441	3.04370e-15
6983.45754156	2.99981e-15
6984.8453987	3.05090e-15
6986.23325585	3.06873e-15
6987.63109759	3.08239e-15
6989.01895473	3.08584e-15
6990.40681188	3.04209e-15
6991.79466903	3.06881e-15
6993.18252618	3.07482e-15
6994.58036791	3.06528e-15
6995.96822506	3.17892e-15
6997.35608221	3.16845e-15
6998.74393936	3.19371e-15
7000.13179651	3.14831e-15
7001.52963824	3.03195e-15
7002.91749539	2.99485e-15
7004.30535254	3.01435e-15
7005.69320968	3.06866e-15
7007.08106683	3.03224e-15
7008.47890857	3.05777e-15
7009.86676571	3.08575e-15
7011.25462286	3.06244e-15
7012.64248001	3.10003e-15
7014.03033716	3.07309e-15
7015.42817889	3.02066e-15
7016.81603604	3.03185e-15
7018.20389319	3.07554e-15
7019.59175034	3.12001e-15
7020.97960749	3.07739e-15
7022.37744922	3.05661e-15
7023.76530637	3.08210e-15
7025.15316352	3.08097e-15
7026.54102066	3.03269e-15
7027.92887781	3.03954e-15
7029.32671955	3.04270e-15
7030.71457669	3.03503e-15
7032.10243384	2.99655e-15
7033.49029099	3.05271e-15
7034.87814814	3.06201e-15
7036.27598987	2.99746e-15
7037.66384702	3.01169e-15
7039.05170417	3.00659e-15
7040.43956132	3.04027e-15
7041.82741847	3.01772e-15
7043.2252602	3.00752e-15
7044.61311735	2.95902e-15
7046.0009745	2.98241e-15
7047.38883164	3.00666e-15
7048.77668879	3.00119e-15
7050.17453052	2.95745e-15
7051.56238767	3.00172e-15
7052.95024482	3.00206e-15
7054.33810197	2.95258e-15
7055.72595912	3.00012e-15
7057.12380085	3.01866e-15
7058.511658	2.98928e-15
7059.89951515	2.93759e-15
7061.2873723	2.96183e-15
7062.67522945	2.97593e-15
7064.07307118	2.98966e-15
7065.46092833	2.97357e-15
7066.84878548	2.95786e-15
7068.23664262	2.96045e-15
7069.62449977	2.95832e-15
7071.0223415	2.98914e-15
7072.41019865	2.95123e-15
7073.7980558	2.93047e-15
7075.18591295	2.96554e-15
7076.5737701	2.95821e-15
7077.97161183	2.94134e-15
7079.35946898	2.88140e-15
7080.74732613	2.88486e-15
7082.13518328	2.88751e-15
7083.52304043	2.90879e-15
7084.92088216	2.90872e-15
7086.30873931	2.80608e-15
7087.69659646	2.94796e-15
7089.0844536	2.87601e-15
7090.47231075	2.86129e-15
7091.87015248	2.86681e-15
7093.25800963	2.88295e-15
7094.64586678	2.87845e-15
7096.03372393	2.84033e-15
7097.42158108	2.87530e-15
7098.81942281	2.90657e-15
7100.20727996	2.88291e-15
7101.59513711	2.88739e-15
7102.98299426	2.93073e-15
7104.37085141	2.87953e-15
7105.76869314	2.87772e-15
7107.15655029	2.87272e-15
7108.54440743	2.86950e-15
7109.93226458	2.91420e-15
7111.32012173	2.87199e-15
7112.71796346	2.84389e-15
7114.10582061	2.81461e-15
7115.49367776	2.85710e-15
7116.88153491	2.88985e-15
7118.26939206	2.85867e-15
7119.66723379	2.83764e-15
7121.05509094	2.85047e-15
7122.44294809	2.85395e-15
7123.83080524	2.83181e-15
7125.21866239	2.76670e-15
7126.61650412	2.80622e-15
7128.00436127	2.84030e-15
7129.39221841	2.80418e-15
7130.78007556	2.79578e-15
7132.16793271	2.81174e-15
7133.56577444	2.83816e-15
7134.95363159	2.81020e-15
7136.34148874	2.78204e-15
7137.72934589	2.76234e-15
7139.11720304	2.74636e-15
7140.51504477	2.74488e-15
7141.90290192	2.72296e-15
7143.29075907	2.77541e-15
7144.67861622	2.76753e-15
7146.06647337	2.79159e-15
7147.4643151	2.83357e-15
7148.85217225	2.76531e-15
7150.24002939	2.78974e-15
7151.62788654	2.75172e-15
7153.01574369	2.78715e-15
7154.41358542	2.81466e-15
7155.80144257	2.78095e-15
7157.18929972	2.75402e-15
7158.57715687	2.74206e-15
7159.96501402	2.74439e-15
7161.36285575	2.77421e-15
7162.7507129	2.76786e-15
7164.13857005	2.70432e-15
7165.5264272	2.69895e-15
7166.91428434	2.72268e-15
7168.31212608	2.71567e-15
7169.69998323	2.66474e-15
7171.08784037	2.66906e-15
7172.47569752	2.68680e-15
7173.86355467	2.65228e-15
7175.2613964	2.68005e-15
7176.64925355	2.64796e-15
7178.0371107	2.64629e-15
7179.42496785	2.62592e-15
7180.812825	2.66709e-15
7182.21066673	2.68058e-15
7183.59852388	2.69012e-15
7184.98638103	2.65918e-15
7186.37423818	2.63445e-15
7187.76209532	2.68963e-15
7189.15993706	2.68269e-15
7190.54779421	2.64605e-15
7191.93565135	2.61986e-15
7193.3235085	2.62979e-15
7194.71136565	2.67623e-15
7196.10920738	2.71900e-15
7197.49706453	2.76370e-15
7198.88492168	2.77372e-15
7200.27277883	2.74761e-15
7201.66063598	2.73690e-15
7203.05847771	2.71852e-15
7204.44633486	2.73054e-15
7205.83419201	2.76583e-15
7207.22204916	2.76837e-15
7208.6099063	2.74070e-15
7210.00774804	2.72767e-15
7211.39560519	2.71825e-15
7212.78346233	2.72100e-15
7214.17131948	2.74290e-15
7215.55917663	2.74827e-15
7216.95701836	2.71461e-15
7218.34487551	2.73296e-15
7219.73273266	2.70033e-15
7221.12058981	2.68591e-15
7222.50844696	2.67863e-15
7223.90628869	2.67317e-15
7225.29414584	2.67411e-15
7226.68200299	2.65357e-15
7228.06986014	2.65946e-15
7229.45771728	2.64591e-15
7230.85555902	2.66180e-15
7232.24341617	2.68870e-15
7233.63127331	2.66683e-15
7235.01913046	2.62685e-15
7236.40698761	2.65618e-15
7237.80482934	2.68289e-15
7239.19268649	2.69162e-15
7240.58054364	2.70376e-15
7241.96840079	2.70011e-15
7243.35625794	2.67340e-15
7244.75409967	2.65805e-15
7246.14195682	2.63671e-15
7247.52981397	2.65838e-15
7248.91767112	2.70593e-15
7250.30552826	2.69388e-15
7251.70337	2.67972e-15
7253.09122715	2.69559e-15
7254.47908429	2.73621e-15
7255.86694144	2.70588e-15
7257.25479859	2.66217e-15
7258.65264032	2.62820e-15
7260.04049747	2.67457e-15
7261.42835462	2.66476e-15
7262.81621177	2.67562e-15
7264.20406892	2.66358e-15
7265.60191065	2.67392e-15
7266.9897678	2.68384e-15
7268.37762495	2.65982e-15
7269.7654821	2.67334e-15
7271.15333924	2.66133e-15
7272.55118098	2.69650e-15
7273.93903813	2.70288e-15
7275.32689527	2.69005e-15
7276.71475242	2.64624e-15
7278.10260957	2.62840e-15
7279.5004513	2.63900e-15
7280.88830845	2.64191e-15
7282.2761656	2.69122e-15
7283.66402275	2.64555e-15
7285.0518799	2.66903e-15
7286.44972163	2.63884e-15
7287.83757878	2.64832e-15
7289.22543593	2.64181e-15
7290.61329308	2.64582e-15
7292.00115022	2.62659e-15
7293.39899196	2.60526e-15
7294.7868491	2.65528e-15
7296.17470625	2.67248e-15
7297.5625634	2.63526e-15
7298.95042055	2.65665e-15
7300.34826228	2.65615e-15
7301.73611943	2.65876e-15
7303.12397658	2.65282e-15
7304.51183373	2.61821e-15
7305.89969088	2.63047e-15
7307.29753261	2.62523e-15
7308.68538976	2.60768e-15
7310.07324691	2.64939e-15
7311.46110406	2.66628e-15
7312.8489612	2.65576e-15
7314.24680294	2.68755e-15
7315.63466008	2.64862e-15
7317.02251723	2.65843e-15
7318.41037438	2.66923e-15
7319.79823153	2.64876e-15
7321.19607326	2.64526e-15
7322.58393041	2.62371e-15
7323.97178756	2.63031e-15
7325.35964471	2.60655e-15
7326.74750186	2.62448e-15
7328.14534359	2.66550e-15
7329.53320074	2.64876e-15
7330.92105789	2.65026e-15
7332.30891504	2.66702e-15
7333.69677218	2.61670e-15
7335.09461392	2.60099e-15
7336.48247106	2.62702e-15
7337.87032821	2.62066e-15
7339.25818536	2.64580e-15
7340.64604251	2.67832e-15
7342.04388424	2.64010e-15
7343.43174139	2.65013e-15
7344.81959854	2.63555e-15
7346.20745569	2.64725e-15
7347.59531284	2.65249e-15
7348.99315457	2.67203e-15
7350.38101172	2.64183e-15
7351.76886887	2.63166e-15
7353.15672602	2.63423e-15
7354.54458316	2.68099e-15
7355.9424249	2.68053e-15
7357.33028204	2.62319e-15
7358.71813919	2.57441e-15
7360.10599634	2.60265e-15
7361.49385349	2.66479e-15
7362.89169522	2.65029e-15
7364.27955237	2.64645e-15
7365.66740952	2.66823e-15
7367.05526667	2.66903e-15
7368.44312382	2.64341e-15
7369.84096555	2.62078e-15
7371.2288227	2.58097e-15
7372.61667985	2.58731e-15
7374.00453699	2.61689e-15
7375.39239414	2.60741e-15
7376.79023588	2.60113e-15
7378.17809302	2.59681e-15
7379.56595017	2.59372e-15
7380.95380732	2.57678e-15
7382.34166447	2.62903e-15
7383.7395062	2.63294e-15
7385.12736335	2.64017e-15
7386.5152205	2.64460e-15
7387.90307765	2.62679e-15
7389.2909348	2.59645e-15
7390.68877653	2.63841e-15
7392.07663368	2.63703e-15
7393.46449083	2.63685e-15
7394.85234797	2.64456e-15
7396.24020512	2.66106e-15
7397.63804686	2.69278e-15
7399.025904	2.65718e-15
7400.41376115	2.64342e-15
7401.8016183	2.62495e-15
7403.18947545	2.59244e-15
7404.58731718	2.60373e-15
7405.97517433	2.60678e-15
7407.36303148	2.60281e-15
7408.75088863	2.62648e-15
7410.13874578	2.62463e-15
7411.53658751	2.62760e-15
7412.92444466	2.65213e-15
7414.31230181	2.64334e-15
7415.70015895	2.63445e-15
7417.0880161	2.64851e-15
7418.48585784	2.63782e-15
7419.87371498	2.62745e-15
7421.26157213	2.62409e-15
7422.64942928	2.61237e-15
7424.03728643	2.60008e-15
7425.43512816	2.64956e-15
7426.82298531	2.65158e-15
7428.21084246	2.64403e-15
7429.59869961	2.62731e-15
7430.98655676	2.63386e-15
7432.38439849	2.65260e-15
7433.77225564	2.63364e-15
7435.16011279	2.61145e-15
7436.54796993	2.59851e-15
7437.93582708	2.61719e-15
7439.33366882	2.62750e-15
7440.72152596	2.65423e-15
7442.10938311	2.62357e-15
7443.49724026	2.60639e-15
7444.88509741	2.61100e-15
7446.28293914	2.65355e-15
7447.67079629	2.64624e-15
7449.05865344	2.61723e-15
7450.44651059	2.59837e-15
7451.83436774	2.61924e-15
7453.23220947	2.62071e-15
7454.62006662	2.63878e-15
7456.00792377	2.64630e-15
7457.39578091	2.64110e-15
7458.78363806	2.62692e-15
7460.1814798	2.62218e-15
7461.56933694	2.61492e-15
7462.95719409	2.60580e-15
7464.34505124	2.59905e-15
7465.73290839	2.61983e-15
7467.13075012	2.64068e-15
7468.51860727	2.64670e-15
7469.90646442	2.63167e-15
7471.29432157	2.61916e-15
7472.68217872	2.62980e-15
7474.08002045	2.60256e-15
7475.4678776	2.58021e-15
7476.85573475	2.58949e-15
7478.24359189	2.58091e-15
7479.63144904	2.61171e-15
7481.02929078	2.63016e-15
7482.41714792	2.62703e-15
7483.80500507	2.60296e-15
7485.19286222	2.60555e-15
7486.58071937	2.61292e-15
7487.9785611	2.60099e-15
7489.36641825	2.58794e-15
7490.7542754	2.58954e-15
7492.14213255	2.61379e-15
7493.5299897	2.61060e-15
7494.92783143	2.58746e-15
7496.31568858	2.59010e-15
7497.70354573	2.60770e-15
7499.09140287	2.61626e-15
7500.47926002	2.62360e-15
7501.87710175	2.58353e-15
7503.2649589	2.61716e-15
7504.65281605	2.62182e-15
7506.0406732	2.60151e-15
7507.42853035	2.61869e-15
7508.82637208	2.59099e-15
7510.21422923	2.59088e-15
7511.60208638	2.56926e-15
7512.98994353	2.57845e-15
7514.37780068	2.54777e-15
7515.77564241	2.55292e-15
7517.16349956	2.60366e-15
7518.55135671	2.58795e-15
7519.93921385	2.57610e-15
7521.327071	2.60292e-15
7522.72491273	2.61075e-15
7524.11276988	2.59895e-15
7525.50062703	2.59749e-15
7526.88848418	2.56543e-15
7528.27634133	2.58064e-15
7529.67418306	2.58890e-15
7531.06204021	2.60737e-15
7532.44989736	2.58050e-15
7533.83775451	2.50627e-15
7535.22561166	2.51788e-15
7536.62345339	2.51824e-15
7538.01131054	2.54023e-15
7539.39916769	2.58596e-15
7540.78702483	2.57676e-15
7542.17488198	2.54973e-15
7543.57272371	2.54022e-15
7544.96058086	2.55652e-15
7546.34843801	2.53765e-15
7547.73629516	2.54434e-15
7549.12415231	2.53487e-15
7550.52199404	2.51426e-15
7551.90985119	2.48738e-15
7553.29770834	2.50479e-15
7554.68556549	2.54498e-15
7556.07342264	2.53507e-15
7557.47126437	2.51371e-15
7558.85912152	2.50133e-15
7560.24697866	2.51372e-15
7561.63483581	2.49118e-15
7563.02269296	2.50386e-15
7564.42053469	2.49779e-15
7565.80839184	2.49173e-15
7567.19624899	2.48566e-15
7568.58410614	2.47959e-15
7569.97196329	2.47352e-15
7571.36980502	2.46746e-15
7572.75766217	2.46139e-15
7574.14551932	2.45532e-15
7575.53337647	2.44926e-15
7576.92123362	2.44319e-15
7578.31907535	2.43712e-15
7579.7069325	2.43105e-15
7581.09478964	2.42499e-15
7582.48264679	2.41892e-15
7583.87050394	2.41285e-15
7585.26834567	2.40679e-15
7586.65620282	2.40072e-15
7588.04405997	2.39466e-15
7589.43191712	2.38859e-15
7590.81977427	2.38252e-15
7592.217616	2.37645e-15
7593.60547315	2.37039e-15
7594.9933303	2.36432e-15
7596.38118745	2.35825e-15
7597.7690446	2.35219e-15
7599.16688633	2.34612e-15
7600.55474348	2.34005e-15
7601.94260062	2.33398e-15
7603.33045777	2.32792e-15
7604.71831492	2.32185e-15
7606.11615665	2.31578e-15
7607.5040138	2.30972e-15
7608.89187095	2.30365e-15
7610.2797281	2.29758e-15
7611.66758525	2.29152e-15
7613.06542698	2.28545e-15
7614.45328413	2.27938e-15
7615.84114128	2.27332e-15
7617.22899843	2.26725e-15
7618.61685557	2.26118e-15
7620.01469731	2.25512e-15
7621.40255446	2.24905e-15
7622.7904116	2.24298e-15
7624.17826875	2.23691e-15
7625.5661259	2.23085e-15
7626.96396763	2.22478e-15
7628.35182478	2.21871e-15
7629.73968193	2.21265e-15
7631.12753908	2.20658e-15
7632.51539623	2.18221e-15
7633.91323796	2.16343e-15
7635.30109511	2.19022e-15
7636.68895226	2.19186e-15
7638.07680941	2.18408e-15
7639.46466655	2.18472e-15
7640.86250829	2.16398e-15
7642.25036544	2.14672e-15
7643.63822258	2.18351e-15
7645.02607973	2.19568e-15
7646.41393688	2.19539e-15
7647.81177861	2.18565e-15
7649.19963576	2.18310e-15
7650.58749291	2.20057e-15
7651.97535006	2.16745e-15
7653.36320721	2.19290e-15
7654.76104894	2.20704e-15
7656.14890609	2.18367e-15
7657.53676324	2.14671e-15
7658.92462039	2.14447e-15
7660.31247753	2.21533e-15
7661.71031927	2.22016e-15
7663.09817642	2.14657e-15
7664.48603356	2.23761e-15
7665.87389071	2.22079e-15
7667.26174786	2.29164e-15
7668.65958959	2.21862e-15
7670.04744674	2.21535e-15
7671.43530389	2.24741e-15
7672.82316104	2.25157e-15
7674.21101819	2.24382e-15
7675.60885992	2.24405e-15
7676.99671707	2.25376e-15
7678.38457422	2.25722e-15
7679.77243137	2.26586e-15
7681.16028851	2.32322e-15
7682.55813025	2.33173e-15
7683.9459874	2.31146e-15
7685.33384454	2.32499e-15
7686.72170169	2.33412e-15
7688.10955884	2.31691e-15
7689.50740057	2.33235e-15
7690.89525772	2.39177e-15
7692.28311487	2.35806e-15
7693.67097202	2.31555e-15
7695.05882917	2.35584e-15
7696.4566709	2.41404e-15
7697.84452805	2.43261e-15
7699.2323852	2.43084e-15
7700.62024235	2.44436e-15
7702.00809949	2.46527e-15
7703.40594123	2.47745e-15
7704.79379838	2.38905e-15
7706.18165552	2.44326e-15
7707.56951267	2.46703e-15
7708.95736982	2.48826e-15
7710.35521155	2.47201e-15
7711.7430687	2.46999e-15
7713.13092585	2.49079e-15
7714.518783	2.51725e-15
7715.90664015	2.51065e-15
7717.30448188	2.52731e-15
7718.69233903	2.46560e-15
7720.08019618	2.47488e-15
7721.46805333	2.51263e-15
7722.85591047	2.50275e-15
7724.25375221	2.52834e-15
7725.64160936	2.52434e-15
7727.0294665	2.54295e-15
7728.41732365	2.54073e-15
7729.8051808	2.53309e-15
7731.20302253	2.57225e-15
7732.59087968	2.56147e-15
7733.97873683	2.54278e-15
7735.36659398	2.54606e-15
7736.75445113	2.53155e-15
7738.15229286	2.53087e-15
7739.54015001	2.55437e-15
7740.92800716	2.55910e-15
7742.31586431	2.51328e-15
7743.70372145	2.57959e-15
7745.10156319	2.63183e-15
7746.48942034	2.60286e-15
7747.87727748	2.58877e-15
7749.26513463	2.61662e-15
7750.65299178	2.63810e-15
7752.05083351	2.60888e-15
7753.43869066	2.62148e-15
7754.82654781	2.61648e-15
7756.21440496	2.59338e-15
7757.60226211	2.60112e-15
7759.00010384	2.62526e-15
7760.38796099	2.61052e-15
7761.77581814	2.66723e-15
7763.16367529	2.67843e-15
7764.55153243	2.63431e-15
7765.94937417	2.63695e-15
7767.33723131	2.65396e-15
7768.72508846	2.65066e-15
7770.11294561	2.66877e-15
7771.50080276	2.66580e-15
7772.89864449	2.60788e-15
7774.28650164	2.61251e-15
7775.67435879	2.65402e-15
7777.06221594	2.64073e-15
7778.45007309	2.62097e-15
7779.84791482	2.68043e-15
7781.23577197	2.65396e-15
7782.62362912	2.66644e-15
7784.01148627	2.67538e-15
7785.39934341	2.68969e-15
7786.79718515	2.66318e-15
7788.18504229	2.62265e-15
7789.57289944	2.68876e-15
7790.96075659	2.68233e-15
7792.34861374	2.61745e-15
7793.74645547	2.63195e-15
7795.13431262	2.61413e-15
7796.52216977	2.67386e-15
7797.91002692	2.69420e-15
7799.29788407	2.67141e-15
7800.6957258	2.67792e-15
7802.08358295	2.74727e-15
7803.4714401	2.74234e-15
7804.85929725	2.72507e-15
7806.24715439	2.73735e-15
7807.64499613	2.69978e-15
7809.03285327	2.64558e-15
7810.42071042	2.63368e-15
7811.80856757	2.65959e-15
7813.19642472	2.64832e-15
7814.59426645	2.64689e-15
7815.9821236	2.69247e-15
7817.36998075	2.70870e-15
7818.7578379	2.69306e-15
7820.14569505	2.69373e-15
7821.54353678	2.69785e-15
7822.93139393	2.67679e-15
7824.31925108	2.68476e-15
7825.70710822	2.68642e-15
7827.09496537	2.67906e-15
7828.49280711	2.65713e-15
7829.88066425	2.68509e-15
7831.2685214	2.69025e-15
7832.65637855	2.66933e-15
7834.0442357	2.67210e-15
7835.44207743	2.63644e-15
7836.82993458	2.63253e-15
7838.21779173	2.65447e-15
7839.60564888	2.63316e-15
7840.99350603	2.64038e-15
7842.39134776	2.64745e-15
7843.77920491	2.64260e-15
7845.16706206	2.61993e-15
7846.5549192	2.63833e-15
7847.94277635	2.65048e-15
7849.34061809	2.64682e-15
7850.72847523	2.69633e-15
7852.11633238	2.67770e-15
7853.50418953	2.61563e-15
7854.89204668	2.57263e-15
7856.28988841	2.57394e-15
7857.67774556	2.57248e-15
7859.06560271	2.57303e-15
7860.45345986	2.57772e-15
7861.84131701	2.58295e-15
7863.23915874	2.60068e-15
7864.62701589	2.61106e-15
7866.01487304	2.62898e-15
7867.40273018	2.63322e-15
7868.79058733	2.63910e-15
7870.18842907	2.60191e-15
7871.57628621	2.61684e-15
7872.96414336	2.61089e-15
7874.35200051	2.58293e-15
7875.73985766	2.57250e-15
7877.13769939	2.55748e-15
7878.52555654	2.60424e-15
7879.91341369	2.57779e-15
7881.30127084	2.59867e-15
7882.68912799	2.57945e-15
7884.08696972	2.54216e-15
7885.47482687	2.54225e-15
7886.86268402	2.52912e-15
7888.25054116	2.52631e-15
7889.63839831	2.51906e-15
7891.03624005	2.54829e-15
7892.42409719	2.52382e-15
7893.81195434	2.53926e-15
7895.19981149	2.52846e-15
7896.58766864	2.53708e-15
7897.98551037	2.50696e-15
7899.37336752	2.50150e-15
7900.76122467	2.43549e-15
7902.14908182	2.46953e-15
7903.53693897	2.47345e-15
7904.9347807	2.49095e-15
7906.32263785	2.47226e-15
7907.710495	2.49814e-15
7909.09835214	2.47649e-15
7910.48620929	2.49605e-15
7911.88405103	2.48890e-15
7913.27190817	2.48138e-15
7914.65976532	2.44053e-15
7916.04762247	2.45387e-15
7917.43547962	2.44969e-15
7918.83332135	2.42913e-15
7920.2211785	2.43192e-15
7921.60903565	2.39516e-15
7922.9968928	2.40776e-15
7924.38474995	2.44600e-15
7925.78259168	2.42659e-15
7927.17044883	2.43618e-15
7928.55830598	2.43542e-15
7929.94616312	2.46360e-15
7931.33402027	2.43928e-15
7932.73186201	2.41642e-15
7934.11971915	2.41335e-15
7935.5075763	2.39602e-15
7936.89543345	2.37794e-15
7938.2832906	2.34289e-15
7939.68113233	2.35808e-15
7941.06898948	2.40239e-15
7942.45684663	2.37597e-15
7943.84470378	2.37992e-15
7945.23256093	2.40349e-15
7946.63040266	2.38636e-15
7948.01825981	2.34832e-15
7949.40611696	2.36236e-15
7950.7939741	2.33720e-15
7952.18183125	2.36808e-15
7953.57967298	2.34184e-15
7954.96753013	2.33710e-15
7956.35538728	2.32485e-15
7957.74324443	2.32867e-15
7959.13110158	2.36520e-15
7960.52894331	2.35015e-15
7961.91680046	2.36725e-15
7963.30465761	2.38980e-15
7964.69251476	2.38055e-15
7966.08037191	2.39787e-15
7967.47821364	2.32198e-15
7968.86607079	2.32808e-15
7970.25392794	2.36194e-15
7971.64178508	2.34075e-15
7973.02964223	2.31902e-15
7974.42748396	2.30877e-15
7975.81534111	2.30348e-15
7977.20319826	2.29212e-15
7978.59105541	2.28312e-15
7979.97891256	2.30675e-15
7981.37675429	2.34984e-15
7982.76461144	2.33670e-15
7984.15246859	2.33462e-15
7985.54032574	2.32931e-15
7986.92818289	2.32948e-15
7988.32602462	2.32587e-15
7989.71388177	2.31506e-15
7991.10173892	2.29629e-15
7992.48959606	2.25950e-15
7993.87745321	2.25505e-15
7995.27529494	2.30378e-15
7996.66315209	2.32252e-15
7998.05100924	2.27322e-15
7999.43886639	2.30229e-15
8000.82672354	2.28681e-15
8002.22456527	2.27170e-15
8003.61242242	2.25392e-15
8005.00027957	2.22034e-15
8006.38813672	2.29462e-15
8007.77599387	2.24539e-15
8009.1738356	2.24664e-15
8010.56169275	2.28663e-15
8011.94954989	2.28577e-15
8013.33740704	2.24022e-15
8014.72526419	2.23936e-15
8016.12310592	2.24039e-15
8017.51096307	2.25387e-15
8018.89882022	2.25992e-15
8020.28667737	2.26254e-15
8021.67453452	2.24595e-15
8023.07237625	2.26914e-15
8024.4602334	2.24684e-15
8025.84809055	2.24539e-15
8027.2359477	2.25584e-15
8028.62380485	2.26589e-15
8030.02164658	2.26631e-15
8031.40950373	2.24159e-15
8032.79736087	2.23768e-15
8034.18521802	2.24925e-15
8035.57307517	2.27285e-15
8036.9709169	2.23118e-15
8038.35877405	2.19094e-15
8039.7466312	2.19280e-15
8041.13448835	2.21983e-15
8042.5223455	2.28525e-15
8043.92018723	2.22612e-15
8045.30804438	2.22558e-15
8046.69590153	2.19199e-15
8048.08375868	2.19195e-15
8049.47161583	2.17899e-15
8050.86945756	2.21158e-15
8052.25731471	2.23348e-15
8053.64517185	2.22977e-15
8055.033029	2.23416e-15
8056.42088615	2.22817e-15
8057.81872788	2.23622e-15
8059.20658503	2.24667e-15
8060.59444218	2.24321e-15
8061.98229933	2.22787e-15
8063.37015648	2.22667e-15
8064.76799821	2.22299e-15
8066.15585536	2.20773e-15
8067.54371251	2.20126e-15
8068.93156966	2.19798e-15
8070.31942681	2.18580e-15
8071.71726854	2.17099e-15
8073.10512569	2.23694e-15
8074.49298283	2.26815e-15
8075.88083998	2.25690e-15
8077.26869713	2.19500e-15
8078.66653886	2.19175e-15
8080.05439601	2.21450e-15
8081.44225316	2.17879e-15
8082.83011031	2.18515e-15
8084.21796746	2.17594e-15
8085.61580919	2.16916e-15
8087.00366634	2.17473e-15
8088.39152349	2.19561e-15
8089.77938064	2.21133e-15
8091.16723778	2.19690e-15
8092.56507952	2.16062e-15
8093.95293667	2.19565e-15
8095.34079381	2.20296e-15
8096.72865096	2.18637e-15
8098.11650811	2.17022e-15
8099.51434984	2.16164e-15
8100.90220699	2.11312e-15
8102.29006414	2.15548e-15
8103.67792129	2.16037e-15
8105.06577844	2.15735e-15
8106.46362017	2.15197e-15
8107.85147732	2.18129e-15
8109.23933447	2.21250e-15
8110.62719162	2.20896e-15
8112.01504876	2.16946e-15
8113.4128905	2.21847e-15
8114.80074765	2.19848e-15
8116.18860479	2.20017e-15
8117.57646194	2.15680e-15
8118.96431909	2.16339e-15
8120.36216082	2.19792e-15
8121.75001797	2.21368e-15
8123.13787512	2.17157e-15
8124.52573227	2.16727e-15
8125.91358942	2.16336e-15
8127.31143115	2.17088e-15
8128.6992883	2.18534e-15
8130.08714545	2.20275e-15
8131.4750026	2.17040e-15
8132.86285974	2.14890e-15
8134.26070148	2.18582e-15
8135.64855863	2.15976e-15
8137.03641577	2.16193e-15
8138.42427292	2.16683e-15
8139.81213007	2.16036e-15
8141.2099718	2.15925e-15
8142.59782895	2.15400e-15
8143.9856861	2.14185e-15
8145.37354325	2.11323e-15
8146.7614004	2.14015e-15
8148.15924213	2.16196e-15
8149.54709928	2.14456e-15
8150.93495643	2.11924e-15
8152.32281358	2.09436e-15
8153.71067072	2.11578e-15
8155.10851246	2.14263e-15
8156.49636961	2.12910e-15
8157.88422675	2.12992e-15
8159.2720839	2.14729e-15
8160.65994105	2.14549e-15
8162.05778278	2.16561e-15
8163.44563993	2.19604e-15
8164.83349708	2.16720e-15
8166.22135423	2.13864e-15
8167.60921138	2.10886e-15
8169.00705311	2.10203e-15
8170.39491026	2.14720e-15
8171.78276741	2.16908e-15
8173.17062456	2.18599e-15
8174.5584817	2.20889e-15
8175.95632344	2.20974e-15
8177.34418059	2.17619e-15
8178.73203773	2.14477e-15
8180.11989488	2.17031e-15
8181.50775203	2.16469e-15
8182.90559376	2.15529e-15
8184.29345091	2.12722e-15
8185.68130806	2.12916e-15
8187.06916521	2.15725e-15
8188.45702236	2.20091e-15
8189.85486409	2.22175e-15
8191.24272124	2.25406e-15
8192.63057839	2.24618e-15
8194.01843554	2.24507e-15
8195.40629268	2.20690e-15
8196.80413442	2.23042e-15
8198.19199157	2.23223e-15
8199.57984871	2.21546e-15
8200.96770586	2.19510e-15
8202.35556301	2.18315e-15
8203.75340474	2.16853e-15
8205.14126189	2.13910e-15
8206.52911904	2.17881e-15
8207.91697619	2.16687e-15
8209.30483334	2.14495e-15
8210.70267507	2.17347e-15
8212.09053222	2.20028e-15
8213.47838937	2.13534e-15
8214.86624652	2.06474e-15
8216.25410366	2.06221e-15
8217.6519454	2.02148e-15
8219.03980254	1.99132e-15
8220.42765969	1.97948e-15
8221.81551684	2.07162e-15
8223.20337399	2.07899e-15
8224.60121572	2.09628e-15
8225.98907287	2.08328e-15
8227.37693002	2.12901e-15
8228.76478717	2.12333e-15
8230.15264432	2.13934e-15
8231.55048605	2.14432e-15
8232.9383432	2.13373e-15
8234.32620035	2.14074e-15
8235.7140575	2.15907e-15
8237.10191464	2.16823e-15
8238.49975638	2.14460e-15
8239.88761352	2.13619e-15
8241.27547067	2.10681e-15
8242.66332782	2.08595e-15
8244.05118497	2.06794e-15
8245.4490267	2.08482e-15
8246.83688385	2.13418e-15
8248.224741	2.12934e-15
8249.61259815	2.12694e-15
8251.0004553	2.16608e-15
8252.39829703	2.17833e-15
8253.78615418	2.16651e-15
8255.17401133	2.16958e-15
8256.56186848	2.15591e-15
8257.94972562	2.11403e-15
8259.34756736	2.10310e-15
8260.7354245	2.03239e-15
8262.12328165	2.02112e-15
8263.5111388	2.01471e-15
8264.89899595	2.04140e-15
8266.29683768	2.06483e-15
8267.68469483	2.02850e-15
8269.07255198	2.03597e-15
8270.46040913	2.05259e-15
8271.84826628	2.10836e-15
8273.24610801	2.11234e-15
8274.63396516	2.08399e-15
8276.02182231	2.06759e-15
8277.40967945	2.08361e-15
8278.7975366	2.05126e-15
8280.19537834	2.00865e-15
8281.58323548	2.01342e-15
8282.97109263	2.00408e-15
8284.35894978	2.00023e-15
8285.74680693	2.04624e-15
8287.14464866	2.07746e-15
8288.53250581	2.12452e-15
8289.92036296	2.08035e-15
8291.30822011	2.08896e-15
8292.69607726	2.07165e-15
8294.09391899	2.05224e-15
8295.48177614	2.03763e-15
8296.86963329	2.05043e-15
8298.25749043	2.05859e-15
8299.64534758	2.04950e-15
8301.04318932	2.04908e-15
8302.43104646	2.03338e-15
8303.81890361	2.03709e-15
8305.20676076	2.01356e-15
8306.59461791	2.01967e-15
8307.99245964	2.05420e-15
8309.38031679	2.06126e-15
8310.76817394	2.04888e-15
8312.15603109	2.00494e-15
8313.54388824	2.03808e-15
8314.94172997	2.01725e-15
8316.32958712	1.98955e-15
8317.71744427	1.99357e-15
8319.10530141	2.04851e-15
8320.49315856	2.05826e-15
8321.8910003	2.04977e-15
8323.27885744	2.03218e-15
8324.66671459	2.06419e-15
8326.05457174	2.01052e-15
8327.44242889	2.06877e-15
8328.84027062	2.05488e-15
8330.22812777	2.01201e-15
8331.61598492	1.98509e-15
8333.00384207	1.98421e-15
8334.39169922	1.91974e-15
8335.78954095	1.98514e-15
8337.1773981	2.03335e-15
8338.56525525	2.09035e-15
8339.95311239	2.09431e-15
8341.34096954	2.08425e-15
8342.73881128	2.05979e-15
8344.12666842	2.02718e-15
8345.51452557	2.02507e-15
8346.90238272	2.04080e-15
8348.29023987	2.02788e-15
8349.6880816	1.98387e-15
8351.07593875	1.99672e-15
8352.4637959	2.02978e-15
8353.85165305	2.01617e-15
8355.2395102	2.06771e-15
8356.63735193	2.09736e-15
8358.02520908	2.11574e-15
8359.41306623	2.12273e-15
8360.80092337	2.05949e-15
8362.18878052	2.04853e-15
8363.58662226	2.01602e-15
8364.9744794	2.03038e-15
8366.36233655	2.08967e-15
8367.7501937	2.06701e-15
8369.13805085	2.01270e-15
8370.53589258	2.00014e-15
8371.92374973	2.05107e-15
8373.31160688	2.05576e-15
8374.69946403	2.06602e-15
8376.08732118	2.07243e-15
8377.48516291	2.07583e-15
8378.87302006	2.08360e-15
8380.26087721	2.06554e-15
8381.64873435	2.06086e-15
8383.0365915	2.07421e-15
8384.43443324	2.03386e-15
8385.82229038	2.03490e-15
8387.21014753	2.07693e-15
8388.59800468	1.92596e-15
8389.98586183	2.06139e-15
8391.38370356	2.04469e-15
8392.77156071	2.04244e-15
8394.15941786	2.08312e-15
8395.54727501	2.08042e-15
8396.93513216	2.06702e-15
8398.33297389	2.08160e-15
8399.72083104	2.05363e-15
8401.10868819	2.05532e-15
8402.49654533	2.04783e-15
8403.88440248	2.04948e-15
8405.28224421	2.06298e-15
8406.67010136	2.05150e-15
8408.05795851	2.02285e-15
8409.44581566	2.04497e-15
8410.83367281	2.05521e-15
8412.23151454	2.06715e-15
8413.61937169	2.05857e-15
8415.00722884	2.03245e-15
8416.39508599	2.06386e-15
8417.78294314	2.09418e-15
8419.18078487	2.09367e-15
8420.56864202	2.08617e-15
8421.95649917	2.10110e-15
8423.34435631	2.05970e-15
8424.73221346	2.09048e-15
8426.13005519	2.08101e-15
8427.51791234	2.05432e-15
8428.90576949	2.02080e-15
8430.29362664	2.06438e-15
8431.68148379	2.06212e-15
8433.07932552	2.06059e-15
8434.46718267	2.03002e-15
8435.85503982	2.04298e-15
8437.24289697	2.06404e-15
8438.63075412	2.10401e-15
8440.02859585	2.11491e-15
8441.416453	2.10849e-15
8442.80431015	2.11931e-15
8444.19216729	2.12480e-15
8445.58002444	2.10902e-15
8446.97786617	2.06658e-15
8448.36572332	2.06570e-15
8449.75358047	2.07259e-15
8451.14143762	2.03829e-15
8452.52929477	2.05539e-15
8453.9271365	2.06940e-15
8455.31499365	2.07841e-15
8456.7028508	2.11233e-15
8458.09070795	2.10225e-15
8459.4785651	2.09769e-15
8460.87640683	2.12931e-15
8462.26426398	2.12065e-15
8463.65212112	2.11530e-15
8465.03997827	2.07489e-15
8466.42783542	2.07244e-15
8467.82567715	2.08643e-15
8469.2135343	2.08651e-15
8470.60139145	2.08017e-15
8471.9892486	2.10237e-15
8473.37710575	2.11528e-15
8474.77494748	2.12849e-15
8476.16280463	2.12791e-15
8477.55066178	2.13982e-15
8478.93851893	2.11640e-15
8480.32637608	2.07208e-15
8481.72421781	2.06680e-15
8483.11207496	2.05943e-15
8484.4999321	2.07429e-15
8485.88778925	2.10399e-15
8487.2756464	2.11041e-15
8488.67348813	2.14919e-15
8490.06134528	2.14799e-15
8491.44920243	2.15047e-15
8492.83705958	2.16631e-15
8494.22491673	2.16787e-15
8495.62275846	2.13283e-15
8497.01061561	2.10689e-15
8498.39847276	2.07430e-15
8499.78632991	2.07561e-15
8501.17418706	2.07916e-15
8502.57202879	2.08003e-15
8503.95988594	2.09075e-15
8505.34774308	2.09725e-15
8506.73560023	2.10055e-15
8508.12345738	2.12118e-15
8509.52129911	2.17682e-15
8510.90915626	2.19563e-15
8512.29701341	2.17931e-15
8513.68487056	2.14379e-15
8515.07272771	2.13481e-15
8516.47056944	2.12199e-15
8517.85842659	2.09986e-15
8519.24628374	2.05551e-15
8520.63414089	2.05392e-15
8522.02199804	2.06520e-15
8523.41983977	2.07017e-15
8524.80769692	2.06993e-15
8526.19555406	2.07515e-15
8527.58341121	2.11662e-15
8528.97126836	2.13961e-15
8530.36911009	2.12498e-15
8531.75696724	2.09694e-15
8533.14482439	2.12813e-15
8534.53268154	2.11351e-15
8535.92053869	2.09251e-15
8537.31838042	2.11466e-15
8538.70623757	2.10378e-15
8540.09409472	2.11485e-15
8541.48195187	2.10875e-15
8542.86980901	2.08962e-15
8544.26765075	2.06516e-15
8545.6555079	1.98987e-15
8547.04336504	2.05616e-15
8548.43122219	2.07573e-15
8549.81907934	2.08953e-15
8551.21692107	2.10314e-15
8552.60477822	2.08834e-15
8553.99263537	2.12555e-15
8555.38049252	2.15077e-15
8556.76834967	2.15767e-15
8558.1661914	2.13873e-15
8559.55404855	2.15917e-15
8560.9419057	2.12548e-15
8562.32976285	2.11573e-15
8563.71761999	2.10530e-15
8565.11546173	2.06487e-15
8566.50331888	2.04494e-15
8567.89117602	2.05415e-15
8569.27903317	2.04633e-15
8570.66689032	2.10020e-15
8572.06473205	2.08084e-15
8573.4525892	2.10416e-15
8574.84044635	2.13959e-15
8576.2283035	2.14940e-15
8577.61616065	2.18465e-15
8579.01400238	2.15171e-15
8580.40185953	2.15217e-15
8581.78971668	2.13203e-15
8583.17757383	2.12530e-15
8584.56543097	2.10991e-15
8585.96327271	2.12716e-15
8587.35112986	2.09847e-15
8588.738987	2.09880e-15
8590.12684415	2.10758e-15
8591.5147013	2.07581e-15
8592.91254303	2.12033e-15
8594.30040018	2.16227e-15
8595.68825733	2.18495e-15
8597.07611448	2.16346e-15
8598.46397163	2.18313e-15
8599.86181336	2.18650e-15
8601.24967051	2.17047e-15
8602.63752766	2.13391e-15
8604.02538481	2.15776e-15
8605.41324195	2.12678e-15
8606.81108369	2.07922e-15
8608.19894084	2.05902e-15
8609.58679798	2.05060e-15
8610.97465513	2.07162e-15
8612.36251228	2.10468e-15
8613.76035401	2.17506e-15
8615.14821116	2.19420e-15
8616.53606831	2.18346e-15
8617.92392546	2.20709e-15
8619.31178261	2.20413e-15
8620.70962434	2.15565e-15
8622.09748149	2.15376e-15
8623.48533864	2.13204e-15
8624.87319579	2.12144e-15
8626.26105293	2.10711e-15
8627.65889467	2.08221e-15
8629.04675182	2.05029e-15
8630.43460896	2.06296e-15
8631.82246611	2.12785e-15
8633.21032326	2.14072e-15
8634.60816499	2.04718e-15
8635.99602214	2.03977e-15
8637.38387929	2.12882e-15
8638.77173644	2.12241e-15
8640.15959359	2.16384e-15
8641.55743532	2.16506e-15
8642.94529247	2.13176e-15
8644.33314962	2.10466e-15
8645.72100677	2.07550e-15
8647.10886391	2.10023e-15
8648.50670565	2.11142e-15
8649.8945628	2.12829e-15
8651.28241994	2.10571e-15
8652.67027709	2.11870e-15
8654.05813424	2.07798e-15
8655.45597597	2.11219e-15
8656.84383312	2.17017e-15
8658.23169027	2.20440e-15
8659.61954742	2.17645e-15
8661.00740457	2.17827e-15
8662.4052463	2.16763e-15
8663.79310345	2.12414e-15
8665.1809606	2.11628e-15
8666.56881775	2.12260e-15
8667.95667489	2.16286e-15
8669.35451663	2.12513e-15
8670.74237377	2.07851e-15
8672.13023092	2.08936e-15
8673.51808807	2.11815e-15
8674.90594522	2.14853e-15
8676.30378695	2.09716e-15
8677.6916441	2.14368e-15
8679.07950125	2.17231e-15
8680.4673584	2.19509e-15
8681.85521555	2.18415e-15
8683.25305728	2.23778e-15
8684.64091443	2.20917e-15
8686.02877158	2.17107e-15
8687.41662873	2.13648e-15
8688.80448587	2.10518e-15
8690.20232761	2.08466e-15
8691.59018475	2.07416e-15
8692.9780419	2.04236e-15
8694.36589905	2.06561e-15
8695.7537562	2.11128e-15
8697.15159793	2.12995e-15
8698.53945508	2.14452e-15
8699.92731223	2.11172e-15
8701.31516938	2.12465e-15
8702.70302653	2.16000e-15
8704.10086826	2.17692e-15
8705.48872541	2.17641e-15
8706.87658256	2.15953e-15
8708.26443971	2.14136e-15
8709.65229685	2.11088e-15
8711.05013859	2.09649e-15
8712.43799573	2.02842e-15
8713.82585288	2.04578e-15
8715.21371003	2.09618e-15
8716.60156718	2.08084e-15
8717.99940891	2.06137e-15
8719.38726606	2.11422e-15
8720.77512321	2.12699e-15
8722.16298036	2.09084e-15
8723.55083751	2.11958e-15
8724.94867924	2.12495e-15
8726.33653639	2.09554e-15
8727.72439354	2.04680e-15
8729.11225068	2.05099e-15
8730.50010783	2.02976e-15
8731.89794957	2.03390e-15
8733.28580671	2.02654e-15
8734.67366386	2.00840e-15
8736.06152101	1.97784e-15
8737.44937816	2.02422e-15
8738.84721989	2.04342e-15
8740.23507704	2.03013e-15
8741.62293419	2.04329e-15
8743.01079134	2.07841e-15
8744.39864849	2.06489e-15
8745.79649022	2.04088e-15
8747.18434737	2.02111e-15
8748.57220452	2.03131e-15
8749.96006166	2.08664e-15
8751.34791881	2.06481e-15
8752.74576055	2.04853e-15
8754.13361769	2.01773e-15
8755.52147484	2.01437e-15
8756.90933199	2.00711e-15
8758.29718914	2.02203e-15
8759.69503087	2.04285e-15
8761.08288802	2.07603e-15
8762.47074517	2.06616e-15
8763.85860232	2.07298e-15
8765.24645947	2.10671e-15
8766.6443012	2.16352e-15
8768.03215835	2.07987e-15
8769.4200155	2.03233e-15
8770.80787264	2.06454e-15
8772.19572979	2.08306e-15
8773.59357153	2.08667e-15
8774.98142867	2.07601e-15
8776.36928582	2.07322e-15
8777.75714297	2.07796e-15
8779.14500012	2.04310e-15
8780.54284185	2.01685e-15
8781.930699	2.03990e-15
8783.31855615	2.04721e-15
8784.7064133	2.02771e-15
8786.09427045	2.05641e-15
8787.49211218	2.08506e-15
8788.87996933	2.06665e-15
8790.26782648	2.08765e-15
8791.65568362	2.01847e-15
8793.04354077	2.08191e-15
8794.44138251	2.09754e-15
8795.82923965	2.11605e-15
8797.2170968	2.11336e-15
8798.60495395	2.13993e-15
8799.9928111	2.12357e-15
8801.39065283	2.09462e-15
8802.77850998	2.08950e-15
8804.16636713	2.09698e-15
8805.55422428	2.09382e-15
8806.94208143	2.03569e-15
8808.33992316	2.01965e-15
8809.72778031	1.96718e-15
8811.11563746	2.02028e-15
8812.5034946	2.12447e-15
8813.89135175	2.10465e-15
8815.28919349	2.14667e-15
8816.67705063	2.10784e-15
8818.06490778	2.11371e-15
8819.45276493	2.13668e-15
8820.84062208	2.11616e-15
8822.23846381	2.12497e-15
8823.62632096	2.12955e-15
8825.01417811	2.07560e-15
8826.40203526	2.03685e-15
8827.78989241	2.04007e-15
8829.18773414	2.07991e-15
8830.57559129	2.08505e-15
8831.96344844	2.08356e-15
8833.35130558	2.00922e-15
8834.73916273	2.02474e-15
8836.13700447	2.04564e-15
8837.52486161	2.05188e-15
8838.91271876	2.02070e-15
8840.30057591	2.00921e-15
8841.68843306	1.98162e-15
8843.08627479	2.05691e-15
8844.47413194	2.03331e-15
8845.86198909	2.05174e-15
8847.24984624	2.01961e-15
8848.63770339	2.03106e-15
8850.03554512	2.03706e-15
8851.42340227	1.99226e-15
8852.81125942	1.97185e-15
8854.19911656	1.94008e-15
8855.58697371	1.89947e-15
8856.98481544	1.94663e-15
8858.37267259	2.00018e-15
8859.76052974	1.97525e-15
8861.14838689	1.96182e-15
8862.53624404	1.99486e-15
8863.93408577	1.96657e-15
8865.32194292	2.00166e-15
8866.70980007	1.99198e-15
8868.09765722	2.01083e-15
8869.48551437	2.03340e-15
8870.8833561	2.01655e-15
8872.27121325	2.03537e-15
8873.6590704	2.01772e-15
8875.04692754	1.98087e-15
8876.43478469	1.93752e-15
8877.83262642	1.95543e-15
8879.22048357	1.95800e-15
8880.60834072	1.92800e-15
8881.99619787	1.92049e-15
8883.38405502	1.89416e-15
8884.78189675	1.86140e-15
8886.1697539	1.84309e-15
8887.55761105	1.86931e-15
8888.9454682	1.86511e-15
8890.33332535	1.86540e-15
8891.73116708	1.86453e-15
8893.11902423	1.90526e-15
8894.50688138	1.94264e-15
8895.89473852	1.99092e-15
8897.28259567	1.96843e-15
8898.6804374	1.97039e-15
8900.06829455	1.96693e-15
8901.4561517	1.95919e-15
8902.84400885	1.91852e-15
8904.231866	1.91597e-15
8905.62970773	1.86814e-15
8907.01756488	1.82249e-15
8908.40542203	1.84241e-15
8909.79327918	1.89210e-15
8911.18113633	1.92118e-15
8912.57897806	1.93810e-15
8913.96683521	1.92144e-15
8915.35469236	1.91278e-15
8916.7425495	1.93429e-15
8918.13040665	1.95985e-15
8919.52824838	1.98901e-15
8920.91610553	1.94459e-15
8922.30396268	1.93979e-15
8923.69181983	1.94488e-15
8925.07967698	1.92331e-15
8926.47751871	1.90353e-15
8927.86537586	1.88608e-15
8929.25323301	1.90312e-15
8930.64109016	1.87949e-15
8932.02894731	1.88123e-15
8933.42678904	1.85366e-15
8934.81464619	1.88717e-15
8936.20250333	1.95453e-15
8937.59036048	1.94359e-15
8938.97821763	1.87440e-15
8940.37605936	1.90315e-15
8941.76391651	1.94075e-15
8943.15177366	1.91289e-15
8944.53963081	1.93404e-15
8945.92748796	1.91385e-15
8947.32532969	1.95422e-15
8948.71318684	1.92731e-15
8950.10104399	1.86255e-15
8951.48890114	1.86859e-15
8952.87675829	1.84810e-15
8954.27460002	1.89274e-15
8955.66245717	1.85977e-15
8957.05031431	1.82583e-15
8958.43817146	1.85435e-15
8959.82602861	1.88052e-15
8961.22387034	1.88271e-15
8962.61172749	1.90429e-15
8963.99958464	1.88313e-15
8965.38744179	1.88242e-15
8966.77529894	1.90462e-15
8968.17314067	1.87751e-15
8969.56099782	1.86077e-15
8970.94885497	1.84479e-15
8972.33671212	1.80557e-15
8973.72456927	1.76507e-15
8975.122411	1.73531e-15
8976.51026815	1.75015e-15
8977.89812529	1.72063e-15
8979.28598244	1.71417e-15
8980.67383959	1.79328e-15
8982.07168132	1.81143e-15
8983.45953847	1.85891e-15
8984.84739562	1.87377e-15
8986.23525277	1.84146e-15
8987.62310992	1.84411e-15
8989.02095165	1.84210e-15
8990.4088088	1.81763e-15
8991.79666595	1.78822e-15
8993.1845231	1.73594e-15
8994.57238024	1.76393e-15
8995.97022198	1.76206e-15
8997.35807913	1.77092e-15
8998.74593627	1.74164e-15
9000.13379342	1.76346e-15
9001.52165057	1.81207e-15
9002.9194923	1.82210e-15
9004.30734945	1.78063e-15
9005.6952066	1.75214e-15
9007.08306375	1.75594e-15
9008.4709209	1.79699e-15
9009.86876263	1.82257e-15
9011.25661978	1.80911e-15
